,BeforeLocalTraining,AfterLocalTraining,BeforeLocalPartialEvaluations,AfterLocalPartialEvaluations,BeforeEvaluation,AfterEvaluation
1,1791192932.9390006,1791192934.0775926,1791192961.0447931,1791192968.3224714,1791192968.3303077,1791192968.5542266
2,1791192968.6791122,1791192969.8083458,1791192995.510892,1791193002.7294466,1791193002.7369719,1791193002.959125
3,1791193003.0434053,1791193004.1617966,1791193029.8904305,1791193036.790813,1791193036.79819,1791193037.0216277
4,1791193037.1050997,1791193038.2312343,1791193064.0833821,1791193070.9788778,1791193070.986286,1791193071.209913
5,1791193071.3556335,1791193072.468256,1791193098.3656585,1791193105.306711,1791193105.3139236,1791193105.5385597
6,1791193105.5857332,1791193106.7024972,1791193132.4506311,1791193139.373291,1791193139.3804834,1791193139.6040258
7,1791193139.6940706,1791193140.8119235,1791193166.687706,1791193173.8720415,1791193173.8793638,1791193174.1050885
8,1791193174.2123585,1791193175.3271239,1791193201.2076893,1791193208.3250496,1791193208.332318,1791193208.556157
9,1791193208.7124894,1791193209.8330867,1791193235.5748556,1791193242.4636955,1791193242.4709408,1791193242.6931326
10,1791193242.8374755,1791193243.9638214,1791193269.8223205,1791193276.7958064,1791193276.8034153,1791193277.0410035
11,1791193277.1996732,1791193278.5262496,1791193304.4064372,1791193311.5498304,1791193311.5570478,1791193311.7807672
12,1791193311.9014027,1791193313.0322523,1791193338.8830056,1791193345.7910933,1791193345.7984753,1791193346.0202096
13,1791193346.1395168,1791193347.2578182,1791193373.0342312,1791193379.9716904,1791193379.97889,1791193380.2020426
14,1791193380.251184,1791193381.3706124,1791193407.4954762,1791193414.6172855,1791193414.624442,1791193414.8495667
15,1791193414.971629,1791193416.0903275,1791193441.940328,1791193448.8818219,1791193448.889001,1791193449.1133506
16,1791193449.1610942,1791193450.29225,1791193476.0432482,1791193482.9112515,1791193482.9186502,1791193483.140384
17,1791193483.2785983,1791193484.4081826,1791193510.2901714,1791193517.3283825,1791193517.3406062,1791193517.7434127
18,1791193517.8776765,1791193519.019561,1791193544.7554061,1791193551.9268816,1791193551.9340386,1791193552.1575582
19,1791193552.300052,1791193553.431656,1791193579.3568819,1791193586.268465,1791193586.2757282,1791193586.4987345
20,1791193586.6536787,1791193587.7730465,1791193613.6788661,1791193620.6901755,1791193620.6976113,1791193620.9201934
21,1791193621.0370889,1791193622.1622243,1791193647.878755,1791193655.056944,1791193655.0641637,1791193655.2874527
22,1791193655.344828,1791193656.4725282,1791193682.935476,1791193690.0873232,1791193690.0946455,1791193690.319864
23,1791193690.5512326,1791193691.6836433,1791193717.6065164,1791193724.5892513,1791193724.5965862,1791193724.8232646
24,1791193725.0190024,1791193726.2693002,1791193752.247637,1791193759.304067,1791193759.3111262,1791193759.5429678
25,1791193759.5878,1791193760.7167075,1791193786.8973043,1791193793.8723433,1791193793.8797615,1791193794.1057377
26,1791193794.2208228,1791193795.363701,1791193821.261399,1791193828.4138308,1791193828.4210079,1791193828.644736
27,1791193828.8902116,1791193830.0259714,1791193856.2166805,1791193863.2274084,1791193863.2346482,1791193863.4604936
28,1791193863.506456,1791193864.639439,1791193890.5340674,1791193897.5709941,1791193897.5783207,1791193897.8064153
29,1791193897.8504736,1791193898.9759874,1791193924.7627437,1791193932.0006194,1791193932.0078106,1791193932.231178
30,1791193932.411279,1791193933.5328438,1791193959.422583,1791193966.5842214,1791193966.5914814,1791193966.815327
31,1791193967.0338724,1791193968.1577587,1791193994.1078136,1791194001.0182035,1791194001.025463,1791194001.2477992
32,1791194001.486813,1791194002.603967,1791194028.5529394,1791194035.5091083,1791194035.5162568,1791194035.7429829
33,1791194035.8057837,1791194037.0881524,1791194062.959804,1791194070.1796284,1791194070.1869426,1791194070.4095333
34,1791194070.4788098,1791194071.6032355,1791194097.5956845,1791194105.0525868,1791194105.0598836,1791194105.2835577
35,1791194105.3273547,1791194106.4486287,1791194132.2436213,1791194139.169037,1791194139.1762972,1791194139.3978422
36,1791194139.7084029,1791194140.8565476,1791194166.6103723,1791194173.7214725,1791194173.7287097,1791194173.9509768
37,1791194173.9949203,1791194175.2194726,1791194201.1164715,1791194208.2963543,1791194208.3037195,1791194208.5271764
38,1791194208.7304444,1791194209.866328,1791194235.753488,1791194242.66787,1791194242.6751392,1791194242.8970006
39,1791194243.175862,1791194244.2961175,1791194270.3655343,1791194277.336964,1791194277.3441832,1791194277.5689185
40,1791194277.6143253,1791194278.8468547,1791194304.825983,1791194312.0049589,1791194312.0121565,1791194312.2378988
41,1791194312.3708339,1791194313.4901457,1791194339.4028392,1791194346.3361704,1791194346.3434138,1791194346.5683143
42,1791194346.7909985,1791194347.9114463,1791194373.7982993,1791194380.9472404,1791194380.9544566,1791194381.1794918
43,1791194381.2233608,1791194382.3464787,1791194408.207681,1791194415.398098,1791194415.4054043,1791194415.6592457
44,1791194415.9357736,1791194417.090313,1791194443.1364064,1791194450.1967902,1791194450.207349,1791194450.600415
45,1791194450.643982,1791194451.7761984,1791194477.5108974,1791194484.6627715,1791194484.670006,1791194484.8954167
46,1791194485.029843,1791194486.1502388,1791194512.014319,1791194519.0608695,1791194519.0680954,1791194519.29414
47,1791194519.4039948,1791194520.5326262,1791194546.4216297,1791194553.4635262,1791194553.4707127,1791194553.6956036
48,1791194553.877173,1791194555.0102715,1791194580.89873,1791194588.1929903,1791194588.200193,1791194588.423423
49,1791194588.4807515,1791194589.632978,1791194615.5318327,1791194622.4963996,1791194622.503727,1791194622.7257853
50,1791194622.9650166,1791194624.1952486,1791194650.3730686,1791194657.4676793,1791194657.4750543,1791194657.7004752
