,BeforeLocalTraining,AfterLocalTraining,BeforeLocalPartialEvaluations,AfterLocalPartialEvaluations,BeforeEvaluation,AfterEvaluation
1,1784824764.4383101,1784824764.4612274,1784824765.9140406,1784824766.1211343,1784824766.1485894,1784824766.1526592
2,1784824766.4000654,1784824766.4272664,1784824767.705804,1784824767.9132874,1784824767.9398038,1784824767.9437084
3,1784824768.1838555,1784824768.20432,1784824769.3994865,1784824769.607292,1784824769.6363556,1784824769.6404746
4,1784824769.8835175,1784824769.9033902,1784824771.1897736,1784824771.4000487,1784824771.4270082,1784824771.430853
5,1784824771.6807747,1784824771.7007902,1784824772.9019206,1784824773.1071877,1784824773.1337585,1784824773.137631
6,1784824773.3811605,1784824773.406995,1784824774.6742961,1784824774.8783062,1784824774.9053104,1784824774.9093351
7,1784824775.1583724,1784824775.1784313,1784824776.4549186,1784824776.668417,1784824776.6973002,1784824776.7012587
8,1784824776.9344094,1784824776.9553745,1784824778.156139,1784824778.3639705,1784824778.391181,1784824778.3950481
9,1784824778.6418858,1784824778.662566,1784824779.9364698,1784824780.1394918,1784824780.1678066,1784824780.1907277
10,1784824780.4604058,1784824780.4815612,1784824781.6817021,1784824781.888688,1784824781.9163692,1784824781.9203174
11,1784824782.1632235,1784824782.1834133,1784824783.4623857,1784824783.6730618,1784824783.699649,1784824783.703679
12,1784824783.9491773,1784824783.9691565,1784824785.2445023,1784824785.4487708,1784824785.475443,1784824785.4793406
13,1784824785.7269413,1784824785.7476704,1784824787.0185273,1784824787.2340815,1784824787.2608798,1784824787.2648785
14,1784824787.5090873,1784824787.5353863,1784824788.722204,1784824788.9265568,1784824788.953314,1784824788.9572246
15,1784824789.2848036,1784824789.3052301,1784824790.5713868,1784824790.7802453,1784824790.809089,1784824790.813053
16,1784824791.0602696,1784824791.0829523,1784824792.2710423,1784824792.4757535,1784824792.502267,1784824792.5062134
17,1784824792.7533755,1784824792.7743468,1784824794.0378566,1784824794.2467022,1784824794.2727888,1784824794.2766676
18,1784824794.5205758,1784824794.5410194,1784824795.7644536,1784824795.9735396,1784824796.0005019,1784824796.0043108
19,1784824796.252003,1784824796.2727034,1784824797.5378447,1784824797.7418802,1784824797.7688706,1784824797.7727153
20,1784824798.0261006,1784824798.055681,1784824799.3281949,1784824799.5323179,1784824799.5587175,1784824799.5624297
21,1784824799.8113997,1784824799.8360698,1784824801.0226128,1784824801.22869,1784824801.2554884,1784824801.2592907
22,1784824801.5091531,1784824801.5300887,1784824802.8055766,1784824803.0150187,1784824803.041715,1784824803.0455942
23,1784824803.3036678,1784824803.3240707,1784824804.6000192,1784824804.8053753,1784824804.832555,1784824804.8365262
24,1784824805.0796068,1784824805.0997927,1784824806.2842457,1784824806.4895687,1784824806.5163207,1784824806.5200925
25,1784824806.7757897,1784824806.796827,1784824808.0687306,1784824808.2725701,1784824808.3003256,1784824808.304113
26,1784824808.554612,1784824808.5798483,1784824809.8514261,1784824810.0784066,1784824810.1119537,1784824810.117267
27,1784824810.4586542,1784824810.4795117,1784824811.673289,1784824811.8779867,1784824811.9046474,1784824811.9087338
28,1784824812.1570578,1784824812.1776495,1784824813.4434235,1784824813.650309,1784824813.6766489,1784824813.6803143
29,1784824813.9248242,1784824813.950049,1784824815.1287475,1784824815.3335063,1784824815.3600154,1784824815.363841
30,1784824815.6100075,1784824815.6304944,1784824816.8942049,1784824817.0984085,1784824817.1253278,1784824817.12925
31,1784824817.377223,1784824817.397084,1784824818.6689935,1784824818.8739877,1784824818.9011462,1784824818.9051464
32,1784824819.1537187,1784824819.1745737,1784824820.370045,1784824820.575599,1784824820.6028755,1784824820.6068993
33,1784824820.9231706,1784824820.9443665,1784824822.1354823,1784824822.3389924,1784824822.3662543,1784824822.3702762
34,1784824822.6236954,1784824822.6452768,1784824823.9061198,1784824824.1117773,1784824824.1382968,1784824824.1424003
35,1784824824.3834827,1784824824.4038382,1784824825.6348994,1784824825.8476307,1784824825.878373,1784824825.882322
36,1784824826.1235611,1784824826.14864,1784824827.4108207,1784824827.6153944,1784824827.6425426,1784824827.646422
37,1784824827.8878164,1784824827.9117863,1784824829.1656938,1784824829.495542,1784824829.522304,1784824829.5260544
38,1784824829.6542013,1784824829.675216,1784824830.936376,1784824831.1454163,1784824831.1838167,1784824831.1877453
39,1784824831.4154756,1784824831.435906,1784824832.62131,1784824832.8277457,1784824832.8554516,1784824832.8596187
40,1784824833.1028204,1784824833.1235776,1784824834.3857288,1784824834.5904508,1784824834.6177554,1784824834.621593
41,1784824834.865008,1784824834.885646,1784824836.0901268,1784824836.296411,1784824836.3231354,1784824836.3270648
42,1784824836.573207,1784824836.5937076,1784824837.8565552,1784824838.0611806,1784824838.0879073,1784824838.091601
43,1784824838.3388493,1784824838.3603213,,,,
