,BeforeEvaluation,BeforeSV,AfterSV,BeforeGradientRewards,AfterGradientRewards,AfterEvaluation
0,1786795694.4532225,,,,,
1,1786795697.3123865,1786795696.2401612,1786795697.2965777,1786795697.2969983,1786795697.3118916,1786795697.3298984
2,1786795699.029134,1786795697.8935823,1786795699.014941,1786795699.0151567,1786795699.0287797,1786795699.0467608
3,1786795700.7463853,1786795699.5969782,1786795700.731622,1786795700.7318604,1786795700.7460275,1786795700.7643802
4,1786795703.7400486,1786795702.4184527,1786795703.7254243,1786795703.7256672,1786795703.7396834,1786795703.758152
5,1786795705.4531832,1786795704.3070428,1786795705.4385512,1786795705.4387932,1786795705.4528208,1786795705.470791
6,1786795707.1480346,1786795706.0117235,1786795707.133845,1786795707.1340818,1786795707.1476643,1786795707.1660316
7,1786795708.7850018,1786795707.7195032,1786795708.7708697,1786795708.771078,1786795708.7846034,1786795708.8026664
8,1786795710.4934497,1786795709.3592303,1786795710.4792628,1786795710.4794786,1786795710.4930735,1786795710.5111692
9,1786795712.2033088,1786795711.0705748,1786795712.1894546,1786795712.1896768,1786795712.2029455,1786795712.2210257
10,1786795713.9863687,1786795712.8502896,1786795713.972369,1786795713.9725869,1786795713.9860122,1786795714.0038095
11,1786795715.6305835,1786795714.5590117,1786795715.616565,1786795715.6168184,1786795715.630214,1786795715.6482465
12,1786795718.518798,1786795717.1676323,1786795718.5026963,1786795718.5029685,1786795718.5183496,1786795718.5408645
13,1786795720.2505226,1786795719.1121392,1786795720.2362819,1786795720.2364988,1786795720.2501705,1786795720.2683177
14,1786795721.900781,1786795720.8262663,1786795721.8865163,1786795721.8867576,1786795721.9003887,1786795721.9187238
15,1786795723.5979605,1786795722.4638305,1786795723.5836086,1786795723.5838377,1786795723.5975878,1786795723.615509
16,1786795725.294678,1786795724.1627886,1786795725.2802436,1786795725.2804637,1786795725.2943368,1786795725.3120248
17,1786795726.9914799,1786795725.854391,1786795726.977082,1786795726.9772944,1786795726.9911468,1786795727.0090072
18,1786795728.616231,1786795727.5494761,1786795728.6019268,1786795728.6021357,1786795728.6158595,1786795728.6337612
19,1786795730.3107586,1786795729.1785192,1786795730.2964916,1786795730.296716,1786795730.310376,1786795730.3284457
20,1786795733.1510518,1786795731.0400293,1786795733.135905,1786795733.1361563,1786795733.1506295,1786795733.1694257
21,1786795735.0731916,1786795733.9270604,1786795735.0586383,1786795735.058879,1786795735.0728226,1786795735.0909908
22,1786795736.777081,1786795735.6378217,1786795736.7622857,1786795736.7624996,1786795736.7767186,1786795736.7944481
23,1786795738.483998,1786795737.3362072,1786795738.4694757,1786795738.4696836,1786795738.4836342,1786795738.5013692
24,1786795740.1199498,1786795739.0482059,1786795740.1051753,1786795740.1054075,1786795740.1195858,1786795740.1373382
25,1786795741.8144999,1786795740.6744735,1786795741.800013,1786795741.8002284,1786795741.8141522,1786795741.832055
26,1786795743.4394965,1786795742.3725557,1786795743.425002,1786795743.4252107,1786795743.43911,1786795743.45714
27,1786795745.1304922,1786795743.996997,1786795745.1159844,1786795745.1162121,1786795745.1300895,1786795745.148225
28,1786795747.732514,1786795745.6943805,1786795747.7169762,1786795747.7172363,1786795747.7320883,1786795747.750412
29,1786795749.4870462,1786795748.3451111,1786795749.4723635,1786795749.472593,1786795749.4866436,1786795749.5049517
30,1786795751.2002912,1786795750.05661,1786795751.1847923,1786795751.1850085,1786795751.1999323,1786795751.2179604
31,1786795752.823493,1786795751.7612972,1786795752.8090026,1786795752.8092265,1786795752.8231368,1786795752.8408186
32,1786795754.512531,1786795753.382296,1786795754.498106,1786795754.4983196,1786795754.512184,1786795754.529896
33,1786795756.1381319,1786795755.0721273,1786795756.1238914,1786795756.1241004,1786795756.1377554,1786795756.2223094
34,1786795757.8360703,1786795756.7649143,1786795757.8202689,1786795757.820489,1786795757.835712,1786795757.8533776
35,1786795759.5316784,1786795758.3977401,1786795759.5168066,1786795759.5170305,1786795759.5313277,1786795759.5489511
36,1786795761.5350416,1786795760.0857534,1786795761.4566455,1786795761.4570556,1786795761.534211,1786795761.5679283
37,1786795764.170235,1786795762.997219,1786795764.155488,1786795764.155736,1786795764.1698375,1786795764.1881535
38,1786795765.8690016,1786795764.7322788,1786795765.8547573,1786795765.8549697,1786795765.8686512,1786795765.8863266
39,1786795767.5680163,1786795766.426367,1786795767.5536523,1786795767.553872,1786795767.5676568,1786795767.5853848
40,1786795769.2006907,1786795768.1321433,1786795769.1861522,1786795769.1863804,1786795769.2003279,1786795769.2186642
41,1786795770.8979607,1786795769.7615364,1786795770.883552,1786795770.8837833,1786795770.8975801,1786795770.9154913
42,1786795772.5969896,1786795771.4558249,1786795772.5824354,1786795772.582657,1786795772.5965848,1786795772.6145222
43,1786795774.2932303,1786795773.1534662,1786795774.2788339,1786795774.2790508,1786795774.2928648,1786795774.3107867
44,1786795775.9953785,1786795774.8497877,1786795775.9711976,1786795775.9715686,1786795775.9948225,1786795776.025939
45,1786795778.8855646,1786795777.6932967,1786795778.8707695,1786795778.8710058,1786795778.8851917,1786795778.9034023
46,1786795780.5493689,1786795779.4797752,1786795780.5349557,1786795780.5351815,1786795780.5489652,1786795780.5671155
47,1786795782.2470515,1786795781.1120305,1786795782.2323544,1786795782.2325826,1786795782.2466922,1786795782.264286
48,1786795783.9296472,1786795782.796468,1786795783.9151614,1786795783.9153779,1786795783.9292896,1786795783.9468334
49,1786795785.6230993,1786795784.4850283,1786795785.6087475,1786795785.6089678,1786795785.6227515,1786795785.6404753
50,1786795787.3881493,1786795786.1809258,1786795787.229242,1786795787.2294593,1786795787.2430017,1786795787.405782
