Round,Evaluator,0,1,3,2
0,0,,,,
0,1,,,,
0,2,,,,
0,3,,,,
0,Aggregated,,,,
0,Centralized,,,,
1,0,0.11050120031602438,0.03034801667737713,0.007250591592475111,-0.032105395633555286
1,1,0.09956668333371871,0.29385877850713976,-0.01111894702586022,-0.15304740699056826
1,2,0.046729753920882376,-0.18284968230272977,0.04099485157973779,0.09984448247602212
1,3,0.025375974286927765,0.06303751622478704,0.009997774705329773,-0.044987670223131104
1,Aggregated,0.07995150822360074,0.0929626885272209,0.00650542297341679,-0.055820700848648014
1,Centralized,0.0800310484903261,0.09361699401867551,0.006450876646971924,-0.05612930298689423
2,0,0.059299639378957776,0.0304441798073329,0.0048573010583666905,-0.0219984925226404
2,1,0.01990641425926302,0.19074988079613728,0.00048965952111929,-0.11923167618844295
2,2,0.059133819560607336,-0.1072284130678226,0.020692230655433377,0.0876097056012915
2,3,-0.0017589116741593598,0.054442835000449614,0.008086013086723326,-0.04213100570424671
2,Aggregated,0.0334239491746779,0.06836430024664529,0.006285694704061787,-0.04272174206891764
2,Centralized,0.0333947962328169,0.06875914892390622,0.006268491195147534,-0.042959468755352614
3,0,0.04062785563312769,0.022865906847622127,0.004425503693166609,-0.023704600227660855
3,1,0.0210509046705797,0.16311137571698692,0.003216519364615126,-0.11039755912910502
3,2,0.03618992026057794,-0.11313884355043492,0.021554541686210193,0.08344349670090252
3,3,-0.0024177995550421585,0.053372639077929517,0.006540515113786875,-0.04637257409042506
3,Aggregated,0.024420500865312146,0.05603053374689104,0.006791533364917046,-0.04194851403750004
3,Centralized,0.024421033011107252,0.05636797657766051,0.006783175310509769,-0.04215684113035933
4,0,0.025787723827972463,0.019232710377990583,0.0036959191731849353,-0.022386742744156862
4,1,0.011365774328779795,0.12597865696764207,0.011296080427797181,-0.09751790196093778
4,2,0.025538687166885083,-0.09760851047572555,0.012925845453754062,0.0792684221608037
4,3,-0.006211892968552503,0.04656328344851704,0.009397791641604139,-0.04665165625681716
4,Aggregated,0.014189180823771052,0.043588626843515735,0.00859493762248998,-0.03802691591583015
4,Centralized,0.014189376876444643,0.043843240989166365,0.008605844969448754,-0.038203748969389724
5,0,0.012114835067489135,0.016145061431633006,0.0037775171793038853,-0.02035727191255618
5,1,0.005457850248521426,0.09995975152976526,0.015738527852565357,-0.08629549137685949
5,2,0.012611011596054052,-0.0884960027884855,0.007577129987141616,0.07725310220286326
5,3,-0.0019007691480542506,0.040046156370293434,0.010869886302615974,-0.04635040648205361
5,Aggregated,0.007007221853480004,0.03407512867673313,0.00964331121780519,-0.03398383747396481
5,Centralized,0.007006329630949423,0.03427447952619784,0.00966434086540223,-0.034135180644445304
6,0,0.008320647585323554,0.01427559107726925,0.0029521566777723773,-0.019473640773052192
6,1,0.0010425833301606392,0.07717033001278685,0.017567973818144737,-0.0768123728580914
6,2,0.012250304237167628,-0.07278196714705894,0.0015490102166988151,0.073371008622426
6,3,-0.0049623996511474104,0.033855126223670866,0.01263359927172931,-0.04484728831697928
6,Aggregated,0.0036337435210066927,0.026946829638676888,0.009532209370273121,-0.030861060501779575
6,Centralized,0.0036298674851359173,0.027096015951069894,0.009557836397890184,-0.030991070514840166
7,0,0.005783136076269822,0.013679532261766625,0.00279163067225445,-0.02050284584469851
7,1,-0.00039010323434583716,0.06334320398207965,0.018874306248541892,-0.07167743993709785
7,2,0.009830625630318736,-0.05885344774582043,-0.0029371189916604923,0.06850662422590703
7,3,-0.005704589937700445,0.029566772047590312,0.014624526345772595,-0.045083828685294675
7,Aggregated,0.001855124258254517,0.02327118077191748,0.009729237851624249,-0.03026538855162425
7,Centralized,0.0018520191370437246,0.023389229426838968,0.009756914489597299,-0.03038026489926129
8,0,0.005816812974517259,0.014312168501745428,0.0015226704044524013,-0.021637179624077556
8,1,0.001622480041774783,0.05589098960998442,0.02669893904380888,-0.06851258120108059
8,2,0.0065803747856301555,-0.05947616785630849,-0.007318861514222795,0.06680556758259663
8,3,-0.004573199905208029,0.029969167565372323,0.021939953158841397,-0.046083943027267336
8,Aggregated,0.0023194976734005578,0.02110818913829927,0.012812223921834162,-0.03007563676242625
8,Centralized,0.0023206772732540467,0.021206615563099333,0.012853280452258637,-0.03017991181098181
9,0,0.01114875199976884,0.011157330672575502,9.493203542621416e-05,-0.021327474566071144
9,1,0.016722481051393605,0.04002710207290323,0.023344517828745703,-0.062410770335836974
9,2,-0.018438969076481845,-0.04738484294455314,-0.007681646395530525,0.06790000254737404
9,3,0.005595111754826493,0.022818244055937454,0.02162601271630646,-0.0447992350001502
9,Aggregated,0.007759266476803971,0.015070556301914222,0.011155166308974347,-0.02760206097636162
9,Centralized,0.00778450173533303,0.015139271144471023,0.01119002695866927,-0.027693241013738577
10,0,0.004156650097952412,0.011569483554738419,-0.00031675479011078017,-0.01984559627154993
10,1,0.00025471759135251476,0.032623288815153716,0.022528158507834236,-0.05546100957363881
10,2,0.004666726997356159,-0.03862793623494526,-0.010119470273042044,0.06268228017931139
10,3,-0.002993635918699842,0.018964638509399473,0.021369961544711075,-0.0425398871363965
10,Aggregated,0.0014240379784569654,0.013178151781993297,0.010377357156112703,-0.025103703694928883
10,Centralized,0.0014222962848277714,0.013230840462374669,0.010411385684511323,-0.02518097702807477
11,0,0.011574211603903409,0.010014075691874097,-0.0006031003760452643,-0.02154109471965428
11,1,0.014199211891985026,0.027084828473498242,0.02209074935894304,-0.055348048122521816
11,2,-0.018295420992836795,-0.030882650065087863,-0.010494322813897774,0.06186309468993898
11,3,0.00773346686467119,0.01719176021014492,0.02256493129875346,-0.04428212232964651
11,Aggregated,0.007579860736476601,0.011549474972888307,0.01035353803840125,-0.026115603310263514
11,Centralized,0.007595992618743723,0.011590957104319247,0.01038563636267007,-0.026188408062670917
12,0,0.01213038443734564,0.008962943275284829,-0.0010089272501432646,-0.01976637051079598
12,1,0.011644293473327577,0.02656234943665578,0.020502734490652267,-0.05025926251205718
12,2,-0.015848961458130355,-0.036597707864049395,-0.011012020917384756,0.06241703169347971
12,3,0.005003622696969912,0.01891031995366312,0.022613157632369707,-0.04253945212186091
12,Aggregated,0.006681521236276838,0.010646139231849781,0.009654706474634544,-0.023454553553159785
12,Centralized,0.006693241176753832,0.010686570955495162,0.00968331082177551,-0.023518967569878462
13,0,0.00833654660973746,0.006182190763758473,-0.0011636142515071047,-0.018458147397610977
13,1,0.0072252872560296805,0.016296476622186525,0.019553281777299994,-0.04628967620663906
13,2,-0.009596636627765075,-0.019086818088556726,-0.011506409800942896,0.05731878942258334
13,3,0.004933807091530222,0.00978619103515066,0.021626321436298595,-0.04131545383678777
13,Aggregated,0.004842852273058882,0.006811823543966171,0.009020016020571862,-0.022173030353752187
13,Centralized,0.004847028802905787,0.0068372890843428485,0.009047616961945554,-0.022229612018083402
14,0,0.007975025553091245,0.009098867347970876,0.00010642681871771605,-0.02031590005205174
14,1,0.006630827873291061,0.0230761125305368,0.021149815942866065,-0.047443283041315475
14,2,-0.006504420988712081,-0.029994793478177354,-0.01386703656164197,0.05566552476682979
14,3,0.004483512376633155,0.015568598466826714,0.024755084185060023,-0.0432525356030364
14,Aggregated,0.004849668209921328,0.009735014763238504,0.010313252559040269,-0.02379621102485595
14,Centralized,0.004852783144246656,0.009769235240170588,0.010340244375912647,-0.023850995821093814
15,0,0.008475748552457871,0.010700949968219603,0.0003793882169920622,-0.0206551784351178
15,1,0.008454576577829359,0.022627577737467524,0.020197044233110306,-0.04418149071979429
15,2,-0.008930328475213361,-0.03361829269247861,-0.015158987111356645,0.05602946796947261
15,3,0.005891499257828808,0.019996602041365264,0.024670600091758855,-0.04251113643756361
15,Aggregated,0.005578302548683937,0.010599698201681766,0.00990829780880171,-0.022658053315220937
15,Centralized,0.005584224758103611,0.010626569317289341,0.009932959564580462,-0.022705200183496213
16,0,0.0058997744650212125,0.007928864673437822,0.000512204544501423,-0.021005199582430856
16,1,0.004827814980712192,0.013710899739060534,0.018988677278318628,-0.040782671688178784
16,2,-0.0020106880332464738,-0.015516298554662857,-0.014899725918462435,0.05016139859551307
16,3,0.0021497796914028235,0.00925657909701355,0.02374389804263553,-0.04017287462409349
16,Aggregated,0.0036835213741332738,0.006925619214863327,0.009399744171805328,-0.02196558658741984
16,Centralized,0.003686460598890537,0.006942567879091703,0.009422215576333099,-0.022005513152103015
17,0,0.011751225984138127,0.006530280938375266,0.001974954034699892,-0.024158848379928266
17,1,0.01139172452023319,0.010066469738188413,0.020876897902682268,-0.042519079295791906
17,2,-0.015284520610164795,-0.007686633512385151,-0.016002595436737804,0.04693918241142047
17,3,0.009576109629622234,0.007033351978104775,0.026071017097456527,-0.04219989168718818
17,Aggregated,0.007547045118130681,0.005865730404562561,0.010843193641509652,-0.02443126323640174
17,Centralized,0.007553345440306831,0.005876398618807986,0.010866153751261343,-0.024468950575314282
18,0,0.014684969304439263,0.009407384964282542,0.002190362792375213,-0.024503189827643476
18,1,0.012811311132528794,0.013089496725091318,0.02055185017875948,-0.04098859823033812
18,2,-0.021852920817508486,-0.012014250688018244,-0.01701613850441178,0.04730938270502886
18,3,0.009936205420993549,0.011202706582197556,0.02707095038962491,-0.041699245310122056
18,Aggregated,0.008166796023861422,0.008107100782907788,0.010892739256294422,-0.02389833018890255
18,Centralized,0.008173810993115718,0.008117972057563644,0.010913734377646844,-0.0239324053234055
19,0,0.014736339122530672,0.00834135158210001,0.0003389978325428339,-0.022484481638348458
19,1,0.011557181676813452,0.012422915533608936,0.016943864461253025,-0.03678038230162058
19,2,-0.02138202614232326,-0.013847354866851444,-0.013283508587454152,0.047279921263864565
19,3,0.010189694949259883,0.011466494775634514,0.02272882427790827,-0.039316067560326094
19,Aggregated,0.007902067157666942,0.007355366982635524,0.00868586845325358,-0.0213761504026678
19,Centralized,0.0079055684292971,0.0073658480839226825,0.0087043114252456,-0.021404889870529038
20,0,0.009156729500016897,0.0007035004637719657,0.001632752905236683,-0.022018420250801904
20,1,0.008942512250066814,-0.003090735862556001,0.019015717033638635,-0.035403748781512624
20,2,-0.008487130917916296,0.00876220480255578,-0.013957135301448096,0.03930788590434836
20,3,0.006589119254529023,-0.0056833095870369625,0.02353888055010069,-0.03773324991037028
20,Aggregated,0.006169556923733345,-0.0008189307662048229,0.009859246110257631,-0.021505210564631373
20,Centralized,0.006174967557865026,-0.0008225818839380691,0.009880480187363955,-0.021531405657916947
21,0,0.021150682750804797,0.0031476370758331956,0.0038884709982403057,-0.02627334799707809
21,1,0.01865408472033402,0.005429821405364725,0.021778341791488225,-0.04086111468877718
21,2,-0.029618402913449537,0.0008859798585123443,-0.015223399462006987,0.03948857731661608
21,3,0.01658707316379987,0.002253234785820901,0.028356000604008762,-0.04212914272383215
21,Aggregated,0.012570823799711372,0.003378008687439182,0.012363209408570228,-0.0255809340881608
21,Centralized,0.012578578680288555,0.0033850734691684516,0.012383448938057864,-0.02561076258441003
22,0,0.018341704492633216,0.007682169151538344,0.0023046598663732007,-0.02376132584410207
22,1,0.014435093958546636,0.01212262300555036,0.018209920828784767,-0.03633683559234117
22,2,-0.027336306828737306,-0.012926425866788974,-0.014551988972736607,0.04271067724297203
22,3,0.01383095372814259,0.010177556112991546,0.025237541722612767,-0.039382951730069955
22,Aggregated,0.01000473833376183,0.006884825517167834,0.010114162443363042,-0.022281411158155177
22,Centralized,0.01000807606974031,0.006896580414483276,0.010130808940174133,-0.022306627585610694
23,0,0.012109839222283994,0.00910493344399134,-0.0007245268646318461,-0.02153030181531251
23,1,0.006004662401949186,0.012429053096111748,0.014054930547327737,-0.03198798758710777
23,2,-0.012799939846849238,-0.015817099877480745,-0.008545356920862114,0.04108009912348256
23,3,0.004821263043860917,0.012248880853305241,0.019071596844698724,-0.036254937817640054
23,Aggregated,0.005244826915762494,0.0075159790121749025,0.00725160797817094,-0.01969636735622621
23,Centralized,0.005242216212528382,0.007525028097874313,0.007267406869524415,-0.01971668177974775
24,0,0.0171293197203778,0.004962102405533066,-0.0009356238468546848,-0.02219548856467114
24,1,0.013445790175830025,0.006173451300167864,0.013611786734690939,-0.03251806535403389
24,2,-0.028685248534347327,-0.0032859786341839156,-0.006340422054096457,0.04029351727054192
24,3,0.012894270246983586,0.0069092309061175765,0.018196083840145705,-0.03738317697984241
24,Aggregated,0.008905239855970576,0.0046690845891509585,0.007145006945640051,-0.020435535404663394
24,Centralized,0.008908841162960446,0.004671356750736909,0.007160578948238169,-0.020454969191169223
25,0,0.01615039373198783,0.005967769932788834,-0.0007828114484764032,-0.02176878401865848
25,1,0.011819271719334631,0.00802857168097082,0.01375127632332974,-0.032411532059830245
25,2,-0.026909209687388275,-0.0048198679714692065,-0.006627170630514087,0.03970126057942886
25,3,0.011437530791183112,0.007446782683939002,0.01906478202592976,-0.037484695094533026
25,Aggregated,0.0079842868604903,0.005503989658717511,0.0073906507443414525,-0.020362200913879535
25,Centralized,0.007986459376936492,0.0055092809618433785,0.007405389673846879,-0.02038172887252085
26,0,0.0066565257114162835,0.006100919654957376,0.0009184176039191416,-0.021404819412702863
26,1,0.00394243451348647,0.006676000663540839,0.016079273848035747,-0.032863045537923
26,2,-0.006680495595165856,-0.0032434507000089438,-0.009107110022035498,0.034534315270140246
26,3,0.0004646082923394819,0.006876220441864533,0.021514217148457027,-0.037316930420049764
26,Aggregated,0.0026592613776488996,0.005203280255889738,0.008895388195594274,-0.02104069237378247
26,Centralized,0.002661826978902234,0.005205476971300897,0.008911640864388512,-0.021060963810533972
27,0,0.014396450546354697,0.003172202771702622,0.0033483433299258216,-0.02412155634611558
27,1,0.009906797413642343,0.0022287764855557454,0.020566106964990703,-0.03661682706529607
27,2,-0.01608017084435072,0.0029200694972856497,-0.011743233257187327,0.03136563356991542
27,3,0.00841687991385411,0.0025883778780577496,0.026814386947073887,-0.040079222572310946
27,Aggregated,0.007586950981258616,0.002710583276570038,0.01192845540628243,-0.02415842327662987
27,Centralized,0.007587839259754763,0.0027089924863947373,0.011947496173660047,-0.02418110478165567
28,0,0.018673422533883044,0.0007705442702183781,0.004846336710844158,-0.023948344246842206
28,1,0.015346099921333095,0.0014278605944247995,0.02217882004314789,-0.037059360629648326
28,2,-0.023339995441223022,0.004791800074399222,-0.013704266230232022,0.030798887949431187
28,3,0.016052787469553048,0.0004950893806489146,0.029102066118930358,-0.040442653047708714
28,Aggregated,0.01142280979603225,0.0014579690930521946,0.01317232325411287,-0.02439733277206313
28,Centralized,0.011424812300465553,0.001459227586747866,0.013191326172331388,-0.02442087305800317
29,0,0.019176741176187825,0.005432880869675531,0.0022911044999180258,-0.022217046144639627
29,1,0.014435132035670603,0.009261954505217765,0.01775442575020199,-0.03412095032821851
29,2,-0.026636772711438644,-0.003547168364135327,-0.010510071587866132,0.0327990339912367
29,3,0.015658785554512666,0.009062161243256409,0.024126711669322138,-0.038380194992444105
29,Aggregated,0.010771599877313132,0.00624279550961293,0.01026321136846445,-0.022173124378917906
29,Centralized,0.010771690614266707,0.0062497364348194405,0.01027931254857239,-0.022194007349640707
30,0,0.017778996406683126,-0.003036262780913221,0.00038785787677065214,-0.019554136265582413
30,1,0.01380581331140023,-0.002035058190699999,0.01544737308574994,-0.030172191512937357
30,2,-0.025571398580344018,0.009601421592763637,-0.00687597610180854,0.030299240630576808
30,3,0.014775178588812962,-0.004396051192920654,0.019921271100817928,-0.03518764368436461
30,Aggregated,0.010060223470572473,-0.0013228608844141857,0.008470577545588012,-0.019675445676573984
30,Centralized,0.010061255290088555,-0.001321044754971375,0.008487274510238396,-0.01969292038863883
