Round,Evaluator,4,1,2,0,3
0,0,,,,,
0,1,,,,,
0,2,,,,,
0,3,,,,,
0,4,,,,,
0,Aggregated,,,,,
0,Centralized,,,,,
1,0,0.008850129198966378,0.25658914728682164,0.08184754521963825,0.0812015503875969,0.12189922480620154
1,1,0.05699168556311418,0.25105820105820115,0.09270597127739978,-0.13953136810279662,0.06757369614512475
1,2,0.05532879818594108,0.25279667422524554,0.10143613000755856,-0.13476946334089196,0.07214663643235072
1,3,0.04916855631141346,0.2666666666666668,0.10793650793650801,-0.142063492063492,0.0743008314436886
1,4,0.05434618291761152,0.24727891156462592,0.10612244897959182,-0.13688586545729395,0.07380952380952384
1,Aggregated,0.04820309924167492,0.2547230464886251,0.09947246950214322,-0.11030333003626777,0.07833003626772174
1,Centralized,0.04820309924167492,0.2547230464886251,0.09947246950214322,-0.11030333003626777,0.07833003626772174
2,0,0.1063953488372092,0.10413436692506464,0.06731266149870806,-0.01957364341085269,0.03242894056847547
2,1,0.1140211640211641,0.12724867724867725,0.1098639455782314,-0.04074074074074074,0.02067271352985639
2,2,0.11027966742252451,0.12105064247921393,0.10102040816326538,-0.04693877551020406,0.027513227513227507
2,3,0.11194255479969764,0.12422524565381711,0.10551776266061973,-0.04376417233560091,0.012736205593348465
2,4,0.11262282690854117,0.11375661375661374,0.10846560846560856,-0.03703703703703705,0.03325774754346184
2,Aggregated,0.11147378832838782,0.11934553247609626,0.10125288493241007,-0.039243323442136505,0.024678536102868447
2,Centralized,0.11147378832838782,0.11934553247609626,0.10125288493241007,-0.039243323442136505,0.024678536102868447
3,0,-0.00555555555555555,0.02351421188630493,-0.024612403100775185,0.009302325581395342,0.008979328165374669
3,1,0.004119425547996947,0.013756613756613752,-0.02554799697656842,0.0018518518518518378,0.01489040060468631
3,2,0.004761904761904763,0.0193121693121693,-0.022826908541194253,0.008730158730158727,0.021768707482993206
3,3,0.011111111111111105,0.01470143613000754,-0.014965986394557838,0.007898715041572172,0.010733182161753582
3,4,0.007520786092214664,0.013567649281935008,-0.020256991685563098,0.00638699924414209,0.015457294028722646
3,Aggregated,0.0052917903066271015,0.016378173425651163,-0.02137322782723373,0.006610616551269375,0.014853280580283564
3,Centralized,0.0052917903066271015,0.016378173425651163,-0.02137322782723373,0.006610616551269375,0.014853280580283564
4,0,-0.0356589147286822,0.021511627906976746,-0.019186046511627912,0.014405684754521962,-0.00045219638242895247
4,1,-0.004497354497354485,-0.0027966742252456584,0.015154950869236567,-0.00714285714285714,0.024225245653817066
4,2,-0.013794406651549488,0.001700680272108838,0.011715797430083146,0.002645502645502638,0.0249433106575964
4,3,-0.002569916855631138,-0.00011337868480723786,0.0042328042328042435,0.0008314436885865435,0.01349206349206354
4,4,-0.007445200302343164,0.008238851095993961,0.005593348450491298,0.001625094482237325,0.021466364323507174
4,Aggregated,-0.010723705901747484,0.004277942631058361,0.005555555555555554,0.0013930102209033974,0.018290471480382434
4,Centralized,-0.010723705901747484,0.004277942631058361,0.005555555555555554,0.0013930102209033974,0.018290471480382434
5,0,0.00607235142118864,-0.00846253229974161,0.014793281653746758,0.014470284237726077,0.015762273901808784
5,1,0.009939531368102793,0.002947845804988656,0.0067271352985638746,-0.001965230536659061,0.011829176114890433
5,2,0.009788359788359785,-0.00665154950869236,-0.001549508692365851,0.00034013605442178576,0.009410430839002238
5,3,0.0087679516250945,0.00668934240362809,0.0012093726379440635,-0.0010582010582010453,0.004799697656840536
5,4,0.005442176870748298,-0.003628117913832202,-0.000982615268329575,-0.0017384731670446111,0.005442176870748308
5,Aggregated,0.008176722716782077,-0.0012199142762940854,0.003066271018793293,0.0008819650511045145,0.00887734915924828
5,Centralized,0.008176722716782077,-0.0012199142762940854,0.003066271018793293,0.0008819650511045145,0.00887734915924828
6,0,-0.009560723514211878,0.007235142118863042,0.011757105943152456,0.003359173126614982,-0.005038759689922464
6,1,-0.0043839758125472006,0.010355253212396059,0.0007180650037792891,-0.009108087679516257,-0.002116402116402111
6,2,0.004799697656840492,0.01916099773242631,0.0034769463340891833,-0.006160241874527608,0.0013983371126228199
6,3,0.002380952380952365,0.009561602418745263,-0.00555555555555558,-0.00744520030234318,-0.003476946334089198
6,4,-0.002607709750566913,0.018178382464096754,-0.00034013605442173946,-0.004497354497354467,-0.008465608465608477
6,Aggregated,-0.0011787009561490239,0.013410814375206028,0.001129244971974939,-0.005506099571381455,-0.0034042202439828455
6,Centralized,-0.0011787009561490239,0.013410814375206028,0.001129244971974939,-0.005506099571381455,-0.0034042202439828455
7,0,-0.01091731266149871,-0.07487080103359176,0.03656330749354007,0.024289405684754534,0.0016795865633074927
7,1,-0.0018518518518518693,-0.027739984882842017,0.022146636432350722,3.7792894935739786e-05,0.009674981103552503
7,2,-0.00903250188964474,-0.04040060468631894,0.02781557067271355,-0.004308390022675723,0.010052910052910058
7,3,0.0004535147392290476,-0.026190476190476184,0.021428571428571415,-0.002191987906273644,0.013303099017384735
7,4,-0.005555555555555556,-0.026908541194255464,0.019387755102040827,-0.004232804232804238,0.005971277399848834
7,Aggregated,-0.004879657105176392,-0.03599571381470491,0.024464226838114098,0.0007665677546983125,0.008720738542697016
7,Centralized,-0.004879657105176392,-0.03599571381470491,0.024464226838114098,0.0007665677546983125,0.008720738542697016
8,0,0.02138242894056849,0.006524547803617573,0.016214470284237736,6.459948320412523e-05,-0.028682170542635645
8,1,-0.0038170823885109264,0.006386999244142118,0.0018518518518518545,-0.0040060468631896995,-0.0026832955404384
8,2,-0.003439153439153427,0.01489040060468631,0.013189720332577483,-0.005139833711262282,-0.005895691609977318
8,3,-0.001700680272108825,0.008692365835222983,0.003968253968253965,-0.005668934240362826,0.0015117157974300836
8,4,-0.003552532123960704,0.004572940287226005,0.0030612244897959234,-0.003930461073318222,-0.00015117157974300354
8,Aggregated,5.551115123125783e-18,0.008366303989449372,0.006882624464226824,-0.004080118694362001,-0.0052340916584240095
8,Centralized,5.551115123125783e-18,0.008366303989449372,0.006882624464226824,-0.004080118694362001,-0.0052340916584240095
9,0,0.0186046511627907,-0.00012919896640826157,-0.004005167958656302,0.012790697674418606,-0.00400516795865633
9,1,0.010279667422524544,0.014058956916099744,-0.005026455026455027,-0.003325774754346219,-0.002380952380952391
9,2,0.013718820861678015,0.015041572184429341,-0.004610733182161749,-0.001965230536659122,-0.008578987150415718
9,3,0.009108087679516258,0.009486016628873793,-0.00506424792139075,-0.0018518518518518508,-0.0003401360544217413
9,4,0.009221466364323505,0.009788359788359785,-0.00249433106575966,-0.0009826152683295787,-0.00646258503401361
9,Aggregated,0.01160567095285195,0.010534124629080105,-0.004261457303000335,-0.0001401252884932406,-0.004385097263435548
9,Centralized,0.01160567095285195,0.010534124629080105,-0.004261457303000335,-0.0001401252884932406,-0.004385097263435548
10,0,-0.05930232558139537,-0.046382428940568494,0.011434108527131783,0.01627906976744187,0.015956072351421196
10,1,-0.017195767195767177,-0.013227513227513244,0.005291005291005294,-0.005857898715041577,0.012849584278155721
10,2,-0.026417233560090698,-0.016780045351473916,0.004761904761904737,-0.005631141345427082,0.016855631141345428
10,3,-0.018631897203325806,-0.011262282690854141,0.004421768707482967,-0.003136810279667414,0.010468631897203302
10,4,-0.007558578987150409,0.0032123960695389273,0.005479969765684036,-0.004913076341647791,0.008314436885865454
10,Aggregated,-0.02279096604022415,-0.014218595450049441,0.005811078140454998,-0.0021843059676887582,0.012611275964391716
10,Centralized,-0.02279096604022415,-0.014218595450049441,0.005811078140454998,-0.0021843059676887582,0.012611275964391716
11,0,0.018281653746770026,0.04315245478036177,-0.044056847545219664,-0.01854005167958659,0.032170542635658925
11,1,0.015003779289493598,0.015192743764172336,-0.01882086167800452,-0.029969765684051384,0.027664399092970512
11,2,0.017762660619803472,0.019274376417233532,-0.021919879062736212,-0.041005291005290996,0.041761148904006055
11,3,0.014890400604686308,0.017346938775510204,-0.0136432350718065,-0.02554799697656839,0.027362055933484515
11,4,0.00804988662131522,0.007860922146636447,-0.014814814814814826,-0.02747543461829176,0.017309145880574448
11,Aggregated,0.014482360698977884,0.01852126607319484,-0.02071381470491264,-0.029409825255522565,0.028989449390042846
11,Centralized,0.014482360698977884,0.01852126607319484,-0.02071381470491264,-0.029409825255522565,0.028989449390042846
12,0,0.012467700258397944,0.004069767441860489,0.01214470284237727,0.007299741602067213,0.014405684754521982
12,1,0.008805744520030216,0.00011337868480724341,0.007294028722600153,-0.015570672713529847,0.010695389266817835
12,2,0.011678004535147392,-0.0006046863189720438,0.010733182161753584,-0.016666666666666656,0.01300075585789871
12,3,0.004648526077097537,-0.000642479213907791,0.006538170823885118,-0.013114134542705973,0.004837490551776273
12,4,0.002229780801209352,0.01659108087679514,0.0024187452758881343,-0.014399092970521535,0.009032501889644726
12,Aggregated,0.007558522914606016,0.003890537421694708,0.007434882954170803,-0.012100230794592824,0.010031322123310281
12,Centralized,0.007558522914606016,0.003890537421694708,0.007434882954170803,-0.012100230794592824,0.010031322123310281
13,0,-0.04147286821705429,-0.06957364341085273,0.0066537467700258255,0.02441860465116279,-0.02467700258397935
13,1,-0.00929705215419499,-0.02346938775510204,0.009599395313681031,0.0078987150415722,-0.0006046863189720179
13,2,-0.014361300075585772,-0.03401360544217686,0.01417233560090705,-0.0030234315948601846,-0.0058578987150415575
13,3,-0.009523809523809509,-0.0202947845804989,0.00861678004535147,0.002947845804988662,-0.0021541950113378745
13,4,-0.002456538170823887,-0.015873015873015855,0.012471655328798162,0.00037792894935755885,0.0009448223733938036
13,Aggregated,-0.013064622485987483,-0.029302670623145375,0.01063303659742826,0.004904385097263425,-0.004821958456973285
13,Centralized,-0.013081107814045508,-0.029277942631058335,0.010657764589515301,0.004887899769205397,-0.004838443785031314
14,0,0.030749354005167963,0.01169250645994833,0.0084625322997416,0.01589147286821706,0.04173126614987082
14,1,0.013492063492063494,-0.004837490551776254,-0.00030234315948604227,-0.0016250944822373417,0.011413454270597123
14,2,0.01746031746031745,0.00990173847316705,0.015759637188208622,-0.008994708994708995,0.02256235827664397
14,3,0.010808767951625083,-0.002040816326530605,0.006273620559334821,-0.006009070294784568,0.009108087679516253
14,4,0.004195011337868495,0.003061224489795942,-0.0007180650037793057,-0.00884353741496595,0.011375661375661367
14,Aggregated,0.013946587537091987,0.0028189910979228906,0.005662710187932753,-0.003527860204418093,0.01720243982855257
14,Centralized,0.013946587537091987,0.0028189910979228906,0.005662710187932753,-0.003527860204418093,0.01720243982855257
15,0,-0.055555555555555566,0.03068475452196386,0.01647286821705429,0.01776485788113698,-0.03649870801033594
15,1,-0.015948601662887377,0.01428571428571429,0.00880574452003024,0.004648526077097504,-0.004988662131519278
15,2,-0.033408919123204824,0.016855631141345428,0.012509448223733958,-0.0033635676492819217,-0.01526832955404384
15,3,-0.011980347694633372,0.010128495842781545,0.005593348450491276,0.0008692365835223037,-0.004610733182161751
15,4,-0.011186696900982623,0.009032501889644756,0.002418745275888099,-0.0032501889644747004,-0.0015495086923658548
15,Aggregated,-0.022906363336630414,0.014886251236399608,0.00849818661391361,0.0020276953511374723,-0.010418727332673962
15,Centralized,-0.022906363336630414,0.014886251236399608,0.00849818661391361,0.0020276953511374723,-0.010418727332673962
16,0,0.009948320413436684,0.0028423772609819467,0.006718346253229997,-0.0023255813953488302,0.006072351421188615
16,1,0.008314436885865443,0.0003779289493575163,0.003212396069538916,-0.01946334089191235,0.009826152683295519
16,2,0.012320483749055203,0.00343915343915344,0.0034391534391534305,-0.02660619803476947,0.014210128495842776
16,3,0.005517762660619815,0.0013605442176870966,0.0004157218442932875,-0.01470143613000754,0.005139833711262287
16,4,0.00922146636432351,0.0069538926681783925,0.001095993953136811,-0.02101284958427816,0.010544217687074827
16,Aggregated,0.008984503791625466,0.00300857237059017,0.0026376524892845607,-0.018133860863831196,0.009437850313221292
16,Centralized,0.008984503791625466,0.00300857237059017,0.0026376524892845607,-0.018133860863831196,0.009437850313221292
17,0,-0.06246770025839797,0.02248062015503876,-0.0033591731266149985,0.005038759689922484,-0.008204134366925084
17,1,-0.023280423280423266,0.0116780045351474,0.006198034769463355,-0.016855631141345407,0.0063869992441421
17,2,-0.028684807256235848,0.017611489040060442,0.008730158730158725,-0.0235827664399093,0.0032501889644746726
17,3,-0.010959939531368125,0.010582010582010566,0.005668934240362792,-0.012093726379440672,0.0022675736961451105
17,4,-0.008654572940287219,0.012887377173091462,0.005706727135298571,-0.01753590325018892,0.005328798185941062
17,Aggregated,-0.023582261787009545,0.014375206066600714,0.005308275634685108,-0.014638971315529204,0.002711836465545649
17,Centralized,-0.023582261787009545,0.014375206066600714,0.005308275634685108,-0.014638971315529204,0.002711836465545649
18,0,-0.0020025839793281746,0.010917312661498707,0.011886304909560722,0.015439276485788127,0.018023255813953507
18,1,0.0018140589569161072,0.002758881330309898,0.005404383975812543,-0.008201058201058192,0.011829176114890406
18,2,0.00684051398337115,0.015154950869236584,0.0155328798185941,-0.023393801965230523,0.013076341647770212
18,3,0.008125472411186722,0.004535147392290258,0.009448223733938018,-0.018518518518518497,0.005479969765684058
18,4,0.0024943310657596697,0.010997732426303851,0.0026832955404383963,-0.022071050642479235,0.005895691609977314
18,Aggregated,0.003948236069897794,0.00868776788658096,0.008728981206726032,-0.013773491592482694,0.010212660731948596
18,Centralized,0.003948236069897794,0.00868776788658096,0.008728981206726032,-0.013773491592482694,0.010212660731948596
19,0,0.013372093023255835,0.002390180878552972,-0.03055555555555555,0.017248062015503884,-0.05284237726098193
19,1,0.009561602418745239,0.005026455026454998,-0.006689342403628129,-0.007445200302343169,-0.01859410430839003
19,2,0.009410430839002271,0.011300075585789859,-0.007218442932728639,-0.015343915343915335,-0.02309145880574452
19,3,0.005177626606198045,0.009523809523809509,-0.000680272108843564,-0.006160241874527608,-0.010128495842781556
19,4,0.006500377928949345,0.012169312169312154,0.0013983371126228088,-0.00918367346938775,-0.0086167800453515
19,Aggregated,0.008391031981536424,0.008597098582261787,-0.006775469831849666,-0.006116056709528524,-0.019922518958127317
19,Centralized,0.008391031981536424,0.008597098582261787,-0.006775469831849666,-0.006116056709528524,-0.019922518958127317
20,0,0.02797157622739021,0.03927648578811372,-0.0036821705426356766,-0.006912144702842391,-0.04502583979328166
20,1,0.012622826908541218,0.01602418745275892,-0.0036281179138321906,-0.0013605442176870635,-0.01232048374905517
20,2,0.013340891912320454,0.028647014361300103,0.007482993197278907,-0.01500377928949358,-0.011791383219954665
20,3,0.0029856386999244254,0.011489040060468624,0.0016628873771731075,-0.007218442932728638,-0.006651549508692356
20,4,0.0017762660619803268,0.012169312169312184,0.006122448979591827,-0.00899470899470898,-0.004270597127739972
20,Aggregated,0.010270359380151695,0.019914276294098292,0.00206890867128256,-0.007987141444114745,-0.013386086383119025
20,Centralized,0.010270359380151695,0.019914276294098292,0.00206890867128256,-0.007987141444114745,-0.013386086383119025
21,0,0.021640826873385016,0.037144702842377274,-0.12015503875968993,0.02228682170542634,0.011950904392764868
21,1,0.014814814814814815,0.016704459561602405,-0.056613756613756644,0.0004535147392290162,0.008767951625094472
21,2,0.018065003779289494,0.021466364323507185,-0.07188208616780047,-0.006878306878306865,0.01428571428571429
21,3,0.013756613756613743,0.014701436130007536,-0.04690098261526835,0.0026077097505669074,0.009032501889644752
21,4,0.012055933484504929,0.01810279667422526,-0.048601662887377196,-0.003061224489795907,0.012433862433862469
21,Aggregated,0.01556214968677877,0.020219254863171776,-0.06418562479393349,0.001343554236729309,0.011234751071546293
21,Centralized,0.01556214968677877,0.020219254863171776,-0.06418562479393349,0.001343554236729309,0.011234751071546293
22,0,0.019896640826873414,0.011498708010335916,-0.04437984496124033,0.02700258397932819,0.02861757105943157
22,1,0.008541194255479957,0.0045729402872260036,-0.019992441421012825,0.010619803476946344,0.016666666666666666
22,2,0.008654572940287224,0.01092214663643234,-0.03178382464096748,0.005442176870748296,0.03170823885109598
22,3,0.0032123960695389273,0.003779289493575209,-0.020975056689342388,0.001511715797430091,0.014739229024943325
22,4,0.007218442932728644,0.007407407407407407,-0.015268329554043837,-0.0035525321239606835,0.017800453514739238
22,Aggregated,0.008564127926145722,0.007286515001648531,-0.02485987471150678,0.006503461918892223,0.021299043850972667
22,Centralized,0.008564127926145722,0.007286515001648531,-0.02485987471150678,0.006503461918892223,0.021299043850972667
23,0,-0.004069767441860472,0.010788113695090458,0.02629198966408271,0.016925064599483206,-0.04218346253229976
23,1,0.0034769463340891776,0.005555555555555541,0.012736205593348447,0.0036659108087679507,-0.020899470899470914
23,2,0.0033635676492819438,0.010355253212396087,0.009032501889644735,0.0018518518518518526,-0.02460317460317462
23,3,0.004232804232804207,0.00442176870748297,0.00442176870748298,0.001965230536659089,-0.008238851095993975
23,4,-0.00022675736961452197,0.006764928193499605,0.003174603174603169,0.00015117157974300539,-0.018934240362811803
23,Aggregated,0.0018463567424991687,0.0072865150016485376,0.009759314210352777,0.003824596109462593,-0.021233102538740545
23,Centralized,0.0018463567424991687,0.0072865150016485376,0.009759314210352777,0.003824596109462593,-0.021233102538740545
24,0,-0.00581395348837209,-0.021963824289405708,0.013242894056847561,0.010012919896640837,0.012273901808785537
24,1,-0.001549508692365818,-0.0064625850340136,0.0054421768707483,0.0041194255479969815,0.0007180650037793002
24,2,-0.003287981859410401,-0.004799697656840492,0.011640211640211642,0.002947845804988671,0.011640211640211668
24,3,-0.009826152683295506,-0.0032123960695389104,0.0030234315948601985,0.002645502645502634,0.000566893424036317
24,4,-0.0018896447467875962,-0.005857898715041569,0.005668934240362803,0.00075585789871504,0.008125472411186703
24,Aggregated,-0.004352126607319501,-0.007237059017474455,0.007311242993735582,0.0035608308605341236,0.006157270029673591
24,Centralized,-0.004352126607319501,-0.007237059017474455,0.007311242993735582,0.0035608308605341236,0.006157270029673591
