,BeforeLocalTraining,AfterLocalTraining,BeforeLocalPartialEvaluations,AfterLocalPartialEvaluations,BeforeEvaluation,AfterEvaluation
1,1782456967.0513058,1782456967.0873492,1782456971.3449879,1782456972.1053412,1782456972.135867,1782456972.148635
2,1782456972.2150626,1782456972.2468233,1782456976.3600268,1782456977.2071598,1782456977.2363875,1782456977.2490299
3,1782456977.3165298,1782456977.3479998,1782456981.3833075,1782456982.1451576,1782456982.174094,1782456982.1865573
4,1782456982.2478654,1782456982.2792525,1782456986.2962658,1782456987.0781417,1782456987.1070921,1782456987.119254
5,1782456987.1657968,1782456987.1966233,1782456991.2439554,1782456992.2038507,1782456992.2327852,1782456992.2450025
6,1782456992.3190298,1782456992.3546598,1782456996.3845985,1782456997.1511025,1782456997.179964,1782456997.1921477
7,1782456997.2428892,1782456997.2745073,1782457001.2804027,1782457002.0403838,1782457002.0696435,1782457002.0818818
8,1782457002.1432652,1782457002.1749809,1782457006.202276,1782457007.0978234,1782457007.1262805,1782457007.1391082
9,1782457007.261473,1782457007.2944953,1782457011.3108993,1782457012.0730233,1782457012.1018906,1782457012.1141384
10,1782457012.173523,1782457012.2047215,1782457016.186822,1782457017.0247953,1782457017.053517,1782457017.0661993
11,1782457017.1126242,1782457017.1434968,1782457021.118476,1782457022.0549781,1782457022.0838513,1782457022.096719
12,1782457022.1647403,1782457022.1958842,1782457026.198994,1782457026.9739356,1782457027.0025623,1782457027.0151484
13,1782457027.060361,1782457027.0927153,1782457031.0942693,1782457031.8578844,1782457031.8867004,1782457031.899187
14,1782457031.9525378,1782457031.9833877,1782457035.9636366,1782457036.8410969,1782457036.8700113,1782457036.8828042
15,1782457037.1016312,1782457037.1328928,1782457041.109231,1782457041.8677785,1782457041.8978443,1782457041.9102488
16,1782457041.9809337,1782457042.012262,1782457046.02116,1782457046.7768245,1782457046.805682,1782457046.8181024
17,1782457046.880717,1782457046.9126105,1782457050.895157,1782457051.9578798,1782457051.9867513,1782457051.9992378
18,1782457052.3040364,1782457052.3360617,1782457056.3309922,1782457057.0939133,1782457057.1228032,1782457057.1351736
19,1782457057.1880677,1782457057.2198339,1782457061.2124715,1782457061.979331,1782457062.0079594,1782457062.020176
20,1782457062.0884557,1782457062.119692,1782457066.093797,1782457067.0238402,1782457067.052819,1782457067.065106
21,1782457067.140322,1782457067.173554,1782457071.1615834,1782457071.9178646,1782457071.9472396,1782457071.9595513
22,1782457072.0219069,1782457072.0532994,1782457076.052982,1782457076.8378212,1782457076.8672638,1782457076.8799815
23,1782457076.9227145,1782457076.9538002,1782457080.9597657,1782457081.9555786,1782457081.984921,1782457081.9971604
24,1782457082.057514,1782457082.0883799,1782457086.0847125,1782457086.8477738,1782457086.8768575,1782457086.8890953
25,1782457086.951866,1782457086.9834037,1782457090.9861069,1782457091.7470922,1782457091.775612,1782457091.7880433
26,1782457091.846889,1782457091.8779192,1782457095.8751998,1782457096.904368,1782457096.934305,1782457096.9468062
27,1782457097.0696106,1782457097.1013155,1782457101.074789,1782457101.8332021,1782457101.8622143,1782457101.8748658
28,1782457101.9407196,1782457101.9729662,1782457105.9650815,1782457106.7412093,1782457106.7702746,1782457106.7826488
29,1782457106.8258593,1782457106.8573558,1782457110.825676,1782457111.701028,1782457111.7302523,1782457111.7429392
30,1782457111.8612182,1782457111.9025464,1782457115.8768806,1782457116.6562285,1782457116.6850739,1782457116.698757
31,1782457116.7429245,1782457116.774118,1782457120.7511382,1782457121.524142,1782457121.5531323,1782457121.5655115
32,1782457121.620585,1782457121.6521533,1782457125.645248,1782457126.4907181,1782457126.5392058,1782457126.5603385
33,1782457126.751436,1782457126.783485,1782457130.7661014,1782457131.531396,1782457131.5602908,1782457131.5726252
34,1782457131.6256814,1782457131.6571434,1782457135.6340117,1782457136.3919766,1782457136.4209692,1782457136.4332867
35,1782457136.497843,1782457136.529372,1782457140.5211766,1782457141.2903025,1782457141.4610398,1782457141.4755263
36,1782457141.5215619,1782457141.5539594,1782457145.5582054,1782457146.3117077,1782457146.3405204,1782457146.352975
37,1782457146.4194553,1782457146.4508224,1782457150.4573376,1782457151.210481,1782457151.2394912,1782457151.2518244
38,1782457151.330772,1782457151.3624647,,,,
