,BeforeLocalTraining,AfterLocalTraining,BeforeLocalPartialEvaluations,AfterLocalPartialEvaluations,BeforeEvaluation,AfterEvaluation
1,1786796938.3125963,1786796938.3513691,1786796939.6391604,1786796940.0422378,1786796940.069685,1786796940.0763776
2,1786796940.130482,1786796940.1665375,1786796941.5013678,1786796941.90334,1786796941.9299068,1786796941.9363856
3,1786796941.9904797,1786796942.0876493,1786796943.405653,1786796943.8069007,1786796943.8341644,1786796943.8405755
4,1786796943.8945477,1786796943.929333,1786796945.1817763,1786796945.5835483,1786796945.6099546,1786796945.6164038
5,1786796945.668544,1786796945.706614,1786796947.4960668,1786796948.17462,1786796948.2106407,1786796948.2218647
6,1786796948.394241,1786796948.4468274,1786796949.8216827,1786796950.2323039,1786796950.258951,1786796950.2652972
7,1786796950.3185823,1786796950.3584433,1786796951.6083572,1786796952.0050902,1786796952.0315325,1786796952.0379221
8,1786796952.0901248,1786796952.125191,1786796953.4465349,1786796953.8462453,1786796953.8729467,1786796953.8793557
9,1786796953.9335527,1786796953.9685602,1786796955.2840717,1786796955.6803174,1786796955.7068112,1786796955.7131853
10,1786796955.7657893,1786796955.8006003,1786796957.1088626,1786796957.5038908,1786796957.5306978,1786796957.5370464
11,1786796957.5888407,1786796957.623464,1786796958.867272,1786796959.2632651,1786796959.2900193,1786796959.2963686
12,1786796959.3483448,1786796959.383575,1786796960.695855,1786796961.1653745,1786796961.1922786,1786796961.1986332
13,1786796961.2510781,1786796961.287049,1786796963.545853,1786796963.9603033,1786796963.9876041,1786796963.9941235
14,1786796964.0470803,1786796964.084399,1786796965.367113,1786796965.7661755,1786796965.7927768,1786796965.7990623
15,1786796965.8524306,1786796965.887035,1786796967.2085364,1786796967.6050358,1786796967.6316316,1786796967.6379662
16,1786796967.690274,1786796967.731062,1786796969.0350082,1786796969.4413037,1786796969.4685605,1786796969.4747949
17,1786796969.5269043,1786796969.5618856,1786796970.871828,1786796971.2819932,1786796971.3085816,1786796971.3149686
18,1786796971.3685641,1786796971.404137,1786796972.643127,1786796973.0383573,1786796973.06535,1786796973.071775
19,1786796973.1243489,1786796973.1582055,1786796974.4675882,1786796974.8663895,1786796974.8928006,1786796974.8991678
20,1786796974.9524963,1786796974.9916105,1786796976.2976153,1786796977.1992714,1786796977.2445388,1786796977.254851
21,1786796977.3590014,1786796977.5001178,1786796979.2683063,1786796979.7440398,1786796979.7712345,1786796979.7776365
22,1786796979.8295953,1786796979.8714721,1786796981.1854339,1786796981.5917232,1786796981.6185472,1786796981.6248403
23,1786796981.6778553,1786796981.7142708,1786796983.014485,1786796983.419637,1786796983.4462569,1786796983.4526777
24,1786796983.5058703,1786796983.5410073,1786796984.7848315,1786796985.1907146,1786796985.2171807,1786796985.2235146
25,1786796985.2770197,1786796985.3136473,1786796986.6271641,1786796987.0235677,1786796987.0500114,1786796987.0563207
26,1786796987.1076784,1786796987.1482532,1786796988.4549472,1786796988.8586965,1786796988.88518,1786796988.8916814
27,1786796988.9437182,1786796988.978835,1786796990.2831337,1786796990.689791,1786796990.7163906,1786796990.7228117
28,1786796990.7749562,1786796990.8093724,1786796992.8862581,1786796993.5476332,1786796993.574607,1786796993.5832775
29,1786796993.638697,1786796993.6860585,1786796995.0246196,1786796995.4288132,1786796995.4552073,1786796995.4616487
30,1786796995.5149555,1786796995.5500498,1786796996.868235,1786796997.3541806,1786796997.381154,1786796997.3875084
31,1786796997.440715,1786796997.4778094,1786796998.7137961,1786796999.1141703,1786796999.1415384,1786796999.1479278
32,1786796999.1990962,1786796999.2334402,1786797000.5409865,1786797000.9434783,1786797000.9704173,1786797000.976731
33,1786797001.0315647,1786797001.0660183,1786797002.3177137,1786797002.715964,1786797002.7426553,1786797002.7489789
34,1786797002.7998078,1786797002.834764,1786797004.1467927,1786797004.5461822,1786797004.5733202,1786797004.5796423
35,1786797004.6325831,1786797004.6675966,1786797005.97479,1786797006.3791084,1786797006.4268575,1786797006.4395816
36,1786797006.6510906,1786797006.7357938,1786797008.734471,1786797009.1988838,1786797009.2257724,1786797009.2322316
37,1786797009.2853086,1786797009.3316329,1786797010.596091,1786797010.995296,1786797011.0219216,1786797011.028231
38,1786797011.0801759,1786797011.1148524,1786797012.4322913,1786797012.8326557,1786797012.8591633,1786797012.8655002
39,1786797012.9177232,1786797012.9524934,1786797014.271002,1786797014.779155,1786797014.806131,1786797014.812626
40,1786797014.8662596,1786797014.9039423,1786797016.1462429,1786797016.5485477,1786797016.5753179,1786797016.5817475
41,1786797016.6334774,1786797016.6685274,1786797017.9806292,1786797018.3816586,1786797018.408686,1786797018.4150891
42,1786797018.4681756,1786797018.5028036,1786797019.749551,1786797020.1483786,1786797020.1752114,1786797020.1816041
43,1786797020.2338307,1786797020.269279,1786797021.7929313,1786797022.7300937,1786797022.8539982,1786797022.8662982
44,1786797023.0350235,1786797023.1691704,1786797024.5882945,1786797024.998399,1786797025.0255046,1786797025.032067
45,1786797025.0840294,1786797025.1194465,1786797026.3688264,1786797026.7670734,1786797026.7937136,1786797026.8000834
46,1786797026.8535047,1786797026.887788,1786797028.2118428,1786797028.607181,1786797028.6335166,1786797028.6399522
47,1786797028.6921535,1786797028.7273958,1786797030.0399053,1786797030.440087,1786797030.4664857,1786797030.4728477
48,1786797030.5244863,1786797030.559242,1786797031.874679,1786797032.3679056,1786797032.3948693,1786797032.4013152
49,1786797032.4543238,1786797032.4889665,1786797033.724989,1786797034.1293125,1786797034.1563816,1786797034.1627228
50,1786797034.2144568,1786797034.2491677,,,,
