,BeforeEvaluation,BeforeSV,AfterSV,BeforeGradientRewards,AfterGradientRewards,AfterEvaluation
0,1786739930.6518898,,,,,
1,1786739941.2813017,1786739932.3487105,1786739941.1382575,1786739941.1387815,1786739941.280483,1786739941.3839319
2,1786739952.798929,1786739945.0509884,1786739952.6778872,1786739952.6781092,1786739952.798387,1786739952.896184
3,1786739961.4449873,1786739954.9501388,1786739961.3176522,1786739961.3179011,1786739961.4444282,1786739961.544454
4,1786739970.0945835,1786739963.6752677,1786739969.970539,1786739969.9707706,1786739970.0940504,1786739970.192326
5,1786739979.7995093,1786739972.2744439,1786739979.6771677,1786739979.6773906,1786739979.798975,1786739979.8974595
6,1786739988.2825663,1786739981.9710555,1786739988.084286,1786739988.0845075,1786739988.2821133,1786739988.3811123
7,1786739997.4510524,1786739990.4376056,1786739997.328943,1786739997.3291574,1786739997.4504802,1786739997.5503953
8,1786740006.1758947,1786739999.6789708,1786740005.9674253,1786740005.9677503,1786740006.1751614,1786740006.330756
9,1786740016.3345146,1786740009.9061642,1786740016.214802,1786740016.215018,1786740016.333971,1786740016.432575
10,1786740025.7486768,1786740018.5036254,1786740025.6273491,1786740025.6275709,1786740025.7481248,1786740025.8471975
11,1786740034.2287333,1786740027.8951561,1786740034.1078026,1786740034.1080143,1786740034.2281873,1786740034.3262022
12,1786740044.322836,1786740037.898322,1786740044.202297,1786740044.2025108,1786740044.3222802,1786740044.4202933
13,1786740053.899096,1786740046.4970422,1786740053.774951,1786740053.7751844,1786740053.8985353,1786740053.997517
14,1786740062.668912,1786740056.1697187,1786740062.541588,1786740062.5418146,1786740062.6683478,1786740062.7676992
15,1786740071.8029482,1786740064.8568442,1786740071.6831975,1786740071.6834238,1786740071.8024056,1786740071.9002886
16,1786740079.995035,1786740073.962118,1786740079.8746235,1786740079.8748498,1786740079.9944677,1786740080.0919743
17,1786740090.0573003,1786740083.904941,1786740089.9364219,1786740089.9366283,1786740090.0567513,1786740090.154559
18,1786740099.1085079,1786740092.2192366,1786740098.9833262,1786740098.983551,1786740099.1079507,1786740099.2064817
19,1786740107.3636231,1786740101.2728038,1786740107.240722,1786740107.240939,1786740107.3630702,1786740107.4610763
20,1786740116.5867178,1786740109.6519578,1786740116.464095,1786740116.4643192,1786740116.586161,1786740116.6848967
21,1786740124.9700313,1786740118.79117,1786740124.8459094,1786740124.846142,1786740124.9694571,1786740125.0677555
22,1786740136.2792983,1786740129.4837947,1786740136.1239257,1786740136.1241982,1786740136.278732,1786740136.383907
23,1786740146.315259,1786740138.799737,1786740146.1899242,1786740146.1901643,1786740146.3146658,1786740146.4139338
24,1786740155.2661314,1786740148.6754875,1786740155.1427505,1786740155.1429627,1786740155.2655654,1786740155.3636374
25,1786740166.344641,1786740159.4869845,1786740166.2184646,1786740166.2186918,1786740166.3440902,1786740166.4436805
26,1786740176.306859,1786740168.804424,1786740176.1818793,1786740176.1821146,1786740176.3063066,1786740176.404698
27,1786740184.87376,1786740178.5905535,1786740184.7326849,1786740184.7329185,1786740184.8732047,1786740184.9723566
28,1786740194.6337588,1786740188.5657086,1786740194.5115006,1786740194.5117295,1786740194.6331956,1786740194.7329218
29,1786740204.2551384,1786740196.844918,1786740204.1235468,1786740204.1237748,1786740204.2545702,1786740204.3577662
30,1786740212.9160564,1786740206.5254054,1786740212.7930872,1786740212.7933178,1786740212.915491,1786740213.0136204
31,1786740222.8522387,1786740215.1294715,1786740222.7264957,1786740222.7267492,1786740222.8516777,1786740222.9508712
32,1786740232.252454,1786740225.130103,1786740232.0363588,1786740232.036698,1786740232.251647,1786740232.4013865
33,1786740241.3548212,1786740235.098764,1786740241.2333882,1786740241.233614,1786740241.3542726,1786740241.4557717
34,1786740250.616007,1786740243.6308382,1786740250.4924064,1786740250.4926496,1786740250.6154377,1786740250.7177582
35,1786740259.2906892,1786740252.8630984,1786740259.0725143,1786740259.0727606,1786740259.2901986,1786740259.3915973
36,1786740269.3373039,1786740263.0792441,1786740269.1991239,1786740269.1993353,1786740269.3367443,1786740269.4353275
37,1786740278.6111226,1786740271.5239856,1786740278.47687,1786740278.4771166,1786740278.6105185,1786740278.7173567
38,1786740287.4110758,1786740280.8389628,1786740287.2873654,1786740287.2875986,1786740287.4105034,1786740287.5098321
39,1786740296.8610473,1786740289.8026154,1786740296.7391179,1786740296.7393486,1786740296.8604946,1786740296.9603415
40,1786740305.4583995,1786740299.0844367,1786740305.3365467,1786740305.3367748,1786740305.4578695,1786740305.5555441
41,1786740316.2365968,1786740309.5365307,1786740316.040282,1786740316.0405104,1786740316.2360473,1786740316.3341596
42,1786740325.620653,1786740318.4077282,1786740325.4897382,1786740325.4899626,1786740325.6200714,1786740325.719181
43,1786740334.05828,1786740327.8453548,1786740333.9358156,1786740333.936039,1786740334.0577207,1786740334.1559289
