,BeforeLocalTraining,AfterLocalTraining,BeforeLocalPartialEvaluations,AfterLocalPartialEvaluations,BeforeEvaluation,AfterEvaluation
1,1782410625.6522045,1782410625.680338,1782410630.3326156,1782410631.2788823,1782410631.3086224,1782410631.3248549
2,1782410631.3668962,1782410631.3890033,1782410635.9583802,1782410636.9138587,1782410636.943157,1782410636.9588723
3,1782410637.0026214,1782410637.0245292,1782410641.823124,1782410642.7517195,1782410642.7806785,1782410642.7971041
4,1782410642.8392618,1782410642.8618956,1782410647.508877,1782410648.4565423,1782410648.4858387,1782410648.5010355
5,1782410648.544015,1782410648.576555,1782410653.4249039,1782410654.4616058,1782410654.493294,1782410654.5110154
6,1782410654.6817787,1782410654.709499,1782410659.6483345,1782410660.6476908,1782410660.6773825,1782410660.692193
7,1782410660.737327,1782410660.764083,1782410665.7048583,1782410666.7211356,1782410666.7529774,1782410666.7679265
8,1782410666.8123803,1782410666.8362646,1782410671.5228245,1782410672.5159383,1782410672.5464613,1782410672.5616963
9,1782410672.6037397,1782410672.6283953,1782410677.4811068,1782410678.4739888,1782410678.5037806,1782410678.519588
10,1782410678.5630977,1782410678.5935307,1782410683.2915485,1782410684.2361834,1782410684.2656887,1782410684.2806344
11,1782410684.3238204,1782410684.3485355,1782410688.9311028,1782410689.8612943,1782410689.8906212,1782410689.905849
12,1782410689.9467192,1782410689.9741511,1782410694.611546,1782410695.6673918,1782410695.6968296,1782410695.7118242
13,1782410695.793181,1782410695.8164127,1782410700.3220258,1782410701.2439675,1782410701.2731187,1782410701.288494
14,1782410701.3308706,1782410701.3539171,1782410705.9593623,1782410706.9649785,1782410706.995995,1782410707.0114083
15,1782410707.0561812,1782410707.0796707,1782410711.7363157,1782410712.6501384,1782410712.679029,1782410712.6943898
16,1782410712.7379942,1782410712.7601385,1782410717.2401104,1782410718.1601617,1782410718.1895633,1782410718.20476
17,1782410718.2462645,1782410718.270185,1782410722.72229,1782410723.6636202,1782410723.6924987,1782410723.7067614
18,1782410723.7474616,1782410723.769437,1782410728.2796712,1782410729.219321,1782410729.248536,1782410729.2631626
19,1782410729.304607,1782410729.3282852,1782410733.8025384,1782410734.7226794,1782410734.7514386,1782410734.7660856
20,1782410734.8074052,1782410734.8300104,1782410739.2579446,1782410740.2183259,1782410740.2848194,1782410740.3107214
21,1782410740.3848732,1782410740.4212723,1782410744.8990564,1782410745.8281734,1782410745.8574743,1782410745.8723733
22,1782410745.9139273,1782410745.9376469,1782410750.5924816,1782410751.5230913,1782410751.553028,1782410751.568163
23,1782410751.6109273,1782410751.634676,1782410756.299996,1782410757.2268791,1782410757.2561498,1782410757.2710176
24,1782410757.3140855,1782410757.3366418,1782410761.8585045,1782410762.8361826,1782410762.866313,1782410762.8811965
25,1782410762.9224362,1782410762.9458816,1782410767.6419172,1782410768.6217043,1782410768.6506824,1782410768.6655407
26,1782410768.822418,1782410768.847642,1782410773.4282165,1782410774.359203,1782410774.3876984,1782410774.4027586
27,1782410774.4458663,1782410774.468538,1782410779.088585,1782410780.0407813,1782410780.0712445,1782410780.0864158
28,1782410780.129979,1782410780.153658,1782410784.8014703,1782410786.0597951,1782410786.090601,1782410786.106715
29,1782410786.1706445,1782410786.2067819,1782410790.9437888,1782410791.9411886,1782410791.9713671,1782410791.9869392
30,1782410792.028352,1782410792.0557008,,,,
