Round,Evaluator,1,3,2,5,4,0
0,0,,,,,,
0,1,,,,,,
0,2,,,,,,
0,3,,,,,,
0,4,,,,,,
0,5,,,,,,
0,Aggregated,,,,,,
0,Centralized,,,,,,
1,0,0.062265919194014994,0.14024990697704323,0.1802349347186912,0.1600226159512839,0.2329521869630248,0.15733218882200023
1,1,0.06324289968334908,0.13905272095599633,0.18078035691133804,0.15257529079003668,0.23365654126154803,0.15305951052889097
1,2,0.05769713341009669,0.1399611385899942,0.17837905529057857,0.16099291666658436,0.2343766447858271,0.15459850992916108
1,3,0.06391910964661951,0.14068772396471302,0.1775970919252644,0.16442993596670885,0.23275557503697067,0.1537129713371139
1,4,0.06727502232965386,0.13656724938070106,0.18071242843690838,0.1672556549265447,0.2329636321945543,0.15903088006348154
1,5,0.1477994345022719,-0.1573477563875911,0.2236683651170315,0.36576160169489863,-0.07988069042857296,0.17021005813420256
1,Aggregated,0.0773767782799712,0.08866178404146499,0.18707388174163692,0.19600110266129503,0.17987023727278803,0.15805000380732206
1,Centralized,0.0773767787711353,0.08866178385733745,0.18707388182944637,0.19600110343565946,0.17987023721590104,0.1580500025112263
2,0,0.008704186732065421,0.13119545979463507,0.16844906089734318,-0.10845361844332749,0.10228421932376622,0.11005481515137754
2,1,0.009135904912692451,0.12805713956135856,0.16900460688989555,-0.1082047158952083,0.10445387997121135,0.09987902222417612
2,2,0.006738152560093606,0.13003128270601902,0.17171932313877647,-0.10828402694622401,0.10612413774703092,0.10214156984987695
2,3,0.007610249590636193,0.1344223256714722,0.17223468502040404,-0.1039114313948945,0.09916416985870578,0.10296125294954764
2,4,0.009084500173871283,0.13284041898894278,0.1688660677423328,-0.10656814644162096,0.10144133470545476,0.1075726030294138
2,5,0.22624358658661445,-0.010663055105001323,-0.157729440169727,0.3704128499205165,-0.10773357749648316,-0.02375250710458585
2,Aggregated,0.045467929234218704,0.1070729400088534,0.11409806276729867,-0.02556989173675764,0.06677111826659123,0.08262388346102975
2,Centralized,0.045467929457568335,0.10707293999801373,0.114098062203567,-0.025569891518433814,0.06677111785367755,0.08262388296493765
3,0,0.0748524653294481,0.07325279801023463,0.061064655581679735,-0.0007367752713889067,0.05373483570075741,0.0623534971364311
3,1,0.07380993632344286,0.06749977961814244,0.05639730585194247,0.004263035838447466,0.051781018042477485,0.05228905211887908
3,2,0.07377288822243183,0.07181379570661856,0.05891852058244989,0.004905487044893513,0.05400419190374657,0.05488905857261604
3,3,0.07731021394695539,0.07254928989612251,0.06384198282432091,-0.0019157428346236254,0.05569700656039375,0.0616168814052636
3,4,0.07547083805789807,0.07390916477102795,0.0602690057475834,0.0017969303032268728,0.054996995428609155,0.060682101029979466
3,5,-0.21217119791906353,-0.29821291112301523,-0.32920623592081477,0.8381525596663,-0.3144293962856077,-0.387599116125772
3,Aggregated,0.026012319841839507,0.008638483408967383,-0.006360650735240111,0.1444614415704709,-0.00885980813178492,-0.017765487458405085
3,Centralized,0.026012319948045363,0.008638484207179225,-0.006360649824371439,0.14446144104286102,-0.008859807775195275,-0.017765488068998535
4,0,0.037127287453070965,0.003443405124696394,0.033081497717770074,-0.09247111190008427,0.02238030329174367,0.0375697426191134
4,1,0.03955106602998816,0.005149769041415164,0.04170920314551578,-0.0892443193852993,0.019136085115839894,0.04049940252627143
4,2,0.036312990661543906,0.00976430773779477,0.039883925330146695,-0.08222319693861829,0.02327083459404836,0.03836199331892752
4,3,0.03251550029325806,0.006565822299681676,0.036684113500078164,-0.08340752035546546,0.018045158809817288,0.03854245914838292
4,4,0.03652972250352567,0.007663063161303538,0.0357176378471867,-0.09063670790925336,0.022217762277069175,0.036986951992127
4,5,-0.281606032696846,0.01837874560423297,-0.02602874130851697,1.0416297148299984,-0.26152717922251806,-0.28859944342151106
4,Aggregated,-0.01788137271525094,0.008542168796355876,0.026584622151897944,0.10517587722406259,-0.027222455726379484,-0.017429263667435576
4,Centralized,-0.01788137246863701,0.008542167519996223,0.026584622169843274,0.1051758765954276,-0.027222455947455534,-0.017429265064129226
5,0,0.026259253033236687,0.013007593044922652,0.03676521816103685,-0.09864347516013863,0.02585304415734504,0.04051814421714538
5,1,0.028844062086552835,0.01165000319464001,0.04378660869887554,-0.09919256071546532,0.03209272074165054,0.04192746677762882
5,2,0.029943449222076535,0.010401101547212542,0.044426053520719856,-0.09590810646995652,0.030775337818077956,0.044887911705373026
5,3,0.026051644539406105,0.008798322948302382,0.03224719868544426,-0.0877579432933652,0.024240114494812406,0.03829459158990334
5,4,0.02278024000919722,0.01073228190564753,0.03564201017750676,-0.09586847375936844,0.025192414397391043,0.04209542866449592
5,5,-0.07079910612468274,-0.16349369335606287,-0.15149275696394734,0.982524193876795,-0.22040644293539668,-0.09599787586479874
5,Aggregated,0.010118536917668371,-0.018856280143026635,0.006126845934904301,0.08855310698329588,-0.014712188494714227,0.018064542474279473
5,Centralized,0.010118537545222595,-0.018856279701830687,0.006126845417265702,0.08855310672754095,-0.014712187801139597,0.01806454301276128
6,0,0.008824563386748046,0.0023718483752862077,0.012103759107136559,-0.050992067806163284,0.040915455117970935,0.028048969556832323
6,1,0.008569565638754014,0.0025439695685717523,0.029014008094056926,-0.06384103017404986,0.04278969933087953,0.03517554938593069
6,2,0.010750892990883026,0.00012203576994724667,0.018370625206485303,-0.05392610187341473,0.042904609129187955,0.03208615405968868
6,3,0.0033886549308191076,-0.0006927103653629163,0.01004202257216127,-0.040380731980766374,0.037704306989192415,0.02863534421688541
6,4,0.002040230484448414,-0.004973969713415484,0.00781531976774369,-0.04085037453740005,0.038828669365686484,0.025560735400260878
6,5,-0.11855603978525896,-0.23058978870670693,-0.25945517183751,0.9730468531067455,-0.20017794615223355,-0.1498256592025639
6,Aggregated,-0.014670447711327599,-0.039468733674704444,-0.03146372624147227,0.12464795566286836,-0.0004800040063698132,-0.0007802021073813917
6,Centralized,-0.014670445694657473,-0.03946873351664554,-0.03146372844084886,0.1246479539446358,-0.0004800029731805495,-0.0007802022993806995
7,0,0.00892807695074615,0.04235237680586444,-0.017784039286346864,-0.01752220960028395,0.023472911012995503,0.04164585796302062
7,1,0.016008827672358224,0.04618515698693721,-0.014841710697400368,-0.0287975959654105,0.019838647924033538,0.037175179553578706
7,2,0.011523672212356109,0.04698815880316451,-0.022548946049215736,-0.022748908245113286,0.019074337511217385,0.03908187688202116
7,3,0.0067303472931757105,0.04436512320818931,-0.020756308836967496,-0.008875936446429412,0.017324493606257374,0.036505142843730076
7,4,0.001679186605813032,0.039187714083224794,-0.028165979856957325,-0.0019891631280363007,0.017239491228068653,0.03969491567561691
7,5,-0.20036335954808615,-0.19697129363258456,-0.29440212864254706,1.0026015936523067,-0.22420532290163883,-0.10420300219718513
7,Aggregated,-0.02676237553728486,0.0027104819340110727,-0.0675232451558169,0.15789846643742436,-0.022194658146697945,0.014404754032829533
7,Centralized,-0.026762375198612808,0.002710480827303299,-0.06752324642589563,0.15789846665997176,-0.022194657583319576,0.014404753710606006
8,0,-0.03966788468594536,0.055844001209837076,0.03525432136198851,-0.10720081759981655,0.05256636808378824,0.04748305249487819
8,1,-0.03211095240701005,0.05296380373877899,0.03921433772830266,-0.10422691233813652,0.045415375316350835,0.048255427393292215
8,2,-0.03584279314374331,0.0532642863487802,0.03674359350646098,-0.10800560601180029,0.04464025486365849,0.04602641326548146
8,3,-0.03999572803097127,0.0609125152899293,0.030553856679203906,-0.09210563189396949,0.04617412275951745,0.0399775440594051
8,4,-0.039956211409861685,0.05539690671159334,0.03309447103424815,-0.09499366581406421,0.04833520788674654,0.0443445954020938
8,5,-0.006478334262300004,-0.14862716198940026,-0.1181376726181617,0.8223045725284502,-0.1507580931742251,-0.11717265899704721
8,Aggregated,-0.03221643229226488,0.0207992548920026,0.008834441780873569,0.05636494733305537,0.01359382262686166,0.017495477862240223
8,Centralized,-0.032216432280257855,0.020799255652109543,0.008834442246729784,0.05636494871915208,0.013593823398547639,0.017495478045097896
9,0,0.03945800489707455,0.002367178297440468,0.0031564762485405623,-0.021844748893277144,0.01516679035980645,0.031375007987745875
9,1,0.03755024958276671,-0.0032889508803585618,0.002599040735177288,-0.015128921200453904,0.015180056050386496,0.030419520307694268
9,2,0.03810108668424986,-0.002050889714727801,0.002540218455232846,-0.021346990268846112,0.012497410121448498,0.03058605049738068
9,3,0.037441443321194076,0.009207260247717751,0.0054323416748144684,-0.02238613462418751,0.015234744243594656,0.03032566266564222
9,4,0.04153979256753633,0.007142863045208027,-0.0007908916459582434,-0.014396345949594267,0.008292196811446759,0.032290411194534345
9,5,-0.08710214646478735,-0.18395325675677726,-0.16064486993787266,0.8083966183805867,-0.20391004110062158,-0.1195240731829857
9,Aggregated,0.017322018925370875,-0.02918426996087991,-0.025278272278309623,0.12222940338701442,-0.023801717772622227,0.005303183132891879
9,Centralized,0.017322018351894813,-0.029184269809214014,-0.025278272598869205,0.12222940319672368,-0.023801717765453166,0.005303182509731022
10,0,0.016475237891088765,0.028935693340114806,-0.0026039051570678536,-0.08938418850395692,0.03852355376976342,0.029874975554250588
10,1,0.012127078603742982,0.022691395864353057,0.0009103674986499247,-0.08064855109770666,0.03312104895813725,0.029666166518603453
10,2,0.006979644615187598,0.02294691294306662,-0.002663389362646088,-0.08411010423342229,0.035134404749937224,0.027745436465273974
10,3,0.017176955671282287,0.02646695207627359,-2.3822294942228745e-05,-0.08664827156295683,0.037024316709742405,0.031147214814860026
10,4,0.010646343754936055,0.032039149159360375,-0.008082150877091455,-0.08113787992314964,0.03719842212929846,0.027415160177012156
10,5,-0.13475387781428602,-0.08149956287152049,-0.13959571364952855,0.7090828664159408,-0.13888425116422307,-0.13507638848801204
10,Aggregated,-0.012487855832431711,0.008159395977070133,-0.02589772663400929,0.05106880321433597,0.006311311488113915,0.0011310012157600704
10,Centralized,-0.01248785676524425,0.008159395163864974,-0.025897727261956667,0.05106880409862252,0.006311310953607828,0.0011310017695260804
11,0,0.04502653308503719,-0.020563266618032424,0.017703156688662357,-0.058756645233611605,-0.014992927879340033,0.0479840667481054
11,1,0.042163263576916354,-0.027354692258263032,0.0192434270536694,-0.05247930768973244,-0.012842280630166288,0.05083225744599035
11,2,0.03864407150996843,-0.015376499871263766,0.022284895724207013,-0.05721553622686736,-0.013200474297542139,0.045197093954359786
11,3,0.04122206078986043,-0.014155910036917059,0.018763001830663657,-0.059562116112361244,-0.011839343691419514,0.04382906980403605
11,4,0.039215224984869596,-0.009595162171468215,0.016540256413300265,-0.05402112950374137,-0.013239777026954868,0.04043459986609409
11,5,-0.06448842291826253,-0.14357337655964061,-0.09717949079999995,0.6305715814321508,-0.1607692702704201,-0.024625794087462936
11,Aggregated,0.023202693627273507,-0.03894685784793908,-0.0009103975146818858,0.06086851379861594,-0.03841088248363293,0.03365757317989918
11,Centralized,0.023202693503040113,-0.03894685756858272,-0.000910398018807701,0.06086851471348272,-0.03841088118337169,0.03365757277423913
12,0,0.022375140699479188,0.02045035920402796,0.006350803497567144,-0.05271306269336752,0.024234015489974305,0.0008279210872078126
12,1,0.01906922689925971,0.01633528694425562,0.01368875787615332,-0.04452378236209407,0.015462092402268092,0.0018654519445766584
12,2,0.013888686944045435,0.023003905759558605,0.0069138555076832375,-0.05484675224502258,0.017198493424102696,0.009005341260994733
12,3,0.020010721320551428,0.017532632381211777,0.006573153950909165,-0.0561289016341675,0.023109861773804703,0.004625109787058572
12,4,0.018153334113020284,0.020255440363296663,-1.690613085952123e-05,-0.0493303575501344,0.019533011496402155,0.0061571095832781385
12,5,-0.05849313906994243,-0.1156608140027223,-0.07683390920897802,0.5244718752338332,-0.11599778059460243,-0.09925068663512507
12,Aggregated,0.005521727509219389,-0.003560694741782022,-0.007558635581955038,0.04681818777909156,-0.003293162957296156,-0.013214646827728641
12,Centralized,0.005521725991228569,-0.003560696264125426,-0.007558637583260413,0.04681818759113264,-0.003293163966876067,-0.013214648347522564
13,0,-0.04242403226215689,-0.03351346088263619,0.039763061932211824,-0.029888894600573934,0.015806979521011254,0.04092411267171126
13,1,-0.03544632621526584,-0.023853834065044252,0.03362133899946486,-0.019974098811979823,0.011083217816447881,0.03511796353981611
13,2,-0.04034124143021436,-0.020310075473868414,0.02902606976398974,-0.02914148695936473,0.021395360991408048,0.04043651934168191
13,3,-0.03702248183651877,-0.026319171788894563,0.03809573624993122,-0.03516433007112855,0.013370714543333677,0.03768482478854721
13,4,-0.0417062934931596,-0.02554537820702051,0.029346945133918348,-0.0221212533780535,0.019207315701042466,0.03642395785198319
13,5,-0.1731638159757988,-0.18939915830824797,0.015433577167947412,0.5426005106191515,-0.116642587902249,-0.0483590840123953
13,Aggregated,-0.06222519586937156,-0.0538182169001785,0.030806133461761892,0.07002366072598347,-0.006500445299239205,0.023354891426457296
13,Centralized,-0.06222519512353267,-0.05381821675994051,0.030806132786120842,0.07002366065101313,-0.006500445302567583,0.023354890708689752
14,0,-0.00641073109522145,0.03762207918335496,-0.035062727060814494,-0.023658638237016364,0.00820857824227693,0.03773342381535702
14,1,-0.0009959746860258832,0.01822251050615376,-0.01553356930972621,-0.016104188758816466,0.0021188486235770507,0.028885068150861358
14,2,-0.010464382618519983,0.032260018471508986,-0.01714421957023468,-0.026566087700472148,0.010907685282047132,0.03274422932090959
14,3,-0.0044511466665673105,0.0322282996231548,-0.024091041511691242,-0.02934329812156312,0.007332815901702568,0.03625446544198636
14,4,-0.011760849116692344,0.038853667096762516,-0.034094687776710104,-0.01860458599230933,0.007213311034058248,0.03629668652219898
14,5,-0.09414687198644596,-0.11854601375559076,-0.14122172564157873,0.5244757573210679,-0.1281772228217211,-0.01432068101432765
14,Aggregated,-0.021724937092767464,0.006165080055147274,-0.0449940650342671,0.07058061572707025,-0.015946796119120178,0.026068511587780015
14,Centralized,-0.021724936198342946,0.006165079352452989,-0.04499406456882502,0.07058061604656748,-0.015946795118342374,0.026068512395690583
15,0,0.016934833977521786,-0.015230030813216241,0.021506124092793497,-0.01687098926724548,-0.002966417834382486,0.0195055755193082
15,1,0.01113538753540273,-0.02380711345121914,0.02109635139323624,-0.011175667569462077,-0.010356160327765358,0.019677547625226763
15,2,0.001799409233696201,-0.007304984358813376,0.021553286943932024,-0.02090314807717009,-0.0021350432169505457,0.013706890449522667
15,3,0.014899020909878519,-0.010516078129515834,0.02166808435013566,-0.023199936006070045,-0.004326607230639345,0.02012598471139626
15,4,0.006778037186428956,-0.0025743861623368763,0.02230952872347856,-0.015339169670373614,-0.003920171547260102,0.00952102073346575
15,5,-0.03177170612167604,-0.1541108776513087,-0.05899939059302262,0.5151954890700127,-0.1855358965100481,-0.030854610645013606
15,Aggregated,0.0031255996934681798,-0.03616591968610154,0.007862840261412088,0.0734393378015834,-0.03560475420372552,0.008422140822718987
15,Centralized,0.0031255998428693192,-0.0361659196171659,0.007862840990111985,0.07343933759444209,-0.035604753507491774,0.00842214128665284
16,0,-0.006277794900582524,0.02881983407246152,0.008571572522405826,-0.05540991183285661,0.023853997523411156,0.008832189955194088
16,1,-0.0031506590816480144,0.020947392228208718,0.016811985676387083,-0.04801786950172357,0.01551259399882027,0.01075304839635826
16,2,-0.0039339383939798545,0.02337435747073486,0.01952369000809594,-0.04535039078310428,0.006262299537445859,0.013007603308456506
16,3,-0.00429550106145084,0.022021655483422893,0.01153597166978813,-0.05551985221633359,0.01874637164691097,0.012072389580064775
16,4,-0.0061887726027124714,0.027174542464318416,0.005598713937258158,-0.035781079543188724,0.0167907581843017,0.004591641017979915
16,5,-0.14252156013932046,-0.07464989378865657,-0.048193582931175254,0.4806827826917254,-0.06603114385042892,-0.09144366154556446
16,Aggregated,-0.028285287805560784,0.007547020762959909,0.0020629048813743155,0.04223936153165597,0.002189694927339693,-0.00744090111101388
16,Centralized,-0.02828528792680636,0.007547021410010886,0.002062905572296788,0.04223936101705428,0.002189695348462877,-0.007440900902367287
17,0,0.03511173648798819,0.009469450967848464,0.044112711773611486,0.009346139324519838,-0.1350115116636527,0.04120901556406839
17,1,0.03548253458610422,0.002881091455116162,0.04620837755938391,0.01283737148612405,-0.14397255497390765,0.04156047056887074
17,2,0.02821256515757094,0.025402942389771723,0.04514394065284933,-0.014334515790828574,-0.11809939565740804,0.041964802623537044
17,3,0.03233943001136914,0.013108048859266763,0.04491692790768624,-0.004453364388087142,-0.12390977889467174,0.042485975501093134
17,4,0.024705814448090432,0.026206065027426503,0.04319342493062258,-0.006106289376070654,-0.11757995962126778,0.03929353144155044
17,5,-0.047636630174072735,-0.1307196501334914,-0.009983175127130796,0.5239655513679728,-0.2941226892491689,-0.0617487598142071
17,Aggregated,0.017717109688471525,-0.00953316217215499,0.035377430038128564,0.08899761027188714,-0.1561224867296204,0.02371063090414395
17,Centralized,0.01771710893475984,-0.009533162336737023,0.03537742990661335,0.08899761071056524,-0.1561224866923015,0.023710631629512945
18,0,0.033292112041605294,0.013988630300637182,0.031000288433152088,-0.061988737105866804,-0.07097569296797877,0.04329083712707235
18,1,0.029304255539862503,0.014919325113724123,0.02957837283073322,-0.04496332409311646,-0.07514482514956701,0.042825873408541534
18,2,0.014176175176446244,0.00717997288396219,0.037615191480996096,-0.0431611416190271,-0.06560663489583973,0.036790270287718405
18,3,0.026382827415338816,0.012670135582507378,0.029176139594234228,-0.056997997188142475,-0.06449172958847126,0.03934938300039891
18,4,0.018092560830569926,0.004766978790867217,0.02989283850901482,-0.04806314794263595,-0.04969966601630737,0.032260454044326495
18,5,-0.036477768379173575,-0.06640066534364689,-0.034216278410916554,0.2903258188364182,-0.05412389937164467,-0.01762085853296471
18,Aggregated,0.01388269961794341,-0.002457853268455896,0.020242108073756707,0.0072394874150343794,-0.06329566766516231,0.02925400203276413
18,Centralized,0.013882699266324046,-0.0024578531475370055,0.020242108013812522,0.007239487147460028,-0.06329566729755076,0.029254002004422918
19,0,-0.023750948505681154,0.02712763064455331,-0.005901674495642708,-0.031208124087492385,0.01166822735945151,0.024093800797353845
19,1,-0.006238482221240278,0.010998761193225688,-0.0037458804078862786,-0.021655656875073072,0.0014237201351949508,0.017779457280230313
19,2,-0.031215191355311415,0.031566717821272974,0.0072913224831470825,-0.02967426317509089,0.007113259676738911,0.016364118509258774
19,3,-0.014265419273163538,0.022599311181312896,-0.00011243659909392726,-0.035531791823638734,0.009814088547129184,0.025227328289799632
19,4,-0.034718383062552434,0.0332833956572045,-0.0027464185342676002,-0.02809437092821172,0.00875612649750636,0.017594272275198504
19,5,-0.1484294718363292,-0.11389096245181206,-0.10390006239981041,0.3925242565663071,-0.05514082250868748,-0.05599405079115914
19,Aggregated,-0.04361427634558667,0.001385153159117697,-0.018601946694884602,0.04276614540707287,-0.0029819999959941747,0.007202544983165845
19,Centralized,-0.043614276149675876,0.0013851534645844602,-0.018601946074104876,0.04276614583915836,-0.002981999525805755,0.007202545246032585
20,0,0.03646787372325756,0.024643627067294022,0.013000647432359158,-0.03831439598866974,0.0120896092756879,-0.02976085641867743
20,1,0.027713312884497868,0.009731060667073564,0.02036014139253192,-0.02874897874116869,0.0038913456662761038,-0.028778233722920214
20,2,0.012603499727037403,0.019573520341654507,0.007891536382734557,-0.033838698344091554,0.014561257081550457,-0.004778484564349706
20,3,0.026902771809962797,0.021123074460258795,0.013670465814305957,-0.036284391251343424,0.008725618233392704,-0.02292728319706337
20,4,0.02667671270764833,0.029371257877280513,-0.0023384679935698595,-0.03778066753337316,0.014473572903380671,-0.007103247034775428
20,5,-0.03446604909571639,-0.0859435323419442,-0.04593524073423812,0.42540365172485933,-0.10449092528774244,-0.16915785850525408
20,Aggregated,0.015738121897691495,0.002650999563616361,0.0008798142604287376,0.04360186770463036,-0.008924431705384069,-0.04435976509454325
20,Centralized,0.015738122373096755,0.0026509997588606065,0.0008798144032989421,0.043601867555705213,-0.00892443126102406,-0.044359764731563965
21,0,-0.014690344709914453,0.02286450983283102,-0.0024357269853102527,-0.024239013122154235,0.020662626677651893,0.014463198157496356
21,1,-0.007468519130414496,0.012566436385387661,-0.0021648579627626843,-0.019806539443605158,0.014786650321708986,0.015486865475048552
21,2,-0.006838182189419321,0.01689375262151306,0.010576453620651308,-0.028342782935913247,0.014344117051881931,0.0024938550889445437
21,3,-0.0103150002056768,0.017512692035015254,0.002254972622423683,-0.03195891259413745,0.015648483831247284,0.014185117050451643
21,4,-0.00920324891968667,0.022510247789626195,0.009948826177674244,-0.023401516535908662,0.01772782997114391,0.006161714073322721
21,5,-0.08624852872825817,-0.06856322204968579,-0.0880880817002072,0.4560292085487237,-0.03670178228827356,-0.033509221985097606
21,Aggregated,-0.022770287272217155,0.0036119952052692567,-0.012022454212657819,0.05666154227692447,0.007528894860169307,0.00303532190891867
21,Centralized,-0.022770287623795717,0.0036119956634650175,-0.012022454594363638,0.05666154211250925,0.007528894286441578,0.0030353219514026985
22,0,0.011120008061228832,0.012906237715144446,0.010047791151145322,-0.03807025150130863,-0.014215198664158872,0.012424460592763167
22,1,0.01377847950318987,0.0018232748239441305,0.007851950307615227,-0.027434375628295433,-0.009703563880214715,0.012114325672267742
22,2,-0.004264156876952223,0.017250844079699092,0.009598346234744759,-0.03265695339513603,-0.006175830814085936,0.01632595059914457
22,3,0.009917120261799932,0.010402484172498403,0.0074684745041649755,-0.04168571520918355,-0.006484030904722108,0.012749929208710648
22,4,-0.005878789580592917,0.01899908418011947,0.014338565649658888,-0.03402798352618154,-0.017110151657707847,0.01548209825869604
22,5,-0.03909173638697434,-0.07356701466449389,-0.04339001145897492,0.3277349034360997,-0.053372732858821596,-0.056210332592117676
22,Aggregated,-0.00258127896203353,-0.002378111225784854,0.0007704359149342693,0.0271097349326014,-0.018016056389153465,0.0018644470154025054
22,Centralized,-0.0025812787763471938,-0.0023781115474771066,0.0007704352425784266,0.027109735014595966,-0.01801605684708378,0.001864446757522811
23,0,0.015533737311270716,0.07007661042148623,-0.03129205833463318,7.487579480662366e-05,0.027363050275397587,-0.17106347994068752
23,1,0.022174481417325184,0.04972953038162154,-0.024396736799114953,0.01943612327222022,0.01585161978934305,-0.1615330524808486
23,2,0.011959847287953943,0.06260258603314765,-0.013949081163861505,0.002351708863945398,0.026141634792671252,-0.14216909826358276
23,3,0.01909597267325484,0.05975651339046142,-0.016601428057510404,-0.0019352315457065478,0.0233966416764422,-0.14829527698826295
23,4,0.003353934273573626,0.06954226324773205,-0.02634839569594926,-0.003738591331541661,0.026546083943476784,-0.13926487029790757
23,5,-0.07095070389540657,-0.03290982267431635,-0.04574633686519663,0.337369900312281,-0.04904331843179465,-0.2968634952311788
23,Aggregated,-0.0001508204404840279,0.04608095924593949,-0.026482973777528868,0.06027813139312668,0.011414369788628025,-0.17711568121188836
23,Centralized,-0.00015082037683190053,0.04608096051185478,-0.02648297275099045,0.0602781321167083,0.011414370465807866,-0.1771156809434028
24,0,0.025689103379695648,0.03127850854472887,0.025674896538802346,-0.03491010309543656,0.02956043657971327,-0.0004695143146591078
24,1,0.020106351640285243,0.017259690185956654,0.03281415230616241,-0.018397062478805883,0.024907484012691432,-0.006901812091326851
24,2,0.007034481917310631,0.015243629123209916,0.03723109505102056,-0.026732992038329836,0.016921376862432436,-0.024458200391587682
24,3,0.018407876961608647,0.022340165992862888,0.02589849872080038,-0.034095381100471715,0.02457177178443493,-0.0008524071553357887
24,4,0.016532965332022167,0.02309266710043109,0.01832851295395199,-0.03046302379164623,0.020325504925475687,-0.0037767247620780564
24,5,-0.05207680098701362,-0.09168789910783735,-0.03222295362572582,0.3143261744997949,-0.0282046464428834,-0.026403902128221364
24,Aggregated,0.005667317746018755,0.0024618598563270976,0.017710456049331,0.029676470474106164,0.014472141831978003,-0.010554408078986341
24,Centralized,0.005667317888858252,0.0024618587691460415,0.01771045560444251,0.02967646988719658,0.014472141589916698,-0.010554408446138659
25,0,0.041848754409202216,-0.030034316620711068,-0.01198948902054096,-0.015048066265204612,-0.025832521662052466,0.02301934966222291
25,1,0.04032124554586811,-0.03973001351425387,-0.010827437219466345,-0.00493587930306657,-0.03614219811582177,0.02150954121710419
25,2,0.02957909381915762,-0.012226813273473098,0.0077674517795734655,-0.01379318492299526,-0.013885674201165061,0.027446010984170308
25,3,0.035024831938054515,-0.02286197123684687,-0.007504094212910185,-0.019778749887387218,-0.022006755840029677,0.022489383267157128
25,4,0.02353602825922999,-0.0048697825948367645,0.0025583441651750127,-0.015745409266325575,-0.0065119965838855,0.02325651459331192
25,5,-0.031560650037506424,-0.12625928362394512,-0.07320136880020729,0.38970246858451335,-0.14032135761629141,-0.05480319405336501
25,Aggregated,0.02285942023159081,-0.03975234852659973,-0.015812710227361186,0.05503273179135259,-0.04126661122139422,0.010169328477470157
25,Centralized,0.022859420481691976,-0.039752348275931965,-0.01581270982864163,0.05503273163588986,-0.04126661077860197,0.010169328606101846
26,0,0.019348994402710203,0.006941132810202877,0.01678609548430763,-0.04786373526093702,0.015804924409813726,0.016563240273560893
26,1,0.017712692412832114,0.0011018127471660324,0.015511139691103598,-0.026630702536617475,0.010491607817801186,0.017024728046534453
26,2,0.0010686387032034514,0.012756820201148645,0.011437259859669865,-0.04100368760993066,0.00748932329567178,0.00887828734165176
26,3,0.0179079920958789,0.0051620476128280465,0.013622579228853203,-0.048090097601275694,0.013801298014612749,0.01624931220374843
26,4,0.004163714095480837,0.007097539783927487,0.016176765596706003,-0.04447739821180385,0.006540578958933705,0.005748416761550938
26,5,-0.05260127376992706,-0.04979653882293818,-0.004006690120950212,0.287098197506336,-0.00644900076922487,-0.020207614050741063
26,Aggregated,0.0010052975203212824,-0.0030177203032435425,0.011512156598633343,0.014501834404224187,0.007876574433288307,0.007242160423817259
26,Centralized,0.001005298427353466,-0.003017720386829,0.011512157099553298,0.014501835331480766,0.007876575057303319,0.007242160183849436
