Round,Evaluator,2,4,0,5,1,3
0,0,,,,,,
0,1,,,,,,
0,2,,,,,,
0,3,,,,,,
0,4,,,,,,
0,5,,,,,,
0,Aggregated,,,,,,
0,Centralized,,,,,,
1,0,0.06760162601625995,0.14776422764227565,0.1204878048780491,0.13829268292682864,0.09857723577235777,0.13459349593495923
1,1,0.06971544715447156,0.14081300813008016,0.11902439024390288,0.1474390243902437,0.103658536585366,0.1339837398373984
1,2,0.05792682926829236,0.14670731707316995,0.12182926829268217,0.14642276422764242,0.10304878048780487,0.14113821138211374
1,3,0.05512195121951243,0.1468699186991862,0.10808943089430856,0.14695121951219517,0.09825203252032526,0.13739837398373975
1,4,0.07426829268292653,0.14166666666666589,0.11902439024390216,0.13947154471544762,0.10060975609756094,0.12739837398373982
1,5,0.03250394944707756,0.11575829383886191,0.07361769352290655,0.11082148499210098,0.06303317535545035,0.109004739336493
1,Aggregated,0.059391855447681066,0.13981256742179068,0.11016720604099284,0.13810005393743252,0.09437702265372208,0.1304813915857608
1,Centralized,0.059391855447681066,0.13981256742179068,0.11016720604099284,0.13810005393743252,0.09437702265372208,0.1304813915857608
2,0,0.028617886178861858,0.004430894308943111,0.011626016260162632,-0.005081300813008127,0.011991869918699213,0.04353658536585373
2,1,0.024268292682926716,-0.0026829268292682734,0.008536585365853678,-0.011341463414634208,0.012073170731707345,0.03987804878048791
2,2,0.027682926829268373,-4.0650406504041175e-05,-0.009471544715447146,0.004024390243902426,0.007113821138211424,0.048739837398373904
2,3,0.02934959349593518,0.003577235772357733,0.006585365853658554,-0.0032520325203251963,0.020934959349593475,0.04768292682926833
2,4,0.03666666666666669,-0.0003658536585365572,0.0020731707317073363,-0.0028455284552845387,0.01861788617886181,0.043414634146341495
2,5,0.024763033175355186,0.0032385466034755006,-0.0007898894154818383,0.010939968404423434,0.0038309636650868937,0.045695102685623934
2,Aggregated,0.02853964401294501,0.0013686623516720846,0.0030744336569579435,-0.0012001078748651447,0.012385382955771311,0.04482874865156419
2,Centralized,0.02853964401294501,0.0013686623516720846,0.0030744336569579435,-0.0012001078748651447,0.012385382955771311,0.04482874865156419
3,0,0.01898373983739836,-0.007560975609756101,0.013658536585365807,-0.017764227642276385,0.020365853658536583,-0.000853658536585387
3,1,0.024349593495934956,-0.0049593495934959365,0.026138211382113877,-0.015528455284552815,0.019186991869918697,0.002032520325203228
3,2,0.023048780487804867,-0.012479674796747947,0.019959349593495875,-0.017886178861788702,0.024756097560975625,0.0016260162601625828
3,3,0.01971544715447156,-0.006219512195121962,0.024634146341463447,-0.019878048780487836,0.016991869918699217,0.0037804878048780482
3,4,0.02768292682926828,-0.008373983739837425,0.02121951219512203,-0.015162601626016226,0.017642276422764225,0.005772357723577248
3,5,0.013230647709320703,-0.015560821484992094,0.006753554502369679,0.006595576619273245,0.012440758293838951,-0.004502369668246441
3,Aggregated,0.02112998921251333,-0.009223300970873817,0.018669093851132742,-0.013174217907227644,0.01853425026968725,0.0012810140237324602
3,Centralized,0.02112998921251333,-0.009223300970873817,0.018669093851132742,-0.013174217907227644,0.01853425026968725,0.0012810140237324602
4,0,0.02337398373983741,-0.014959349593495926,0.00715447154471545,0.0036585365853658513,0.03434959349593503,-0.007235772357723582
4,1,0.019593495934959328,-0.01601626016260162,0.009268292682926827,0.0020325203252032483,0.028292682926829307,-0.009024390243902444
4,2,0.022439024390243874,-0.012682926829268285,0.01695121951219508,0.00967479674796749,0.027113821138211425,-0.0025203252032520384
4,3,0.02069105691056913,-0.014674796747967475,0.013739837398374009,-0.0021138211382113877,0.02703252032520325,-0.005650406504065046
4,4,0.0186585365853659,-0.007926829268292671,0.010000000000000007,-0.0008943089430894353,0.0235772357723577,-0.006829268292682938
4,5,0.019036334913112136,-0.015718799368088465,0.005647709320695096,0.022867298578199108,0.025987361769352284,-0.01042654028436019
4,Aggregated,0.020624325782092712,-0.013673139158576078,0.01043689320388352,0.005953344120819843,0.027717098166127312,-0.006964670981661274
4,Centralized,0.020624325782092712,-0.013673139158576078,0.01043689320388352,0.005953344120819843,0.027717098166127312,-0.006964670981661274
5,0,0.017113821138211385,-0.010650406504065053,0.018902439024390223,-0.021910569105691075,0.009959349593495944,0.02073170731707315
5,1,0.014186991869918803,-0.008658536585365863,0.017357723577235844,-0.02597560975609752,0.008617886178861793,0.01886178861788622
5,2,0.012479674796747966,-0.016869918699187008,0.015528455284552857,-0.030121951219512205,0.002642276422764236,0.011463414634146352
5,3,0.01577235772357728,-0.0045121951219512235,0.012764227642276466,-0.02097560975609759,0.005934959349593501,0.015406504065040657
5,4,0.01626016260162609,-0.011585365853658557,0.013577235772357735,-0.025243902439024427,0.007804878048780495,0.011382113821138216
5,5,0.008372827804107435,-0.012835703001579766,0.007661927330173807,-0.007622432859399676,0.0013823064770932222,0.012519747235387044
5,Aggregated,0.014003505933117553,-0.010861650485436894,0.014266450916936351,-0.02190533980582526,0.00603425026968718,0.015048543689320404
5,Centralized,0.014003505933117553,-0.010861650485436894,0.014266450916936351,-0.02190533980582526,0.00603425026968718,0.015048543689320404
6,0,-0.007601626016260161,0.0064227642276422775,0.0117479674796748,-0.0072357723577235935,0.020569105691056962,-0.04585365853658545
6,1,-0.003130081300813011,0.010975609756097552,0.01626016260162605,-0.012235772357723627,0.016707317073170802,-0.040772357723577325
6,2,-0.005365853658536587,0.007073170731707329,0.011422764227642289,-0.0072764227642276485,0.017560975609756124,-0.03073170731707315
6,3,-0.0030894308943089457,0.009715447154471554,0.008943089430894318,-0.012967479674796762,0.01500000000000005,-0.032235772357723666
6,4,-0.0016260162601626031,0.008577235772357729,0.011056910569105684,-0.007235772357723581,0.018170731707317117,-0.036260162601626136
6,5,-0.01066350710900477,-0.0017772511848341314,0.0034360189573459693,0.01718009478672975,0.005726698262243283,-0.03522906793048966
6,Aggregated,-0.005272384034519993,0.0067893743257820905,0.010443635382955726,-0.004854368932038836,0.015574433656957942,-0.036839266450916903
6,Centralized,-0.005272384034519993,0.0067893743257820905,0.010443635382955726,-0.004854368932038836,0.015574433656957942,-0.036839266450916903
7,0,0.006585365853658535,0.002195121951219514,0.01353658536585367,0.005650406504065044,-0.00939024390243903,0.005813008130081299
7,1,0.00878048780487811,0.0019105691056910585,0.014512195121951234,-0.0006097560975609762,-0.009512195121951233,0.011747967479674815
7,2,0.011869918699187023,-0.0015853658536585324,0.010609756097560985,0.0030894308943089513,-0.011666666666666698,0.007195121951219516
7,3,0.010040650406504084,-0.0035772357723577266,0.007439024390243909,-0.006747967479674824,-0.009878048780487802,0.012479674796748006
7,4,0.009512195121951233,-0.0045121951219512235,0.008455284552845534,-0.0003658536585365857,-0.010487804878048783,0.009593495934959388
7,5,0.001974723538704584,-0.0014612954186413905,0.0007898894154818326,0.0253159557661928,-0.006674565560821454,-0.003357030015797788
7,Aggregated,0.008097357065803652,-0.001173139158576033,0.00918284789644015,0.004490291262135928,-0.009587378640776729,0.007193905070118671
7,Centralized,0.008097357065803652,-0.001173139158576033,0.00918284789644015,0.004490291262135928,-0.009587378640776729,0.007193905070118671
8,0,0.011382113821138184,0.004796747967479679,0.010487804878048745,8.130081300813015e-05,-0.014105691056910542,0.004430894308943097
8,1,0.011097560975609709,0.010853658536585337,0.004430894308943086,-0.0019918699186991864,-0.01150406504065031,0.00418699186991872
8,2,0.00906504065040649,0.00910569105691055,0.018536585365853526,0.001788617886178856,-0.013130081300813008,0.0039024390243902513
8,3,0.008292682926829257,0.007926829268292654,0.013455284552845491,-0.0035365853658536547,-0.007886178861788634,0.008577235772357698
8,4,0.0073983739837398055,0.00857723577235771,0.014756097560975599,-0.0020731707317073324,-0.00829268292682926,0.004024390243902439
8,5,0.0030805687203791627,-0.0011848341232227496,-0.0041864139020537155,0.022511848341232203,-0.01232227488151658,-0.003159557661927332
8,Aggregated,0.008360302049622396,0.0066410463861920266,0.009513214670981686,0.00289239482200647,-0.011212243797195274,0.0036272923408845774
8,Centralized,0.008360302049622396,0.0066410463861920266,0.009513214670981686,0.00289239482200647,-0.011212243797195274,0.0036272923408845774
9,0,-0.004227642276422785,-0.011382113821138216,-0.008089430894308915,0.00020325203252029176,0.004024390243902448,0.012154471544715455
9,1,-0.006138211382113824,-0.013373983739837393,-0.0058536585365853615,-0.002479674796748006,0.005325203252032529,0.022520325203251975
9,2,-0.00463414634146339,-0.018048780487804825,-0.0034552845528455145,-0.003089430894308934,0.0007317073170731896,0.016300813008130056
9,3,-0.0033739837398373803,-0.01292682926829265,-0.0030487804878048556,-0.010813008130081294,0.0035772357723577466,0.016829268292682917
9,4,-0.004634146341463349,-0.012235772357723556,-0.002560975609756061,-0.0039430894308943535,0.006666666666666677,0.01426829268292682
9,5,-0.008096366508688833,-0.01390205371248028,-0.009992101105845216,0.041706161137440696,-0.0036334913112164584,0.0010268562401263685
9,Aggregated,-0.005198220064724946,-0.01364617044228694,-0.005521844660194199,0.003782362459546916,0.0027508090614886856,0.013787756202804754
9,Centralized,-0.005198220064724946,-0.01364617044228694,-0.005521844660194199,0.003782362459546916,0.0027508090614886856,0.013787756202804754
10,0,0.011178861788617864,-0.004918699186991873,0.013902439024390237,0.00719512195121948,-0.0030894308943089435,-0.002317073170731711
10,1,0.007276422764227616,-0.002764227642276429,0.009552845528455246,0.003089430894308936,-0.0023170731707317133,0.004674796747967452
10,2,0.010325203252032497,-4.0650406504068774e-05,0.010650406504065013,0.001707317073170724,-0.0007317073170731751,0.0024796747967479383
10,3,0.004024390243902414,4.0650406504065074e-05,0.007764227642276405,0.004918699186991847,-0.0006097560975609762,0.008252032520325197
10,4,0.00439024390243899,-0.0017479674796747947,0.007967479674796699,0.0004065040650406452,0.0006097560975609632,0.0030081300813007933
10,5,0.00019747235387046326,-0.005410742496050549,-0.0025671406003159457,0.027685624012638237,-0.007227488151658772,-0.007938388625592414
10,Aggregated,0.006202804746494064,-0.0024878640776698807,0.007827669902912596,0.007598435814455226,-0.002251887810140222,0.0013147249190938552
10,Centralized,0.006202804746494064,-0.0024878640776698807,0.007827669902912596,0.007598435814455226,-0.002251887810140222,0.0013147249190938552
11,0,0.006504065040650398,-0.026544715447154404,0.008008130081300783,-0.003983739837398358,0.0073577235772357506,-0.001097560975609742
11,1,0.005894308943089423,-0.020772357723577214,0.004593495934959345,-0.001219512195121943,0.00922764227642276,0.0047154471544715365
11,2,0.006178861788617877,-0.02052845528455284,0.00768292682926825,-0.003211382113821125,0.005365853658536578,0.0020731707317073046
11,3,0.004674796747967468,-0.018658536585365877,0.008048780487804866,-0.002926829268292675,0.002967479674796737,0.003455284552845518
11,4,0.004878048780487791,-0.016382113821138165,0.0058943089430894165,-0.006666666666666674,0.005772357723577222,0.0016260162601626157
11,5,-0.006161137440758322,-0.01674565560821486,0.0007503949447077616,0.03443917851500816,-0.004225908372827831,-0.008056872037914727
11,Aggregated,0.003613807982740037,-0.019923139158576,0.00580501618122975,0.0028923948220064616,0.004368932038834947,0.0004112729234088465
11,Centralized,0.003613807982740037,-0.019923139158576,0.00580501618122975,0.0028923948220064616,0.004368932038834947,0.0004112729234088465
12,0,0.0027642276422764375,-0.01768292682926823,-0.013414634146341293,0.0003658536585366107,0.00642276422764226,0.01422764227642275
12,1,-0.006260162601626002,-0.023495934959349537,-0.00869918699186989,-0.005325203252032507,0.00300813008130081,0.009065040650406482
12,2,-0.0011788617886178754,-0.0172764227642276,-0.011585365853658524,0.0011382113821138025,0.0018699186991869823,0.009959349593495896
12,3,-0.0019918699186991778,-0.014146341463414607,-0.006951219512195106,-0.0029674796747967296,0.0018699186991869609,0.011991869918699109
12,4,0.0004471544715447325,-0.01646341463414631,-0.004999999999999979,-0.0020731707317073063,0.006016260162601619,0.014634146341463348
12,5,-0.004739336492891004,-0.017654028436018997,-0.007938388625592435,0.022393364928909885,-6.1679056923619804e-18,0.0031990521327014223
12,Aggregated,-0.001840614886731396,-0.01778586839266449,-0.00892664509169363,0.002353020496224387,0.0031823085221143336,0.01047734627831716
12,Centralized,-0.001840614886731396,-0.01778586839266449,-0.00892664509169363,0.002353020496224387,0.0031823085221143336,0.01047734627831716
13,0,-0.006341463414634138,0.004674796747967463,0.00808943089430891,-0.012073170731707262,0.006463414634146326,0.011382113821138178
13,1,-0.005487804878048789,0.010691056910569076,0.009105691056910553,-0.007520325203252041,0.009390243902439007,0.013089430894308866
13,2,-0.0051219512195121815,0.004512195121951214,0.004918699186991865,-0.0061382113821138095,0.008821138211382112,0.00764227642276423
13,3,-0.006016260162601617,0.0047967479674796715,0.006544715447154474,-0.008902439024390247,0.0038211382113821097,0.00951219512195122
13,4,-0.006300813008130065,0.0027235772357723565,0.0035772357723577175,-0.012032520325203204,0.0036991869918699123,0.008333333333333328
13,5,-0.019707740916271716,-0.005568720379146925,-0.00039494470774091513,0.04372037914691924,-0.009755134281200664,-0.0035545023696682038
13,Aggregated,-0.008218716289104689,0.003593581445523191,0.005279126213592238,-0.00027642934196331966,0.003674487594390509,0.00767934196332253
13,Centralized,-0.008218716289104689,0.003593581445523191,0.005279126213592238,-0.00027642934196331966,0.003674487594390509,0.00767934196332253
14,0,0.0038211382113821223,-0.0013414634146341365,-0.004634146341463401,-0.0013008130081300776,0.0043495934959349464,0.006422764227642255
14,1,0.006260162601626008,-0.003536585365853643,-0.006991869918699176,-0.014308943089430865,0.006300813008130061,0.0073983739837397994
14,2,0.01073170731707316,-0.0037398373983739946,-0.0068292682926829095,-0.011056910569105667,0.005650406504065031,0.007682926829268277
14,3,0.009715447154471542,-0.002560975609756087,-0.003211382113821128,-0.01166666666666661,0.004024390243902428,0.008577235772357717
14,4,0.007398373983739844,0.0001626016260162714,-0.0030487804878048643,-0.009837398373983737,0.010243902439024375,0.009715447154471533
14,5,-0.008017377567140589,-0.008688783570300172,-0.006714060031595581,0.04565560821484979,-0.003199052132701432,-0.002448657187993673
14,Aggregated,0.004921790722761574,-0.0033104099244876204,-0.005245415318230867,-0.00019552319309602798,0.004524002157497306,0.0061825782092772095
14,Centralized,0.004921790722761574,-0.0033104099244876204,-0.005245415318230867,-0.00019552319309602798,0.004524002157497306,0.0061825782092772095
15,0,-0.00012195121951220263,0.008414634146341457,-0.0032520325203251915,-0.007276422764227638,-0.002276422764227652,0.0020731707317073115
15,1,0.003089430894308926,0.00853658536585363,-0.0075609756097560835,-0.006788617886178831,0.0018699186991869862,-0.0015853658536585232
15,2,0.005772357723577227,0.008373983739837389,-0.004349593495934948,-0.004512195121951215,0.0002845528455284426,-0.0055691056910569
15,3,0.003495934959349593,0.003048780487804877,-0.0036178861788617954,-0.008048780487804844,0.001991869918699185,0.0006910569105691027
15,4,0.0024390243902438972,0.005406504065040648,-0.003536585365853647,-0.007845528455284538,0.0025203252032520275,-0.001422764227642285
15,5,-0.012598736176935245,-0.004383886255924169,-0.008530805687203805,0.03870458135860965,-0.008609794628752,-0.00695102685624014
15,Aggregated,0.0002831715210356171,0.004854368932038835,-0.005157766990291238,0.0008899676375404459,-0.0007416396979503507,-0.0021507551240560596
15,Centralized,0.0002831715210356171,0.004854368932038835,-0.005157766990291238,0.0008899676375404459,-0.0007416396979503507,-0.0021507551240560596
16,0,0.002439024390243919,-0.026463414634146316,0.0003658536585366051,0.0012195121951219417,0.002764227642276422,0.012357723577235745
16,1,0.00414634146341463,-0.015162601626016235,0.0010162601626016196,-0.006178861788617891,0.0030487804878048734,0.013130081300813008
16,2,0.006016260162601614,-0.01947154471544714,-0.0007723577235772401,-0.004959349593495925,-0.0010975609756097696,0.012967479674796733
16,3,0.004512195121951214,-0.014674796747967463,0.0008943089430894224,-0.006219512195121941,0.004065040650406499,0.00898373983739837
16,4,0.004959349593495926,-0.018252032520325184,0.002317073170731702,-0.011829268292682896,0.0036991869918699184,0.01178861788617885
16,5,-0.006121642969984204,-0.024565560821485,-0.010900473933649311,0.04865718799368081,-0.00568720379146921,-0.0037519747235387497
16,Aggregated,0.0026159654800431416,-0.01978829557713053,-0.0012270765911542557,0.0036677454153182638,0.0010989751887810024,0.009182847896440152
16,Centralized,0.0026159654800431416,-0.01978829557713053,-0.0012270765911542557,0.0036677454153182638,0.0010989751887810024,0.009182847896440152
17,0,0.006666666666666651,-0.013617886178861725,0.007317073170731696,0.0015853658536585373,-0.01174796747967476,0.007357723577235757
17,1,0.002642276422764223,-0.0047154471544715295,0.008414634146341445,-0.008577235772357706,-0.007235772357723564,0.007032520325203242
17,2,0.011747967479674793,-0.010934959349593461,0.00833333333333331,-0.0013414634146341376,-0.013414634146341456,0.005609756097560963
17,3,0.003658536585365842,-0.006829268292682913,0.0057723577235772264,-0.004268292682926822,-0.009593495934959341,0.006382113821138201
17,4,0.007357723577235779,-0.008455284552845515,0.005650406504065032,-0.0019105691056910622,-0.008292682926829251,0.008089430894308934
17,5,-0.007740916271721964,-0.016943127962085202,-0.0031200631911532358,0.04127172195892592,-0.013744075829383902,0.00027646129541866027
17,Aggregated,0.0039981121898597285,-0.010281823085221143,0.0053532901833872465,0.004638619201725974,-0.010686353829557751,0.005764563106796102
17,Centralized,0.0039981121898597285,-0.010281823085221143,0.0053532901833872465,0.004638619201725974,-0.010686353829557751,0.005764563106796102
18,0,-0.01565040650406502,0.01430894308943087,0.016666666666666653,-0.024796747967479663,0.004796747967479679,0.009552845528455273
18,1,-0.009512195121951218,0.014634146341463433,0.010894308943089433,-0.03321138211382116,0.005406504065040641,0.011788617886178845
18,2,-0.012032520325203213,0.01670731707317075,0.015813008130081293,-0.033170731707317054,0.005731707317073162,0.01182926829268292
18,3,-0.004715447154471523,0.009999999999999995,0.009349593495934956,-0.022439024390243888,0.005081300813008125,0.0076016260162601506
18,4,-0.010813008130081266,0.014471544715447116,0.012195121951219523,-0.030162601626016246,0.006097560975609761,0.010650406504065032
18,5,-0.02077409162717221,0.008333333333333347,-0.0011453396524486496,0.03416271721958924,-0.005252764612954185,-0.005845181674565583
18,Aggregated,-0.012290992448759424,0.013052858683926659,0.010571736785328993,-0.01801510248112189,0.003600323624595491,0.007531014023732462
18,Centralized,-0.012290992448759424,0.013052858683926659,0.010571736785328993,-0.01801510248112189,0.003600323624595491,0.007531014023732462
19,0,0.010081300813008152,-0.0025609756097561037,-0.0015853658536585196,-0.0008943089430894188,0.008211382113821136,0.0038211382113821075
19,1,0.0005284552845528423,0.0011788617886178835,0.0008536585365853629,-0.002845528455284537,0.009065040650406525,0.005853658536585365
19,2,0.006178861788617889,-0.00012195121951219893,0.0001626016260162566,-0.0029674796747967322,0.0017073170731707295,0.002357723577235771
19,3,0.003577235772357723,0.0009349593495934931,0.0017073170731707295,-0.006585365853658473,0.0029268292682926816,0.0047560975609756105
19,4,0.0074796747967479545,-0.000162601626016264,0.0008130081300812979,-0.007032520325203243,0.003577235772357723,0.005081300813008131
19,5,-0.0024091627172195614,-0.01267772511848342,-0.008530805687203788,0.058175355450236825,-0.009320695102685636,-0.011018957345971575
19,Aggregated,0.004207119741100314,-0.0022855987055016157,-0.001132686084142379,0.0065601402373246746,0.0026361920172599633,0.001746224379719549
19,Centralized,0.004207119741100314,-0.0022855987055016157,-0.001132686084142379,0.0065601402373246746,0.0026361920172599633,0.001746224379719549
