,BeforeLocalTraining,AfterLocalTraining,BeforeLocalPartialEvaluations,AfterLocalPartialEvaluations,BeforeEvaluation,AfterEvaluation
1,1786965172.828154,1786965173.462166,1786965199.844946,1786965203.8693328,1786965203.877446,1786965204.0033193
2,1786965204.4751859,1786965205.110406,1786965230.3894713,1786965234.466106,1786965234.473837,1786965234.6017692
3,1786965235.0478861,1786965235.582092,1786965261.1097784,1786965265.3327544,1786965265.3403141,1786965265.4652255
4,1786965265.878534,1786965266.3987963,1786965291.991217,1786965296.0924559,1786965296.1000752,1786965296.227588
5,1786965296.6806388,1786965297.3168163,1786965322.7734027,1786965326.893318,1786965326.9007568,1786965327.0260487
6,1786965327.4575512,1786965328.101476,1786965353.7556407,1786965357.8645847,1786965357.8720012,1786965358.0014179
7,1786965358.4106,1786965358.937699,1786965384.659417,1786965388.8648376,1786965388.8721304,1786965388.9989402
8,1786965389.2621207,1786965389.791838,1786965415.3414536,1786965419.4104714,1786965419.4182088,1786965419.547799
9,1786965419.920011,1786965420.5619323,1786965446.0392494,1786965450.0858383,1786965450.093734,1786965450.2241275
10,1786965450.7481637,1786965451.3818688,1786965476.7965012,1786965480.8956933,1786965480.9029486,1786965481.030175
11,1786965481.5311716,1786965482.0683808,1786965507.7942502,1786965511.8600261,1786965511.8672621,1786965511.9922438
12,1786965512.3678215,1786965512.882955,1786965538.0836296,1786965542.0626438,1786965542.0700004,1786965542.1950402
13,1786965542.5699465,1786965543.1819847,1786965568.3783796,1786965572.489606,1786965572.4968889,1786965572.626056
14,1786965572.9918168,1786965573.6336226,1786965599.4266286,1786965603.944418,1786965603.9517896,1786965604.0842223
15,1786965604.524211,1786965605.0504813,1786965630.8547566,1786965635.3752904,1786965635.3829172,1786965635.5098543
16,1786965635.881341,1786965636.3988721,1786965662.2258337,1786965666.36116,1786965666.3687758,1786965666.4952183
17,1786965666.863519,1786965667.491028,1786965693.3580618,1786965697.430068,1786965697.4374065,1786965697.562481
18,1786965697.9886181,1786965698.6144202,1786965723.7214692,1786965727.676228,1786965727.6834927,1786965727.8071876
19,1786965728.1791358,1786965728.6920938,1786965753.7575443,1786965757.8079755,1786965757.815125,1786965757.9383523
20,1786965758.22314,1786965758.7352295,1786965783.9988163,1786965787.9631011,1786965787.9704468,1786965788.0951014
21,1786965788.5228438,1786965789.1342986,1786965814.1615646,1786965818.1285386,1786965818.1359599,1786965818.261563
22,1786965818.613092,1786965819.2333455,1786965844.8690135,1786965848.9837496,1786965848.9912157,1786965849.1170995
23,1786965849.4548583,1786965849.9761603,1786965875.844245,1786965880.1035385,1786965880.111839,1786965880.2460616
24,1786965880.500118,1786965881.0281975,1786965907.062251,1786965911.228496,1786965911.2359755,1786965911.364544
25,1786965911.7348032,1786965912.371323,1786965938.1208005,1786965942.2320893,1786965942.2393718,1786965942.3665779
26,1786965942.7672703,1786965943.4096482,1786965969.1033826,1786965973.1803892,1786965973.1878488,1786965973.3157237
27,1786965973.7997155,1786965974.3214266,,,,
