Round,Evaluator,3,0,2,1
0,0,,,,
0,1,,,,
0,2,,,,
0,3,,,,
0,Aggregated,,,,
0,Centralized,,,,
1,0,0.017399267399267393,0.08516483516483514,-0.03388278388278393,0.10714285714285714
1,1,-0.07865168539325844,0.11235955056179779,-0.11610486891385763,0.1947565543071161
1,2,0.22747747747747735,0.15540540540540543,0.23198198198198194,0.06081081081081081
1,3,0.11805555555555551,0.07361111111111113,0.07916666666666668,0.09583333333333333
1,Aggregated,0.03678987562032275,0.10071395542851326,7.641597712717586e-05,0.12641644750177436
1,Centralized,0.03640192539109508,0.10078219013237065,-0.00030084235860408187,0.12665463297232252
2,0,-0.03846153846153845,0.08424908424908424,-0.09157509157509154,0.06776556776556779
2,1,-0.08146067415730336,0.09269662921348319,-0.13389513108614234,0.19007490636704114
2,2,-9.25185853854297e-18,0.009009009009009037,-0.0045045045045045045,-0.0045045045045045235
2,3,0.01944444444444446,-0.005555555555555526,0.024999999999999994,0.011111111111111118
2,Aggregated,-0.03441844810866426,0.05732599043011963,-0.06804013790663449,0.08475866926860338
2,Centralized,-0.03459687123947052,0.057460890493381434,-0.06829121540312878,0.08513838748495785
3,0,-0.03296703296703296,0.07509157509157509,-0.0714285714285714,0.05128205128205129
3,1,-0.043071161048689154,0.09176029962546818,-0.12546816479400746,0.1104868913857678
3,2,0.002252252252252257,0.006756756756756771,-0.006756756756756771,-0.002252252252252257
3,3,-0.009722222222222224,0.004166666666666652,-0.006944444444444438,0.012500000000000011
3,Aggregated,-0.026416821806235898,0.055823778782347296,-0.06596754934515081,0.0545535208587614
3,Centralized,-0.026474127557160016,0.05595667870036101,-0.06618531889290012,0.05475330926594465
4,0,-0.01648351648351649,0.05128205128205126,-0.05128205128205127,0.027472527472527458
4,1,0.006554307116104829,0.04775280898876405,-0.08707865168539326,0.06647940074906368
4,2,0.009009009009009,0.0045045045045045235,-0.00900900900900902,-0.0045045045045045045
4,3,-0.011111111111111136,0.013888888888888886,-0.013888888888888923,0.02777777777777778
4,Aggregated,-0.00455933641755022,0.035758868656801446,-0.048899125484478556,0.0356982184747051
4,Centralized,-0.004512635379061343,0.035800240673886874,-0.0490373044524669,0.035800240673886895
5,0,-0.006410256410256415,0.026556776556776563,-0.039377289377289376,0.01923076923076923
5,1,-0.006554307116104867,0.021535580524344584,-0.04400749063670414,0.04026217228464422
5,2,0.013513513513513514,-0.0045045045045045045,-0.0045045045045045045,-0.0045045045045045045
5,3,-0.00833333333333336,0.011111111111111108,-0.011111111111111127,0.041666666666666706
5,Aggregated,-0.00421012725082483,0.017438567349448583,-0.03003493603647378,0.02764636756021943
5,Centralized,-0.0042117930204573035,0.017448856799037293,-0.030084235860409165,0.0276774969915764
6,0,-0.008241758241758212,0.028388278388278343,-0.02838827838827836,0.008241758241758232
6,1,-0.01029962546816481,0.017790262172284643,-0.030898876404494374,0.023408239700374544
6,2,0.01576576576576576,-0.006756756756756753,-0.002252252252252257,-0.006756756756756753
6,3,-0.018055555555555557,0.00416666666666668,-0.020833333333333343,0.018055555555555613
6,Aggregated,-0.007823635910028694,0.015035102668562388,-0.024048126036697856,0.013207836053695538
6,Centralized,-0.00782190132370636,0.015042117930204602,-0.024067388688327307,0.013237063778580027
7,0,-0.007326007326007318,0.03296703296703298,-0.027472527472527486,0.001831501831501825
7,1,-0.0074906367041198685,0.0018726591760300042,-0.02808988764044947,0.022471910112359533
7,2,0.013513513513513506,1.850371707708594e-17,-0.004504504504504514,-0.009009009009009009
7,3,0.0013888888888888655,0.015277777777777779,-0.020833333333333388,0.020833333333333353
7,Aggregated,-0.002693759674730205,0.014792838272140021,-0.023151876896612803,0.01109939635023948
7,Centralized,-0.0027075812274368525,0.014741275571600496,-0.023164861612515047,0.011131167268351403
8,0,-0.01648351648351647,0.03296703296703299,-0.03663003663003662,0.009157509157509153
8,1,-0.002808988764044932,0.0028089887640449693,-0.0196629213483146,0.030898876404494364
8,2,0.009009009009009009,0.009009009009009009,-0.009009009009009009,-0.009009009009009009
8,3,-0.006944444444444457,0.023611111111111156,-0.02361111111111112,0.023611111111111138
8,Aggregated,-0.006637318255959802,0.018110706090156376,-0.024691752678542126,0.016806286757533543
8,Centralized,-0.006618531889290014,0.018050541516245466,-0.024669073405535518,0.016847172081829103
9,0,-0.005494505494505512,0.034798534798534786,-0.031135531135531098,0.001831501831501825
9,1,-1.850371707708594e-17,0.00561797752808992,-0.02996254681647938,0.02434456928838948
9,2,0.0045045045045045045,0.0045045045045045045,-0.013513513513513514,0.0045045045045045045
9,3,-0.011111111111111127,0.011111111111111127,-0.03611111111111117,0.019444444444444448
9,Aggregated,-0.003628310004670829,0.016286030658617036,-0.029487981984181323,0.013201438105766471
9,Centralized,-0.0036101083032490746,0.016245487364620965,-0.029482551143200957,0.013237063778580027
10,0,-0.006410256410256425,0.037545787545787544,-0.02838827838827838,-0.0027472527472527375
10,1,0.0037453183520599156,0.0018726591760299671,-0.035580524344569285,0.0187265917602996
10,2,0.0045045045045045045,0.0045045045045045045,-0.013513513513513514,0.0045045045045045045
10,3,-0.005555555555555554,0.0166666666666667,-0.03333333333333338,0.022222222222222237
10,Aggregated,-0.001526554412429968,0.01720734496347407,-0.029768509078974426,0.010505493354498192
10,Centralized,-0.0015042117930204695,0.01714801444043319,-0.02978339350180508,0.010529482551143212
11,0,-0.009157509157509172,0.031135531135531146,-0.021978021978021966,-9.25185853854297e-18
11,1,0.004681647940074908,0.004681647940074927,-0.027153558052434457,0.01779026217228462
11,2,0.0045045045045045045,0.0045045045045045045,-0.013513513513513514,0.0045045045045045045
11,3,-0.008333333333333331,0.027777777777777818,-0.0277777777777778,0.025000000000000033
11,Aggregated,-0.00273862113990026,0.018408626290395403,-0.023758742007994983,0.011717560081968488
11,Centralized,-0.002707581227436806,0.018351383874849598,-0.023766546329723248,0.011732851985559603
12,0,-0.008241758241758249,0.026556776556776535,-0.022893772893772885,0.0045787545787546
12,1,0.006554307116104875,0.0028089887640449416,-0.02715355805243444,0.01779026217228462
12,2,0.0045045045045045045,0.0045045045045045045,-0.013513513513513514,0.0045045045045045045
12,3,-0.013888888888888867,0.025000000000000033,-0.019444444444444476,0.025000000000000033
12,Aggregated,-0.003049264145425044,0.01569714885544826,-0.022246257602820063,0.013227196117265498
12,Centralized,-0.0030084235860409294,0.015643802647412747,-0.0222623345367028,0.013237063778580018
13,0,-0.008241758241758249,0.024725274725274676,-0.030219780219780223,0.0027472527472527375
13,1,0.000936329588014965,0.006554307116104867,-0.025280898876404483,0.01779026217228465
13,2,0.0045045045045045045,0.0045045045045045045,-0.013513513513513514,0.0045045045045045045
13,3,-0.008333333333333368,0.024999999999999994,-0.019444444444444497,0.019444444444444476
13,Aggregated,-0.0036307689906515785,0.01628736949914015,-0.02406463773038992,0.01141373396165715
13,Centralized,-0.0036101083032490933,0.016245487364620947,-0.024067388688327345,0.01143200962695549
14,0,-0.007326007326007328,0.031135531135531108,-0.027472527472527458,0.0036630036630036777
14,1,-0.0037453183520599156,0.009363295880149817,-0.026217228464419484,0.020599250936329583
14,2,0.006756756756756753,0.006756756756756753,-0.011261261261261266,-0.0022522522522522384
14,3,-0.011111111111111108,1.850371707708594e-17,-0.016666666666666646,0.011111111111111127
14,Aggregated,-0.005125005116267979,0.014154415765543375,-0.022551336642587266,0.00989310276884325
14,Centralized,-0.005114320096269544,0.014139590854392342,-0.022563176895306875,0.00992779783393504
15,0,-0.007326007326007328,0.029304029304029283,-0.023809523809523808,0.0018315018315018528
15,1,0.0037453183520599342,0.022471910112359588,-0.02808988764044945,0.013108614232209733
15,2,0.0045045045045045045,0.0045045045045045045,-0.013513513513513514,0.0045045045045045045
15,3,-0.0027777777777777866,0.011111111111111108,-0.011111111111111127,0.0027777777777778048
15,Aggregated,-0.0012236777487445874,0.019847805176408814,-0.021032291962097834,0.005990389707865736
15,Centralized,-0.0012033694344163643,0.019855595667870023,-0.021058965102286425,0.006016847172081803
16,0,-0.0054945054945054845,0.025641025641025633,-0.025641025641025616,-0.0054945054945054845
16,1,-0.01217228464419475,0.0252808988764045,-0.027153558052434468,0.014044943820224717
16,2,0.0045045045045045045,0.0045045045045045045,-0.013513513513513514,0.0045045045045045045
16,3,-0.005555555555555573,0.011111111111111127,-0.01666666666666668,0.011111111111111127
16,Aggregated,-0.006299446201066064,0.019535652641529247,-0.022547235353253488,0.0056879024280775264
16,Centralized,-0.00631768953068589,0.019554753309265954,-0.022563176895306875,0.005716004813477772
17,0,-0.0036630036630036686,0.021978021978021973,-0.023809523809523798,0.005494505494505493
17,1,-0.008426966292134816,0.027153558052434468,-0.030898876404494402,0.01217228464419475
17,2,0.0045045045045045045,0.0045045045045045045,-0.013513513513513514,0.0045045045045045045
17,3,-0.013888888888888923,0.011111111111111118,-0.011111111111111118,0.013888888888888923
17,Aggregated,-0.006315928341370881,0.018924981342196997,-0.021927848255455858,0.009318795254629744
17,Centralized,-0.0063176895306859175,0.018953068592057754,-0.02196149217809869,0.009326113116726856
18,0,-0.00457875457875459,0.026556776556776546,-0.022893772893772896,0.01190476190476189
18,1,-0.004681647940074918,0.019662921348314617,-0.029026217228464418,0.014044943820224717
18,2,0.0045045045045045045,0.0045045045045045045,-0.013513513513513514,0.0045045045045045045
18,3,-0.006944444444444466,0.01250000000000002,-0.009722222222222215,0.004166666666666661
18,Aggregated,-0.00391177081375765,0.018348869197244967,-0.020726481584118717,0.00991250968534418
18,Centralized,-0.0039109506618532075,0.018351383874849563,-0.020758122743682328,0.009927797833935012
19,0,-0.0027472527472527466,0.021062271062271053,-0.02106227106227107,0.0027472527472527652
19,1,-0.011235955056179803,0.0037453183520598974,-0.03932584269662923,0.013108614232209733
19,2,0.0045045045045045045,0.0045045045045045045,-0.013513513513513514,0.0045045045045045045
19,3,-0.015277777777777798,0.006944444444444438,-0.015277777777777798,0.006944444444444438
19,Aggregated,-0.007211959363041906,0.0102528792177035,-0.024615941320468914,0.0071995227210422865
19,Centralized,-0.007220216606498177,0.010228640192539135,-0.024669073405535508,0.007220216606498177
20,0,-0.002747252747252756,0.017399267399267376,-0.015567765567765549,0.000915750915750931
20,1,-0.002808988764044932,0.008426966292134833,-0.030898876404494346,0.0028089887640449507
20,2,0.0045045045045045045,0.0045045045045045045,-0.013513513513513514,0.0045045045045045045
20,3,-0.011111111111111118,0.013888888888888904,-0.011111111111111118,0.008333333333333331
20,Aggregated,-0.0036180846768506447,0.012049773888591226,-0.01921050339192124,0.003614363833316433
20,Centralized,-0.003610108303249084,0.012033694344163653,-0.019253910950661857,0.0036101083032491024
21,0,-0.0009157509157509125,0.013736263736263724,-0.01739926739926741,0.0045787545787546
21,1,-0.0037453183520599156,0.0187265917602996,-0.028089887640449434,0.01310861423220975
21,2,0.0045045045045045045,0.0045045045045045045,-0.013513513513513514,0.0045045045045045045
21,3,-0.011111111111111108,0.016666666666666663,-0.013888888888888895,0.00833333333333334
21,Aggregated,-0.003312749027184516,0.014730575340077835,-0.0195236053834268,0.008105779070533482
21,Centralized,-0.003309265944644988,0.014741275571600479,-0.019554753309265954,0.008122743682310465
22,0,0.001831501831501825,0.02014652014652017,-0.014652014652014619,0.003663003663003687
22,1,-0.0018726591760299578,0.013108614232209723,-0.024344569288389507,0.013108614232209742
22,2,0.0045045045045045045,0.0045045045045045045,-0.013513513513513514,0.0045045045045045045
22,3,-0.011111111111111108,0.016666666666666663,-0.011111111111111127,0.005555555555555573
22,Aggregated,-0.0018099298771009679,0.015052953202777587,-0.016818944833693106,0.00719904799272931
22,Centralized,-0.0018050541516245282,0.015042117930204574,-0.01684717208182911,0.007220216606498214
23,0,0.0,0.014652014652014655,-0.018315018315018305,0.00366300366300365
23,1,-0.004681647940074918,0.008426966292134816,-0.017790262172284632,0.014044943820224734
23,2,0.0045045045045045045,0.0045045045045045045,-0.013513513513513514,0.0045045045045045045
23,3,-0.013888888888888886,0.013888888888888886,-0.011111111111111136,0.011111111111111136
23,Aggregated,-0.0039141444553225735,0.011143992267413024,-0.015937022310761977,0.008707174498671526
23,Centralized,-0.00391095066185318,0.011131167268351366,-0.015944645006016823,0.008724428399518638
24,0,0.0027472527472527375,0.013736263736263707,-0.013736263736263724,0.008241758241758232
24,1,-0.008426966292134833,0.014044943820224717,-0.0196629213483146,0.014044943820224717
24,2,0.0045045045045045045,0.0045045045045045045,-0.013513513513513514,0.0045045045045045045
24,3,-0.012499999999999983,0.012500000000000002,-0.01250000000000002,0.012500000000000002
24,Aggregated,-0.0039000359565826916,0.012330775711697294,-0.015326825739742717,0.010519212469340901
24,Centralized,-0.0039109506618532075,0.01233453670276774,-0.01534296028880868,0.010529482551143185
25,0,0.0009157509157509125,0.013736263736263743,-0.02106227106227106,0.006410256410256406
25,1,-0.00749063670411985,0.01310861423220975,-0.0037453183520599156,0.009363295880149817
25,2,0.0045045045045045045,0.0045045045045045045,-0.013513513513513514,0.0045045045045045045
25,3,-0.024999999999999994,0.011111111111111118,-0.01944444444444446,9.25185853854297e-18
25,Aggregated,-0.006926989024600292,0.01172985501187225,-0.014179434077384347,0.005701146814607246
25,Centralized,-0.006919374247894082,0.011732851985559614,-0.014139590854392287,0.005716004813477717
26,0,0.0027472527472527466,0.00824175824175824,-0.01923076923076923,0.00824175824175824
26,1,-0.011235955056179794,9.25185853854297e-18,0.0037453183520599433,0.007490636704119841
26,2,0.0045045045045045045,0.0045045045045045045,-0.013513513513513514,0.0045045045045045045
26,3,-0.008333333333333312,0.013888888888888886,-0.011111111111111118,0.005555555555555545
26,Aggregated,-0.0038883864438235645,0.006343832937923142,-0.00937301793540981,0.0069175714413102305
26,Centralized,-0.00391095066185317,0.0063176895306859175,-0.009326113116726839,0.0069193742478940905
27,0,0.0027472527472527466,0.00824175824175824,-0.01923076923076923,0.00824175824175824
27,1,-0.009363295880149836,0.0,-0.005617977528089864,0.0149812734082397
27,2,0.0045045045045045045,0.0045045045045045045,-0.013513513513513514,0.0045045045045045045
27,3,-0.008333333333333312,0.013888888888888886,-0.011111111111111118,0.005555555555555545
27,Aggregated,-0.0032913489149182123,0.006343832937923139,-0.012358205579936575,0.009305721556931648
27,Centralized,-0.003309265944644979,0.0063176895306859175,-0.012334536702767759,0.00932611311672682
28,0,0.00366300366300365,0.007326007326007318,-0.014652014652014636,0.0036630036630036686
28,1,-0.006554307116104885,0.0028089887640449507,-0.002808988764044914,0.006554307116104848
28,2,0.0045045045045045045,0.0045045045045045045,-0.013513513513513514,0.0045045045045045045
28,3,-0.006944444444444429,0.01527777777777777,-0.01527777777777777,0.006944444444444429
28,Aggregated,-0.001791463479128399,0.007239863959594155,-0.010860219057398694,0.005411818576932938
28,Centralized,-0.0018050541516245373,0.007220216606498205,-0.010830324909747316,0.0054151624548736494
29,0,0.003663003663003659,0.009157509157509134,-0.009157509157509153,-0.003663003663003641
29,1,-0.005617977528089901,-0.0018726591760299671,-0.005617977528089864,0.00187265917602993
29,2,0.0045045045045045045,0.0045045045045045045,-0.013513513513513514,0.0045045045045045045
29,3,-0.009722222222222207,0.012499999999999992,-0.006944444444444438,0.004166666666666652
29,Aggregated,-0.0020977485854204907,0.005746320680704789,-0.008129800496166012,0.000899003227449584
29,Centralized,-0.0021058965102286422,0.005716004813477736,-0.008122743682310482,0.0009025270758122409
30,0,0.0036630036630036686,-0.001831501831501825,-0.010989010989010969,-0.001831501831501825
30,1,0.0028089887640449507,0.0009363295880149836,0.008426966292134852,-0.0009363295880149836
30,2,0.0045045045045045045,0.0045045045045045045,-0.013513513513513514,0.0045045045045045045
30,3,-0.005555555555555554,0.011111111111111108,-0.008333333333333323,0.002777777777777768
30,Aggregated,0.001496126100770766,0.002716348553977648,-0.004558275378867042,0.00030489941283797265
30,Centralized,0.0015042117930204786,0.002707581227436806,-0.004512635379061399,0.00030084235860411424
