,BeforeLocalTraining,AfterLocalTraining,BeforeLocalPartialEvaluations,AfterLocalPartialEvaluations,BeforeEvaluation,AfterEvaluation
1,1786792941.6475775,1786792941.6685195,1786792942.8741872,1786792943.1715178,1786792943.1998425,1786792943.2047155
2,1786792943.4765978,1786792943.4971554,1786792944.671951,1786792944.9018261,1786792944.928549,1786792944.9326866
3,1786792945.1772218,1786792945.1966612,1786792946.3557494,1786792946.583027,1786792946.6094258,1786792946.6134477
4,1786792946.860845,1786792946.8804529,1786792947.9745772,1786792948.2133539,1786792948.2397363,1786792948.2438257
5,1786792948.4805944,1786792948.5015173,1786792949.676789,1786792949.902896,1786792949.9296103,1786792949.9337506
6,1786792950.1807976,1786792950.200226,1786792951.3617144,1786792951.5948176,1786792951.6222856,1786792951.6263833
7,1786792951.8753254,1786792951.8981671,1786792953.1626534,1786792953.3963263,1786792953.423563,1786792953.428073
8,1786792953.7403154,1786792953.7647963,1786792955.039547,1786792955.2673955,1786792955.2942617,1786792955.2987285
9,1786792955.5589302,1786792955.579134,1786792956.7561727,1786792957.0141919,1786792957.044734,1786792957.050002
10,1786792957.3236444,1786792957.345478,1786792958.5545173,1786792958.779214,1786792958.805913,1786792958.8099258
11,1786792959.059268,1786792959.0786324,1786792960.1822329,1786792960.4081595,1786792960.4345312,1786792960.438476
12,1786792960.683546,1786792960.8220978,1786792961.9592576,1786792962.1870434,1786792962.2137852,1786792962.217819
13,1786792962.4604425,1786792962.4803746,1786792963.6482897,1786792963.8728704,1786792963.8999386,1786792963.9040813
14,1786792964.1497552,1786792964.1689038,1786792965.2521615,1786792965.4754686,1786792965.5018704,1786792965.5059955
15,1786792965.7545345,1786792965.7739618,1786792966.9423804,1786792967.184741,1786792967.2119565,1786792967.2162335
16,1786792967.8228304,1786792967.8767395,1786792969.1313043,1786792969.3613613,1786792969.388354,1786792969.39295
17,1786792969.6392179,1786792969.6694903,1786792970.8438559,1786792971.0722687,1786792971.0994568,1786792971.1042013
18,1786792971.3579905,1786792971.3790302,1786792972.555268,1786792972.8259547,1786792972.8535602,1786792972.8579516
19,1786792973.1040945,1786792973.124024,1786792974.2815783,1786792974.503959,1786792974.530974,1786792974.5350537
20,1786792974.7895975,1786792974.8090477,1786792975.972547,1786792976.1958067,1786792976.2224534,1786792976.2265065
21,1786792976.4744172,1786792976.4935985,1786792977.5736036,1786792977.7976286,1786792977.8239858,1786792977.8279912
22,1786792978.0768716,1786792978.095833,1786792979.2542949,1786792979.4779277,1786792979.5047832,1786792979.5089371
23,1786792979.7671406,1786792979.7872272,1786792980.9409544,1786792981.1625984,1786792981.1891036,1786792981.1929665
24,1786792981.4406118,1786792981.4596915,1786792982.724393,1786792983.0671544,1786792983.0998838,1786792983.1068022
25,1786792983.3640602,1786792983.3860369,1786792984.5752869,1786792984.8409154,1786792984.8673985,1786792984.8716164
26,1786792985.0930614,1786792985.1146615,1786792986.2761562,1786792986.5058916,1786792986.5326338,1786792986.5368955
27,1786792986.7947907,1786792986.816598,1786792987.9935596,1786792988.2209094,1786792988.2473001,1786792988.2512486
28,1786792988.5022533,1786792988.5226805,1786792989.6836598,1786792989.9094193,1786792989.9368691,1786792989.9412425
29,1786792990.1910393,1786792990.217255,1786792991.3617475,1786792991.5854275,1786792991.611914,1786792991.6158023
30,1786792991.8703358,1786792991.896493,1786792992.976446,1786792993.2044592,1786792993.2319224,1786792993.2360175
31,1786792993.4811807,1786792993.500622,1786792994.6526372,1786792994.8769248,1786792994.9032063,1786792994.9072907
32,1786792995.1528103,1786792995.173453,1786792996.254183,1786792996.4769773,1786792996.5039308,1786792996.5080824
33,1786792996.7587814,1786792996.7785118,1786792998.1866758,1786792998.415515,1786792998.4445324,1786792998.449342
34,1786792998.7197745,1786792998.7434795,,,,
