Round,Evaluator,0,1,4,3,2
0,0,,,,,
0,1,,,,,
0,2,,,,,
0,3,,,,,
0,4,,,,,
0,Aggregated,,,,,
0,Centralized,,,,,
1,0,0.05648098215955952,0.055505001255380444,0.05239800791173298,0.06113492705818853,0.06376894923135665
1,1,0.0562385918513587,0.05487568561733684,0.05429447508641514,0.0634554130975856,0.06597557057537
1,2,0.056241260908579324,0.05507970511217467,0.053388908662930966,0.06301880319644583,0.06534818322079901
1,3,0.05550151998860217,0.054896074268274815,0.05243640124719324,0.062257748013629016,0.06403212140598448
1,4,0.05423052805009923,0.05246107271453101,0.06499631370220592,0.058234137237141735,0.059755488406514554
1,Aggregated,0.05344856872499258,0.0522751749938064,0.06464243729448232,0.05934435488498529,0.06150051299237809
1,Centralized,0.05344856872499258,0.0522751749938064,0.06464243729448232,0.05934435488498529,0.06150051299237809
2,0,0.012450373453210102,0.021565713790059785,0.009610989247371008,0.0008397157149721863,0.0076997887912699115
2,1,0.011604623305490268,0.02072878445430792,0.009295264690193348,0.002225049751806009,0.005520039975279192
2,2,0.01155449302947783,0.019412056893009642,0.008469870176064874,0.0008932567322811465,0.006815194379179508
2,3,0.010339082412847178,0.01899419046454912,0.008405949873135901,0.0012611248963536807,0.005758161795483209
2,4,0.008295662433326422,0.015693089794596566,0.021077785441799717,-0.001998637564183751,0.0037641067708928406
2,Aggregated,0.00836476523277806,0.01680090400454852,0.021332049991289327,-0.0018461006005400507,0.0034282931799298933
2,Centralized,0.00836476523277806,0.01680090400454852,0.021332049991289327,-0.0018461006005400507,0.0034282931799298933
3,0,-0.0005113530421108893,-0.0002871966713398196,0.005110715834238435,0.011563626586470666,0.004287715354755384
3,1,-0.0019316312462906344,-0.00021908685667617703,0.0051552386160302055,0.010533053163705664,0.00359987423906521
3,2,-0.0016415526724949993,-0.0010044296402890035,0.005440074796011478,0.01034944271142341,0.003862493553195404
3,3,0.00043120683120278965,0.0017042566101886638,0.005239509649963897,0.010707148507662325,0.0030966523757079358
3,4,-0.0038407506434770654,-0.0023673167035978713,0.016506383717605686,0.008714611480203154,0.000989359201178409
3,Aggregated,-0.003931569879860542,-0.002878329752359894,0.017237934028054843,0.007946375026442864,0.000730565261492767
3,Centralized,-0.003931569879860542,-0.002878329752359894,0.017237934028054843,0.007946375026442864,0.000730565261492767
4,0,-0.014116407760959829,-0.0036859877483183937,0.0011318737891895672,0.010172964050033595,0.005382172064875073
4,1,-0.014295143156406731,-0.0026980694422680937,0.001843328777821677,0.009943686542160445,0.00619392676451314
4,2,-0.013093065013941326,-0.0032171507184061967,0.0009946109427688568,0.008908690974302599,0.005793357376113963
4,3,-0.014780898309138075,-0.002489521492698842,0.002211027546777412,0.007645189429012269,0.0049153574288451655
4,4,-0.017862332936857857,-0.006681380798309001,0.013024684764884305,0.006530645925569254,0.0029470273327739855
4,Aggregated,-0.01731860724239526,-0.00624932384025737,0.01378797563265855,0.006160846912247064,0.002555222483394957
4,Centralized,-0.01731860724239526,-0.00624932384025737,0.01378797563265855,0.006160846912247064,0.002555222483394957
5,0,-0.016976445323754863,0.0026874153503666713,0.005220286562242735,0.004852022432957965,-0.0018056735969298355
5,1,-0.017931030190083453,0.002139960838049627,0.0031104430342546044,0.005528135760739735,-0.0022225506357310123
5,2,-0.015936434561037445,0.0026181847920604194,0.003817496933018404,0.004770685986226797,-0.00168219662339014
5,3,-0.016863069226164405,0.0020401754938173394,0.0044124259540138005,0.005533906424741159,-0.00182753402513873
5,4,-0.019865121196500503,-0.001221566766684045,0.017679325957148755,0.00197058362278043,-0.0058360141666321825
5,Aggregated,-0.019998885948743186,-0.0008314993195413863,0.01680752786079544,0.0020416046666541674,-0.005163566586816698
5,Centralized,-0.019998885948743186,-0.0008314993195413863,0.01680752786079544,0.0020416046666541674,-0.005163566586816698
6,0,0.009083081745870152,-0.006842264922798642,-0.014202307489086668,0.011393593732882864,0.009611028409745977
6,1,0.008924092761775417,-0.006585116715077494,-0.013468336422618394,0.010510252062625673,0.009932322335996602
6,2,0.008133955800403547,-0.007250025214291372,-0.01221684887054077,0.010891475621738493,0.009106983963783196
6,3,0.007900144960136678,-0.005917206190084584,-0.012579422414480294,0.011968769374335017,0.008504421245762348
6,4,0.004852486062133624,-0.008903411366393414,0.0007440268843817904,0.007808810827185949,0.005509570153024349
6,Aggregated,0.004517091400364399,-0.008967347363870195,0.0007714440395983652,0.007515979172042066,0.005537495063104436
6,Centralized,0.004517091400364399,-0.008967347363870195,0.0007714440395983652,0.007515979172042066,0.005537495063104436
7,0,-0.0041931534115816505,0.0027969813186052646,0.0025985243592360143,-0.0015299718193609656,-0.0038357757289714314
7,1,-0.003320799540982282,0.002288609923932834,0.00260321242318034,0.00047989542994959224,-0.004351837589317825
7,2,-0.0038335332306538034,0.002609466515257534,0.003157350089718669,-0.0009820498067189237,-0.004711015056998796
7,3,-0.004341477738214646,0.003828261739972613,0.003836199101552781,-0.001663287211027729,-0.004027372859327394
7,4,-0.008023787416132418,-0.0013297791082959975,0.021532285160847753,-0.007078121280548117,-0.008619929710301576
7,Aggregated,-0.008609217409923526,-0.0014689223863605726,0.021176965165708068,-0.005682233850441381,-0.008626173581174516
7,Centralized,-0.008609217409923526,-0.0014689223863605726,0.021176965165708068,-0.005682233850441381,-0.008626173581174516
8,0,0.006215280360979005,0.0028189384050628383,0.003783798071776882,-0.003757372337239152,-0.00011033932895153734
8,1,0.005819777200657156,0.0019644970376545873,0.004089709239235863,-0.002699798588117679,-0.0010557546946379005
8,2,0.006241670950178773,0.0028286857286342754,0.004146742872290406,-0.0023484550668149418,-0.00021007206079140991
8,3,0.0059834785780951754,0.00309963654911254,0.003956473614346593,-0.003198803558279479,0.00017576786700393792
8,4,0.0008458311477365241,-0.0027163902058049824,0.027852705096495466,-0.007376101841527278,-0.008222986640353607
8,Aggregated,5.6291793750570805e-05,-0.002554950987885148,0.027565408033535063,-0.00752731682542384,-0.007934404166037898
8,Centralized,5.6291793750570805e-05,-0.002554950987885148,0.027565408033535063,-0.00752731682542384,-0.007934404166037898
9,0,0.004104786698781031,0.0009988307245589966,-0.001525421792860083,-0.005257909303060301,0.0033052093721974746
9,1,0.005831707617049767,0.0008290191862140278,-0.0022571449676688023,-0.007001463356393306,0.0026906997788058644
9,2,0.004873306192668296,-7.702495847995427e-05,-0.002073913224415762,-0.005869316461636568,0.003412527009161349
9,3,0.00501768026426516,0.0013026521418060479,-0.0031814099605448685,-0.0075547918104070565,0.004242454370035965
9,4,0.0011445440431499764,-0.0033488792983664187,0.014870158985977038,-0.009490837457469176,-0.002347170146702706
9,Aggregated,0.0013853766028810424,-0.003046245328932338,0.014518357517526278,-0.009853025297045867,-0.002475053688600799
9,Centralized,0.0013853766028810424,-0.003046245328932338,0.014518357517526278,-0.009853025297045867,-0.002475053688600799
10,0,0.01174742784186092,0.0061742557296820735,-0.0037073920996368802,0.005260608161964427,-0.005863872504643515
10,1,0.015262776438681097,0.006002256083384772,-0.005099624294063374,0.010458786363453015,-0.007415830552836317
10,2,0.012406263231408055,0.00671273495018949,-0.005058432189133831,0.007774543237776418,-0.005737014256618284
10,3,0.015638251259900437,0.005676697616841812,-0.004410198158321784,0.008060282174846509,-0.005821479615034615
10,4,0.0029059601465778674,-0.0006938512206266354,0.01983798986726714,0.0014062157717176624,-0.01023773714715298
10,Aggregated,0.004399470110360746,0.00012820250657392395,0.0193904020781989,0.002519470254093186,-0.010128325401512756
10,Centralized,0.004399470110360746,0.00012820250657392395,0.0193904020781989,0.002519470254093186,-0.010128325401512756
11,0,-0.009469350706081564,-0.002528605377779708,0.00018793319288729627,0.004423128799410148,-0.006234993371128777
11,1,-0.011245582142261453,-0.004111825527513679,-0.001957274737559778,0.006230003895845842,-0.007602776581832585
11,2,-0.010423007638374756,-0.00381585825378312,-0.0009443130332144066,0.006991700796635138,-0.00725554220660391
11,3,-0.010752240081826576,-0.00479877556281018,-0.00038438537163057267,0.006458315881304507,-0.008139979097053501
11,4,-0.02055301190796051,-0.0064940175556892545,0.025991249195083586,0.00010850732740760501,-0.012358165893382574
11,Aggregated,-0.02196377270099496,-0.006537507240355331,0.025063802022768096,0.0004347551949956896,-0.012778920785836393
11,Centralized,-0.02196377270099496,-0.006537507240355331,0.025063802022768096,0.0004347551949956896,-0.012778920785836393
12,0,0.0011698775957660918,0.007406065844455176,0.0035990983424741534,-0.0037320158678846175,-0.004808444375602211
12,1,0.00099629577119937,0.007604187927626181,0.003908505236862983,-0.00260036792718288,-0.0052678534389482634
12,2,0.0020010718174943718,0.007515270745926159,0.002829571697760025,-0.0026771947254402655,-0.005356306418199012
12,3,0.0008977377085416007,0.007507304704611741,0.003676362446246223,-0.0022778466773350123,-0.005113877013031764
12,4,-0.0077012311031109375,0.0015885179908163127,0.0467096661742907,-0.005184757563347575,-0.01089718876460433
12,Aggregated,-0.00688515569176091,0.0006403143687775105,0.0475200337248464,-0.0053025868020017235,-0.01076652035762986
12,Centralized,-0.00688515569176091,0.0006403143687775105,0.0475200337248464,-0.0053025868020017235,-0.01076652035762986
13,0,0.0006488310733412116,0.015450371341155103,0.0019181629253935504,-0.004627991849255832,-0.00888099193117133
13,1,0.005259623815333636,0.013215434075617916,0.00023090745730811879,-0.0033747961877954413,-0.010067845853543641
13,2,0.0082397520526572,0.016659026951086685,0.002666615181684398,-0.007188085092993061,-0.011669882904864756
13,3,0.00464937395507298,0.014926388531525185,0.0005190254848221748,-0.0038019317392154104,-0.008622342765692998
13,4,-0.007488743636625892,0.01435612666850713,0.04038166412097272,-0.01655888966617831,-0.021053526110312172
13,Aggregated,-0.008671925409192422,0.016860916598518346,0.040848126745970714,-0.018217031228999817,-0.02135983717215634
13,Centralized,-0.008671925409192422,0.016860916598518346,0.040848126745970714,-0.018217031228999817,-0.02135983717215634
14,0,0.005154826402030343,0.00678740557642927,0.0014432455211528038,0.0025615540375659553,0.00470542345376772
14,1,0.008968725754127115,0.0064121900461721944,0.0011530107062777148,0.0029255656016885625,0.0077999613181002885
14,2,0.006594268592818416,0.007256240527858112,0.0013409141830557432,0.0012765086334465667,0.004645588338313183
14,3,0.006667154897000109,0.006800358912552242,0.0026308967724510608,0.0014096178224721348,0.005362289480364071
14,4,-0.002763870020076273,-0.002427330261539117,0.04435145516653132,-0.0060979954125265695,-0.006762717127551773
14,Aggregated,-0.00098221046048405,-0.0009504209202364675,0.038673487472903445,-0.004429462282496884,-0.004403476858000219
14,Centralized,-0.00098221046048405,-0.0009504209202364675,0.038673487472903445,-0.004429462282496884,-0.004403476858000219
15,0,0.0046069557023624575,-0.0008579537178807013,-0.0005501995082003654,-0.0014934408561155317,0.006172725605450424
15,1,0.004576475506035469,-0.00019579735944753965,-0.0013886848343721383,-0.0017292471811135913,0.00902205181208634
15,2,0.005488013992710269,-0.0004550588223986407,0.0006190149877239666,-0.0028638490438812124,0.008853896334072358
15,3,0.0048447579168196895,9.529892602485046e-05,7.960570553207647e-05,-0.003212068437301547,0.010020859362359687
15,4,-0.009421034951105441,-0.015500815015119821,0.04104380931054941,-0.013218997541021637,0.0060837770086474485
15,Aggregated,-0.008957710031716366,-0.014277468213883876,0.041055566797366806,-0.012996743997301129,0.005347031158882154
15,Centralized,-0.008957710031716366,-0.014277468213883876,0.041055566797366806,-0.012996743997301129,0.005347031158882154
16,0,-0.01758719206498833,0.013871333862230406,-0.007542404493977479,0.01168776633651069,-0.0036084421852466205
16,1,-0.01505320389625033,0.013944275672407195,-0.007064540959464869,0.011353715315941308,-0.005321879993939357
16,2,-0.015206664722422984,0.014079554334273776,-0.0065597858545686045,0.011850933599459112,-0.0060614977795377285
16,3,-0.01616401010661692,0.014333621667777236,-0.006652505618626444,0.015630950278870792,-0.006399696861246721
16,4,-0.029284028962259193,0.012316294035957194,0.03195541753784586,0.0016447496089819055,-0.012232626785739638
16,Aggregated,-0.02886184216543003,0.012655294479179069,0.032219077702523066,-0.0005669762866002255,-0.011970437868240154
16,Centralized,-0.02886184216543003,0.012655294479179069,0.032219077702523066,-0.0005669762866002255,-0.011970437868240154
17,0,0.0015250833262350938,-0.00012524124010350192,0.004202033899944486,-0.0039531021090472036,-0.005102866719894671
17,1,0.00026090441081074535,-0.0013486636054364713,0.0033694951663057774,-0.0021137145544565137,-0.008711724333867339
17,2,0.003536581018362925,-0.0008071134620746119,0.0034738122542772765,0.0008999026330954554,-0.012167801378607302
17,3,0.0029779613105962214,-0.00242652008802636,0.0036466612620201853,-0.0020860062947066957,-0.010333912893942428
17,4,-0.01085743569982347,-0.00968389106652527,0.046188307494544834,-0.002967317888079551,-0.028813753955120012
17,Aggregated,-0.009913835143447354,-0.008205458613746493,0.04522704763907301,-0.0035682448754319066,-0.028035529251360634
17,Centralized,-0.009913835143447354,-0.008205458613746493,0.04522704763907301,-0.0035682448754319066,-0.028035529251360634
18,0,0.006118556641185501,-0.006600188227178912,0.0010148374501195063,-0.004548662806813339,0.009166771636358062
18,1,0.010536621852881874,-0.010450739798819782,0.0041102646952610854,-0.005845857025325299,0.00935831547489151
18,2,0.007444659272554596,-0.005827500776735992,0.00036218682015154804,-0.005433211156914732,0.009955987598302175
18,3,0.008822807730686734,-0.009060471883639815,0.002699156949826073,-0.0055935892045218495,0.010857844210431818
18,4,0.003608728242414568,-0.02000951090837683,0.02621617397716438,-0.0043621838407126145,-0.012634161463711798
18,Aggregated,0.002885303912585584,-0.020743322135995022,0.0262666306062001,-0.005069279110788544,-0.011572088057456166
18,Centralized,0.002885303912585584,-0.020743322135995022,0.0262666306062001,-0.005069279110788544,-0.011572088057456166
19,0,-0.008747685078262783,0.008567144544505434,0.009348824568987795,0.023112762630219604,-0.002997072319219682
19,1,-0.01113065835780081,0.008403346226384511,0.010045700356401248,0.01898769388161029,-0.002755609492174339
19,2,-0.012757825542121176,0.008978900074979661,0.011476126715974188,0.021793761927313814,-0.0015045080771199546
19,3,-0.012538600216403946,0.00847967390579496,0.009992719991466918,0.019948542119911854,-0.00141558198159018
19,4,-0.019456776344949942,0.013882719338924442,0.04568744916108798,0.0159284412826354,-0.012229607465904737
19,Aggregated,-0.019180511582081543,0.01290535025578804,0.04697275988990109,0.012757638411243706,-0.011426681328027873
19,Centralized,-0.019180511582081543,0.01290535025578804,0.04697275988990109,0.012757638411243706,-0.011426681328027873
20,0,0.010001546105744063,-0.003004298574858446,0.0017440313455066572,-0.013686986666389437,-0.005455169679331217
20,1,0.011622879278124165,-0.0007355362459644535,0.003076862012213234,-0.014883825665303082,-0.003959245739519183
20,2,0.011648663145720257,0.00025192946946293084,0.0009819484987232212,-0.015704341657258484,-0.0070544367321168045
20,3,0.011823856807776874,-0.0007229869364009078,0.0019174354829613106,-0.015879035523499344,-0.0069811502803213575
20,4,0.007021229023744516,0.002166292512753784,0.03607466226682712,-0.011420526954615198,-0.017926453068452124
20,Aggregated,0.007651028430839876,0.0027208863094822355,0.034884747964405174,-0.012445154344433522,-0.016927219025921612
20,Centralized,0.007651028430839876,0.0027208863094822355,0.034884747964405174,-0.012445154344433522,-0.016927219025921612
21,0,-0.012796895134230121,-0.0011035804412718958,0.004672166031624102,0.012663642802523498,0.007745676520453883
21,1,-0.012137420968937909,-0.003249276874737264,0.004291951651514719,0.010778738442694894,0.004541248116864638
21,2,-0.010304950467991543,-0.003307256444634646,0.0031927142780386144,0.012166694132553868,0.00879249404147816
21,3,-0.010323161404430374,-0.003028483541136946,0.0050119637527383425,0.011436876684896263,0.007372641203289392
21,4,-0.019670726173338003,-0.010583145159560449,0.025295574349321403,0.0071042254379208416,0.009283231580532337
21,Aggregated,-0.019831358830627137,-0.010621239643347507,0.025160303456469954,0.007305125587131809,0.008546416536121943
21,Centralized,-0.019831358830627137,-0.010621239643347507,0.025160303456469954,0.007305125587131809,0.008546416536121943
22,0,-0.013322076643173027,0.007424313383064336,0.008673964219059015,-0.013327142749298393,0.00633233626106407
22,1,-0.010832341500218796,0.006260580306106907,0.013259431075535852,-0.013610354252367996,0.004250518259210927
22,2,-0.010147590226954087,0.007171358490425844,0.010489653746873695,-0.015590487388023306,0.007532379376069417
22,3,-0.011467241442264091,0.005871149959973691,0.01076407857197092,-0.013325832779461328,0.005502181291157221
22,4,-0.012122437184183798,0.004153113544175679,0.01588047448687755,-0.013847368533515777,0.0030111427396041527
22,Aggregated,-0.012088763292878649,0.005936956099350601,0.015180304047286177,-0.013885230789999266,0.0016915838274286666
22,Centralized,-0.012088763292878649,0.005936956099350601,0.015180304047286177,-0.013885230789999266,0.0016915838274286666
23,0,0.0025546186618820143,0.0005075179535137604,-8.352735268094639e-05,0.005945833358874485,-6.922690593003286e-05
23,1,0.002263086510913279,-0.0011120030811787613,-0.0024875959751874057,0.00936111162386966,-0.002819528224558927
23,2,0.002517305135349012,-0.00015484540412899947,-0.0027788920763558065,0.007099735773926548,-0.004787439398476314
23,3,0.0028035022921428215,-0.00017039238000039942,-0.002901717894472681,0.0120454512472064,-0.007271363879826231
23,4,0.0017152418341903656,0.0014122435283786437,0.011614812579051245,0.0035498936131119385,-0.012438407033248087
23,Aggregated,0.003683966448540423,0.000681732413815587,0.012581620136675258,0.0009346437523461093,-0.011677442384541322
23,Centralized,0.003683966448540423,0.000681732413815587,0.012581620136675258,0.0009346437523461093,-0.011677442384541322
24,0,0.018504189762613518,-0.010166954725508815,-0.00035410720179940107,-0.003634243322947616,-0.009810091275488582
24,1,0.018077321322070204,-0.007897456287789555,-0.0008463472515514455,-0.0037355827347325555,-0.007515279198700858
24,2,0.017176898744193925,-0.011209701566503789,0.002588474462695159,-0.0038454198246458257,-0.0070306161938203235
24,3,0.018605367245842927,-0.012398971166690174,0.0021262554713067853,-0.0040990051457603215,-0.008597783140540393
24,4,0.009845112150590798,-0.02218322751421499,0.02103448289541078,-0.012230048019044171,-0.006043564149781999
24,Aggregated,0.010846041504528179,-0.021676935177140873,0.020418930221535275,-0.012111824920329767,-0.006270592732929506
24,Centralized,0.010846041504528179,-0.021676935177140873,0.020418930221535275,-0.012111824920329767,-0.006270592732929506
25,0,0.01451597825112763,-0.0013911650376821016,-0.010781270380429631,-0.0007269707261021847,-0.0020136051089598467
25,1,0.011112404799669517,-0.0024727739044564435,-0.007977027829604858,-0.0024080051802316685,-0.0010446626166849234
25,2,0.016777967657193454,-0.002131948037304469,-0.009333526363565266,-0.002926986537786095,-0.0012197787792392566
25,3,0.015761014502071125,-0.0011543043510775185,-0.009153247056489644,-0.001573652736041371,-0.0021174619508178096
25,4,0.003813367617836281,-3.543822336453765e-05,0.010424223881883495,-0.020148509867131754,-0.019182705835460997
25,Aggregated,0.004858748956629271,-0.0001695417629916605,0.010640572817692307,-0.02140833735554025,-0.019295156406568387
25,Centralized,0.004858748956629271,-0.0001695417629916605,0.010640572817692307,-0.02140833735554025,-0.019295156406568387
26,0,0.0032360516919535906,-0.0004381646397840361,-0.006243068579447642,0.006106469000047144,0.00038977244563815304
26,1,0.0028971148477369424,-0.000251235633089153,-0.005122718478937605,0.004316919623774257,0.0021567188105666387
26,2,0.000391658145807743,0.000785053989180809,-0.0086153761203475,0.0058002409343998005,0.0010979790383402826
26,3,0.0014665708926910215,0.0003921588654120863,-0.00614844138301397,0.006606923471834075,0.0005137997498456374
26,4,-0.0014647069217602403,0.0073407310426181925,0.02649728429917874,-0.0009080380170358745,-0.003425121602639439
26,Aggregated,-0.0003670099643290607,0.006797670833926497,0.02430912695716716,-0.0005198636286990956,-0.0024393216540601875
26,Centralized,-0.0003670099643290607,0.006797670833926497,0.02430912695716716,-0.0005198636286990956,-0.0024393216540601875
27,0,0.007047319413814889,-0.01462178307446135,0.011418422093883019,-0.0029139794848405355,-0.0015793471114526206
27,1,0.005011070644297065,-0.012910088722674897,0.009937353471922535,-0.0016506892361418538,-0.0025241407388900184
27,2,0.005550878646890105,-0.013000625020764692,0.008969648000948825,0.0006927572621121999,-0.001887657152487357
27,3,0.0054781419386492345,-0.014809224502402046,0.010569109977242332,0.0003141661365406556,-0.003869689596919526
27,4,0.008909975244156591,-0.013577741589915834,0.03340717694797427,-0.00948932359789509,-0.015850115040884506
27,Aggregated,0.0077836543172919185,-0.013091832344725085,0.033119104873362795,-0.00928627938137213,-0.015699993861638308
27,Centralized,0.0077836543172919185,-0.013091832344725085,0.033119104873362795,-0.00928627938137213,-0.015699993861638308
28,0,0.00017497521776905684,0.006570289999864782,-0.010252321142923767,0.0017886739941838426,0.0022809216292484324
28,1,0.0015611166550562189,0.006089196875981537,-0.007021578063119997,-0.00020171570838629915,0.0017066387609967575
28,2,0.001662511419707376,0.005004038563777698,-0.008853256674205053,-0.0011513681908672617,0.004035282324599672
28,3,0.0029704650640326163,0.004626856712495243,-0.007280420965059931,-0.0007623180145889817,0.0035438819760698894
28,4,-0.008069463773218774,0.009689443865158045,0.017141554749481498,-0.015380433166475582,-0.0006934017238888655
28,Aggregated,-0.008061773653161694,0.009984564083037412,0.01723745637401987,-0.01572224353432454,-0.0006330157048253728
28,Centralized,-0.008061773653161694,0.009984564083037412,0.01723745637401987,-0.01572224353432454,-0.0006330157048253728
29,0,-0.0034698932414696914,-0.010687866810660453,0.014544518575528943,0.007786487336569796,-0.010596751948610763
29,1,-0.003838211840633507,-0.01433758939574567,0.018225676460129143,0.007586790928908055,-0.010500315996521398
29,2,-0.004580358169867854,-0.01163905572779511,0.01867047718150369,0.007515680718916506,-0.01016735924001958
29,3,-0.00793606379949828,-0.007895886407607123,0.017642906125441987,0.009606044193409576,-0.013487569042732036
29,4,-0.0025973584370079738,-0.00912690148663184,0.022847432401215215,0.011007774983131475,-0.016151107801655514
29,Aggregated,-0.004869738706678507,-0.010672167531951831,0.02125874931626197,0.009208035938303232,-0.01514627979791072
29,Centralized,-0.004869738706678507,-0.010672167531951831,0.02125874931626197,0.009208035938303232,-0.01514627979791072
30,0,-0.009654495791584842,0.006258773939621278,-0.0035855212788556234,0.0008896809023463116,0.008701632684886136
30,1,-0.009618071072616096,0.007534107773672473,-0.004117626177286661,0.001303022228476387,0.0078079312976700455
30,2,-0.010146375894746784,0.006698989848141795,-0.004557884018567315,0.001188332184281398,0.009025005486461369
30,3,-0.008605316731573194,0.005255615736280199,-0.005265145506491749,-0.0014838566054554262,0.01095945553370505
30,4,-0.012280987108854776,0.006111202933441852,0.0022823827348263936,0.0005726378302799336,-0.0070183609484638565
30,Aggregated,-0.010102839962408076,0.007902615235883632,0.003012690812860174,0.0024819438255129205,-0.006723003089199996
30,Centralized,-0.010102839962408076,0.007902615235883632,0.003012690812860174,0.0024819438255129205,-0.006723003089199996
31,0,0.015353495733300426,0.0025652779200883787,-0.020085444199494828,0.013513303306258082,0.010936906743936164
31,1,0.013877393474035918,0.00421835573341712,-0.017212982550792736,0.010265329605576487,0.010384886921144532
31,2,0.015412047828896453,0.005697708521191717,-0.01992735933180411,0.010865406080630932,0.011104758297368098
31,3,0.015012319324269989,0.0077250849015120665,-0.017798818975399547,0.010672663183919195,0.014000599973868563
31,4,-0.00021795939034905215,-0.00043141006533954087,0.0035165731699412606,-0.012758430349370931,0.01637914424318515
31,Aggregated,0.0014416355845432622,-1.2309250048964566e-05,0.0038417414682089257,-0.014008426909040979,0.016652303347435716
31,Centralized,0.0014416355845432622,-1.2309250048964566e-05,0.0038417414682089257,-0.014008426909040979,0.016652303347435716
32,0,-0.014710827971250213,-0.002370802574939837,-0.015540041233936366,0.010404189614411164,0.015247836546827986
32,1,-0.013451444891943677,0.0033460621652278725,-0.013147143822374674,0.012617503218312398,0.02152075008517146
32,2,-0.021409792070825117,-0.005522774201861818,-0.02460131962437079,0.016025661972901666,0.018865964683688306
32,3,-0.02378435931519287,0.0015758002634817896,-0.018467467212081718,0.013505124950922579,0.016277528725137633
32,4,-0.024288607787830672,0.0035376071151943097,0.01884420930073632,0.008907219795762148,0.020398997768161987
32,Aggregated,-0.026615132818650734,0.002416121897038953,0.015339573101552562,0.005797995140640516,0.018688105167598838
32,Centralized,-0.026615132818650734,0.002416121897038953,0.015339573101552562,0.005797995140640516,0.018688105167598838
33,0,0.0051828882083484575,-0.004282561525182378,0.00024952560546396646,-0.0061340685389069775,-0.0033182550279832377
33,1,0.0005660983240416103,-0.007971614189957158,-0.00413993443158833,-0.010711147083459464,-0.004251297410003929
33,2,0.006546403980256477,-0.0017820534686169508,0.0027132201619165528,-0.008035173763564385,-0.001675343824694354
33,3,0.003141730202303697,-0.005249056030218506,0.0012674135487190374,-0.007273181208929155,-0.0015606948009747785
33,4,0.0003363415910871276,-0.013381273001413138,0.019467710864888573,-0.02272175599896376,-0.00691625512849565
33,Aggregated,0.0035128732000992645,-0.00828293849011376,0.01778583529930917,-0.019681094500226235,-0.007450552226566363
33,Centralized,0.0035128732000992645,-0.00828293849011376,0.01778583529930917,-0.019681094500226235,-0.007450552226566363
34,0,0.004619381824418719,-0.0016277736594188584,-0.003251165537908914,0.001156091001339804,0.002707509051003067
34,1,0.005328078940237086,-0.004082054353695288,-0.0017213721619847124,-4.196566360089767e-05,0.0037707191488126706
34,2,0.005587850194980702,-0.003453584549969438,-0.002843695498409457,0.0007726087524391218,0.0027146242274569067
34,3,0.0034845810470402277,-0.003942641960702506,-0.002015132874166488,0.0014696911195717587,0.0036707579211029536
34,4,0.003146442447990794,-0.008252131005163183,0.0120080628374364,-0.0042992741007760165,-0.002907662077492974
34,Aggregated,0.003076396562609938,-0.008001559084128794,0.01238537744779359,-0.004353480992654888,-0.0027481934395378344
34,Centralized,0.003076396562609938,-0.008001559084128794,0.01238537744779359,-0.004353480992654888,-0.0027481934395378344
35,0,0.00962836237935399,0.002833989868698391,-0.01629462922450185,0.016082960650022193,-0.00551996113296048
35,1,0.00997866529632095,0.00661307232267526,-0.017179857950060027,0.014992141291270878,-0.007301847762581251
35,2,0.006212098755185389,0.00561850529505754,-0.01501558708838329,0.01955055455735174,-0.003426708126137839
35,3,0.010780220025919033,0.0059603473377517115,-0.01964622201348276,0.016517706180269855,-0.007685882579803893
35,4,0.0008960707923759155,0.0033250738933105223,0.0005243894925798908,0.011758260606401078,-0.00531106244459652
35,Aggregated,0.0028836434777323905,0.003050629969817789,-0.004380748413286095,0.01351654838208568,-0.004248420930250418
35,Centralized,0.0028836434777323905,0.003050629969817789,-0.004380748413286095,0.01351654838208568,-0.004248420930250418
36,0,0.0123860477029079,-0.005344910147536397,-0.0020853145304580646,-0.00196982438339974,0.0272097981896124
36,1,0.011137726375254803,-0.0035720676256672146,-0.0018516469292834533,-0.0016957013945066704,0.023567130295922247
36,2,0.011711509624772527,-0.00442118072546652,-0.002839994844611633,-0.0025487144442050405,0.024280259221578067
36,3,0.013663158786162715,-0.00018701317705884605,-0.0004439285661914344,-0.002917274475620667,0.02458469464829604
36,4,0.002148052397104937,-0.004089236270573002,0.011802353152870603,-0.022560288376992296,0.02349864884333813
36,Aggregated,0.0029617525075175148,-0.0032834296440800966,0.012522827914138352,-0.022378751168929602,0.022820089874833853
36,Centralized,0.0029617525075175148,-0.0032834296440800966,0.012522827914138352,-0.022378751168929602,0.022820089874833853
37,0,0.005858833015117032,-0.013174850936508461,0.003212102988063765,0.007565294409651387,0.008242350998026506
37,1,0.0009751500339176711,-0.011801128916058343,0.0016210420838505574,0.009211368865176114,0.008817687050547592
37,2,0.0009772744260113154,-0.011650862883721783,0.0037127774980585124,0.010741582015236588,0.009094509007830149
37,3,-0.000790602771564176,-0.012888481337540777,0.003066042616658173,0.006374577643080932,0.009265337998263205
37,4,-0.006713001186085224,-0.019323244716971902,0.01623840073279785,0.0039197665321044845,0.00992480960981789
37,Aggregated,-0.004489645811914259,-0.020324805837030408,0.016523961433880133,0.0007925035128506637,0.009522974375884669
37,Centralized,-0.004489645811914259,-0.020324805837030408,0.016523961433880133,0.0007925035128506637,0.009522974375884669
38,0,-0.0023896082571713247,-0.004944993277963857,-0.0021219069109122387,0.00043140785125457364,0.010123409975235375
38,1,1.6833339290472003e-05,0.0016574281439290636,-0.0012894382728847159,-0.005647576687301603,0.014718856028277801
38,2,0.0012984377352315464,-0.001228742466219947,-0.004686003769783222,-0.003815517843279557,0.007904940660016152
38,3,-0.0002574321486530214,-0.000830638499299452,-0.001498086554131948,-0.003361994734937853,0.01477585342336343
38,4,-0.0042482983487707165,-0.0015982768806790282,0.04001083406360687,-0.02222458551882011,0.00270211971980497
38,Aggregated,-0.0038122903770778055,-0.005623334955448511,0.03959376070029877,-0.01946943392321678,0.0010798090666514345
38,Centralized,-0.0038122903770778055,-0.005623334955448511,0.03959376070029877,-0.01946943392321678,0.0010798090666514345
39,0,-0.006568519250133491,-0.017355721273424773,0.006665042832737524,-0.011070598381500242,-0.01415448849251962
39,1,-0.007364376357477979,-0.018719080906453602,0.005395252358539287,-0.010947306533568957,-0.0154168784193997
39,2,-0.005241879027488959,-0.017077411945461196,0.009080900628804582,-0.0113983977433169,-0.014081425370427508
39,3,-0.006067425768778236,-0.019253197711577786,0.008425526625536962,-0.0112214488081311,-0.018381685468333932
39,4,-0.02266353891515773,-0.03479589244916869,0.0406940881618706,-0.024857726367710633,-0.02779899290288674
39,Aggregated,-0.021910249776274784,-0.03396257739364387,0.041110515762444656,-0.024004913004539295,-0.027394393742394104
39,Centralized,-0.021910249776274784,-0.03396257739364387,0.041110515762444656,-0.024004913004539295,-0.027394393742394104
40,0,0.010890348192499283,0.00510960881812094,0.005900731453479443,0.014160120959095822,0.009210169960894762
40,1,0.009436227972064882,0.0039013192602210976,0.004571223036348279,0.01710295197991707,0.008156142749389514
40,2,0.009782845314882988,0.003236129218569274,0.005377689828082775,0.016247133212786532,0.007576088776838958
40,3,0.01182124589925418,0.0003103061598849433,0.005517334214950759,0.019129758007752337,0.006182642707429209
40,4,0.0008149320816464513,-0.006441389831868966,0.04160995739685299,0.009710155196196217,-0.0006066772081040404
40,Aggregated,0.00014651858021396403,-0.004917342011990663,0.04130654896406028,0.007777838157004197,-0.0005566211267499316
40,Centralized,0.00014651858021396403,-0.004917342011990663,0.04130654896406028,0.007777838157004197,-0.0005566211267499316
41,0,0.0193178005381193,-0.009508439023287933,-0.0005954057227240332,0.019163258061843543,-0.011119723546788174
41,1,0.017961626933436413,-0.007546079101617939,0.0014842385255915405,0.025659543162015366,-0.009891593445862283
41,2,0.019656988655849927,-0.00578453469998314,0.0025817284572131607,0.02275112506544803,-0.018064582139530286
41,3,0.022479390114391744,-0.006598292397561817,0.0019402271902701552,0.02194696758664821,-0.0148661252854823
41,4,0.011349388472358576,-0.01621925574225007,0.047533944665771204,0.013551771211355272,-0.02179122537536732
41,Aggregated,0.009788695577795563,-0.017909346190291955,0.04694991125921158,0.015302883346150346,-0.024600171647262397
41,Centralized,0.009788695577795563,-0.017909346190291955,0.04694991125921158,0.015302883346150346,-0.024600171647262397
42,0,-0.006881987757763512,0.0021974809677047734,-0.008480461091270448,0.010802500953387207,-0.00878499423267729
42,1,-0.00668968197806949,-0.0009798832992240316,-0.013506386839616337,0.010921923922875295,-0.019040273220849082
42,2,-0.007526474070192256,0.00018406565583361142,-0.010649513331876888,0.008422136200334829,-0.011031550559507339
42,3,-0.010357340103785322,0.005946595377237226,-0.01369159534083535,0.015873791977414668,-0.016163421056166395
42,4,-0.009967878596109236,-0.0035317176661361295,0.030903772411007127,0.013271567284705932,-0.023981344558308814
42,Aggregated,-0.010088364435255516,-0.005875424113394709,0.03248937656209506,0.011260728081150022,-0.02363932420310204
42,Centralized,-0.010088364435255516,-0.005875424113394709,0.03248937656209506,0.011260728081150022,-0.02363932420310204
43,0,-0.007389128887539205,-0.00308938316691021,0.030817073079745953,-0.029581537845828128,0.0028860151540619854
43,1,-0.002536770916165365,0.0005954031737513771,0.03391449387554573,-0.021294250564757103,0.004577615154974155
43,2,-0.004809286061561554,0.0002262978268254871,0.0349963728953599,-0.027981422129516886,0.0031307839410884036
43,3,-0.004128676939533467,-0.0008977069820704092,0.031602009106164376,-0.024692221773507283,-0.0007543666648164582
43,4,-0.019464109529477826,-0.009047673688004578,0.06034634514841392,-0.03183733161487426,-0.004319762825766029
43,Aggregated,-0.019518208905473212,-0.006649936564980158,0.061463421975886535,-0.03645812804339496,-0.0037864396625650544
43,Centralized,-0.019518208905473212,-0.006649936564980158,0.061463421975886535,-0.03645812804339496,-0.0037864396625650544
44,0,0.004746453019159927,0.010334926011700784,0.004201592106652702,0.011148426454481181,0.004718020055957508
44,1,-0.0002906711686591716,0.016742999154672398,-0.005557772897496187,0.014542732724625574,0.005364472363572727
44,2,0.00158504454957931,0.015097065895925172,0.00021982761756610957,0.015079208936472126,0.0031103606384490262
44,3,0.007632971071048974,0.011624891613394606,0.006712856026244102,0.010890034031691956,0.004635425233120895
44,4,-0.00962656197603075,0.005591165818207672,0.040808811654149166,-0.0011046974139664934,-0.0028575043329524875
44,Aggregated,-0.010654252437144853,0.009378841509294012,0.040766783812414636,0.0036615906781881074,1.9191091019719424e-05
44,Centralized,-0.010654252437144853,0.009378841509294012,0.040766783812414636,0.0036615906781881074,1.9191091019719424e-05
45,0,0.001160426723592825,-0.016625140896647704,0.0068282490114242676,-0.0014833845092029905,-0.014889897864764442
45,1,-0.0008884817179293005,-0.01817957349514646,0.0038591316832196306,-0.009355246020500847,-0.018633220753886882
45,2,-0.0017024167718742858,-0.017011321954522075,0.004461531486677795,-0.009223712929087946,-0.01651409111620384
45,3,-0.000597040166828199,-0.016298059861500718,0.009130133444051865,-0.003926150457033416,-0.020999579923298796
45,4,-0.004439765434041365,-0.017871171871149193,0.03890008865873686,-0.015175335469326878,-0.029580262968374602
45,Aggregated,-0.003855945876383939,-0.020587001923665724,0.03699371234089777,-0.0171858803866593,-0.02520852718202522
45,Centralized,-0.003855945876383939,-0.020587001923665724,0.03699371234089777,-0.0171858803866593,-0.02520852718202522
46,0,0.0009318250373353284,-0.017856894075718117,0.009485257381310334,0.022295922044544097,0.008010132998330057
46,1,0.0012089252487434163,-0.0166933193629974,0.0007825667948998731,0.02192644924327418,0.01969165330244334
46,2,0.005128242903057832,-0.01740837605750355,0.011762805017811014,0.027689673590641763,0.013472010764029667
46,3,0.00020914141882757604,-0.018858500068932773,0.004589398764652924,0.02720796138635046,0.006769085105420747
46,4,0.000685658417481036,-0.025864116291207672,0.030296217351354328,0.013526118262820906,0.008475998355165989
46,Aggregated,2.4135116930389574e-05,-0.027327025489242315,0.03112818128239406,0.014927576665066094,0.008709492711255215
46,Centralized,2.4135116930389574e-05,-0.027327025489242315,0.03112818128239406,0.014927576665066094,0.008709492711255215
47,0,0.0016294825269549489,-0.004630460024682935,0.00856111420966471,-0.001707106638962443,-0.0018160097008280234
47,1,0.004041772548137681,4.4004822944752424e-05,0.008171704256749575,0.00034909258621731813,0.0029079796623486696
47,2,0.007113630054726148,-0.004544642732570977,0.00809235026072057,-0.005577609878248294,-0.004302441469542676
47,3,-0.0015473604842794826,-0.005276453743601425,0.01420550761943342,0.0011903086161259033,-0.0011401529227367609
47,4,-0.0033097784564178,-0.00583586202163859,0.03622220077501934,-0.006733415534019307,-0.007162296514242045
47,Aggregated,-0.0013942309533493977,-0.00422097394875067,0.035941166265602974,-0.01055746243123834,-0.007200418223566709
47,Centralized,-0.0013942309533493977,-0.00422097394875067,0.035941166265602974,-0.01055746243123834,-0.007200418223566709
48,0,0.009915949993525124,-0.003295913348589079,-0.0051873487177259685,0.00945106500968134,-0.030161054995565584
48,1,0.003617393695836297,-0.005176668147888623,-0.006058801709594136,0.007971292023373058,-0.030069673276162
48,2,0.005965686641129416,-0.005967564866047562,-0.007677299700776741,0.008641404531249527,-0.027510660889095005
48,3,0.009785644883474293,-0.0036337017566294484,-0.007600850048455779,0.014514776254564533,-0.03606539708351619
48,4,0.0022178850040985337,-0.0017270089915143874,0.005757939885031206,0.008061803135962381,-0.044213214609197984
48,Aggregated,0.000867629725980527,-0.004313840345098063,0.005355662385766487,0.005385540590821776,-0.04392948766257792
48,Centralized,0.000867629725980527,-0.004313840345098063,0.005355662385766487,0.005385540590821776,-0.04392948766257792
49,0,-0.006686780017405985,0.008226987870699393,0.00041685785345087857,-0.007640918230760396,-0.004645649727755652
49,1,-0.005262565894384256,0.009584410907965173,0.00218137009910922,-0.010228692972172547,-0.004410223971681003
49,2,-0.006771060946882799,0.008639601811501505,0.0009514136416147179,-0.009181828392716243,-0.0063986559203797755
49,3,-0.007781588738334723,0.009793372025722598,-0.0013425788986435778,-0.009766702906502675,-0.006560398473383568
49,4,-0.017797744249299873,0.0073858436248244045,0.027012539569617577,-0.02060066753501096,-0.01189849397771001
49,Aggregated,-0.018488104946431584,0.007495926636602762,0.026119626980656074,-0.016059888953992105,-0.008013644077432347
49,Centralized,-0.018488104946431584,0.007495926636602762,0.026119626980656074,-0.016059888953992105,-0.008013644077432347
50,0,0.01454258451096695,-0.007608228324206303,-0.005309482385499798,0.015904004669648784,0.013244420186052442
50,1,0.015587295237672442,-0.01224615910663482,-0.009861074512330618,0.017503822692647955,0.012987538213757897
50,2,0.015383410799107584,-0.0133860017289576,-0.00579091887048355,0.02174368216589096,0.011445508338747131
50,3,0.02031561345031139,-0.004916815375173589,-0.002962358007881344,0.015917748904209158,0.014308094232552067
50,4,0.01763284417000343,-0.007567275393432338,0.02499857927001963,0.01040366445025275,0.001562579602070957
50,Aggregated,0.017696291160750353,-0.010358368435527027,0.019554729552674323,0.011483477348796825,0.004691695337129614
50,Centralized,0.017696291160750353,-0.010358368435527027,0.019554729552674323,0.011483477348796825,0.004691695337129614
