,BeforeEvaluation,BeforeSV,AfterSV,BeforeGradientRewards,AfterGradientRewards,AfterEvaluation
0,1786840695.9566658,,,,,
1,1786840723.965231,1786840702.7480946,1786840723.4416015,1786840723.4421146,1786840723.9644754,1786840724.600758
2,1786840769.1162038,1786840747.993344,1786840768.7775207,1786840768.777806,1786840769.1156979,1786840769.8175147
3,1786840814.4687734,1786840793.2833009,1786840814.134707,1786840814.1350029,1786840814.4682589,1786840815.1706843
4,1786840859.6362028,1786840838.4880517,1786840859.2306461,1786840859.2309268,1786840859.6356862,1786840860.2708647
5,1786840904.705716,1786840883.5783055,1786840904.3721516,1786840904.3724182,1786840904.705185,1786840905.4053357
6,1786840949.8918948,1786840928.7228506,1786840949.4893298,1786840949.4895978,1786840949.8914065,1786840950.5269442
7,1786840995.080753,1786840973.8744602,1786840994.6748216,1786840994.6750908,1786840995.0802376,1786840995.7177246
8,1786841040.195112,1786841019.06279,1786841039.8615754,1786841039.861851,1786841040.194595,1786841040.8938737
9,1786841085.3174207,1786841064.2213597,1786841084.9843605,1786841084.9846222,1786841085.3169127,1786841086.0184639
10,1786841130.568567,1786841109.4291706,1786841130.160471,1786841130.1607423,1786841130.5680535,1786841131.201158
11,1786841175.7994552,1786841154.548643,1786841175.3986397,1786841175.398914,1786841175.798938,1786841176.4348893
12,1786841220.8965442,1786841199.724976,1786841220.5001736,1786841220.5004463,1786841220.8960223,1786841221.5974996
13,1786841266.1532295,1786841244.9871294,1786841265.7556367,1786841265.7559037,1786841266.1526802,1786841266.7892256
14,1786841311.4416208,1786841290.2133565,1786841311.1078722,1786841311.1081345,1786841311.4410954,1786841312.1401176
15,1786841356.5549347,1786841335.4420002,1786841356.2204576,1786841356.2207289,1786841356.5544198,1786841357.2537518
16,1786841401.8277729,1786841380.665697,1786841401.4957626,1786841401.4960263,1786841401.827248,1786841402.526518
17,1786841447.0286088,1786841425.8450022,1786841446.6222243,1786841446.6224916,1786841447.0281017,1786841447.662608
18,1786841491.9544857,1786841470.8288689,1786841491.5515146,1786841491.551792,1786841491.9540195,1786841492.588995
19,1786841537.142118,1786841515.8467822,1786841536.7322958,1786841536.7325635,1786841537.1416056,1786841537.7775984
20,1786841582.134183,1786841560.9734833,1786841581.7342856,1786841581.7345538,1786841582.1337488,1786841582.7664
21,1786841627.1806092,1786841605.9317381,1786841626.7788672,1786841626.7791312,1786841627.1801035,1786841627.818345
22,1786841672.289756,1786841651.0267768,1786841671.8855531,1786841671.8858232,1786841672.2892282,1786841672.924095
23,1786841717.2085097,1786841696.0551355,1786841716.8023314,1786841716.8026004,1786841717.2079883,1786841717.8439827
24,1786841762.2312562,1786841741.11125,1786841761.8303316,1786841761.8306024,1786841762.2308226,1786841762.8656065
25,1786841807.2291768,1786841786.0709198,1786841806.8241653,1786841806.8244364,1786841807.228647,1786841807.8639982
26,1786841852.2562115,1786841831.1304438,1786841851.9217713,1786841851.922033,1786841852.2556806,1786841852.955073
27,1786841897.2633579,1786841876.1541414,1786841896.8638275,1786841896.8641005,1786841897.2628417,1786841897.8961563
28,1786841942.1993268,1786841921.0612984,1786841941.7941415,1786841941.7944174,1786841942.1988175,1786841942.8322427
