,BeforeLocalTraining,AfterLocalTraining,BeforeLocalPartialEvaluations,AfterLocalPartialEvaluations,BeforeEvaluation,AfterEvaluation
1,1782858923.1955116,1782858923.2256021,1782858924.3358536,1782858924.5962653,1782858924.6218095,1782858924.626444
2,1782858924.6720953,1782858924.7003179,1782858925.8081362,1782858926.0687275,1782858926.093284,1782858926.097797
3,1782858926.1439228,1782858926.1709762,1782858927.1276264,1782858927.3905735,1782858927.4154177,1782858927.4201024
4,1782858927.4604895,1782858927.4879432,1782858928.5539994,1782858928.8142748,1782858928.8388808,1782858928.8435655
5,1782858928.896205,1782858928.9233596,1782858929.8809211,1782858930.139127,1782858930.1640003,1782858930.1683996
6,1782858930.215909,1782858930.2435875,1782858931.32128,1782858931.582511,1782858931.6081028,1782858931.6126132
7,1782858931.6544776,1782858931.6823096,1782858932.6389022,1782858932.8988879,1782858932.9236288,1782858932.9285622
8,1782858932.971191,1782858932.9978411,1782858934.0619817,1782858934.3284762,1782858934.3535478,1782858934.358188
9,1782858934.3965206,1782858934.427205,1782858935.3883083,1782858935.6514819,1782858935.6766183,1782858935.681069
10,1782858935.7203588,1782858935.7476041,1782858936.7065558,1782858936.9661055,1782858936.990698,1782858936.9956036
11,1782858937.037285,1782858937.0642996,1782858938.1328661,1782858938.3941402,1782858938.418837,1782858938.423407
12,1782858938.4746127,1782858938.5049784,1782858939.4571295,1782858939.7220333,1782858939.7469835,1782858939.751525
13,1782858939.7917035,1782858939.8195484,1782858940.9097857,1782858941.168555,1782858941.1931663,1782858941.1979687
14,1782858941.2382414,1782858941.2652168,1782858942.2290423,1782858942.488254,1782858942.5132127,1782858942.517765
15,1782858942.571439,1782858942.5991635,1782858943.5579927,1782858943.8196914,1782858943.8442848,1782858943.848726
16,1782858943.888642,1782858943.9155812,1782858944.9836416,1782858945.2480915,1782858945.2725122,1782858945.2772782
17,1782858945.3262174,1782858945.3566759,1782858946.3160958,1782858946.5749722,1782858946.5998256,1782858946.6042788
18,1782858946.648259,1782858946.6749437,1782858947.7418737,1782858947.9989648,1782858948.023979,1782858948.028403
19,1782858948.0742128,1782858948.1010234,1782858949.0597918,1782858949.3250146,1782858949.350202,1782858949.3550828
20,1782858949.3931367,1782858949.4227471,1782858950.4816377,1782858950.7416053,1782858950.7664,1782858950.7708397
21,1782858950.8156693,1782858950.8486686,1782858951.8077197,1782858952.0664103,1782858952.0912492,1782858952.0957146
22,1782858952.1430883,1782858952.1742554,1782858953.1294675,1782858953.387602,1782858953.4123597,1782858953.4171062
23,1782858953.4653015,1782858953.4923441,1782858954.5549853,1782858954.8146768,1782858954.8395834,1782858954.8441556
24,1782858954.8872497,1782858954.9154959,1782858955.8833275,1782858956.1481678,1782858956.173266,1782858956.1779876
25,1782858956.2160923,1782858956.2437215,1782858957.3124664,1782858957.5724106,1782858957.597121,1782858957.6018927
26,1782858957.6445327,1782858957.6736584,1782858958.631149,1782858958.890166,1782858958.9151375,1782858958.9195924
27,1782858958.960727,1782858958.9911397,1782858960.054866,1782858960.3157372,1782858960.3408716,1782858960.3455415
28,1782858960.3852258,1782858960.4131994,1782858961.3751261,1782858961.6347625,1782858961.6596339,1782858961.664476
29,1782858961.7178786,1782858961.7452838,1782858962.7014616,1782858962.9624112,1782858962.9877958,1782858962.9925644
30,1782858963.0403457,1782858963.0679598,1782858964.1430442,1782858964.4084444,1782858964.4333196,1782858964.4378264
31,1782858964.480222,1782858964.507924,,,,
