,BeforeEvaluation,BeforeSV,AfterSV,BeforeGradientRewards,AfterGradientRewards,AfterEvaluation
0,1785151066.4447637,,,,,
1,1785151073.403167,1785151068.687833,1785151073.3083172,1785151073.3086977,1785151073.4024048,1785151073.476796
2,1785151081.920119,1785151077.025062,1785151081.8249285,1785151081.825102,1785151081.919624,1785151082.0638623
3,1785151089.8114998,1785151085.0826826,1785151089.7167537,1785151089.716916,1785151089.810984,1785151089.8851194
4,1785151098.230317,1785151093.3554852,1785151098.135294,1785151098.1354587,1785151098.2298098,1785151098.3726106
5,1785151106.4123027,1785151101.387564,1785151106.3048964,1785151106.305123,1785151106.4117377,1785151106.4885957
6,1785151114.4732332,1785151109.6316316,1785151114.377483,1785151114.377653,1785151114.4727225,1785151114.5469441
7,1785151122.6534402,1785151117.5543458,1785151122.5565472,1785151122.5567174,1785151122.6529148,1785151122.7283654
8,1785151130.579218,1785151125.8587945,1785151130.484447,1785151130.4846077,1785151130.5786946,1785151130.651879
9,1785151138.90714,1785151133.6665814,1785151138.8098092,1785151138.8099785,1785151138.9066107,1785151138.9820933
10,1785151146.833072,1785151142.1096208,1785151146.7379446,1785151146.7381182,1785151146.8325586,1785151146.9066713
11,1785151155.1154413,1785151149.9523706,1785151154.909227,1785151154.9095562,1785151155.114911,1785151155.1896727
12,1785151163.0020843,1785151158.2384458,1785151162.9070163,1785151162.9071863,1785151163.001582,1785151163.0758204
13,1785151171.5529006,1785151166.4189954,1785151171.3875477,1785151171.3877194,1785151171.5524025,1785151171.6263335
14,1785151179.3940709,1785151174.659646,1785151179.2868974,1785151179.287062,1785151179.3935518,1785151179.4671705
15,1785151187.7269638,1785151182.7964494,1785151187.5604362,1785151187.5606022,1785151187.7265081,1785151187.800187
16,1785151195.5397403,1785151190.8265076,1785151195.4439743,1785151195.4441533,1785151195.53923,1785151195.6128864
17,1785151204.0034783,1785151199.1720378,1785151203.9082818,1785151203.90845,1785151204.0029573,1785151204.1495683
18,1785151212.248432,1785151207.1877494,1785151212.151023,1785151212.1512022,1785151212.247899,1785151212.3232455
19,1785151220.172342,1785151215.4447157,1785151220.077335,1785151220.0774999,1785151220.171824,1785151220.2462113
20,1785151228.4155226,1785151223.2694538,1785151228.3198192,1785151228.3199897,1785151228.415002,1785151228.4903448
21,1785151236.3750618,1785151231.6194172,1785151236.2809463,1785151236.2811258,1785151236.3745515,1785151236.4486349
22,1785151244.6849465,1785151239.4493074,1785151244.5881505,1785151244.5883162,1785151244.684425,1785151244.7604327
23,1785151252.618182,1785151247.8328695,1785151252.5239058,1785151252.524076,1785151252.617675,1785151252.691527
24,1785151260.9531124,1785151255.7035973,1785151260.858535,1785151260.8586922,1785151260.952621,1785151261.0269492
25,1785151268.8166816,1785151264.0365431,1785151268.7221265,1785151268.7222953,1785151268.8161824,1785151268.8897388
26,1785151277.3599243,1785151272.3690605,1785151277.1947193,1785151277.194884,1785151277.3594165,1785151277.4329433
27,1785151285.1430383,1785151280.4358149,1785151285.0490587,1785151285.0492258,1785151285.142537,1785151285.216051
28,1785151293.5521824,1785151288.6954188,1785151293.4577627,1785151293.4579275,1785151293.5516708,1785151293.6267514
29,1785151301.8277347,1785151296.6496012,1785151301.7280648,1785151301.728253,1785151301.8272011,1785151301.903837
30,1785151309.8808937,1785151305.0668242,1785151309.7866087,1785151309.7867763,1785151309.8803868,1785151309.9536614
31,1785151318.1070514,1785151312.9617734,1785151318.0105863,1785151318.0107543,1785151318.1065536,1785151318.1810148
32,1785151326.0803154,1785151321.3446362,1785151325.9861135,1785151325.986278,1785151326.0798082,1785151326.1538627
33,1785151334.3644228,1785151329.156582,1785151334.2565024,1785151334.2566986,1785151334.3638787,1785151334.4390295
34,1785151342.2973397,1785151337.509272,1785151342.203068,1785151342.2032435,1785151342.2968302,1785151342.370603
35,1785151350.6125312,1785151345.3864074,1785151350.4471078,1785151350.447282,1785151350.612019,1785151350.686517
36,1785151358.4498,1785151353.7045622,1785151358.3558712,1785151358.3560367,1785151358.4492705,1785151358.5225835
37,1785151366.916575,1785151361.9927042,1785151366.822184,1785151366.8223472,1785151366.9160526,1785151367.0612109
38,1785151374.8282669,1785151370.0915856,1785151374.7332807,1785151374.733447,1785151374.8277302,1785151374.901494
39,1785151383.2632117,1785151378.436694,1785151383.1687238,1785151383.168886,1785151383.2626972,1785151383.3362167
40,1785151391.342863,1785151386.3390415,1785151391.2274435,1785151391.2276947,1785151391.3423076,1785151391.420034
41,1785151399.3473861,1785151394.561579,1785151399.2535772,1785151399.2537441,1785151399.346878,1785151399.420908
42,1785151407.4857757,1785151402.4342654,1785151407.3135765,1785151407.3137534,1785151407.4853144,1785151407.56092
43,1785151415.4323807,1785151410.6633785,1785151415.3384464,1785151415.3386126,1785151415.4318607,1785151415.50711
44,1785151423.6153505,1785151418.5009313,1785151423.5190723,1785151423.5192492,1785151423.6148245,1785151423.6896355
45,1785151431.643078,1785151426.8383348,1785151431.5493023,1785151431.5494778,1785151431.6425712,1785151431.7165403
46,1785151439.928578,1785151434.7286718,1785151439.8302047,1785151439.8303812,1785151439.9280484,1785151440.0071447
47,1785151447.9139771,1785151443.052665,1785151447.8037636,1785151447.803925,1785151447.9134955,1785151447.9869692
48,1785151456.3386083,1785151451.2958605,1785151456.243778,1785151456.2439563,1785151456.3381097,1785151456.4122672
49,1785151464.2992527,1785151459.4500003,1785151464.2048402,1785151464.205003,1785151464.2987564,1785151464.3725367
50,1785151472.676233,1785151467.7112944,1785151472.5438359,1785151472.5439968,1785151472.6381977,1785151472.750966
