Round,Evaluator,1,2,0,4,3
0,0,,,,,
0,1,,,,,
0,2,,,,,
0,3,,,,,
0,4,,,,,
0,Aggregated,,,,,
0,Centralized,,,,,
1,0,0.07500186853197811,0.056964763596864046,0.059474052430716434,0.039828395414297973,0.06509258557546387
1,1,0.0687324684567138,0.056827270400538955,0.05709154624488489,0.03822657273230413,0.05933676276661366
1,2,0.08226181056473844,0.05786510482243539,0.0609930730430879,0.04095032522357211,0.06657183625549755
1,3,0.06679890408959513,0.058647922480824434,0.061671806599069665,0.03573675230622715,0.07116230719122725
1,4,0.0708061753146584,0.05433190537665387,0.045114433432604975,0.037361254761592355,0.058003755937687876
1,Aggregated,0.07300434304572248,0.05675935694802616,0.056616733955822986,0.03983531509159914,0.06390554165408671
1,Centralized,0.07300434304572248,0.05675935694802616,0.056616733955822986,0.03983531509159914,0.06390554165408671
2,0,-0.004636374604646059,0.017388925467431347,0.02929439550207933,0.02415958369890027,0.008743855794618555
2,1,-0.0008343456732341714,0.01848099192686782,0.03157132570463312,0.021303924304280467,0.006669944712864786
2,2,-0.0005772258045014985,0.009912870682550293,0.022394604865455928,0.016772487716521657,0.005543188578569972
2,3,-0.004573830594285531,0.008827075597142723,0.027066484640226155,0.032457678417576914,0.010897237310924377
2,4,-0.005609755323899564,0.0142604525774507,0.022920298793999063,0.027804679731265994,0.011185657508768626
2,Aggregated,-0.00335439204664037,0.013876776034833997,0.02652736840804323,0.023645799792715364,0.008285296961770888
2,Centralized,-0.00335439204664037,0.013876776034833997,0.02652736840804323,0.023645799792715364,0.008285296961770888
3,0,0.011082360179681231,-0.003459717163735181,0.0015965949912704733,0.013081326463661376,0.004551201452655094
3,1,0.011833459007005906,-0.0022523494852115284,-0.001739037194632026,0.01198472295062235,0.0024450543542431703
3,2,0.012123293783102044,-0.0056182713131219236,0.0004682737349536855,0.011933724009259255,0.0015879721953818557
3,3,0.006760601476427064,-0.00815427482009415,0.0010439678214439465,0.013978818308624378,0.005504316994106971
3,4,0.01048072390549942,-0.006866692445777794,0.005141354609736093,0.014036946845609088,0.0056812511750645965
3,Aggregated,0.010598713575654643,-0.005078043131252442,0.0013729666573906155,0.012825806968978871,0.0038528283142320622
3,Centralized,0.010598713575654643,-0.005078043131252442,0.0013729666573906155,0.012825806968978871,0.0038528283142320622
4,0,0.002516627540273252,-0.012194466316064826,0.0031396811051748437,-0.002581698873327018,-0.0058735006873896385
4,1,0.003432917579988941,-0.012721592611465967,0.0057617430536060265,-0.0038235780807830302,-0.0064733565871200405
4,2,0.0034145764190634848,-0.011774900590091305,0.0051197260208265425,-0.0028776133809336386,-0.0054642043307604835
4,3,-3.5905173554162675e-05,-0.009199431527714534,0.0006492738509843739,-0.001155512386587799,-0.004042529109960688
4,4,3.884714967710793e-05,-0.008731788786569416,0.00046150472919161134,-0.0017059802155613563,-0.004832267351649896
4,Aggregated,0.0019878085260334687,-0.01102280380441201,0.0031697867570789806,-0.0025576934279206032,-0.005385321610247814
4,Centralized,0.0019878085260334687,-0.01102280380441201,0.0031697867570789806,-0.0025576934279206032,-0.005385321610247814
5,0,0.0012129297441416506,-0.0005208080537970959,0.0055522014998327035,0.008613622659938862,0.0002567124513491892
5,1,0.001449852461850723,-0.00018787523590273008,0.00466415507862735,0.007879811610824959,-0.00017703236716260228
5,2,0.0021529827079055817,-0.0003717107590181068,0.004404809690387612,0.006557310208967934,0.000950470251371079
5,3,0.000993495565282725,-0.0006288792349997685,0.006140028459479103,0.007595614103452748,0.0003524740078014778
5,4,0.002554119202824843,0.0005779438968097628,0.00631059152027572,0.009144542518840896,0.0018956493061281314
5,Aggregated,0.0015840874511827742,-0.000300835570329519,0.005334063866855656,0.00812346910267473,0.0005691892136629693
5,Centralized,0.0015840874511827742,-0.000300835570329519,0.005334063866855656,0.00812346910267473,0.0005691892136629693
6,0,0.0010868409447887287,0.007186335991062292,0.0017005900257304834,-0.007860208194086343,-0.0014201341238875528
6,1,0.0013186221539144866,0.009121638113565209,0.00040149936590623363,-0.008745940038724857,-0.0015810912733677906
6,2,0.003135825376107923,0.007209004373596034,0.0014198308067162704,-0.00907600417686742,-0.003683656866063657
6,3,0.0008223005760993042,0.010272217836663565,0.0006637432863175464,-0.008049990352057492,-0.0025935847177899446
6,4,0.001143895702129838,0.008086244792738269,0.0005500630998297137,-0.0071755223040838294,-0.001817442556529944
6,Aggregated,0.0012817813024701141,0.008151235744337588,0.0007273760601893692,-0.007309779107968775,-0.002414808361831546
6,Centralized,0.0012817813024701141,0.008151235744337588,0.0007273760601893692,-0.007309779107968775,-0.002414808361831546
7,0,0.0005028253836546361,0.003452597319077476,0.011315353882483394,-0.0055350621623769325,0.01615154000280086
7,1,4.11892458160118e-05,0.004070354877438873,0.01320555682677074,-0.0035211258006632488,0.02042742453637831
7,2,0.0022838708235065398,0.004649879362081657,0.013660292165136804,-0.00552706268707773,0.01781838700310268
7,3,0.0007579135676114272,0.0033654513744682192,0.012675114757069665,-0.005623762008207981,0.017829038204518675
7,4,-0.0009590109127276332,0.0021737529636994147,0.013206690691557006,0.0028638909349830636,0.01839821135162754
7,Aggregated,0.00022347490453313208,0.003251923880332789,0.012555147186073166,-0.002268532728457694,0.01787161123075787
7,Centralized,0.00022347490453313208,0.003251923880332789,0.012555147186073166,-0.002268532728457694,0.01787161123075787
