,BeforeLocalTraining,AfterLocalTraining,BeforeLocalPartialEvaluations,AfterLocalPartialEvaluations,BeforeEvaluation,AfterEvaluation
1,1784804549.0511425,1784804549.0711038,1784804549.575528,1784804549.6918666,1784804549.6988308,1784804549.7028818
2,1784804549.7311754,1784804549.7515213,1784804550.185553,1784804550.2903197,1784804550.296563,1784804550.300197
3,1784804550.3313117,1784804550.349827,1784804550.8392174,1784804550.94466,1784804550.9510388,1784804550.9548073
4,1784804550.9929168,1784804551.01115,1784804551.445306,1784804551.5613039,1784804551.5674598,1784804551.5710785
5,1784804551.5972366,1784804551.614723,1784804552.132353,1784804552.2367573,1784804552.242849,1784804552.2464678
6,1784804552.2730448,1784804552.2908034,1784804552.7198331,1784804552.8261576,1784804552.832271,1784804552.8359544
7,1784804552.861341,1784804552.8797076,1784804553.3075306,1784804553.411436,1784804553.4174747,1784804553.4210787
8,1784804553.4485936,1784804553.4657845,1784804553.8968225,1784804554.0031757,1784804554.0092864,1784804554.0129533
9,1784804554.0375113,1784804554.0550745,1784804554.4899645,1784804554.5948308,1784804554.6009288,1784804554.604554
10,1784804554.6305277,1784804554.6482913,1784804555.1681945,1784804555.274225,1784804555.2803757,1784804555.2840292
11,1784804555.309699,1784804555.3274686,1784804555.7596962,1784804555.8640146,1784804555.8700705,1784804555.8737078
12,1784804555.8994572,1784804555.9170117,1784804556.3477874,1784804556.4524245,1784804556.4585655,1784804556.4622002
13,1784804556.4895415,1784804556.5071554,1784804556.9353423,1784804557.0396035,1784804557.0456681,1784804557.0492687
14,1784804557.0759292,1784804557.0933933,1784804557.521275,1784804557.62557,1784804557.6316352,1784804557.6352882
15,1784804557.6669471,1784804557.6845589,1784804558.1969407,1784804558.3023653,1784804558.3084724,1784804558.3121827
16,1784804558.3366218,1784804558.3542988,1784804558.7834077,1784804558.8883495,1784804558.8944476,1784804558.898126
17,1784804558.9252107,1784804558.943129,1784804559.3757524,1784804559.4805777,1784804559.486693,1784804559.4903693
18,1784804559.5158756,1784804559.5343804,1784804559.9656703,1784804560.0710924,1784804560.0774229,1784804560.0810997
19,1784804560.1104193,1784804560.131565,1784804560.6445136,1784804560.7503648,1784804560.7565281,1784804560.7602837
20,1784804560.8903172,1784804560.9078605,1784804561.3393893,1784804561.4443505,1784804561.4503937,1784804561.4540927
21,1784804561.4809992,1784804561.5016422,1784804561.9377618,1784804562.0441477,1784804562.050405,1784804562.0540824
22,1784804562.0791023,1784804562.0967872,1784804562.5272095,1784804562.6324131,1784804562.6386106,1784804562.6422834
23,1784804562.6671565,1784804562.6846333,1784804563.1159768,1784804563.2198994,1784804563.225974,1784804563.2296066
24,1784804563.2558117,1784804563.2741458,1784804563.7810347,1784804563.8876405,1784804563.893647,1784804563.8972867
25,1784804563.9237201,1784804563.942456,1784804564.3723063,1784804564.4767032,1784804564.4827492,1784804564.4863536
26,1784804564.5150738,1784804564.5392752,1784804564.9665718,1784804565.071289,1784804565.077392,1784804565.0813155
27,1784804565.1063423,1784804565.1244464,1784804565.55105,1784804565.6986914,1784804565.7093577,1784804565.7153816
28,1784804565.7586074,1784804565.7807255,1784804566.217728,1784804566.3287008,1784804566.3348017,1784804566.3385577
29,1784804566.3634875,1784804566.3807933,1784804566.9007194,1784804567.0072148,1784804567.0154235,1784804567.0195966
30,1784804567.045661,1784804567.0656044,1784804567.513567,1784804567.6178248,1784804567.6239464,1784804567.6275713
31,1784804567.6555417,1784804567.6732974,1784804568.1056085,1784804568.2099795,1784804568.216011,1784804568.2196255
32,1784804568.2477312,1784804568.2661586,1784804568.6952724,1784804568.8003397,1784804568.8064473,1784804568.8100386
33,1784804568.833955,1784804568.85233,1784804569.2813919,1784804569.3922827,1784804569.398742,1784804569.4026732
34,1784804569.427313,1784804569.4458737,1784804569.8741891,1784804569.9797573,1784804569.9858336,1784804569.9894795
35,1784804570.0143352,1784804570.031814,,,,
