,BeforeLocalTraining,AfterLocalTraining,BeforeLocalPartialEvaluations,AfterLocalPartialEvaluations,BeforeEvaluation,AfterEvaluation
1,1786797835.2259088,1786797835.2561913,1786797836.4587061,1786797836.7443376,1786797836.7722313,1786797836.777261
2,1786797836.8408713,1786797836.8688295,1786797838.0268445,1786797838.3049405,1786797838.3319232,1786797838.3367195
3,1786797838.4074502,1786797838.4341116,1786797839.6666079,1786797839.9488163,1786797839.9753916,1786797839.9801571
4,1786797840.0375054,1786797840.0643353,1786797841.2881207,1786797841.5704417,1786797841.5973685,1786797841.602325
5,1786797841.6614082,1786797841.6878288,1786797842.9061193,1786797843.184192,1786797843.2107034,1786797843.2154927
6,1786797843.2740562,1786797843.3000922,1786797844.5196395,1786797844.8119075,1786797844.8387895,1786797844.8438883
7,1786797844.8970764,1786797844.9235997,1786797846.0745153,1786797846.3521168,1786797846.3788354,1786797846.3836405
8,1786797846.4440005,1786797846.4853082,1786797848.1944153,1786797848.7614615,1786797848.7999163,1786797848.8052018
9,1786797848.860385,1786797848.8899512,1786797850.167187,1786797850.4455807,1786797850.4723294,1786797850.477198
10,1786797850.5430043,1786797850.6762874,1786797851.8235528,1786797852.1019485,1786797852.1291618,1786797852.134018
11,1786797852.1966834,1786797852.22406,1786797853.4364688,1786797853.7147226,1786797853.7412887,1786797853.7461061
12,1786797853.8050964,1786797853.8334048,1786797855.0489855,1786797855.3291235,1786797855.357354,1786797855.3622222
13,1786797855.4232156,1786797855.449974,1786797856.596089,1786797856.874701,1786797856.9015129,1786797856.9062583
14,1786797856.9662266,1786797856.9943805,1786797858.219126,1786797858.4968667,1786797858.5238972,1786797858.5289383
15,1786797858.585657,1786797858.612344,1786797859.8489227,1786797860.1258764,1786797860.1531618,1786797860.1582935
16,1786797860.2236419,1786797860.2514756,1786797861.4599097,1786797861.7589626,1786797861.8093283,1786797861.8176413
17,1786797861.9735842,1786797862.1420434,1786797863.9485714,1786797864.3561249,1786797864.382512,1786797864.3873234
18,1786797864.4403822,1786797864.4697127,1786797865.7014532,1786797865.9881783,1786797866.01465,1786797866.0194018
19,1786797866.0803554,1786797866.1090033,1786797867.2700958,1786797867.5576665,1786797867.5847526,1786797867.589661
20,1786797867.643607,1786797867.6715987,1786797868.8828783,1786797869.1629882,1786797869.1898284,1786797869.1946387
21,1786797869.253051,1786797869.2839122,1786797870.415273,1786797870.6930323,1786797870.7197468,1786797870.7246253
22,1786797870.7858262,1786797870.8128235,1786797872.030374,1786797872.308448,1786797872.3351111,1786797872.3400416
23,1786797872.3996267,1786797872.4268584,1786797873.634508,1786797873.9169044,1786797873.9437509,1786797873.948561
24,1786797874.009459,1786797874.0373755,1786797875.1809165,1786797875.4581165,1786797875.485176,1786797875.490136
25,1786797875.553448,1786797875.5816867,1786797876.9005892,1786797878.0220094,1786797878.0672073,1786797878.0752187
26,1786797878.4741726,1786797878.518472,1786797879.7195652,1786797880.007189,1786797880.033924,1786797880.0391414
27,1786797880.0991364,1786797880.128712,1786797881.3410873,1786797881.6218035,1786797881.6486225,1786797881.653604
28,1786797881.7149012,1786797881.7427878,1786797882.8872101,1786797883.170108,1786797883.1974726,1786797883.2025447
29,1786797883.2574058,1786797883.2885025,1786797884.490567,1786797884.7707746,1786797884.797656,1786797884.8025808
30,1786797884.8618448,1786797884.8964763,1786797886.0982742,1786797886.375849,1786797886.4028254,1786797886.4077137
31,1786797886.4722338,1786797886.499822,1786797887.6440773,1786797887.9262047,1786797887.9534938,1786797887.9585114
32,1786797888.023699,1786797888.0522912,,,,
