,BeforeLocalTraining,AfterLocalTraining,BeforeLocalPartialEvaluations,AfterLocalPartialEvaluations,BeforeEvaluation,AfterEvaluation
1,1782859305.6507192,1782859305.6948526,1782859307.163286,1782859307.5159922,1782859307.5417778,1782859307.5478444
2,1782859307.5988572,1782859307.6381006,1782859308.9688919,1782859309.3267696,1782859309.351788,1782859309.3578088
3,1782859309.3973453,1782859309.4372485,1782859310.7656295,1782859311.121724,1782859311.1468844,1782859311.1528738
4,1782859311.1946483,1782859311.2348797,1782859312.6667397,1782859313.025323,1782859313.0502114,1782859313.0563
5,1782859313.0940964,1782859313.135074,1782859314.4533777,1782859314.8060045,1782859314.830934,1782859314.8367853
6,1782859314.8796465,1782859314.9191985,1782859316.368882,1782859316.721629,1782859316.7468483,1782859316.7528167
7,1782859316.8017602,1782859316.8427267,1782859318.168385,1782859318.5228014,1782859318.5478237,1782859318.5538695
8,1782859318.5927572,1782859318.6326509,1782859320.0675788,1782859320.4315379,1782859320.4568613,1782859320.4632545
9,1782859320.5010872,1782859320.540296,1782859321.8696387,1782859322.2254686,1782859322.2508419,1782859322.2570176
10,1782859322.2949107,1782859322.3342745,1782859323.6622362,1782859324.0174596,1782859324.0427,1782859324.0488002
11,1782859324.0903368,1782859324.129596,1782859325.5639749,1782859325.9158561,1782859325.940975,1782859325.947128
12,1782859325.9894736,1782859326.029257,1782859327.3477383,1782859327.6984744,1782859327.7234697,1782859327.7293499
13,1782859327.780515,1782859327.823055,1782859329.2450616,1782859329.5987225,1782859329.6245646,1782859329.6305885
14,1782859329.6721482,1782859329.7124898,1782859331.036696,1782859331.38786,1782859331.4128964,1782859331.418771
15,1782859331.4719298,1782859331.5109794,1782859332.9478748,1782859333.306773,1782859333.3318202,1782859333.3378496
16,1782859333.376958,1782859333.416918,1782859334.738614,1782859335.0914588,1782859335.1165972,1782859335.1225073
17,1782859335.1671395,1782859335.2193353,1782859336.5403404,1782859336.894092,1782859336.9188933,1782859336.9247196
18,1782859336.9645562,1782859337.0035973,1782859338.4252706,1782859338.7815778,1782859338.8072433,1782859338.8133407
19,1782859338.8555012,1782859338.8942063,,,,
