,BeforeLocalTraining,AfterLocalTraining,BeforeLocalPartialEvaluations,AfterLocalPartialEvaluations,BeforeEvaluation,AfterEvaluation
1,1782859305.6491032,1782859305.6923668,1782859307.1648018,1782859307.5256274,1782859307.5522118,1782859307.5584853
2,1782859307.5982082,1782859307.6385746,1782859308.96844,1782859309.3209045,1782859309.3459966,1782859309.351815
3,1782859309.3971999,1782859309.435714,1782859310.764992,1782859311.1174135,1782859311.1425834,1782859311.148348
4,1782859311.194296,1782859311.233621,1782859312.6650276,1782859313.0183928,1782859313.043482,1782859313.049302
5,1782859313.0951128,1782859313.1371374,1782859314.455405,1782859314.8093603,1782859314.8345156,1782859314.8406641
6,1782859314.8787565,1782859314.9189422,1782859316.3685315,1782859316.7203515,1782859316.7454882,1782859316.7515295
7,1782859316.8022964,1782859316.8441231,1782859318.16766,1782859318.5226672,1782859318.5479882,1782859318.5539796
8,1782859318.5932612,1782859318.6331077,1782859320.066816,1782859320.4262428,1782859320.4510853,1782859320.4576461
9,1782859320.5024173,1782859320.544798,1782859321.8693278,1782859322.2175725,1782859322.2426906,1782859322.2485297
10,1782859322.2951055,1782859322.3338296,1782859323.662324,1782859324.014699,1782859324.040089,1782859324.0460236
11,1782859324.091233,1782859324.132537,1782859325.5627487,1782859325.9149475,1782859325.9405901,1782859325.9464703
12,1782859325.9897444,1782859326.0285559,1782859327.349338,1782859327.7012575,1782859327.7261274,1782859327.7319682
13,1782859327.7807245,1782859327.820812,1782859329.2465231,1782859329.594819,1782859329.6204798,1782859329.6263466
14,1782859329.672348,1782859329.7115078,1782859331.0370042,1782859331.3958123,1782859331.4211895,1782859331.4270627
15,1782859331.4727871,1782859331.5114534,1782859332.9482775,1782859333.298607,1782859333.3235378,1782859333.3299072
16,1782859333.3762395,1782859333.4166095,1782859334.7375472,1782859335.0937374,1782859335.1189563,1782859335.1250305
17,1782859335.1661825,1782859335.2158766,1782859336.5405855,1782859336.8932552,1782859336.9180946,1782859336.9240286
18,1782859336.9651685,1782859337.0105038,1782859338.4258335,1782859338.7752154,1782859338.8009005,1782859338.8069248
19,1782859338.8553581,1782859338.8939078,,,,
