Round,Evaluator,Classes,3,0,1,2
0,0,0,,,,
0,0,1,,,,
0,1,0,,,,
0,1,1,,,,
0,2,0,,,,
0,2,1,,,,
0,3,0,,,,
0,3,1,,,,
0,Aggregated,0,,,,
0,Aggregated,1,,,,
0,Centralized,0,,,,
0,Centralized,1,,,,
1,0,0,-0.10347481633879892,0.2132719453731056,0.17173097071046947,-0.03062252138206191
1,0,1,-0.004167000618085716,0.0790136431363459,0.05729630586327766,-0.006710849616105806
1,1,0,-0.01916164621785592,0.11984300127055993,0.12687270413081478,-0.05102344693862077
1,1,1,0.00620470508285519,0.04352032073132364,0.07341525398915945,-0.033485107389545105
1,2,0,-0.06700336700336701,0.07373737373737373,0.06026936026936027,-0.06700336700336701
1,2,1,0.006516780793833036,-0.018909246390864016,-0.038519983912049326,0.019820012534290388
1,3,0,-0.13423437713303257,0.1592411719141493,0.15511067921345853,-0.06731259594579476
1,3,1,0.03952603001910423,-0.06543475197199379,-0.03352096914280058,0.020879633558290884
1,Aggregated,0,-0.06786193649277165,0.16204956957268965,0.14759918263238672,-0.04481474643503165
1,Aggregated,1,0.01334535846265509,0.006684505786607634,0.01213237180344294,0.0018329868623791316
1,Centralized,0,-0.05448771155172103,0.1471327962563809,0.1333399707544132,-0.038865099682400865
1,Centralized,1,0.010315057579998205,0.01781542273566734,0.020455748180479117,-0.0001731031599424282
2,0,0,-0.06316066695036192,0.05909618611594497,0.01834296507103945,-0.013659672355434443
2,0,1,-0.020849418470371667,0.039391712458561816,0.01666596950909202,-0.009942687844109612
2,1,0,-0.01118707568440977,0.02996723079219611,0.01715300001036038,-0.009900097266907057
2,1,1,-0.0019414388631954587,0.02112321463685657,0.013966196236495199,0.014038960839208395
2,2,0,-0.08928571428571429,0.08928571428571429,0.08928571428571429,-0.08928571428571429
2,2,1,0.01360429862071271,-0.0006115652954985599,-0.0006115652954985599,0.018711268945074327
2,3,0,-0.13044270990775528,0.09853351412660828,0.0832557363488305,-0.05266493212997752
2,3,1,0.04544916522362854,-0.03220976314958555,0.015378247967837322,0.008289472117643878
2,Aggregated,0,-0.04757424109138528,0.05078499287846228,0.0264297513920295,-0.01759096258269782
2,Aggregated,1,0.010521188454690028,0.005330849197914528,0.011804845675920642,0.0069718725773071704
2,Centralized,0,-0.03191561305228929,0.04205703315329087,0.023717224634012806,-0.012106938151652147
2,Centralized,1,0.008013553498405851,0.008588539381511431,0.012187266548292561,0.005797675158824761
3,0,0,-0.05232861214454903,0.0592105196578997,0.0022448555278219893,-0.009126763041172667
3,0,1,-0.0274919891057953,0.030197049634717116,0.002087802462270296,-0.0047928629911921095
3,1,0,-0.01460315442688335,0.01413087558269105,0.010518970181917256,-0.019413082522297898
3,1,1,-0.012608771369521534,-0.00040874156550789925,0.0061109010187502906,-0.0057975623123959485
3,2,0,-0.07142857142857142,0.07142857142857142,0.07142857142857142,-0.07142857142857142
3,2,1,0.003094259551105751,-0.005647744713286561,-0.003094259551105751,0.005647744713286561
3,3,0,-0.1474449064522594,0.11903861003125708,0.09098880036380036,-0.06422050558079971
3,3,1,0.0278537401370213,-0.025941802210787457,0.02421215195370946,0.0073892739200843716
3,Aggregated,0,-0.04645193422181473,0.04571559120132164,0.017450000843012643,-0.02120589453733794
3,Aggregated,1,-0.0010798621256735636,-0.0009415426725270603,0.008298111304202988,0.0009620025692011027
3,Centralized,0,-0.03344882720623677,0.03481437129635246,0.01570507792780441,-0.017407662799854628
3,Centralized,1,-0.002920909455615813,0.0015870240881285709,0.008144835274285778,-0.00034601320930371937
4,0,0,-0.036437207114436966,0.057658676824365394,0.005894530441594566,-0.02241169907625412
4,0,1,-0.014171628826355392,0.032566846187598246,0.00950713623961368,-0.009611263974517345
4,1,0,-0.009616563527391958,0.01461379848257278,0.006933638369605265,-0.011930873324786087
4,1,1,-0.007694468816075374,-0.0032423463323436688,0.011286071103851944,-0.0003492559554329015
4,2,0,-0.05158730158730158,0.003968253968253968,0.0992063492063492,-0.05158730158730158
4,2,1,0.0028737993142314198,-0.0025132830549481253,-0.003234315573514714,0.0028737993142314198
4,3,0,-0.11622545693004095,0.1340935223363067,0.07224682347772332,-0.07496337373247391
4,3,1,0.020755968743452407,-0.019656486648445586,0.017759727107148793,-0.005275092169762685
4,Aggregated,0,-0.033710337360264665,0.04610991847695746,0.015492102925454521,-0.024187076840524818
4,Aggregated,1,0.0013732391523154216,0.0016663880581477527,0.009433730780585604,-0.0035569596036981043
4,Centralized,0,-0.022361510188674022,0.035942663921310264,0.012587662375649816,-0.021628917382949947
4,Centralized,1,0.00029989029471639655,0.004357422434571018,0.00903475176056659,-0.004738303801438313
5,0,0,-0.03112796061705722,0.0632062369534305,0.002520139636898409,-0.009697453890645849
5,0,1,-0.018120202023823074,0.0353565554565961,0.007575995415551827,-0.0062149059967169335
5,1,0,-0.00562484847812772,0.010978520673235756,-0.002388182552144754,-0.012489299166772883
5,1,1,-0.001954054065440155,-0.01067483589381274,0.0017606370245678016,-0.0014052713201366622
5,2,0,0.009523809523809526,0.009523809523809526,0.17142857142857146,-0.1904761904761905
5,2,1,0.003872459647930121,-0.0012345106764314977,0.0003218895172172424,-0.0029598384887158657
5,3,0,-0.15708396655815823,0.1053703157473826,0.030233284903830066,-0.12137677695019727
5,3,1,0.007941076668994398,-0.030534400050678524,0.010540068452230739,-0.0017807371654083026
5,Aggregated,0,-0.03363343979702505,0.04341730275534087,0.005925812087392604,-0.026667847655513333
5,Aggregated,1,-0.002041245333070771,-0.002072133506988761,0.005588017220928682,-0.0031571605933296085
5,Centralized,0,-0.022144701821095635,0.03272828895974514,0.003077301966801088,-0.020321678604911842
5,Centralized,1,-0.0031101599180036557,0.0007921181881675824,0.004908958216905716,-0.004145100008466333
6,0,0,-0.03631009598471111,0.05022931711464947,-0.009223166448654027,-0.017014083796625872
6,0,1,-0.021504599873444163,0.028352155759712876,-0.0044855694649649225,-0.011766375136037269
6,1,0,-0.0009752482410423183,0.01303893610566085,-0.006418275896246865,-0.005645411968371668
6,1,1,0.000644919270158704,-0.0064844422939556445,-0.0029703794113449533,0.008809902435141894
6,2,0,-0.1337301587301587,0.19007936507936507,0.27738095238095234,-0.3337301587301587
6,2,1,-0.001847185888297483,0.006829925449423864,0.006175127121227845,-0.011157866682354226
6,3,0,-0.1318253715189777,0.15624627746514266,0.05294516235834953,-0.07736606830451455
6,3,1,0.009263559593000487,-0.02281163141021511,0.011310333927659613,0.0022377378895550117
6,Aggregated,0,-0.032692619061861695,0.04759729125438472,0.003445168808321299,-0.02339102729359977
6,Aggregated,1,-0.0033071842253628836,0.0010401956362189495,0.0029163455271725095,-0.0031693174499875447
6,Centralized,0,-0.021132140263895743,0.0348725201563946,0.00037773883507391526,-0.019095719523988957
6,Centralized,1,-0.003736251831048152,0.0033262907374275084,0.0017504829206040629,-0.0040093740103987014
7,0,0,-0.029191000472368906,0.04776804101971294,-0.008288809983883797,-0.010288230563460232
7,0,1,-0.01761526650606098,0.02692498788828741,-0.0016902545498976944,-0.007619466832328735
7,1,0,0.0065449424332559665,0.009657091921682015,-0.0057757411312403155,-0.010426293223697666
7,1,1,0.008564033491980936,-0.014044314129539964,-0.0011868169034949343,0.006667097541053962
7,2,0,0.11587301587301589,0.15714285714285714,0.3730158730158731,-0.24603174603174596
7,2,1,0.005976874851173449,0.0029835295571830254,0.012376553476679467,-0.007672361611743968
7,3,0,-0.11662978490249065,0.18108766418795616,0.07305579267782376,-0.08086342565787054
7,3,1,0.006277044734372554,-0.020379897547419163,0.018851347904977406,0.004090492007925846
7,Aggregated,0,-0.02098917551146809,0.04748595701757278,0.007845625965676294,-0.021995581393208674
7,Aggregated,1,0.00028710833888597386,-0.0010818885706243126,0.007673532693134276,-0.0011708283893113976
7,Centralized,0,-0.010942523281222296,0.033153476070359594,0.005073689595969368,-0.01736974525216442
7,Centralized,1,-0.00025105446241223867,0.0013152098142298063,0.006507511827164515,-0.0022165761529761296
8,0,0,-0.019095148255545646,0.03874093573299749,-0.009708759578539136,-0.00993702789891271
8,0,1,-0.011651336896950535,0.02422212473843635,-0.006370643910110617,-0.0062001439313752
8,1,0,0.007257050491371431,0.010885428043596379,-0.00645542666451245,-0.004423129352295478
8,1,1,0.009494151708507573,-0.0055805808375613735,0.0045966306798921885,0.012958725002833885
8,2,0,0.08253968253968252,0.19047619047619047,0.2063492063492063,-0.21269841269841272
8,2,1,0.0060773498237711625,0.005361437241996068,0.007922163024846524,-0.005294453926930925
8,3,0,-0.06776568060168346,0.14415246938198137,0.026207473201691065,-0.10259426198198895
8,3,1,0.01299646732367655,-0.02596944066483528,0.01147717466100794,0.0014957986801507894
8,Aggregated,0,-0.011266516959778147,0.04049239885561848,-0.0009217578298984924,-0.021173473989396313
8,Aggregated,1,0.004089338508356353,-0.0011427357495028623,0.004444935163415308,0.0003020839106071256
8,Centralized,0,-0.0028073133668878683,0.026913608619259566,-0.0013810902349823222,-0.014628039025486464
8,Centralized,1,0.0037418566154617436,0.00044166996076583365,0.003000050793541894,-0.0006689193893134419
9,0,0,-0.025547051334512728,0.038793648594630976,-0.013892669488997542,-0.011936860738405006
9,0,1,-0.016167588566114888,0.02419268942603488,-0.009424578558158184,-0.0077935764386362445
9,1,0,0.009574240449660792,0.015617406372032914,-0.007358176961225492,-0.017833469860468215
9,1,1,0.006078894249245255,-0.0010307238096846454,0.002462781966100317,-0.007510952405660927
9,2,0,0.015873015873015872,0.03492063492063493,0.0507936507936508,-0.3682539682539682
9,2,1,0.0025607257828504557,-0.0028440188534855824,-0.00028329307063512665,-0.013499910022412576
9,3,0,-0.05330005243798347,0.1335049957100774,0.008789864098394043,-0.11817252620337919
9,3,1,0.012142538876747757,-0.023788054308881267,0.01929229505546895,0.008953641232404544
9,Aggregated,0,-0.012093393424996842,0.03922157440743737,-0.007308262280466901,-0.032192049233609826
9,Aggregated,1,0.0011131796851802283,-0.001409324564217578,0.003629924995650215,-0.004076691456763788
9,Centralized,0,-0.004599971295820192,0.02593513745429535,-0.005473347134835114,-0.024260119287969017
9,Centralized,1,0.0011362468795026726,0.0004396549595295877,0.002500326214945512,-0.004619116219015775
10,0,0,-0.021428997393374744,0.04670796611897573,-0.01386540461111263,-0.01141356411448835
10,0,1,-0.012890618651273203,0.030573436015319738,-0.009333912325763563,-0.008348905038282969
10,1,0,0.013887945531210736,0.012654253737822327,-0.004603154749571607,-0.021939044519461454
10,1,1,0.008902657695566918,-0.002662754550018224,0.005986268683516038,-0.012226171829064733
10,2,0,0.06666666666666665,0.0857142857142857,0.13333333333333333,-0.28571428571428575
10,2,1,0.0035166240409207072,-0.0018881205954153306,0.005794056753136036,-0.007422560198641413
10,3,0,-0.05670973343387139,0.13009531471418948,0.01966589738822043,-0.1072964929135528
10,3,1,0.004139629713920974,-0.031790963471708046,0.01270352730678359,0.002364873483719184
10,Aggregated,0,-0.008105139727270463,0.04142283759532628,-0.0035801442912031405,-0.031410455605626594
10,Aggregated,1,0.0004351257636315679,-0.0021911741232380905,0.0038230856351689295,-0.005786301992411632
10,Centralized,0,-0.0013016858945559724,0.026450790735382562,-0.0032362108019211855,-0.025143856865827884
10,Centralized,1,0.0005383095740974508,-0.0005466248087560391,0.0026751193815823804,-0.006418143911125292
11,0,0,-0.018954018026628505,0.04410082953404081,-0.012573922255800498,-0.01257288925161181
11,0,1,-0.013601416624003557,0.02750400778977366,-0.004835124784103871,-0.009067466381666231
11,1,0,0.0184906676835237,0.014455502248346574,-0.014426776447933906,-0.008976593313020568
11,1,1,0.019067783871727483,0.0021757831400185668,-0.010043661871795626,0.001229473391123087
11,2,0,0.1333333333333333,0.15238095238095234,0.19999999999999996,-0.21904761904761907
11,2,1,0.0070332480818414145,0.0016285034455053766,0.009310680794056744,-0.0039059361577207055
11,3,0,0.004552035898204927,0.1224828973073272,-0.020824886030441164,-0.10621004717509097
11,3,1,0.009285342135231365,-0.024909946645672875,0.011250982466350654,0.004373622044090854
11,Aggregated,0,0.003164179986072509,0.041237774402551636,-0.011367531886850853,-0.024857597275030213
11,Aggregated,1,0.00469633180360137,0.0008326554300936441,0.002030402051650912,-0.0017635731146730558
11,Centralized,0,0.00671081959793741,0.028842627493307044,-0.008633640799202563,-0.016976075713390725
11,Centralized,1,0.004674587200261963,0.0021731663200673843,0.0007481074974156806,-0.0022263982761973242
12,0,0,-0.02298008451839083,0.04876455008012234,-0.013987668856140547,-0.011796796705590964
12,0,1,-0.018701426300863994,0.031950079490881994,-0.005240756528828559,-0.008007896661189442
12,1,0,0.019989657396073113,0.010408244308220663,-0.011666340568530756,-0.01873156113576302
12,1,1,0.022824734728279877,-0.015419990765878225,-0.0036407377740192795,-0.0037640061883823703
12,2,0,0.0,0.019047619047619053,0.06666666666666667,-0.3523809523809524
12,2,1,0.0,-0.005404744636336038,0.002277432712215329,-0.01093918423956212
12,3,0,0.0017309160949511803,0.12935884372287884,-0.024194547330512236,-0.09265019824230347
12,3,1,0.005910901071719386,-0.02174283124053473,0.017171394392474365,0.011243468743625279
12,Aggregated,0,-2.46394462210843e-05,0.04019793271893243,-0.012972573832871415,-0.029323784196356638
12,Aggregated,1,0.001527922383534358,-0.0023271646146628827,0.003422760299101047,-0.0020905867362669196
12,Centralized,0,0.002719271985581584,0.027431319092648714,-0.009480214712373406,-0.022383654269610975
12,Centralized,1,0.0014903660015186393,0.00011725350179192517,0.002289186416292943,-0.002835400493948703
13,0,0,-0.014947642049176016,0.041322159146112945,-0.014124474862725148,-0.012250042234211778
13,0,1,-0.012260994641651285,0.02500002727742968,-0.005106368465154211,-0.007632664170624183
13,1,0,0.01555508999805505,0.006760079048803047,-0.01479972572585799,-0.007515443321000108
13,1,1,0.014125099880967976,-0.018491394301898667,-0.0010653881643771235,0.005431682585307814
13,2,0,0.1333333333333333,0.15238095238095237,0.19999999999999998,-0.21904761904761902
13,2,1,0.0070332480818414145,0.0016285034455053766,0.009310680794056744,-0.0039059361577207055
13,3,0,-0.017030869845269105,0.10339083405469572,-0.021127665124860074,-0.0652322990845665
13,3,1,-0.0005224247218341693,-0.023533059130002865,0.015494257464987634,0.0085612263868494
13,Aggregated,0,0.0009215032118623219,0.03432569335383399,-0.012208868957186673,-0.019242360823219
13,Aggregated,1,0.0011188342767627943,-0.0037702855398134955,0.005096889868104172,0.000740894780090155
13,Centralized,0,0.0039994872963057355,0.02340604035964484,-0.008890974809402366,-0.013556042423556874
13,Centralized,1,0.001075066316085782,-0.0017408164961638661,0.003246097710292976,0.0001164681528056007
14,0,0,-0.0106365338420977,0.0404068382336025,-0.025453163784836853,-0.004317140606667945
14,0,1,-0.009284648664529918,0.026263729865698637,-0.0161103831865617,-0.0008686980146070203
14,1,0,0.01726153777270344,0.012400817053064997,-0.017769856794444695,-0.011892498031323742
14,1,1,0.012473794173097361,-0.010058248941711654,-0.002854384964601044,0.0004388397332153367
14,2,0,0.0,0.019047619047619053,0.06666666666666667,-0.3523809523809523
14,2,1,0.0,-0.005404744636336038,0.002277432712215329,-0.01093918423956212
14,3,0,0.0007184173850840423,0.11600066600066601,-0.017990034656701324,-0.08334443334443335
14,3,1,0.002721251919473866,-0.01955613630675875,0.021690238132051693,0.007462675370574712
14,Aggregated,0,0.003655675283079295,0.036123502672320736,-0.0197381844795163,-0.022030226070098524
14,Aggregated,1,0.0009352800886179584,-0.0020788418994476775,0.0020109517572514486,-0.0004127589245445165
14,Centralized,0,0.0057646365391199605,0.024657731541162815,-0.015866838776165366,-0.01624906676516602
14,Centralized,1,0.0015106700477226693,0.00015032333018655253,8.324283007810074e-05,-0.0007103238837524358
15,0,0,-0.023375124821753145,0.04257047987966083,-0.014618096613924056,-0.004577258443983628
15,0,1,-0.018350121291620797,0.027743779500182104,-0.008702446335902206,-0.0006912118726590996
15,1,0,0.013115857011661736,0.007520538789414962,-0.013514812954140734,-0.014404496012202042
15,1,1,0.010825261303804698,-0.008449040012308673,-0.009495216883641633,-0.01450578523777842
15,2,0,0.09999999999999998,0.05238095238095237,0.09999999999999998,-0.25238095238095243
15,2,1,0.004655340397028372,-0.003026836951522995,0.004655340397028372,-0.006283843842533748
15,3,0,-0.01130474463807798,0.10203746870413538,-0.021996521996522005,-0.06873620206953543
15,3,1,0.004653182255762732,-0.02441469147063281,0.014329106179886577,0.0054324030349835
15,Aggregated,0,-0.003449289583821429,0.03360325610945125,-0.013346538105233622,-0.0201508298379027
15,Aggregated,1,-0.00021440191236221304,-0.0022418592453049492,0.0009645814808423,-0.003048329558186811
15,Centralized,0,-2.7984588227466154e-06,0.021937831345918164,-0.00985741650015041,-0.015342589348887733
15,Centralized,1,-0.0002866926519217716,-0.0006570240221546361,-7.184195531275324e-05,-0.0027151693778662187
16,0,0,-0.008161996046055933,0.03518569083752218,-0.023027048939862894,-0.003996645851603355
16,0,1,-0.008188381763247266,0.02445714114927518,-0.014985527172299154,-0.0012832322137287615
16,1,0,0.017962144942642495,0.01918972677269848,-0.022682604103979338,-0.014469267611361636
16,1,1,0.014138128652383388,0.009825666963586915,-0.013169267240053378,-0.010794528375916925
16,2,0,0.16666666666666663,0.11904761904761901,0.16666666666666663,-0.1857142857142857
16,2,1,0.008171964437949078,0.0004897870893977122,0.008171964437949078,-0.002767219801613041
16,3,0,-0.018680744542813515,0.10577257991051094,-0.012754486892417934,-0.05767068180861285
16,3,1,-0.00162049944888229,-0.013343592784584773,0.020019985237515053,0.00700551050472395
16,Aggregated,0,0.005084303377431567,0.037325675491923456,-0.01896227031416617,-0.017694446396232754
16,Aggregated,1,0.0021462220702419127,0.00478312567428823,0.0009883399402454722,-0.001166243317757411
16,Centralized,0,0.008092632569533511,0.028359032292053544,-0.015145170034229114,-0.013076042152460748
16,Centralized,1,0.0024513468785974566,0.006098619048136374,-0.0008925191518475706,-0.001226578607683641
17,0,0,-0.02020344031968943,0.0323132722051174,-0.006898932103062814,-0.005210899782365154
17,0,1,-0.016204460841252072,0.021920721469976766,-0.0037781274846861355,-0.001938133144038558
17,1,0,0.01920306416758949,0.01843141787148367,-0.02016758428551226,-0.010183984588294817
17,1,1,0.025705817779115736,0.012453717549201956,-0.014169805479501807,-0.0023649490188918563
17,2,0,0.03333333333333333,-0.014285714285714282,0.03333333333333333,-0.3190476190476191
17,2,1,0.0011387163561076645,-0.006543460992443702,0.0011387163561076645,-0.009800467883454456
17,3,0,-0.02174187695021029,0.08515816744983412,0.004835866294199627,-0.06825215679382347
17,3,1,-0.0058363349384463374,-0.015969966082715798,0.016492028007353294,0.005314273013808842
17,Aggregated,0,-0.0015314909792485641,0.03148311700253226,-0.011039425778083218,-0.019364765612984607
17,Aggregated,1,-0.0004124410154739914,0.0022857523317572396,0.0011454092694224826,-0.0016650447358376804
17,Centralized,0,0.00031147203645933336,0.022459510631707202,-0.00956188883822956,-0.014882505369646434
17,Centralized,1,-0.0009560544798190573,0.0035648905146640764,5.664124633384763e-05,-0.0016587279514890623
18,0,0,-0.02057531482199872,0.03872432492051795,-0.010296766153070791,-0.007852243945448442
18,0,1,-0.01761332749402117,0.028141623422586026,-0.005797494747955841,-0.004730801180609016
18,1,0,0.01574425341838438,0.012811603276216823,-0.015722751343847697,-0.012833105350753502
18,1,1,0.018550065165918884,-0.003215262152506828,-0.010543649492359817,-0.00479115352105224
18,2,0,0.09999999999999998,0.05238095238095238,0.09999999999999998,-0.25238095238095243
18,2,1,0.004655340397028372,-0.003026836951522995,0.004655340397028372,-0.006283843842533748
18,3,0,-0.018664953873287215,0.0841325264241931,0.0038102252685586016,-0.06927779781946448
18,3,1,-0.0027008366181775676,-0.017015132189472055,0.015446861900597039,0.004269106907052585
18,Aggregated,0,-0.0019611956988496307,0.03235548530253991,-0.009560945185398791,-0.020833344418291495
18,Aggregated,1,-0.0005688934251350595,0.0011507120831545019,0.001853253546820849,-0.0024350722048402914
18,Centralized,0,0.0003783870506989621,0.02356341098300359,-0.007613747436570654,-0.0163280505971319
18,Centralized,1,-0.0009691774930088992,0.0028158768002222723,0.0008248477399044885,-0.0026715470471178615
19,0,0,-0.01654821148828124,0.03951205892790959,-0.008602557486344095,-0.001778356985999957
19,0,1,-0.014400945957355499,0.027509340138977167,-0.003956218271248507,4.087822650127489e-05
19,1,0,0.016843993906345407,0.014000477569408124,-0.01624760967706142,-0.01459686179869211
19,1,1,0.01855111158084995,-0.0030812809759535966,-0.0051322503762697425,-0.010337580228626611
19,2,0,0.10793650793650794,0.060317460317460304,0.10793650793650794,-0.27619047619047615
19,2,1,0.005935703288453599,-0.0017464740600977673,0.005935703288453599,-0.010124932516809432
19,3,0,-0.017847944795408566,0.09702902605982316,-0.017457902738699845,-0.06172317852571476
19,3,1,-0.007123172676606504,-0.011229892983425546,0.01236195831761853,0.005991107342413519
19,Aggregated,0,0.00040069304720200764,0.034851160442730456,-0.011493240277229744,-0.018609014311500954
19,Aggregated,1,-0.0007250250952005191,0.003009445351253484,0.0028609199136209185,-0.002682007983826314
19,Centralized,0,0.001975100734858968,0.026625136424469942,-0.008812279330507164,-0.01481556319214943
19,Centralized,1,-0.000971887831489382,0.004915190495157151,0.0014190444405729104,-0.0026589801836213365
20,0,0,-0.015407049952143334,0.03424889398571549,-0.015912506054269193,-0.015512270946587267
20,0,1,-0.013744795038889673,0.023697736589688535,-0.009327119690981758,-0.00981887599669154
20,1,0,0.010420331667871726,0.012621987600449136,-0.010383588618293268,-0.019941643815293675
20,1,1,0.006065183972281951,-0.0021695273341483987,-0.005907771838806993,-0.019612665629250587
20,2,0,0.10793650793650793,0.060317460317460304,0.10793650793650794,-0.27619047619047615
20,2,1,0.005935703288453599,-0.0017464740600977673,0.005935703288453599,-0.010124932516809432
20,3,0,-0.015376804824268597,0.09672238825318535,-0.02209354487434199,-0.05925203855457479
20,3,1,-0.005138876166934055,-0.011255830391881752,0.00841930270672984,0.007975403852085968
20,Aggregated,0,-0.0017910195259639248,0.03202835538234939,-0.012337231591131825,-0.0263931045839619
20,Aggregated,1,-0.0025840420361536425,0.002171855378301505,9.356847927824907e-05,-0.006684723242285355
20,Centralized,0,-0.0002736216252509638,0.023735634459258415,-0.009467024482200048,-0.02225945116172473
20,Centralized,1,-0.002516827875532627,0.0038111255571685967,-0.0009103609435868373,-0.00679419314830552
21,0,0,-0.0037921005565566455,0.051253236596782374,-0.016658270505110217,-0.005901903452489689
21,0,1,-0.005395069722489747,0.037398028232264534,-0.010340377745773122,-0.0030651379123937486
21,1,0,0.018746148822749747,0.013014527008790494,-0.009831605903549284,-0.014646156762724877
21,1,1,0.02269767681082091,0.004312913499675959,0.0006769641941542318,-0.006062773674727073
21,2,0,0.09999999999999998,0.05238095238095237,0.09999999999999998,-0.25238095238095243
21,2,1,0.004655340397028372,-0.003026836951522995,0.004655340397028372,-0.006283843842533748
21,3,0,-0.015141532849866185,0.09432261411428078,-0.017529268570935244,-0.06165181269347938
21,3,1,-0.005136219684159754,-0.013216845975872296,0.012338677391936623,0.006014388268095426
21,Aggregated,0,0.006699256405996864,0.03877283369416022,-0.011965993354044113,-0.019971910134649298
21,Aggregated,1,0.002855978124011372,0.00633421827365141,0.0020729531240587682,-0.001739847588903337
21,Centralized,0,0.008321483488825554,0.029639686416040662,-0.008974050599899272,-0.015791186917115396
21,Centralized,1,0.002726758009547997,0.007727827056803425,0.0007173350128077868,-0.002040911752009461
22,0,0,-0.009073916939290735,0.04082846859992332,-0.018144608151905144,-0.013609943508727443
22,0,1,-0.013289598782435741,0.031575915899907624,-0.010437543804604746,-0.007848773312867133
22,1,0,0.013807482110963202,0.010885456848909273,-0.009769304402771165,-0.01492363455710131
22,1,1,0.008295465998177274,-0.004634988216317572,0.0007697338203292899,-0.004430211602188992
22,2,0,0.09999999999999998,0.05238095238095237,0.09999999999999998,-0.25238095238095243
22,2,1,0.004655340397028372,-0.003026836951522995,0.004655340397028372,-0.006283843842533748
22,3,0,0.01223969851062554,0.0679097154187734,-0.018938127494786672,-0.061211286434612266
22,3,1,-0.006197966422317412,-0.013019523707117536,0.011839892331026863,0.007377597798408085
22,Aggregated,0,0.005486031299453599,0.030427196586632777,-0.012711133141475206,-0.02320209474461117
22,Aggregated,1,-0.002596906521177985,0.002953909036365863,0.0019189624676093004,-0.002275964982797176
22,Centralized,0,0.0051424432191619724,0.023480807654956314,-0.009795660772127596,-0.01882759010199069
22,Centralized,1,-0.0021771974630304114,0.004633342532957367,0.00044762266317495875,-0.002903767733101914
23,0,0,-0.007120986491026178,0.03213605226922069,-0.018996923513304637,-0.006018142264889874
23,0,1,-0.009594260377402289,0.023910667194462377,-0.011504110161476075,-0.0028122966555840143
23,1,0,0.017481067734392775,0.018433118136477588,-0.02188849530447916,-0.0140256905663912
23,1,1,0.011618397619308838,0.008551246431346998,-0.012106706928831118,-0.008062937121824718
23,2,0,0.16666666666666663,0.11904761904761901,0.16666666666666663,-0.1857142857142857
23,2,1,0.008171964437949078,0.0004897870893977122,0.008171964437949078,-0.002767219801613041
23,3,0,0.01961651385845538,0.0651442307692308,-0.030665396468432457,-0.05409534815925371
23,3,1,-0.004546495077789435,-0.010708585345495006,0.006092527852565838,0.009162552570718602
23,Aggregated,0,0.0097870317269194,0.030958962071676446,-0.019051791868681316,-0.017898235144623898
23,Aggregated,1,0.0003756383233364767,0.0051479926961543335,-0.001972394608060705,-0.00036490302628648295
23,Centralized,0,0.009544411565555974,0.02526747894904625,-0.016938192302414955,-0.012982650516039371
23,Centralized,1,0.0008769506128598337,0.006479135655213658,-0.003929515140045349,-0.000688265972961242
24,0,0,-0.012230166829221298,0.02617605454593679,-0.01546933844800194,-0.010794578384055073
24,0,1,-0.013482340593249478,0.021128583984606996,-0.009771043285635578,-0.00727958882045542
24,1,0,0.01127010383074715,0.013965988808545013,-0.02098878113217617,-0.011530224672382072
24,1,1,-0.0021060023974271056,0.005391279184160214,-0.01972999719761807,-0.0051800604190390676
24,2,0,0.03333333333333333,-0.014285714285714282,0.03333333333333333,-0.31904761904761914
24,2,1,0.0011387163561076645,-0.006543460992443702,0.0011387163561076645,-0.009800467883454456
24,3,0,0.015151836659832657,0.056923278981000136,-0.018740362262351273,-0.053334753378481516
24,3,1,-0.006743968250614084,-5.491496195987137e-05,0.0025948886073304533,0.004203994605243501
24,Aggregated,0,0.0024224845263834303,0.02360563764524977,-0.017692616757634193,-0.020516059909551555
24,Aggregated,1,-0.005790257130841265,0.00529494519942808,-0.00573547835232165,-0.004015512848379435
24,Centralized,0,0.001624413689353621,0.019388734704374133,-0.017129863678823336,-0.0170047850859494
24,Centralized,1,-0.004810019725643655,0.006536518781735057,-0.0067914635096162175,-0.004104208868744593
25,0,0,-0.01735218007290898,0.04547478649620313,-0.01959724683410477,-0.008525359589189383
25,0,1,-0.01540414280876499,0.03448889909296521,-0.013058174170661555,-0.006026582113538663
25,1,0,0.010239125903947923,0.02282346780371002,-0.02189811418588804,-0.011164479521769901
25,1,1,-0.0001645632286002563,0.009713997695967517,-0.013820993006894822,0.004271558539527561
25,2,0,0.09999999999999998,0.05238095238095237,0.09999999999999998,-0.25238095238095243
25,2,1,0.004655340397028372,-0.003026836951522995,0.004655340397028372,-0.006283843842533748
25,3,0,0.01725712559045893,0.055507455507455505,-0.012932129598796272,-0.059832451499118165
25,3,1,0.0001619135529387176,-0.008636761747967172,0.008404685618499155,7.016257652929976e-05
25,Aggregated,0,0.0010492230523483767,0.03635266062281777,-0.018168328799508478,-0.01923355487565767
25,Aggregated,1,-0.003059795566583023,0.008042411325562935,-0.002861875937410058,-0.0021207398215698564
25,Centralized,0,0.0014913270053375505,0.031348618656766615,-0.01664242030136322,-0.016197525360740945
25,Centralized,1,-0.00255651052132283,0.009933151166476084,-0.0044792140985417395,-0.0028974265466115146
26,0,0,-0.02024119790725794,0.041684214218563775,-0.01732803980522039,-0.004114976506085444
26,0,1,-0.01792097889601198,0.028768778751842933,-0.0096882227919603,-0.0011595770638706537
26,1,0,0.014439108541307857,0.02375464800324222,-0.02348580280918149,-0.014707953735368587
26,1,1,0.003631547651259633,0.010412248238567068,-0.011505022475285565,-0.0025387734145411365
26,2,0,0.09999999999999998,0.05238095238095237,0.09999999999999998,-0.2523809523809523
26,2,1,0.004655340397028372,-0.003026836951522995,0.004655340397028372,-0.006283843842533748
26,3,0,0.014227092352092357,0.06972576035076035,-0.01852626540126541,-0.0654265873015873
26,3,1,0.0040273980405559255,-0.016127205505704956,0.010217165253559443,0.0018826422115895876
26,Aggregated,0,0.0014391504986231247,0.036898605440042635,-0.018625480064863045,-0.01971227587380272
26,Aggregated,1,-0.0017946625097282297,0.004442239740123054,-0.0009369191277753164,-0.0017106581026195065
26,Centralized,0,0.0032129522138910163,0.02990378201914772,-0.01688764894229086,-0.016229085290747874
26,Centralized,1,-0.0011846438380491986,0.00631073472977046,-0.002834710308553747,-0.0022913805831675147
27,0,0,-0.013349910195724022,0.03419418432297356,-0.01702866871319224,-0.0038156054140572973
27,0,1,-0.014021528291533062,0.025572229516779066,-0.010039673476667824,-0.0015110277485781791
27,1,0,0.013143035038653975,0.02685698623110211,-0.02498733736662066,-0.015012683903135426
27,1,1,0.0007733156434374574,0.015251788642095135,-0.014688305136953397,-0.0013367991485791948
27,2,0,0.13015873015873014,0.08253968253968252,0.04126984126984127,-0.2539682539682539
27,2,1,0.007107911302093835,-0.0005742660464575314,0.0024190792475328924,-0.008952724503169196
27,3,0,0.0297091797091797,0.05082232582232583,-0.018258593258593265,-0.06227291227291227
27,3,1,0.0005005907780967397,-0.009631110908376964,0.007727574152606183,0.0014029459776740416
27,Aggregated,0,0.005911920635288081,0.03346682527846838,-0.019996859910197104,-0.01938188600355936
27,Aggregated,1,-0.0018367522523464494,0.007077413030168361,-0.002941835870217343,-0.0022988249076045684
27,Centralized,0,0.006051859172974507,0.02929971860763672,-0.018935703944576377,-0.01641587383603485
27,Centralized,1,-0.0010315247296250514,0.008736008990111807,-0.004554775578426151,-0.0031497086820606035
28,0,0,-0.011923724850356273,0.03424075302767946,-0.01773776896227275,-0.004579259215050442
28,0,1,-0.013687910781775428,0.02752619370636783,-0.011195671220570377,-0.0026426117040220243
28,1,0,0.01560388753931439,0.02437730019593226,-0.020917878503431537,-0.011780396066549034
28,1,1,0.008400019909268289,0.016468275593133908,-0.005729161736361639,0.0024856470638834707
28,2,0,0.09999999999999998,0.11269841269841267,0.02698412698412699,-0.2396825396825397
28,2,1,0.004655340397028372,0.001878304858607932,0.0025272341253178843,-0.009060879380954187
28,3,0,0.03576761402848359,0.046928393667524125,-0.029045632306501895,-0.053650375389505824
28,3,1,0.0011721121411528146,-0.008344273170216798,0.0030446888357769466,0.004127472193287037
28,Aggregated,0,0.007907488959859585,0.03231953368427169,-0.019889035999224515,-0.016994585227400272
28,Aggregated,1,-0.0005032373510169856,0.00879230249665334,-0.0027303356261177106,-0.0010187202845069697
28,Centralized,0,0.007474992341365135,0.028634978268431772,-0.018923072787101498,-0.01388791472573255
28,Centralized,1,2.5748713441353654e-05,0.010082623003265567,-0.004549534191708245,-0.001848721274689528
29,0,0,-0.010918607891291945,0.037435709133104685,-0.018742885921337077,-0.007774215320475665
29,0,1,-0.012885986162689619,0.02979331979065512,-0.011997595839656186,-0.004909737788309314
29,1,0,0.013980172184589542,0.025141096319627982,-0.026560772766131502,-0.012560495738086023
29,1,1,0.0019220335933909187,0.017451470967113376,-0.020572889993298555,0.0011993854327942606
29,2,0,0.09999999999999998,0.06825396825396825,-0.017460317460317443,-0.15079365079365079
29,2,1,0.004655340397028372,-0.00046611116867253943,0.00018281809803741278,-0.004372047326393245
29,3,0,0.0297292371130452,0.062479421849736726,-0.0325199066578377,-0.05968875230494421
29,3,1,-0.000546306150550994,-0.005242023147662293,0.0033792753966300584,0.002409053901583228
29,Aggregated,0,0.006864295832896687,0.03517133369963072,-0.023931564972721142,-0.018104064559806263
29,Aggregated,1,-0.002156306492364124,0.009992116631389915,-0.006493737249886343,-0.0013420728891394484
29,Centralized,0,0.006549240105227348,0.030953715333459447,-0.02282893918402724,-0.014674016254659555
29,Centralized,1,-0.0013249575881605729,0.011520007256651902,-0.0078345526077603,-0.0023604970607310296
30,0,0,-0.010029266417770818,0.03998496421161587,-0.011026463419156937,-0.00661120525934659
30,0,1,-0.011999610531844665,0.03256732640694993,-0.006935571695065895,-0.004227755465305895
30,1,0,0.015521830325993496,0.022455341474384872,-0.022008597876951613,-0.015968573923426755
30,1,1,0.004387122841170589,0.0188246516212101,-0.020408809455489757,-0.002802965006890932
30,2,0,0.09999999999999998,0.06825396825396825,-0.017460317460317443,-0.15079365079365079
30,2,1,0.004655340397028372,-0.00046611116867253943,0.00018281809803741278,-0.004372047326393245
30,3,0,0.034284567483492207,0.04002782557597892,-0.01801621815062675,-0.056296174908844386
30,3,1,0.002490337073088119,-0.012022466419796707,0.0059821695729244855,0.0035499597737841024
30,Aggregated,0,0.00847096512798847,0.03234499662474965,-0.016980529851038286,-0.018794245608944403
30,Aggregated,1,-0.0005036931112795922,0.009019555695957776,-0.004333526919051451,-0.0016623751536677617
30,Centralized,0,0.008426868961837752,0.02801166335047754,-0.015995235843765516,-0.015511826890615551
30,Centralized,1,0.0003558657799843101,0.010236101309853788,-0.00512260471461029,-0.0027486104583344475
