Round,Evaluator,3,2,1,4,0
0,0,,,,,
0,1,,,,,
0,2,,,,,
0,3,,,,,
0,4,,,,,
0,Aggregated,,,,,
0,Centralized,,,,,
1,0,0.14182172406433313,0.141186265255227,0.14085563602671744,0.14190139342709604,0.14212189699509475
1,1,0.1521461178161752,0.15203808798297358,0.15095072327413803,0.15225182809979806,0.15004725638933897
1,2,0.1522089012594482,0.15175994754409344,0.14940657583172484,0.1519860242041368,0.14408354004715232
1,3,0.15067257746883655,0.15023432721382168,0.14768963381198214,0.149963992284141,0.14154730480829336
1,4,0.15469989840271092,0.15409997684177218,0.15255100241906633,0.15460988237558457,0.14880611479650493
1,Aggregated,0.15022722880565345,0.1497825095334882,0.14820750724798826,0.15006087671034365,0.1452415883780727
1,Centralized,0.15022722880565345,0.1497825095334882,0.14820750724798826,0.15006087671034365,0.1452415883780727
2,0,0.00029517230121219685,0.0018377140844829962,-0.001475911067598995,-0.00460627686195003,0.0059317345147793165
2,1,0.002553355197486377,0.003553011512210935,-0.003103815947803651,-0.003332037378320468,0.0022791903794838384
2,2,0.005355159134876017,0.006773050917009491,-0.007270462852910958,-0.00013557090655905897,-0.001609333152227821
2,3,0.006583836850772877,0.009137608932924153,-0.00991394071707691,-0.0014737255640180746,-0.001292240253196845
2,4,0.004681146476349065,0.0028147244725302794,-0.004321968286235928,0.0021172817727034424,-0.0017710649920741747
2,Aggregated,0.003881570705797636,0.004859264166637717,-0.005241431891126523,-0.0015309653095551435,0.0007458664300525996
2,Centralized,0.003881570705797636,0.004859264166637717,-0.005241431891126523,-0.0015309653095551435,0.0007458664300525996
3,0,0.008623589523353006,0.0029905787632967993,0.0026587931115323224,0.002625083795254927,0.013109708324288281
3,1,0.005420585994779803,0.0056197548125448155,0.0012294022349324178,-0.0002616988207288118,0.006216941435349466
3,2,0.005012555622281604,0.004791015055554151,0.0027189467231187553,0.00035117834600015827,0.0014008761127732453
3,3,0.007555343033107744,0.006483671575843503,0.004524454541697082,0.0018938545610085215,0.00323776689307822
3,4,0.0032244562270016116,0.003270286237933142,-0.0012578001264379893,4.9335730845704676e-05,0.0034608231295044497
3,Aggregated,0.006010237693883247,0.004640007222946522,0.0020304464206444255,0.0009495743921753175,0.005515086343428703
3,Centralized,0.006010237693883247,0.004640007222946522,0.0020304464206444255,0.0009495743921753175,0.005515086343428703
4,0,-0.003393869689580481,-0.003694162186090322,0.004666818820569211,-0.0012464293290339898,0.005300389187826214
4,1,-0.0005084431984823075,-0.0015840963224780292,0.0027114715970680586,0.0011399456182346833,-0.0001958719329915833
4,2,0.00185552207892515,0.002458321393540471,0.0005375456137170942,0.002842763916943573,-0.006514155816265606
4,3,0.003898194697640071,0.002838548556312337,0.0002201638245698634,0.0022665169271244862,-0.008060108988701424
4,4,-0.0015233681203588442,0.0005272900360629589,0.0018893345032054384,0.004334349758903452,-0.003168844560899797
4,Aggregated,8.803281135363327e-05,0.0001092819226902871,0.0020107119981377136,0.0018218398612970292,-0.0025206078251878853
4,Centralized,8.803281135363327e-05,0.0001092819226902871,0.0020107119981377136,0.0018218398612970292,-0.0025206078251878853
5,0,0.0010711055777086328,-0.004221230381044897,-6.244107508361721e-05,-0.00026787198830218,0.0021364294079082896
5,1,0.0007852832674734152,-0.002742554510302712,0.001024405513503259,-0.0010506314213706348,-0.001047785661873807
5,2,0.0034019696047247637,-0.0024384772720231875,0.002029657547497628,0.002590597187225983,-0.007903983657737739
5,3,0.004859664558368924,-0.0029986010334676684,0.002831552633883631,0.0026766002389170206,-0.009657582154089274
5,4,0.001708013874510069,-0.00289828574124657,0.00017849479066772144,0.0029609564709835575,-0.00444054319018715
5,Aggregated,0.0023789130022023558,-0.003063449121247086,0.0012184566548657108,0.0013644693655344765,-0.004184225809903375
5,Centralized,0.0023789130022023558,-0.003063449121247086,0.0012184566548657108,0.0013644693655344765,-0.004184225809903375
6,0,0.0008840652717927555,-0.0002799800295558319,0.00037052589992521147,-0.002677232584224363,0.004783391295655629
6,1,0.0017309382432158496,0.0009190094653767429,-0.0011201332840469868,-0.0008051989053057651,0.003609689547621103
6,2,0.003334380470218016,0.0022139943254351627,-0.0022253573893763977,0.0009344923824181858,-0.0005329885098190638
6,3,0.004851619794289258,0.00371787735451057,-0.004912197245537734,0.0006946419625569115,-0.0010675178201795606
6,4,0.0007806707322758252,-0.00012358399777472515,0.0006361042514074674,0.0014424342210392533,0.0012075041495430612
6,Aggregated,0.0023402576961871666,0.0013102628563717484,-0.0014749898640891435,-0.00011338492723758642,0.0016020231123296165
6,Centralized,0.0023402576961871666,0.0013102628563717484,-0.0014749898640891435,-0.00011338492723758642,0.0016020231123296165
7,0,-0.005404917735618681,0.0014902214610436762,0.0017769495582848312,-0.00043708846848877216,0.0032202403841410155
7,1,-0.0009895077667377552,0.0014522219023463789,0.0005373614240419007,-0.0006537015259879801,0.0008947459315962302
7,2,0.0021089704203087626,0.0031407835933726703,-0.0033804943728608134,0.0006282993084822812,-0.0019507229582057287
7,3,0.002679066809291399,0.004297145417564585,-0.0032097047169612498,2.0234633607394785e-05,-0.0027452961697147153
7,4,-0.0010924033434428122,0.0020972813322820416,-0.0025998486757704553,0.002864148033734165,-0.0015956115891818206
7,Aggregated,-0.0005358541198456634,0.0025011355542692015,-0.0013590683161341748,0.0004461164681369145,-0.0004127644169977425
7,Centralized,-0.0005358541198456634,0.0025011355542692015,-0.0013590683161341748,0.0004461164681369145,-0.0004127644169977425
8,0,-0.00011049238282541858,-0.0015903308814032753,0.0015176385514893327,0.00037305435572345297,-0.0008922023887259212
8,1,0.0018512314832073403,-0.0004009531574343102,-0.0006292811454930658,0.002345266540022452,-0.004453637701649567
8,2,0.004023398717842815,0.002248488042992408,-0.00559879724174354,0.004303358542027273,-0.005751058809695055
8,3,0.004946276861221001,0.0029765671254791772,-0.007138503357202027,0.004240258768523075,-0.006264072671804936
8,4,0.0028236726386085377,0.0012453445618690532,-0.0034622267946495698,0.004206161753600392,-0.005275817998154647
8,Aggregated,0.0027007748467998433,0.0008907092193231899,-0.003059785225351791,0.0030710144871552176,-0.00449890670741056
8,Centralized,0.0027007748467998433,0.0008907092193231899,-0.003059785225351791,0.0030710144871552176,-0.00449890670741056
9,0,0.0016298893201435738,0.00037195975650908264,0.0013303750773702254,-0.004307251746891875,0.0031822666482159145
9,1,0.001613316114909654,0.0011071374472115573,0.0007982413200940897,-0.0012861851738882471,0.001626088843112498
9,2,0.0030574418723288144,0.0029060766571474272,-0.001944872380421625,0.0007181050568860111,-0.0016093630809548194
9,3,0.0030418318057065406,0.00349636995570764,-0.0013754819546541285,-0.0005124752750358323,-0.0020515237270795923
9,4,0.0032358767744296506,0.0012011062141223865,-0.002220996135964139,0.0013303390875032332,0.00017991378899778938
9,Aggregated,0.0025031875417127814,0.0018261730390422707,-0.0006594655204309685,-0.0008478961190335699,0.00026507646741971333
9,Centralized,0.0025031875417127814,0.0018261730390422707,-0.0006594655204309685,-0.0008478961190335699,0.00026507646741971333
10,0,-0.0021282802085505923,0.0016305826778104401,-0.0011151863744628843,0.001743699739861504,0.0007494835935998238
10,1,-0.0025957779301750417,0.001462899211041091,-0.0025210459571181065,0.002824856334432968,-3.471228707638274e-05
10,2,-0.0009833634206517412,0.003442137224436592,-0.0047930431870115515,0.004245977943390942,-0.0020856064448628122
10,3,0.0002605501404472188,0.003712639401315519,-0.004930964093333914,0.0037572943945569943,-0.0023481926812072822
10,4,-0.0015890176114386682,0.0021486104056863114,-0.004941360223231339,0.004998024719614208,-0.0013858448819708935
10,Aggregated,-0.0014022038748147004,0.0024855912720178177,-0.0036373910696045693,0.0034872449383583286,-0.0010150513077001118
10,Centralized,-0.0014022038748147004,0.0024855912720178177,-0.0036373910696045693,0.0034872449383583286,-0.0010150513077001118
11,0,-0.0006990217030534133,0.0006486342896225035,0.0024207498757814953,-0.005721016704661795,0.002072469999349765
11,1,0.0008864643024613095,0.00021542978118834397,0.002177649815957814,-0.0025976847361065445,0.0004197394869719558
11,2,0.0019227179619556666,0.0008278639834580992,0.0018513480076779202,-0.0004222171273312277,-0.0033927059544688293
11,3,0.0027006745226584934,0.00079603102721524,0.0020052354803856403,-0.0026599053704554733,-0.00434602049744859
11,4,-0.0006764804249497251,0.0006985317670597013,0.0014861978998419697,0.0013651358177597624,-0.0014215727214234252
11,Aggregated,0.0008501205510423696,0.0006372289227574527,0.0019938871038746586,-0.002061318669731286,-0.0013314897066449098
11,Centralized,0.0008501205510423696,0.0006372289227574527,0.0019938871038746586,-0.002061318669731286,-0.0013314897066449098
12,0,0.001641402062027758,0.0013444011982956343,-0.0010699818019676473,0.0006978624188035595,0.001254266994942151
12,1,0.0020080559522117902,0.001929821487076942,-0.0004989121282566825,0.0008467101295893861,-0.0019167508561683995
12,2,0.0036703500977230573,0.00326231766268912,0.00047754933999559767,0.002758664739637991,-0.007777621443802832
12,3,0.005144803475235643,0.0045040801469843185,0.0003614732491533027,0.0030059850074414547,-0.009789871922069471
12,4,0.0019073952705972194,0.00205472059919267,-0.00022119373099685296,0.004099688810832005,-0.005862171087936822
12,Aggregated,0.0028894049682744688,0.0026276009746488563,-0.00018697310681415152,0.0022518758813817098,-0.0048023823623856285
12,Centralized,0.0028894049682744688,0.0026276009746488563,-0.00018697310681415152,0.0022518758813817098,-0.0048023823623856285
13,0,-0.00014293917078451364,-0.0009513202100320879,0.000294310973512533,0.000556196392332529,0.0001496034871765491
13,1,0.0006726319859027126,-0.0015125149463894741,0.00025086980407710104,7.644883633147747e-05,-0.0010302679073738127
13,2,0.0015578687711810498,0.0002605656334191186,-0.0002158664876046453,0.001852434969474261,-0.004510306227672191
13,3,0.001787446162926156,0.0007047771836671583,0.00047882880992006585,0.0020572697596181783,-0.004771009958091096
13,4,0.0009704191885461196,-0.0011345747600549293,-0.0005927655220401136,0.002386137759586743,-0.0031580749696490883
13,Aggregated,0.0009651234928543029,-0.0005122741585216417,4.980613493709892e-05,0.001372280110914805,-0.002655627351938115
13,Centralized,0.0009651234928543029,-0.0005122741585216417,4.980613493709892e-05,0.001372280110914805,-0.002655627351938115
14,0,0.001580044012422386,0.0010248254696808346,-0.002117729877776553,0.0005214213390396757,0.0012610964396072345
14,1,0.002488610602035975,0.0017721435977208913,-0.0007297374050897328,0.0007882273783511362,-0.0019492640838793577
14,2,0.004252312374661667,0.0034065002939074754,1.3330451072116981e-05,0.0037119331021824814,-0.007659197743518803
14,3,0.005367188972983217,0.003528426642604702,-0.00035192325503764316,0.002095512535830022,-0.00876421883794868
14,4,0.0025156842640881656,0.0027205384262420623,-0.0003571942667296638,0.006813556209048479,-0.006492779276348218
14,Aggregated,0.0032519578848306365,0.002486948855678195,-0.0007122135261844538,0.00272811109480864,-0.004693179727860669
14,Centralized,0.0032519578848306365,0.002486948855678195,-0.0007122135261844538,0.00272811109480864,-0.004693179727860669
15,0,-0.0001660080633824279,0.004038745207572003,0.0002798188516165571,-0.006055255567636062,0.003724458008795789
15,1,0.0028987580791028514,0.004239745502511416,-0.00022138020195280327,-0.006105045399518342,-0.0004799667594970969
15,2,0.00467999914167413,0.0067052216157428325,-0.0065778852738114565,-0.00047532476190587645,-0.0034145073872430135
15,3,0.005558732106461108,0.00789144477178056,-0.007562428887745992,0.0007228838750798013,-0.004915003314632406
15,4,0.002032155468268156,0.0052457928292583295,-0.007528021820170435,0.0037838018992216284,-0.0021476078302319975
15,Aggregated,0.0030128589054516874,0.005633090490157195,-0.004277966039712705,-0.001719363762779578,-0.0014173498470363662
15,Centralized,0.0030128589054516874,0.005633090490157195,-0.004277966039712705,-0.001719363762779578,-0.0014173498470363662
16,0,-0.00024928313046852134,0.001989334142058117,-0.002387373537503584,0.001183857447772572,-0.0009682780382750556
16,1,0.0006049953338019221,0.002775529829596533,-0.0005620290958843625,0.0013233048116532457,-0.0039837600467217
16,2,0.0015792920302395634,0.004021472638971885,-0.0005271557334188437,0.003630559626313092,-0.00883936001215373
16,3,0.0026913737078244015,0.003993025721076029,0.0008992711117825847,0.0034311394395322935,-0.01015989697110442
16,4,0.0005129585143477056,0.004876571301838591,-0.0022542880648802944,0.0043443584730888975,-0.00828834710449059
16,Aggregated,0.0010345907160244732,0.003507433402858686,-0.0009519531252904501,0.002762067884899531,-0.0064186237331380165
16,Centralized,0.0010345907160244732,0.003507433402858686,-0.0009519531252904501,0.002762067884899531,-0.0064186237331380165
17,0,0.00027820135927118333,0.0015133120095080037,-0.0012128403992687498,-0.0009298863869214857,0.001480901960946505
17,1,0.0010669499205125923,0.0017112658611685779,0.0004446954711846307,-0.00110770797225865,-0.0009689298742853662
17,2,0.0023664391055015018,0.002961023708745447,-0.00015588167786889835,0.0003902110596594621,-0.003972008832217194
17,3,0.0030702999058895603,0.003535185670415057,-0.00028945912666706317,-0.0014206828517684179,-0.005174767478092087
17,4,0.0003992768114986778,0.002398575515371352,-0.0006337017140360853,0.002332399260131605,-0.0024994483339079165
17,Aggregated,0.0014539866159912873,0.0024260041769660736,-0.0003711127491442238,-0.0001811258511662972,-0.0022175816819063683
17,Centralized,0.0014539866159912873,0.0024260041769660736,-0.0003711127491442238,-0.0001811258511662972,-0.0022175816819063683
18,0,-0.00014236999430559485,0.0013365685073496818,0.0013717731365526231,-0.0008345410697371732,0.003362795778863494
18,1,0.0009174109721118947,0.001509430202456489,0.001537136592922711,0.00014695698467603508,-0.0005891617120729738
18,2,0.0013893924832515854,0.0037291190771745752,0.0032678454433298643,0.002436422822181187,-0.005359622741151038
18,3,0.0028505755191584547,0.0032961344614336236,0.004123706755665483,0.001607426014961392,-0.006378050469899149
18,4,0.0009774955155072613,0.00208668573013616,0.0011681158637109519,0.003177068140522201,-0.00429122095161517
18,Aggregated,0.001197492773724453,0.0023993368935391465,0.0023144312674654942,0.0012795077467422865,-0.0026219478790578824
18,Centralized,0.001197492773724453,0.0023993368935391465,0.0023144312674654942,0.0012795077467422865,-0.0026219478790578824
19,0,-0.00011690588781668362,7.2934658086498684e-06,-0.0008971235201588989,-0.0001670947716468474,0.0010342685112318469
19,1,0.0007783888969633538,0.0013270733435111555,-0.0015295327336320183,-0.00031952516530196485,-0.00012395131827515986
19,2,0.0025888235904080624,0.0033046357294874134,-0.005738919255885592,0.0026185528781685783,-0.0022935481146047322
19,3,0.003335444221882635,0.0040063358237264575,-0.006341455422887619,0.0022780657788276557,-0.0031998517737733914
19,4,0.0019180467812001593,0.0017093078305271145,-0.006109192214525502,0.003505598866642527,-0.00046054296039977537
19,Aggregated,0.0016943822968321328,0.0020754943472334067,-0.004090598914429361,0.0015552738057938776,-0.0010155689661619448
19,Centralized,0.0016943822968321328,0.0020754943472334067,-0.004090598914429361,0.0015552738057938776,-0.0010155689661619448
20,0,-0.0017069280280040898,-0.00048319060987624953,-0.0013572945062929646,-0.0024438033444929325,0.0019360924613698834
20,1,-0.00021040331920069895,0.0017083628388534426,-0.0004028836039188503,-0.0008224678366457812,-0.0018240398898383488
20,2,0.001232969094162036,0.0024370371733552832,-0.0008132013801158448,0.0002608506505043573,-0.007387976552620083
20,3,0.0019424968123025613,0.0033873542302752303,-0.0004670606024604932,0.0010340868185584199,-0.008834188320418617
20,4,0.0006836151198964765,0.00037489330081770614,-0.0005885868324878899,0.0016339157370878635,-0.004592584478957157
20,Aggregated,0.00038128719027265,0.001495984976616018,-0.0007323551174456895,-9.918798896404827e-05,-0.004130970200486341
20,Centralized,0.00038128719027265,0.001495984976616018,-0.0007323551174456895,-9.918798896404827e-05,-0.004130970200486341
21,0,0.002060331371432154,9.581005252559857e-05,0.0004843787081536007,-0.001207618284757598,0.0005915656263805487
21,1,0.0016524233163897968,0.0004645151598323664,0.0003062297821389818,-0.0010662591209776881,-0.0004004187120660326
21,2,0.003617033432965246,0.002085731070732527,0.00041828931602917084,-0.00012991670144903804,-0.003862407099431403
21,3,0.004007811882828768,0.0021167941135885365,0.0009430141629734175,-0.0007174782339968766,-0.004427030141675555
21,4,0.0023287495722753735,0.0018489369421382036,-0.000901310629998997,0.00181190989539979,-0.0019984093925671446
21,Aggregated,0.0027419284293256335,0.0013164347207306544,0.0002685680397035225,-0.00029372972084923583,-0.0020181042934469097
21,Centralized,0.0027419284293256335,0.0013164347207306544,0.0002685680397035225,-0.00029372972084923583,-0.0020181042934469097
22,0,0.0007145233801278775,0.0004578850778301687,0.0024698162589077144,0.0021730104618383206,0.0010977659086751634
22,1,0.0005046304547102327,0.0007762764542426859,0.0015918399880691233,-0.00026738008262415606,0.0007240201711839423
22,2,0.0015711799654866058,0.0015143097747132314,0.002599542084500604,0.0037006029077993347,-0.0029162658376205184
22,3,0.0021837904983723956,0.0015937106716841288,0.002419343527406688,0.003148284467451325,-0.0037072751413061472
22,4,0.0022247653729002745,-0.00030288881803292034,0.001411797207986278,0.0029985322274312296,-0.0016115937306528105
22,Aggregated,0.0014257427143710792,0.0008268497296825087,0.002111833358905829,0.0023566425541155047,-0.001278090959693834
22,Centralized,0.0014257427143710792,0.0008268497296825087,0.002111833358905829,0.0023566425541155047,-0.001278090959693834
23,0,0.0005358542349341818,0.0003328513164248222,-0.0010445595573973085,-0.0006519299454305572,0.0014700564592909785
23,1,0.00025952624940771735,0.000384475266989176,-0.00018730984573801326,0.00016112234871068498,-0.0009506914624231125
23,2,0.0023513752814238657,0.002145684558405499,-0.0008303013113600617,0.0014502396884573869,-0.003698010300067008
23,3,0.0018374006189752878,0.002061216573779956,2.5519342184432415e-05,0.0008657920725124002,-0.00452626476638317
23,4,0.0010817845001099022,0.0012128685503334901,-0.0019327109261672655,0.0015055291378776611,-0.0011828365990495878
23,Aggregated,0.0012199679188153326,0.001229858115740238,-0.0007828177898590156,0.0006519037324090556,-0.0017793867569405172
23,Centralized,0.0012199679188153326,0.001229858115740238,-0.0007828177898590156,0.0006519037324090556,-0.0017793867569405172
24,0,-0.0006367478229782342,0.0015262847339658676,-0.0011758456802116735,-0.005141027920775226,0.0008967159266473993
24,1,-8.481317817624993e-06,0.0019541638708257757,0.0008474435619387247,-0.002572995919732494,-0.00189551449449565
24,2,0.0012317290546439096,0.00469489097923056,0.0002838166825288813,-0.003530926818608491,-0.007829454217776805
24,3,0.0032145292429161124,0.004373037648264092,0.0006438326156519995,-0.003035528317256836,-0.008978796733491038
24,4,0.0014026966030484072,0.002637048497208083,-0.0011430987505132162,-0.00034840054074157983,-0.005273944122754716
24,Aggregated,0.0010314219696662204,0.003048074944284022,-9.810269451430708e-05,-0.0029752363118658977,-0.004606949368328239
24,Centralized,0.0010314219696662204,0.003048074944284022,-9.810269451430708e-05,-0.0029752363118658977,-0.004606949368328239
25,0,-3.1167670670697216e-05,0.0006162539138636402,0.0005029283184323274,-0.0004244200339963829,0.0022845010544295533
25,1,0.0010646528382282471,0.0012832530700557065,0.00044972846807644163,-0.0009975340551637735,-0.00020342237528650313
25,2,0.0014030095531557484,0.0014281580655631362,0.001906005754280112,0.0012573545048561582,-0.0021677949420688737
25,3,0.0022045355941507565,0.0015024318734069028,0.0019416707224452693,0.0001199034151716257,-0.0031179849290580873
25,4,0.00023878726917400672,9.81250632212105e-05,1.1021272979148492e-05,0.0012536830525607574,-0.000966016289218774
25,Aggregated,0.0009817434961789718,0.000996532829053955,0.0009789621380720962,0.00022974119879930291,-0.0008229626094634383
25,Centralized,0.0009817434961789718,0.000996532829053955,0.0009789621380720962,0.00022974119879930291,-0.0008229626094634383
26,0,7.496811144040253e-06,0.0007305718270286477,4.157589560207509e-05,-0.0017397384304613387,0.002385267654022216
26,1,0.00041975854920865235,0.0009499378171909286,0.00047694101122371563,-0.0014103028748511843,0.0005497724432306506
26,2,0.0014963445170417312,0.0027783425336826762,-0.0003614011607227648,0.0003037957070724203,-0.001897301529516554
26,3,0.0016853322304794915,0.002391314742596316,-6.873177929088703e-05,0.001282896404447594,-0.002955774139162581
26,4,0.0012155846516421838,0.0016126974221035318,-0.0008595122317477129,0.00016239859122877583,-5.508893376690767e-05
26,Aggregated,0.0009595708975072818,0.0016982972956619065,-0.0001463123102482274,-0.00028747142202409555,-0.00039248901367064566
26,Centralized,0.0009595708975072818,0.0016982972956619065,-0.0001463123102482274,-0.00028747142202409555,-0.00039248901367064566
27,0,0.0003428664527558615,0.00040877335134008227,-0.001340098550031991,-0.0011840845081517782,0.0017666212645890448
27,1,0.0012513479411748536,0.0006678165440413534,-0.0011445854503157808,-0.00040976762436287413,-0.0005349259862194977
27,2,0.0033459518224321417,0.003749012123542095,-0.0056082625876262785,0.000729759146935984,-0.002518341447033486
27,3,0.0033818635632497005,0.0033423680545028867,-0.005319856900119167,0.0012353122592156929,-0.003192105423591144
27,4,0.0015942609541012638,0.002377975544322229,-0.0023613988170335036,0.0014529556910583626,-0.0022819102697238173
27,Aggregated,0.0019884728396227513,0.0021107707904752526,-0.003174664126311381,0.0003431787847963293,-0.001329603403123723
27,Centralized,0.0019884728396227513,0.0021107707904752526,-0.003174664126311381,0.0003431787847963293,-0.001329603403123723
28,0,-0.0018982376777031,-0.0014356061983026172,0.002552309783440356,2.0946804657995256e-05,0.0009358279575451767
28,1,-0.0003413332720287673,0.00024232801931859023,0.0016064368070191736,0.0006662425977046767,-0.0023358104417563826
28,2,-0.00045592294657209045,0.00010703223145852222,0.00354208318683919,0.0014993487727598823,-0.005380938854603801
28,3,0.0006714464727683149,0.000676306777448027,0.0028649350353049273,0.0017234726197931538,-0.006089677617885667
28,4,0.00020059549805636438,0.0004224459486522262,0.0019479800421299653,0.0014944253068869837,-0.004223899174927185
28,Aggregated,-0.00038168603729831776,-1.3016140717658775e-05,0.002516937077163352,0.0010701294355894989,-0.0033953013893979977
28,Centralized,-0.00038168603729831776,-1.3016140717658775e-05,0.002516937077163352,0.0010701294355894989,-0.0033953013893979977
29,0,0.0015283784004360404,-0.003773879078138931,-7.216492200454358e-05,0.0010643620783001185,0.0010873525587518343
29,1,0.0012599048353106157,-0.002198487498967901,0.0011555370556717958,0.0006500573155776494,3.47215800759119e-05
29,2,0.0029234998760681976,-0.003753989053292946,0.0008157814393744338,0.0021726269009942917,-0.0030230639394848973
29,3,0.0034354164706284405,-0.003891571742388439,0.0017687616069999394,0.0016421278327354294,-0.00346495748820691
29,4,0.0014847454221952458,-0.0014091395879850125,-0.0009987743928802602,0.0027069428606746825,-0.00229565292982475
29,Aggregated,0.002138232960531857,-0.003039183764923107,0.0005535797124801289,0.0016355736435416472,-0.001517322525897637
29,Centralized,0.002138232960531857,-0.003039183764923107,0.0005535797124801289,0.0016355736435416472,-0.001517322525897637
30,0,0.0007115430741211885,0.0009064838843772775,0.0015172338823133292,-0.002387649610020213,-0.00019712782218472095
30,1,0.0015202474095205754,0.0017893363464551893,0.00010487695051430804,-0.0009107453870778252,-0.00241337010339433
30,2,0.004894660106476057,0.005175139877391962,-0.0017655319836189767,0.001975803770093683,-0.008186943271605063
30,3,0.0058198436895203305,0.005488876475900036,-0.002896648143346984,0.002477196352573476,-0.009419539296859772
30,4,0.004377538724403032,0.0027437577218649774,-0.0013469822382144929,0.0027570159121178993,-0.007345883296432082
30,Aggregated,0.0034510024893984617,0.0032316083047357206,-0.0008634731106026268,0.0007500512694731547,-0.005487369761685266
30,Centralized,0.0034510024893984617,0.0032316083047357206,-0.0008634731106026268,0.0007500512694731547,-0.005487369761685266
31,0,-0.0008855851509159629,-0.0006253015594915257,0.00039143623461978714,-0.001281003501140358,0.0027159294742013468
31,1,0.000929324480902081,0.0009538672315417403,-0.0013379295963888945,0.0003147229484466015,-0.0009432756064797265
31,2,0.0031972274365145753,0.0033207093845676735,-0.005243547401334283,0.0026047404184707744,-0.0036433452386402257
31,3,0.004322847815539777,0.00430589571147631,-0.006215553709621817,0.0031237004400546035,-0.0053808252381267905
31,4,0.0026174998554805485,0.002549079940396017,-0.003514079008666112,0.002072260300333663,-0.0040775547523182595
31,Aggregated,0.002021658965824252,0.002089993503636976,-0.003180333078999446,0.0013510384831242135,-0.0022191039714292166
31,Centralized,0.002021658965824252,0.002089993503636976,-0.003180333078999446,0.0013510384831242135,-0.0022191039714292166
32,0,0.0005716409244052959,0.00022021835914523558,-0.0003983318893820513,-0.0019433539509226179,0.001858635659097348
32,1,0.0013296045547590784,0.0011157423014709381,-0.00033941285907770533,-0.0006006272229092262,-0.0018402015097401673
32,2,0.0038948021807794406,0.003882190992627821,-0.0008791375174403149,0.00036816061015596907,-0.007265059686297232
32,3,0.005036961981705261,0.0040784640748254275,-0.0010495493775929492,0.0006918686914361335,-0.008596713518597357
32,4,0.00261605662952414,0.002357725308527688,-0.0008760468730584799,0.0017276048100487791,-0.005562277479798475
32,Aggregated,0.0026936801261436753,0.0023340728287198466,-0.0007071324565855815,1.64226786090386e-05,-0.004257828466466151
32,Centralized,0.0026936801261436753,0.0023340728287198466,-0.0007071324565855815,1.64226786090386e-05,-0.004257828466466151
33,0,-0.0002980735906732294,-0.0003989350751402498,8.274865547001816e-05,-0.0008767496832229845,0.0025866173331100845
33,1,0.00018651454316876982,0.0009890757465457034,0.00031326557813151447,0.00022474122556997249,-0.0006581250815978564
33,2,0.0021654290168696094,0.0023306294576806497,0.0008969581365872225,0.0019369277865598834,-0.006416052244748906
33,3,0.003591234640518115,0.0026580763487449644,0.0012252224149218228,0.0021394636839032533,-0.00792579388213085
33,4,0.0019910429409738103,0.0014291166683632747,0.0008884868599031926,0.0016985672892489367,-0.0053866467353893424
33,Aggregated,0.0015172351829860153,0.0013992432126878748,0.0006791501803674272,0.0010129988813876204,-0.003528811564959633
33,Centralized,0.0015172351829860153,0.0013992432126878748,0.0006791501803674272,0.0010129988813876204,-0.003528811564959633
34,0,1.936812315191198e-05,-0.0005328581756248026,-0.0009282635787837779,-0.0002574431164087713,0.0011536100576716132
34,1,0.0001265935956063058,0.00023757714903906805,-0.0003160406753448882,-0.0003286256165858722,3.50284715063931e-05
34,2,0.0013515676093759513,0.0007515539845826313,-0.0008730031959706248,0.0013286567791543228,-0.0029416455909842764
34,3,0.0012417514692008877,0.0008602356031917631,0.0002477658924122402,0.0006544052161996216,-0.0038852117036288656
34,4,0.0009647672136202971,0.0006749457895566746,-0.0009372315861197985,0.0009492712437727017,-0.0021767406203359375
34,Aggregated,0.0007371328384692622,0.0003921785472097742,-0.000561531718669106,0.000465786813702392,-0.0015505028711127245
34,Centralized,0.0007371328384692622,0.0003921785472097742,-0.000561531718669106,0.000465786813702392,-0.0015505028711127245
35,0,0.00025780202709571414,-0.0009362676937733183,0.0006677883083522703,-0.00024541896750218857,0.00025192673544811216
35,1,0.0007394993907655152,-0.00021195646278104145,0.0003784166062420102,0.0008106941733001694,-0.001796206832286588
35,2,0.002370072532033148,0.001452209860841221,-0.0007293246962183938,0.0025558035535211115,-0.0055768820593241454
35,3,0.003605161627031267,0.0026872979330730797,-0.0020693387028721606,0.002647879282518854,-0.006801068854877059
35,4,0.0024198906723673324,-8.08654062647518e-05,-0.001059698508363057,0.0022125005417171087,-0.004012855435718835
35,Aggregated,0.0018653195440144618,0.0005895594022322592,-0.0005497133791879531,0.0015845932377742899,-0.0035749084640580723
35,Centralized,0.0018653195440144618,0.0005895594022322592,-0.0005497133791879531,0.0015845932377742899,-0.0035749084640580723
36,0,0.0003019631431074791,-0.0003207300295678654,0.00029748496390742397,-0.0001398737325203144,-4.727553149463752e-05
36,1,0.0012714328250638858,0.0011509500022787815,0.00048190638155482895,0.0007735231817734926,-0.003832505483087436
36,2,0.002341522680063651,0.0021089078961877505,0.00017998715871078152,0.001977451173629985,-0.006903327483560101
36,3,0.003553016663068877,0.0021338775168744735,-2.4722793961153473e-05,0.001944461825576262,-0.007995749583767968
36,4,0.002093945805909662,0.001955770986221604,2.1768826214050666e-05,0.0023646709539487517,-0.006004153838424283
36,Aggregated,0.001903068652493578,0.001392388778372955,0.00019461011277203678,0.0013658161786150147,-0.004925639054481889
36,Centralized,0.001903068652493578,0.001392388778372955,0.00019461011277203678,0.0013658161786150147,-0.004925639054481889
37,0,-0.001438302288157295,0.0002928849438256516,-0.0004440700935115764,-0.0012934509615455372,0.002402056338387815
37,1,0.00010623757610086678,0.0012943739851041672,0.0009174061855031187,0.0006285176976816076,-0.0028611318242738734
37,2,0.0012194850281635472,0.003071873036672159,0.0011748435875770051,0.0018607770870767149,-0.0075612160400956585
37,3,0.002210828576447101,0.003546573016287672,0.0020730648975299157,0.0010954083827853605,-0.00941461927279416
37,4,0.00212386986726098,0.002652341637156667,0.0010164723021449606,0.001427835819439018,-0.006437015967680376
37,Aggregated,0.0008157811735471125,0.00216180511390968,0.0009412784649570016,0.0007297890573098079,-0.004730949629521175
37,Centralized,0.0008157811735471125,0.00216180511390968,0.0009412784649570016,0.0007297890573098079,-0.004730949629521175
38,0,-0.0006026705963904348,-0.0014633331115092832,0.0002183226846270166,-0.001271976953251678,0.0031176580220404686
38,1,-0.000470709412641418,-0.00032684054924768114,0.00039474040210057775,-0.0006796389629575591,0.0009944711212052074
38,2,0.0012068372292588503,0.00013952218862427665,0.00034377251254441576,0.0008522575197109546,-0.00246735889861203
38,3,0.002082349432138453,0.0007980780744331858,0.0006593630510362418,0.0006644191633378853,-0.0038018875574488725
38,4,0.0004243352107079823,6.206541926304654e-05,0.0004751552686915147,0.0006883379046758509,-0.0026862981216121814
38,Aggregated,0.0005294646065458986,-0.00016672314437221242,0.0004162434847091297,4.044492485131094e-05,-0.0009353082770945524
38,Centralized,0.0005294646065458986,-0.00016672314437221242,0.0004162434847091297,4.044492485131094e-05,-0.0009353082770945524
39,0,-0.00016043650186697844,-0.0003043078720655253,0.0011321834964949744,-0.001180377029525605,0.0012979063290538828
39,1,-0.0005210110261117673,-0.0001606369519547383,0.000973204072346486,-0.0005704518224229996,0.0005168709412501082
39,2,0.0007663604636204654,0.001538109767245921,0.0008867959134805796,0.0006376966163162283,-0.0033797748928137733
39,3,0.0025210410723162566,0.0015861060123842179,0.0009285963567942738,0.00044984903195943726,-0.004040850219969842
39,4,0.0007455799961748407,0.0005142899243668138,-0.0001566834028171519,0.0011252703086872798,-0.0018851921150715083
39,Aggregated,0.0006641103490074906,0.00063801597763349,0.0007683084497084196,7.675882921057698e-05,-0.0014908668702579508
39,Centralized,0.0006641103490074906,0.00063801597763349,0.0007683084497084196,7.675882921057698e-05,-0.0014908668702579508
40,0,-0.0015776617603180277,-0.0012614165338417805,-0.0003218204128944302,-0.0004258375432262892,0.004221963080767862
40,1,-0.0011496648422492908,2.3368454072101676e-05,0.0003675091546666213,0.00034969617528491,0.0007337918906726137
40,2,0.00144806586711305,0.0012808255390010367,-5.9982074459263844e-05,0.00246222051813868,-0.004886365489942179
40,3,0.0025363559142969378,0.001993325999591894,-0.00034964511220920145,0.0017674631481486235,-0.0069061239649314135
40,4,0.0013548510719333662,0.0005619584215631098,-5.618426505379914e-05,0.0026452767179281633,-0.004330678317051741
40,Aggregated,0.0005070385394720656,0.000516311799500078,-8.547734010677654e-05,0.001343440055328123,-0.0021944944331744876
40,Centralized,0.0005070385394720656,0.000516311799500078,-8.547734010677654e-05,0.001343440055328123,-0.0021944944331744876
41,0,0.0008655345217819115,0.0015256614066395816,0.0026168798811444663,-0.007608137714580599,0.0029204505585497587
41,1,0.0012332535564308392,0.0017581308529293293,0.0030567972509890945,-0.006020208846754347,0.00031538867951540114
41,2,0.0030484143932789217,0.003742450580584241,0.003125347203631551,-0.003889995124394831,-0.00565154771301998
41,3,0.003894909119467338,0.0036042831495844345,0.003032189199502944,-0.001287457793731265,-0.0071483053493345714
41,4,0.0020204860715124025,0.0025468628220913854,0.0019248745489192532,-0.001999430832455316,-0.004845210366939729
41,Aggregated,0.0022174527070408993,0.002641276527958843,0.0027665573203727607,-0.004209486887931554,-0.002850885852543855
41,Centralized,0.0022174527070408993,0.002641276527958843,0.0027665573203727607,-0.004209486887931554,-0.002850885852543855
42,0,-0.0011412486719771834,-0.0008661506463968571,0.0004565507968307458,-0.0005657739272439159,0.0021161524302656626
42,1,-0.00040538570729805045,-0.0001974454042019939,0.0005126422243839745,-0.0005937600837136718,0.001484851452277893
42,2,-0.0007394352346314563,-0.00012809108606412674,-0.00018855098842315103,-0.00028400885895899137,0.0017475302080040445
42,3,-0.0005799083461230814,-0.0002090834367071581,-0.0015884723274549853,-0.0007688242117396716,0.0013823182798561244
42,4,0.0003205838311041524,0.0001227550655779249,-0.001354135518410839,0.0014001562037243103,0.000818679740582621
42,Aggregated,-0.0005278970349857396,-0.00026503556555215193,-0.0004098461052768843,-0.00018693400410505306,0.0015257348691206615
42,Centralized,-0.0005278970349857396,-0.00026503556555215193,-0.0004098461052768843,-0.00018693400410505306,0.0015257348691206615
43,0,-0.0013717984806167502,-0.0016919792959725825,0.0005655000579698089,-0.0020603495704717163,0.004171369689240542
43,1,-0.00040815830062658763,-0.0005698465081848107,0.000992140103419259,-0.0007754358043670251,-3.3761345649176616e-05
43,2,0.0013924705915526506,0.0009373925140647943,0.001396900612546607,0.0007426368242681854,-0.005326653065144752
43,3,0.0028969929383980074,0.0015594500080329753,0.0014344912882440534,0.0014127957277769573,-0.0070626920837587644
43,4,0.0016610319148683253,0.0005788976009159859,0.0003597102956919914,0.0011018618159835847,-0.003693306476739518
43,Aggregated,0.0008159511368012055,0.0001529406673917118,0.0009607952371624577,6.317143471218923e-05,-0.0023603632484453557
43,Centralized,0.0008159511368012055,0.0001529406673917118,0.0009607952371624577,6.317143471218923e-05,-0.0023603632484453557
44,0,-0.004648991503985772,-0.000683651392226751,0.003138855869914024,-0.0018277571104892531,0.006044738257002097
44,1,-0.004022629214701954,-0.00026705675891767013,0.004879518797150748,-0.0012763395619958483,0.0025307943710554262
44,2,-0.0016211614742403697,0.0019232060123969736,0.0029068753646451506,0.0011206480452988405,-0.002392439367566409
44,3,0.0011024880964609204,0.002172989952442976,0.0022342481013023535,0.0016862970869289894,-0.0054152008265896815
44,4,-0.0008393842685358439,0.0011549390935453837,0.0014805172967748284,0.001294476615943152,-0.002747508508721967
44,Aggregated,-0.0020343010203382602,0.0008569717816682292,0.002948672755283817,0.0001810263815732423,-0.00034544511013400727
44,Centralized,-0.0020343010203382602,0.0008569717816682292,0.002948672755283817,0.0001810263815732423,-0.00034544511013400727
45,0,-0.006239558786072635,0.0005239530014253017,0.0014083013570227862,-0.0020024245338285266,0.0037319137640553263
45,1,-0.005875256683729985,0.000992440225903159,0.0027983920199586934,-0.0012348180924812064,0.0011552761597652024
45,2,-0.002262210651541226,0.0028619906164060443,0.0017178056297761997,0.0012657428891043117,-0.004584292580428595
45,3,0.00033548624581675364,0.0032174778183254983,0.0008351134768925627,0.0012514580973372622,-0.006692180773194138
45,4,0.0001116629631711219,0.0008906456109403881,0.000954634960639376,0.0013337268031638502,-0.003998545790808816
45,Aggregated,-0.002841256231874356,0.0017135806922782013,0.001552863555110771,0.00010623743419138817,-0.002042376110439261
45,Centralized,-0.002841256231874356,0.0017135806922782013,0.001552863555110771,0.00010623743419138817,-0.002042376110439261
46,0,-0.007175643625872755,-0.00288627271648265,0.003499949257352795,0.002363893286980312,0.006057180921646991
46,1,-0.006540320964115913,-0.0021588605028931823,0.004258729614133679,0.002863629601694369,0.003410369122469718
46,2,-0.0036585666224047872,-0.0003842411084578612,0.003441044566804959,0.0038671507066373734,-0.002122057377662828
46,3,-0.0007109675460235239,0.0009578186333576673,0.0029365158990283394,0.002965237058888696,-0.005264390615730682
46,4,-0.00076710784591467,-0.0001666967036451176,0.0015025020738836936,0.003104754984012729,-0.002972585157242765
46,Aggregated,-0.003831902695253327,-0.0009463911951711497,0.0031538512483732127,0.0030364825285230544,-0.000117741336690765
46,Centralized,-0.003831902695253327,-0.0009463911951711497,0.0031538512483732127,0.0030364825285230544,-0.000117741336690765
47,0,-0.002679722108397231,0.0007461712910654764,-0.0009362097081573872,-0.0008062962130019243,0.007159251956954142
47,1,-0.0021132243693741336,0.0006579563707747742,-0.0003784905325997734,-0.0012114036648480505,0.0061645236711751076
47,2,-0.0002815969516129113,0.0023357415278256206,-0.001749675431729101,0.0003693832231804491,0.0009243032800254458
47,3,0.0012264206452797133,0.002665052317168781,-0.0015516619164019567,0.0003067890309255028,-0.0012898827461114168
47,4,0.0007319040606777165,0.0019542734223615575,-0.0021246592887110855,0.0010407245986004195,-0.0007697677563643572
47,Aggregated,-0.0006528666645041795,0.0016686109795984042,-0.0013380500480294432,-7.37167276181283e-05,0.0024956125837079846
47,Centralized,-0.0006528666645041795,0.0016686109795984042,-0.0013380500480294432,-7.37167276181283e-05,0.0024956125837079846
48,0,0.002233429411937619,0.0025028484224821584,0.003824115287078818,-0.000858077015519898,0.005614462699371618
48,1,0.0033540403535091265,0.003762505584684998,0.0046305934665681284,-0.0007441914106448252,0.0046966493479683865
48,2,0.0028504974924387174,0.003429625222076932,0.003471897968094819,0.00016512761730980152,0.0023250236493513043
48,3,0.002635138884237026,0.00243788239580676,0.002597729277960472,-0.00022577271605827195,0.000401720462266932
48,4,0.001542351006321139,0.0017046530326988662,0.0011090391188454062,0.0008010501147701946,0.000707292345328823
48,Aggregated,0.002537994072956688,0.002785943035090743,0.0031605460363916945,-0.00018670913748780233,0.002789940717626823
48,Centralized,0.002537994072956688,0.002785943035090743,0.0031605460363916945,-0.00018670913748780233,0.002789940717626823
49,0,-0.005080546961900376,0.001187342197439506,0.0018032348453648095,-0.008521169279957776,0.008379380790478026
49,1,-0.00395198602001595,0.0013771751260819975,0.0028756764002323427,-0.007297214183705212,0.0037192892363324516
49,2,-0.0007383876863939857,0.002827584950955725,0.0023940178079086085,-0.004012501073273621,-0.0027574725419711086
49,3,0.0007604687066340414,0.0033231719588906177,0.001956625571721195,-0.00241090958944639,-0.005702212850804811
49,4,0.00023454935458791515,0.0020215063933490076,0.0008520480608616247,-0.002029609008391451,-0.002497424519768291
49,Aggregated,-0.00179102902027245,0.0021496578837880698,0.0019950776172061404,-0.00490544371238701,0.0002846323839466129
49,Centralized,-0.00179102902027245,0.0021496578837880698,0.0019950776172061404,-0.00490544371238701,0.0002846323839466129
50,0,-0.006190920916754774,-0.003967032985023786,-0.0015548398478468432,-0.0009838338333544047,0.013024982928166524
50,1,-0.009277292293852072,-0.0028926281037387,-0.00026589801683333435,0.000280406836345339,0.012651096643758313
50,2,-0.0063553420460527995,-0.0007948062580522681,-0.0006188592437431399,0.001496001342582215,0.0060448688689146955
50,3,-0.004038215244201978,0.000697701032300276,3.781898783539924e-05,0.0018603605783984807,0.0026696793529240944
50,4,-0.004048130900536911,5.0143585547829385e-05,-9.526638884240027e-05,0.002836352797494755,0.003086677044284275
50,Aggregated,-0.00600988559829689,-0.0014117657725890057,-0.0005129338521769462,0.0010664107958563947,0.007572799713076344
50,Centralized,-0.00600988559829689,-0.0014117657725890057,-0.0005129338521769462,0.0010664107958563947,0.007572799713076344
