Round,Evaluator,4,3,2,1,0
0,0,,,,,
0,1,,,,,
0,2,,,,,
0,3,,,,,
0,4,,,,,
0,Aggregated,,,,,
0,Centralized,,,,,
1,0,0.22338770608384761,0.20126484178934498,0.41022506339227494,0.566190335375265,0.9037942051227527
1,1,-0.452552179228141,-2.4811365730671886,-1.0064490686312464,2.6307882993426883,0.1402243972420945
1,2,0.2083977173993574,-0.12495180929048358,1.0344949612027319,0.5786449988876933,0.4933048554700664
1,3,0.4237441205164553,0.7982459506741116,0.7910312042177796,0.7816860301406154,0.7798592860583017
1,4,2.4364397155618387,-5.852949849466558,-3.3801183240645516,-0.7871816428552606,-1.357378514546569
1,Aggregated,0.5674644864900273,-1.4908644879967747,-0.4294728210262156,0.7543137387210783,0.1923430996399373
1,Centralized,0.5674644864900268,-1.490864487996774,-0.42947282102621515,0.7543137387210777,0.19234309963993698
2,0,-0.4236108991269584,0.07445507849973271,0.0482729922319792,0.04043142657097098,0.7314740706511128
2,1,-0.5163667916803655,0.06400254204794602,0.6003569500037536,3.032528353829673,0.822049994436305
2,2,-0.556640436327082,0.045597543913743065,0.8072230219296279,0.004590493341616651,0.14944926816008205
2,3,-0.7897731719227401,0.09012553607432977,0.01317761172700781,0.11732702595954697,0.12053274647322107
2,4,8.069202995505206,-0.11626670416598796,0.8740262259043158,-0.017477386837291085,1.0337818527220728
2,Aggregated,1.1550020794247855,0.03161629274449353,0.4685018832365235,0.6355475109949423,0.5713813405074294
2,Centralized,1.1550020794247855,0.03161629274449366,0.46850188323652353,0.6355475109949424,0.5713813405074286
3,0,-0.12620291039425527,-0.4901184860022616,-0.12177800680101426,-0.06863995552952656,0.35354469341405603
3,1,-0.1319085557984966,-2.993262638020228,-0.06756323486084544,1.705170824612137,0.36598787865046367
3,2,-0.10144116547791487,-0.7590472643670552,0.6197824742578494,-0.1684292964977393,-0.022414714486092564
3,3,-0.05824099108734087,0.13860283615211966,0.13528541936337032,0.1166896730401503,0.11628218368010354
3,4,4.038295388050271,-6.428726218900914,-2.071124122699876,-1.6744267696691764,-1.016825398163733
3,Aggregated,0.7233393473367975,-2.105484722095252,-0.30069217405466436,-0.017602984602922273,-0.04044904282998067
3,Centralized,0.7233393473367978,-2.105484722095251,-0.3006921740546638,-0.01760298460292239,-0.040449042829980776
4,0,-0.375227717938189,0.09420847636724926,-0.017602830807716168,0.18412461847639755,0.607563570388716
4,1,-1.5231439236959965,0.28884636364814914,-0.10798634566466554,2.124595175713058,0.5097793178001878
4,2,-0.7042209827336379,0.13146525664674788,0.8438915933899597,0.21256659732349587,0.06345277833558519
4,3,-0.7665766871890891,0.09061612900390523,0.0320293396294439,0.08747864787325484,0.04881527439228579
4,4,6.124473250885107,0.3297370405292141,0.39789530983903965,-0.032598401605206356,0.6770500746153968
4,Aggregated,0.5498365951778491,0.1869368873690185,0.2296024575017225,0.5153121941960409,0.3812963266925659
4,Centralized,0.5498365951778492,0.18693688736901848,0.22960245750172253,0.5153121941960407,0.3812963266925659
5,0,-0.22434574925853207,-0.3655969313080848,-0.17804598145789824,-0.015504468588913843,0.4820413720280854
5,1,-1.452766135387825,-1.4338236189804243,0.24649287258232608,1.6943978658737042,0.8578436241760936
5,2,-0.24721203112976062,-0.5767270424924889,0.4977307829482598,-0.06008348755302995,0.01160350900452941
5,3,-0.13125674025649073,0.1741437393264188,0.17295515466114075,0.1522268969485214,0.13943884690069255
5,4,3.1436054833530562,-4.784558685507995,-2.0943076887766545,-0.8500810854446946,-0.3679137299852655
5,Aggregated,0.21696380295440418,-1.3965343441877525,-0.2706492594247512,0.18437519972108876,0.22474697931484872
5,Centralized,0.21696380295440404,-1.3965343441877525,-0.27064925942475093,0.18437519972108854,0.22474697931484874
6,0,-0.26828394190232246,0.09602863827004714,-0.023911037473151413,0.13454859225327243,0.5394347968595751
6,1,-1.4285849479518087,0.16172071337054125,0.1513752824292533,1.0637214660399938,0.35418990002697753
6,2,-0.42233236931039997,0.12829008704949169,0.9576780677597104,0.041318048474350125,-0.08981319360250149
6,3,-0.5672142771585714,0.1399192457644161,0.04193174871989315,0.08862571253888553,0.04329028142471014
6,4,5.712537078232477,-1.2818897369750542,-0.030798156039140424,0.17956837253591892,0.13137700707009198
6,Aggregated,0.6041017464981636,-0.15093162168976804,0.21929952562887292,0.30156265660557235,0.19574199311021312
6,Centralized,0.6041017464981638,-0.1509316216897682,0.2192995256288728,0.3015626566055724,0.19574199311021306
7,0,-0.21771620937555494,-0.4056951079379652,-0.1770530446040786,-0.02678281339547191,0.39179766829472235
7,1,-1.9722289028790059,-1.253358925516466,0.25716171317109815,1.465264402436112,0.8735361867433642
7,2,-0.29463157937080875,-0.2692100125205449,0.7359046396927269,0.20403711217429,-0.10652418617157138
7,3,-0.17475574194687465,0.1311949226011639,0.12527586768924878,0.09966235509030019,0.07215056102150899
7,4,3.8862199004744804,-5.371423194413498,-2.01043108015697,-0.4625308834091483,-0.7006939056634405
7,Aggregated,0.2445892952679584,-1.4328018885450768,-0.2134479681048031,0.25604808436189086,0.10624279614338829
7,Centralized,0.2445892952679579,-1.4328018885450766,-0.2134479681048033,0.25604808436189086,0.10624279614338866
8,0,-0.3276078548018871,0.05620107116022815,0.03357009020775579,0.07331377249658723,0.7314830282864496
8,1,-0.953527303621841,-0.15560969442678052,0.21086443354852719,0.999213480969722,0.6404561139096256
8,2,-0.766656253713722,0.16959389696616972,0.5466271735418792,0.02285947547497706,-0.1144911029468672
8,3,-0.5744754311982656,0.06368159599498288,0.0926263800649824,0.07113503981290076,0.2302606043592527
8,4,5.829434798930866,-0.6108044458375425,-0.4618608551789105,-1.8208282363022774,0.41728778637391106
8,Aggregated,0.6402776264255884,-0.09526506080909478,0.08448023249736526,-0.13049874173383696,0.38102142327952004
8,Centralized,0.6402776264255882,-0.0952650608090947,0.08448023249736535,-0.130498741733837,0.38102142327952004
9,0,-0.23260331614131494,-0.33173849930066096,-0.16420705732716417,-0.013117198044533984,0.4084405171836936
9,1,-2.070866857333415,-0.5790148702595493,0.4520810285021298,1.0374639448258824,0.6852900238503462
9,2,-0.37270226983109356,-0.23574119822779474,0.8258670452576818,0.14559741665444578,-0.1991770765163207
9,3,-0.2861108862757246,0.15238000320653666,0.13604224043445481,0.06858756597008817,0.045494915935716515
9,4,4.408584170927575,-4.092888090122768,-1.5957409178541226,0.20756402341703237,-0.6851427461798031
9,Aggregated,0.28836963077954636,-1.0167141352718592,-0.06887794266951411,0.28920563334710986,0.051162486853578514
9,Centralized,0.28836963077954625,-1.0167141352718583,-0.06887794266951405,0.28920563334710997,0.05116248685357868
10,0,-0.45019049977846354,0.05736901760801023,0.045458272643880825,0.15393687963386693,0.45360166050579387
10,1,-0.8790472286736924,-0.028071606513078162,0.3103219462390687,0.7546460870428556,0.2681949568729814
10,2,-0.7976286308202076,0.11257905675013716,0.6363341082236984,0.12625363472635504,-0.32861345704732586
10,3,-0.5562382705214375,0.1060087324340218,0.07521615365359202,0.2005205898137822,-0.03260730423161991
10,4,4.926235591308085,-0.7768285327013416,0.4994381829024896,-1.1037790422464977,-0.09971174908489305
10,Aggregated,0.4476203896271329,-0.10563557115012095,0.31329975142264055,0.026556258334780806,0.05223941592264321
10,Centralized,0.4476203896271329,-0.10563557115012116,0.31329975142264044,0.0265562583347806,0.05223941592264322
11,0,-0.24792643380018287,-0.39812727064537506,-0.2195736540425469,-0.0339674505945498,0.4556444786475446
11,1,-1.075724875474555,-1.1911364098461823,0.5633692634111315,0.962457822288992,0.6701096507645677
11,2,-0.21618512898157496,-0.36871289624664266,0.7801843134279944,0.15327202810282384,-0.08824682507988943
11,3,-0.19605335173868949,0.12420006936256528,0.12029152665913727,0.07301915820940359,0.08584450737369019
11,4,3.0056440263688002,-4.46847519872335,-2.392434316049449,0.15272914843685192,-0.7940220815508435
11,Aggregated,0.2533407090544537,-1.25972080309104,-0.22917977974293854,0.26149490190147134,0.06607722859697097
11,Centralized,0.25334070905445377,-1.25972080309104,-0.22917977974293854,0.2614949019014713,0.06607722859697082
12,0,-0.48155839253563276,0.07650562868177987,0.06651764656262096,0.1984834441536526,0.6432953152782375
12,1,-1.1998871831910658,0.2537962773273187,0.2369808960202636,0.49412434870852434,0.2532065238715436
12,2,-1.0876331630771212,0.20059858099180808,0.4138559072604352,0.1788138697760252,-0.040706072309123015
12,3,-0.710654959812088,0.12555103284805297,0.10730475146281367,0.15551060789679685,0.13046981793248566
12,4,4.399115519571196,-0.8251532935903262,0.22982449193415747,0.6727895618963556,0.13048627190066645
12,Aggregated,0.18294528749083083,-0.03356699371310998,0.2108842064418999,0.3398626458858473,0.22340956942290252
12,Centralized,0.1829452874908308,-0.033566993713110005,0.2108842064419001,0.33986264588584736,0.22340956942290263
13,0,-0.30756087923416936,-0.3219876848804085,-0.18630028198441123,0.01299846674816838,0.4345909823633016
13,1,-0.9571162582622709,-0.08794542294926348,0.2155603777271077,0.5415992040319874,0.32653128967379863
13,2,-0.39380904222001856,-0.2523746470019564,0.7997797686803049,0.2448847470455876,-0.02772072595650236
13,3,-0.27380939043968183,0.1448436828027657,0.1420556437769113,0.09216925711841789,0.086409667307714
13,4,3.1438311115345097,-3.2615198212207033,-2.3230507708864323,-0.21455409445488402,-0.7331220216982985
13,Aggregated,0.24165951485784137,-0.7552523143092787,-0.26995285230993565,0.1354807554359337,0.017531097536204306
13,Centralized,0.24165951485784123,-0.7552523143092789,-0.2699528523099355,0.1354807554359338,0.017531097536204226
14,0,-0.4675822211246387,0.09128169154156406,0.06855598714167709,0.09229612573589555,0.5463187932577562
14,1,-1.5030417019903344,0.3463818427990224,0.014342740530934685,0.6512355262245147,0.46119362464570995
14,2,-0.9052520313854434,0.20857252280952002,0.49478813539079225,0.05737322117748398,-0.08248032884003867
14,3,-0.5990566785023128,0.12711975736559736,0.13474112481193348,0.07842878064870717,0.028679228163262495
14,4,4.602914768826463,-1.2701215120482672,-0.35011473529943715,0.7661429234394727,-0.22613388333928447
14,Aggregated,0.22463111012949363,-0.09909441438980365,0.07255534517445812,0.328981582357955,0.14563038492907074
14,Centralized,0.22463111012949352,-0.09909441438980382,0.07255534517445804,0.3289815823579548,0.14563038492907088
15,0,-0.24254409987092096,-0.2933208032533762,-0.17420861901702173,-0.0044124098249850975,0.4309886219451045
15,1,-0.40061054143895497,-1.183085868792648,0.13595779475811146,1.1103287671249833,0.34531749371989534
15,2,-0.346756899952206,-0.11344615107036454,0.5644302673136975,0.14205593633428304,-0.01113061740720616
15,3,-0.17776467043249738,0.1220649110230463,0.11778458715882377,0.08389111812679222,0.08364207594649783
15,4,3.6846544714712723,-4.152534226366283,-2.19111125998843,-0.15646439869496562,-1.100669975021911
15,Aggregated,0.5026698579044547,-1.1233691611527366,-0.30902493125755137,0.2351352177829952,-0.050109391019077805
15,Centralized,0.5026698579044546,-1.1233691611527357,-0.3090249312575517,0.235135217782995,-0.050109391019077985
16,0,-0.3009578304155279,-0.0014250977698170668,0.05211961543391199,0.08238304897821136,0.5375001448269123
16,1,-1.0253593215452381,0.21138862818083962,0.24633402499631527,0.48428450893107045,0.13827240626121437
16,2,-0.7759082567806895,0.17423817252711443,0.5013038241463693,-0.0007862925670665137,-0.11943016826585828
16,3,-0.4577664874071516,0.09682299977467164,0.13171657061884579,0.10362109473979259,0.030917905126253583
16,4,4.020660962417406,-0.528994451629379,-0.2563712934038211,0.4015932348867325,0.06525356488302617
16,Aggregated,0.2913100934871739,-0.00948630596967689,0.13509885544766428,0.2141651859608275,0.13055545753207395
16,Centralized,0.2913100934871743,-0.009486305969676622,0.13509885544766423,0.2141651859608276,0.1305554575320739
