,BeforeLocalTraining,AfterLocalTraining,BeforeLocalPartialEvaluations,AfterLocalPartialEvaluations,BeforeEvaluation,AfterEvaluation
1,1782858123.784881,1782858123.808829,1782858124.9031446,1782858125.1455793,1782858125.171726,1782858125.1763253
2,1782858125.2175837,1782858125.2414997,1782858126.1873224,1782858126.4263926,1782858126.4509335,1782858126.4551566
3,1782858126.4953268,1782858126.517898,1782858127.4640846,1782858127.7033346,1782858127.727644,1782858127.731958
4,1782858127.770782,1782858127.7944446,1782858128.8472033,1782858129.0873494,1782858129.1121526,1782858129.1163828
5,1782858129.1588166,1782858129.1811287,1782858130.1346838,1782858130.3838797,1782858130.4088628,1782858130.4129791
6,1782858130.45603,1782858130.4802482,1782858131.5402696,1782858131.7791073,1782858131.8039422,1782858131.808108
7,1782858131.8495686,1782858131.8732092,1782858132.8207767,1782858133.0585527,1782858133.083591,1782858133.0878272
8,1782858133.1284134,1782858133.150943,1782858134.0981317,1782858134.3418598,1782858134.367197,1782858134.3714976
9,1782858134.4078116,1782858134.430623,1782858135.4802268,1782858135.7288463,1782858135.7536607,1782858135.757814
10,1782858135.795014,1782858135.817179,1782858136.7615418,1782858137.0033941,1782858137.028501,1782858137.0329325
11,1782858137.070936,1782858137.094437,1782858138.156807,1782858138.3943946,1782858138.4193916,1782858138.4235513
12,1782858138.4690835,1782858138.4913352,1782858139.4334786,1782858139.674864,1782858139.7000713,1782858139.7043839
13,1782858139.7515943,1782858139.7746263,1782858140.843819,1782858141.0848372,1782858141.1099174,1782858141.1141403
14,1782858141.151078,1782858141.174282,1782858142.1148853,1782858142.353446,1782858142.3787289,1782858142.3831115
15,1782858142.4234116,1782858142.4465716,1782858143.3905675,1782858143.6296988,1782858143.6546447,1782858143.6588275
16,1782858143.6998274,1782858143.722751,1782858144.7749383,1782858145.020685,1782858145.0452473,1782858145.049636
17,1782858145.0965018,1782858145.1199834,1782858146.206893,1782858146.4454656,1782858146.4704592,1782858146.474669
18,1782858146.5133772,1782858146.5359502,1782858147.6155207,1782858147.854054,1782858147.8790016,1782858147.8832839
19,1782858147.9265373,1782858147.9497268,1782858148.8885124,1782858149.135883,1782858149.160545,1782858149.1648335
20,1782858149.201967,1782858149.2241514,1782858150.2792537,1782858150.5174522,1782858150.5425975,1782858150.5467284
21,1782858150.5871363,1782858150.6093087,1782858151.5552583,1782858151.7930164,1782858151.8178022,1782858151.8219693
22,1782858151.8622284,1782858151.8854704,1782858152.8227506,1782858153.0614433,1782858153.0864713,1782858153.0907161
23,1782858153.132868,1782858153.1561663,1782858154.213455,1782858154.4567752,1782858154.4817421,1782858154.4860733
24,1782858154.5251327,1782858154.547857,1782858155.4930432,1782858155.7347174,1782858155.7596855,1782858155.764401
25,1782858155.8020499,1782858155.8245335,1782858156.8895402,1782858157.1373932,1782858157.1627483,1782858157.167208
26,1782858157.2043748,1782858157.2277231,1782858158.171866,1782858158.4119632,1782858158.4369848,1782858158.441127
27,1782858158.484629,1782858158.5126612,1782858159.455574,1782858159.6949453,1782858159.7200453,1782858159.7241738
28,1782858159.7660937,1782858159.7918901,1782858160.9137065,1782858161.1548562,1782858161.1804738,1782858161.184767
29,1782858161.2255492,1782858161.2486722,1782858162.194903,1782858162.4330697,1782858162.4583313,1782858162.4625072
30,1782858162.5047245,1782858162.5279834,1782858163.5835893,1782858163.8210986,1782858163.8464901,1782858163.8506389
31,1782858163.8943439,1782858163.9177585,1782858164.8777175,1782858165.1160295,1782858165.140914,1782858165.1451688
32,1782858165.183191,1782858165.2182343,1782858166.2826242,1782858166.5205023,1782858166.545928,1782858166.550142
33,1782858166.590018,1782858166.6129258,1782858167.5541954,1782858167.801762,1782858167.8268666,1782858167.8311768
34,1782858167.8694558,1782858167.8937697,1782858168.8411024,1782858169.0830812,1782858169.1076887,1782858169.1119
35,1782858169.1504912,1782858169.1808372,,,,
