,BeforeLocalTraining,AfterLocalTraining,BeforeLocalPartialEvaluations,AfterLocalPartialEvaluations,BeforeEvaluation,AfterEvaluation
1,1782858123.7841766,1782858123.8094814,1782858124.904428,1782858125.1475112,1782858125.1730065,1782858125.1775744
2,1782858125.2171597,1782858125.2408059,1782858126.1877453,1782858126.4263005,1782858126.4516501,1782858126.4558616
3,1782858126.4951704,1782858126.51802,1782858127.4643145,1782858127.7028673,1782858127.7280166,1782858127.7322443
4,1782858127.7708337,1782858127.7961817,1782858128.8470192,1782858129.088827,1782858129.1133945,1782858129.117954
5,1782858129.158023,1782858129.184099,1782858130.1339521,1782858130.3874242,1782858130.4128141,1782858130.41702
6,1782858130.4561636,1782858130.4787478,1782858131.5398228,1782858131.7781894,1782858131.8036244,1782858131.807754
7,1782858131.8492324,1782858131.8722913,1782858132.820974,1782858133.061561,1782858133.0872376,1782858133.0919683
8,1782858133.1287155,1782858133.151513,1782858134.097735,1782858134.3378859,1782858134.3632636,1782858134.3676097
9,1782858134.4078648,1782858134.4299903,1782858135.4790072,1782858135.7198362,1782858135.7453442,1782858135.7499702
10,1782858135.7947028,1782858135.817705,1782858136.7623646,1782858137.0034943,1782858137.0286198,1782858137.0331898
11,1782858137.0706806,1782858137.0968528,1782858138.1566784,1782858138.4025567,1782858138.4276428,1782858138.4317887
12,1782858138.4694402,1782858138.4922345,1782858139.4339242,1782858139.6737106,1782858139.6989357,1782858139.7031617
13,1782858139.751278,1782858139.7742088,1782858140.8433995,1782858141.0844588,1782858141.1099591,1782858141.1146092
14,1782858141.1509898,1782858141.1742454,1782858142.1141698,1782858142.3546815,1782858142.3802552,1782858142.3846176
15,1782858142.4232807,1782858142.4465368,1782858143.3904603,1782858143.6326098,1782858143.6585338,1782858143.662959
16,1782858143.699555,1782858143.7223432,1782858144.7748435,1782858145.029329,1782858145.0547736,1782858145.059345
17,1782858145.0964153,1782858145.1189914,1782858146.2074857,1782858146.4438262,1782858146.4693413,1782858146.4734774
18,1782858146.5137684,1782858146.5371666,1782858147.6161551,1782858147.8601556,1782858147.8857005,1782858147.890169
19,1782858147.9266088,1782858147.9488895,1782858148.8881001,1782858149.1292453,1782858149.1545162,1782858149.159197
20,1782858149.2015808,1782858149.224299,1782858150.2804167,1782858150.5201113,1782858150.5457296,1782858150.550089
21,1782858150.5866332,1782858150.609615,1782858151.5549169,1782858151.795007,1782858151.8205936,1782858151.8249907
22,1782858151.8618338,1782858151.885529,1782858152.8239427,1782858153.0654542,1782858153.0906718,1782858153.095245
23,1782858153.1327345,1782858153.1557987,1782858154.2129266,1782858154.4534035,1782858154.4788601,1782858154.483118
24,1782858154.5254374,1782858154.5484662,1782858155.4921331,1782858155.730277,1782858155.7555308,1782858155.7596827
25,1782858155.8022404,1782858155.8248425,1782858156.8880556,1782858157.126327,1782858157.1514235,1782858157.156033
26,1782858157.2045453,1782858157.2273033,1782858158.1717148,1782858158.4094365,1782858158.4349794,1782858158.4391224
27,1782858158.4839902,1782858158.5061626,1782858159.4563303,1782858159.6995244,1782858159.7244864,1782858159.7291858
28,1782858159.7665048,1782858159.7923608,1782858160.91464,1782858161.1565645,1782858161.181566,1782858161.1862807
29,1782858161.2265272,1782858161.2556803,1782858162.194581,1782858162.4321759,1782858162.457714,1782858162.4618444
30,1782858162.504148,1782858162.526426,1782858163.5837183,1782858163.8216221,1782858163.8466332,1782858163.8507643
31,1782858163.89498,1782858163.918263,1782858164.8774686,1782858165.1138215,1782858165.1390815,1782858165.143708
32,1782858165.183418,1782858165.2186894,1782858166.2815802,1782858166.5233061,1782858166.5486474,1782858166.5528758
33,1782858166.5894318,1782858166.6117365,1782858167.5536082,1782858167.7903025,1782858167.8154275,1782858167.8195865
34,1782858167.8687587,1782858167.893585,1782858168.841338,1782858169.0799475,1782858169.1051054,1782858169.1096914
35,1782858169.1498237,1782858169.1724055,,,,
