,BeforeEvaluation,AfterEvaluation
0,1786797822.4095953,
1,1786797824.1539323,1786797824.1721735
2,1786797824.2320726,1786797824.251078
3,1786797824.3139317,1786797824.3329408
4,1786797824.3963008,1786797824.4152522
5,1786797824.4726648,1786797824.4920297
6,1786797824.5489836,1786797824.568594
7,1786797824.6261346,1786797824.6450791
8,1786797824.7076478,1786797824.7265742
9,1786797824.7778475,1786797824.7972066
10,1786797824.8511415,1786797824.8701968
11,1786797824.9304714,1786797824.9494398
12,1786797825.0057569,1786797825.0248058
13,1786797825.0802982,1786797825.1002026
14,1786797825.1521776,1786797825.1717284
15,1786797825.2301042,1786797825.2490702
16,1786797825.300426,1786797825.320154
17,1786797825.371051,1786797825.3901005
18,1786797825.4405906,1786797825.4598403
19,1786797825.5830376,1786797825.6020987
20,1786797825.7602699,1786797825.7792048
21,1786797825.8399081,1786797825.8587525
22,1786797825.9114635,1786797825.9305797
23,1786797826.0555117,1786797826.0744555
