,BeforeLocalTraining,AfterLocalTraining,BeforeLocalPartialEvaluations,AfterLocalPartialEvaluations,BeforeEvaluation,AfterEvaluation
1,1783541745.7694883,1783541745.93964,1783541752.4636836,1783541754.3794143,1783541754.3916867,1783541754.4173365
2,1783541755.9460855,1783541756.1160796,1783541762.1627657,1783541764.0468287,1783541764.05944,1783541764.0867403
3,1783541765.5306752,1783541765.6864376,1783541771.6312416,1783541773.5305874,1783541773.5429337,1783541773.5695412
4,1783541774.997225,1783541775.154933,1783541780.93407,1783541783.1697483,1783541783.1827502,1783541783.209367
5,1783541784.6416166,1783541784.8112614,1783541790.3715434,1783541793.1604276,1783541793.1906087,1783541793.2471993
6,1783541794.895428,1783541795.0743127,1783541800.6853185,1783541802.6989288,1783541802.7156088,1783541802.7456965
7,1783541804.1147819,1783541804.3550801,1783541810.6433866,1783541812.5739439,1783541812.587214,1783541812.6130233
8,1783541814.0969872,1783541814.257441,1783541820.1936996,1783541822.7632186,1783541822.7771122,1783541822.8078067
9,1783541824.3370626,1783541824.500288,1783541830.4164112,1783541832.3531182,1783541832.3646204,1783541832.3908982
10,1783541833.8954794,1783541834.055206,1783541840.3119998,1783541842.16317,1783541842.1753767,1783541842.2016122
11,1783541843.8212097,1783541843.9964142,1783541849.686445,1783541852.471555,1783541852.4868639,1783541852.5174544
12,1783541854.0204709,1783541854.180571,1783541859.9213204,1783541862.1433804,1783541862.1629598,1783541862.1962805
13,1783541863.6671462,1783541863.825614,1783541869.8017874,1783541871.8423967,1783541871.8546531,1783541871.8806362
14,1783541873.4758224,1783541873.6638622,1783541879.3828452,1783541881.3978012,1783541881.4104865,1783541881.4407828
15,1783541883.520779,1783541883.6845727,1783541889.6110728,1783541891.5362544,1783541891.5490012,1783541891.5768726
16,1783541893.048327,1783541893.2105834,1783541899.5605333,1783541901.5323262,1783541901.5453584,1783541901.5732992
17,1783541902.9654326,1783541903.1200542,1783541909.0250518,1783541910.8990986,1783541910.9112463,1783541910.938012
18,1783541913.1297085,1783541913.2883966,1783541919.2834969,1783541921.246944,1783541921.260986,1783541921.2882192
19,1783541922.7378447,1783541922.9028366,1783541928.9075835,1783541931.204626,1783541931.216926,1783541931.242368
20,1783541932.7674499,1783541932.9285355,,,,
