Round,Evaluator,1,5,2,3,0,4
0,0,,,,,,
0,1,,,,,,
0,2,,,,,,
0,3,,,,,,
0,4,,,,,,
0,5,,,,,,
0,Aggregated,,,,,,
0,Centralized,,,,,,
1,0,,,,,,
1,1,,,,,,
1,2,,,,,,
1,3,,,,,,
1,4,,,,,,
1,5,,,,,,
1,Aggregated,,,,,,
1,Centralized,0.16094204783439636,0.1726597249507904,0.1607760787010193,0.1722750961780548,0.1610831469297409,0.1722639501094818
2,0,,,,,,
2,1,,,,,,
2,2,,,,,,
2,3,,,,,,
2,4,,,,,,
2,5,,,,,,
2,Aggregated,,,,,,
2,Centralized,0.16221068799495697,0.17126277089118958,0.16184355318546295,0.17145350575447083,0.16228361427783966,0.17094582319259644
3,0,,,,,,
3,1,,,,,,
3,2,,,,,,
3,3,,,,,,
3,4,,,,,,
3,5,,,,,,
3,Aggregated,,,,,,
3,Centralized,0.16349726915359497,0.17007751762866974,0.16315285861492157,0.1701565682888031,0.16343633830547333,0.16967947781085968
4,0,,,,,,
4,1,,,,,,
4,2,,,,,,
4,3,,,,,,
4,4,,,,,,
4,5,,,,,,
4,Aggregated,,,,,,
4,Centralized,0.16445297002792358,0.16907110810279846,0.1642395257949829,0.16921839118003845,0.16437800228595734,0.16864000260829926
5,0,,,,,,
5,1,,,,,,
5,2,,,,,,
5,3,,,,,,
5,4,,,,,,
5,5,,,,,,
5,Aggregated,,,,,,
5,Centralized,0.16510109603405,0.16837932169437408,0.16497838497161865,0.1684759259223938,0.16503649950027466,0.1680288016796112
6,0,,,,,,
6,1,,,,,,
6,2,,,,,,
6,3,,,,,,
6,4,,,,,,
6,5,,,,,,
6,Aggregated,,,,,,
6,Centralized,0.16554805636405945,0.16789472103118896,0.16551630198955536,0.16794560849666595,0.16551139950752258,0.1675838977098465
7,0,,,,,,
7,1,,,,,,
7,2,,,,,,
7,3,,,,,,
7,4,,,,,,
7,5,,,,,,
7,Aggregated,,,,,,
7,Centralized,0.16582082211971283,0.16753889620304108,0.1658882051706314,0.16756463050842285,0.1658594012260437,0.16732805967330933
8,0,,,,,,
8,1,,,,,,
8,2,,,,,,
8,3,,,,,,
8,4,,,,,,
8,5,,,,,,
8,Aggregated,,,,,,
8,Centralized,0.16605313122272491,0.16731683909893036,0.16609221696853638,0.16733215749263763,0.16607464849948883,0.1671309918165207
9,0,,,,,,
9,1,,,,,,
9,2,,,,,,
9,3,,,,,,
9,4,,,,,,
9,5,,,,,,
9,Aggregated,,,,,,
9,Centralized,0.16618770360946655,0.16714751720428467,0.1662505567073822,0.16716744005680084,0.16622449457645416,0.16702225804328918
10,0,,,,,,
10,1,,,,,,
10,2,,,,,,
10,3,,,,,,
10,4,,,,,,
10,5,,,,,,
10,Aggregated,,,,,,
10,Centralized,0.16629454493522644,0.16703486442565918,0.16633906960487366,0.16704396903514862,0.16632476449012756,0.16696277260780334
11,0,,,,,,
11,1,,,,,,
11,2,,,,,,
11,3,,,,,,
11,4,,,,,,
11,5,,,,,,
11,Aggregated,,,,,,
11,Centralized,0.16636672616004944,0.16695402562618256,0.16641825437545776,0.16696041822433472,0.16640225052833557,0.16689835488796234
12,0,,,,,,
12,1,,,,,,
12,2,,,,,,
12,3,,,,,,
12,4,,,,,,
12,5,,,,,,
12,Aggregated,,,,,,
12,Centralized,0.16644512116909027,0.16688348352909088,0.16648158431053162,0.16690590977668762,0.16643431782722473,0.16684961318969727
13,0,,,,,,
13,1,,,,,,
13,2,,,,,,
13,3,,,,,,
13,4,,,,,,
13,5,,,,,,
13,Aggregated,,,,,,
13,Centralized,0.16647866368293762,0.16684991121292114,0.16651472449302673,0.16686275601387024,0.1664682924747467,0.16682568192481995
14,0,,,,,,
14,1,,,,,,
14,2,,,,,,
14,3,,,,,,
14,4,,,,,,
14,5,,,,,,
14,Aggregated,,,,,,
14,Centralized,0.16652259230613708,0.16680771112442017,0.16654568910598755,0.16682736575603485,0.16650602221488953,0.16679057478904724
15,0,,,,,,
15,1,,,,,,
15,2,,,,,,
15,3,,,,,,
15,4,,,,,,
15,5,,,,,,
15,Aggregated,,,,,,
15,Centralized,0.16653034090995789,0.16678956151008606,0.16656944155693054,0.16680924594402313,0.16652649641036987,0.1667749136686325
16,0,,,,,,
16,1,,,,,,
16,2,,,,,,
16,3,,,,,,
16,4,,,,,,
16,5,,,,,,
16,Aggregated,,,,,,
16,Centralized,0.1665618121623993,0.16677320003509521,0.16657981276512146,0.16678600013256073,0.1665377914905548,0.1667613536119461
17,0,,,,,,
17,1,,,,,,
17,2,,,,,,
17,3,,,,,,
17,4,,,,,,
17,5,,,,,,
17,Aggregated,,,,,,
17,Centralized,0.1665770560503006,0.16675938665866852,0.16658860445022583,0.1667676717042923,0.16655611991882324,0.16675111651420593
18,0,,,,,,
18,1,,,,,,
18,2,,,,,,
18,3,,,,,,
18,4,,,,,,
18,5,,,,,,
18,Aggregated,,,,,,
18,Centralized,0.1665831059217453,0.16674739122390747,0.1666029542684555,0.16675586998462677,0.16656874120235443,0.1667419821023941
19,0,,,,,,
19,1,,,,,,
19,2,,,,,,
19,3,,,,,,
19,4,,,,,,
19,5,,,,,,
19,Aggregated,,,,,,
19,Centralized,0.1665971428155899,0.16673940420150757,0.16661284863948822,0.16675232350826263,0.16656675934791565,0.1667315512895584
20,0,,,,,,
20,1,,,,,,
20,2,,,,,,
20,3,,,,,,
20,4,,,,,,
20,5,,,,,,
20,Aggregated,,,,,,
20,Centralized,0.1665971428155899,0.16673734784126282,0.1666148602962494,0.166740283370018,0.16657927632331848,0.1667311191558838
21,0,,,,,,
21,1,,,,,,
21,2,,,,,,
21,3,,,,,,
21,4,,,,,,
21,5,,,,,,
21,Aggregated,,,,,,
21,Centralized,0.16660457849502563,0.16672959923744202,0.16661842167377472,0.16673877835273743,0.16658955812454224,0.16671904921531677
22,0,,,,,,
22,1,,,,,,
22,2,,,,,,
22,3,,,,,,
22,4,,,,,,
22,5,,,,,,
22,Aggregated,,,,,,
22,Centralized,0.16661784052848816,0.1667243093252182,0.16662336885929108,0.16672872006893158,0.16658921539783478,0.1667165905237198
23,0,,,,,,
23,1,,,,,,
23,2,,,,,,
23,3,,,,,,
23,4,,,,,,
23,5,,,,,,
23,Aggregated,,,,,,
23,Centralized,0.1666201651096344,0.16671910881996155,0.16662757098674774,0.16672983765602112,0.16658823192119598,0.16671505570411682
24,0,,,,,,
24,1,,,,,,
24,2,,,,,,
24,3,,,,,,
24,4,,,,,,
24,5,,,,,,
24,Aggregated,,,,,,
24,Centralized,0.16662432253360748,0.16671955585479736,0.16661645472049713,0.16672149300575256,0.16660302877426147,0.1667151004076004
25,0,,,,,,
25,1,,,,,,
25,2,,,,,,
25,3,,,,,,
25,4,,,,,,
25,5,,,,,,
25,Aggregated,,,,,,
25,Centralized,0.16662922501564026,0.16671551764011383,0.16662296652793884,0.16672028601169586,0.16660380363464355,0.16670817136764526
26,0,,,,,,
26,1,,,,,,
26,2,,,,,,
26,3,,,,,,
26,4,,,,,,
26,5,,,,,,
26,Aggregated,,,,,,
26,Centralized,0.16662678122520447,0.16671419143676758,0.1666325479745865,0.16671527922153473,0.16660688817501068,0.16670431196689606
27,0,,,,,,
27,1,,,,,,
27,2,,,,,,
27,3,,,,,,
27,4,,,,,,
27,5,,,,,,
27,Aggregated,,,,,,
27,Centralized,0.16663311421871185,0.1667085736989975,0.16663382947444916,0.1667102426290512,0.1666138619184494,0.16670037806034088
28,0,,,,,,
28,1,,,,,,
28,2,,,,,,
28,3,,,,,,
28,4,,,,,,
28,5,,,,,,
28,Aggregated,,,,,,
28,Centralized,0.1666286438703537,0.16670536994934082,0.16663886606693268,0.16670943796634674,0.1666174978017807,0.16670018434524536
29,0,,,,,,
29,1,,,,,,
29,2,,,,,,
29,3,,,,,,
29,4,,,,,,
29,5,,,,,,
29,Aggregated,,,,,,
29,Centralized,0.16663314402103424,0.1667032688856125,0.1666421741247177,0.16670598089694977,0.16661778092384338,0.1666976362466812
30,0,,,,,,
30,1,,,,,,
30,2,,,,,,
30,3,,,,,,
30,4,,,,,,
30,5,,,,,,
30,Aggregated,,,,,,
30,Centralized,0.16663387417793274,0.16670045256614685,0.166644886136055,0.1667039841413498,0.16662001609802246,0.16669684648513794
31,0,,,,,,
31,1,,,,,,
31,2,,,,,,
31,3,,,,,,
31,4,,,,,,
31,5,,,,,,
31,Aggregated,,,,,,
31,Centralized,0.1666370928287506,0.16669905185699463,0.16663838922977448,0.16670383512973785,0.16662552952766418,0.16669608652591705
32,0,,,,,,
32,1,,,,,,
32,2,,,,,,
32,3,,,,,,
32,4,,,,,,
32,5,,,,,,
32,Aggregated,,,,,,
32,Centralized,0.1666388064622879,0.16669593751430511,0.16664201021194458,0.16670332849025726,0.16662663221359253,0.1666933000087738
33,0,,,,,,
33,1,,,,,,
33,2,,,,,,
33,3,,,,,,
33,4,,,,,,
33,5,,,,,,
33,Aggregated,,,,,,
33,Centralized,0.16664095222949982,0.1666952520608902,0.16664443910121918,0.16670015454292297,0.16662625968456268,0.16669288277626038
34,0,,,,,,
34,1,,,,,,
34,2,,,,,,
34,3,,,,,,
34,4,,,,,,
34,5,,,,,,
34,Aggregated,,,,,,
34,Centralized,0.16663546860218048,0.16669407486915588,0.16664713621139526,0.1667013019323349,0.1666305959224701,0.16669140756130219
35,0,,,,,,
35,1,,,,,,
35,2,,,,,,
35,3,,,,,,
35,4,,,,,,
35,5,,,,,,
35,Aggregated,,,,,,
35,Centralized,0.16663967072963715,0.16669383645057678,0.16664645075798035,0.1666991114616394,0.16663123667240143,0.16668960452079773
36,0,,,,,,
36,1,,,,,,
36,2,,,,,,
36,3,,,,,,
36,4,,,,,,
36,5,,,,,,
36,Aggregated,,,,,,
36,Centralized,0.16663798689842224,0.1666925698518753,0.16664595901966095,0.1666998416185379,0.1666327267885208,0.1666909158229828
37,0,,,,,,
37,1,,,,,,
37,2,,,,,,
37,3,,,,,,
37,4,,,,,,
37,5,,,,,,
37,Aggregated,,,,,,
37,Centralized,0.1666354238986969,0.1666935384273529,0.16664862632751465,0.16669808328151703,0.16663406789302826,0.16669026017189026
38,0,,,,,,
38,1,,,,,,
38,2,,,,,,
38,3,,,,,,
38,4,,,,,,
38,5,,,,,,
38,Aggregated,,,,,,
38,Centralized,0.1666390746831894,0.16669102013111115,0.16664595901966095,0.16669681668281555,0.1666378229856491,0.16668929159641266
39,0,,,,,,
39,1,,,,,,
39,2,,,,,,
39,3,,,,,,
39,4,,,,,,
39,5,,,,,,
39,Aggregated,,,,,,
39,Centralized,0.16664162278175354,0.1666911393404007,0.16665051877498627,0.16669407486915588,0.16663512587547302,0.16668754816055298
40,0,,,,,,
40,1,,,,,,
40,2,,,,,,
40,3,,,,,,
40,4,,,,,,
40,5,,,,,,
40,Aggregated,,,,,,
40,Centralized,0.16663984954357147,0.1666906774044037,0.16665025055408478,0.16669660806655884,0.16663523018360138,0.16668738424777985
41,0,,,,,,
41,1,,,,,,
41,2,,,,,,
41,3,,,,,,
41,4,,,,,,
41,5,,,,,,
41,Aggregated,,,,,,
41,Centralized,0.16664209961891174,0.16668933629989624,0.16664986312389374,0.16669423878192902,0.1666359156370163,0.16668859124183655
42,0,,,,,,
42,1,,,,,,
42,2,,,,,,
42,3,,,,,,
42,4,,,,,,
42,5,,,,,,
42,Aggregated,,,,,,
42,Centralized,0.166640967130661,0.1666889488697052,0.16665038466453552,0.16669391095638275,0.16663585603237152,0.1666899472475052
43,0,,,,,,
43,1,,,,,,
43,2,,,,,,
43,3,,,,,,
43,4,,,,,,
43,5,,,,,,
43,Aggregated,,,,,,
43,Centralized,0.1666383296251297,0.16668935120105743,0.16664983332157135,0.1666925996541977,0.1666402965784073,0.16668953001499176
44,0,,,,,,
44,1,,,,,,
44,2,,,,,,
44,3,,,,,,
44,4,,,,,,
44,5,,,,,,
44,Aggregated,,,,,,
44,Centralized,0.1666439026594162,0.16668787598609924,0.16664953529834747,0.16669288277626038,0.16663947701454163,0.1666863113641739
45,0,,,,,,
45,1,,,,,,
45,2,,,,,,
45,3,,,,,,
45,4,,,,,,
45,5,,,,,,
45,Aggregated,,,,,,
45,Centralized,0.16664399206638336,0.16668623685836792,0.16665269434452057,0.1666913777589798,0.16663986444473267,0.1666858047246933
46,0,,,,,,
46,1,,,,,,
46,2,,,,,,
46,3,,,,,,
46,4,,,,,,
46,5,,,,,,
46,Aggregated,,,,,,
46,Centralized,0.1666446179151535,0.16668659448623657,0.16664893925189972,0.1666925698518753,0.1666431427001953,0.16668418049812317
47,0,,,,,,
47,1,,,,,,
47,2,,,,,,
47,3,,,,,,
47,4,,,,,,
47,5,,,,,,
47,Aggregated,,,,,,
47,Centralized,0.1666463017463684,0.1666857898235321,0.16665029525756836,0.16669107973575592,0.16664238274097443,0.16668421030044556
48,0,,,,,,
48,1,,,,,,
48,2,,,,,,
48,3,,,,,,
48,4,,,,,,
48,5,,,,,,
48,Aggregated,,,,,,
48,Centralized,0.16664575040340424,0.16668641567230225,0.16664747893810272,0.16669152677059174,0.16664396226406097,0.16668488085269928
49,0,,,,,,
49,1,,,,,,
49,2,,,,,,
49,3,,,,,,
49,4,,,,,,
49,5,,,,,,
49,Aggregated,,,,,,
49,Centralized,0.1666426956653595,0.16668690741062164,0.16665096580982208,0.1666908860206604,0.16664470732212067,0.16668391227722168
50,0,,,,,,
50,1,,,,,,
50,2,,,,,,
50,3,,,,,,
50,4,,,,,,
50,5,,,,,,
50,Aggregated,,,,,,
50,Centralized,0.1666450947523117,0.16668491065502167,0.16665290296077728,0.16669048368930817,0.16664403676986694,0.16668255627155304
