Round,Evaluator,1,5,2,3,0,4
0,0,,,,,,
0,1,,,,,,
0,2,,,,,,
0,3,,,,,,
0,4,,,,,,
0,5,,,,,,
0,Aggregated,,,,,,
0,Centralized,,,,,,
1,0,7.91628016279714,7.447313962701802,7.887534200176712,7.177817125358308,7.744448115586663,7.174437309307047
1,1,8.102757502997767,6.689205992698744,7.912956859167549,6.263393927452542,8.18212367749528,6.242025113610922
1,2,8.268147366215915,6.798856518770782,8.142710561455438,6.269311052767649,8.264470538091397,6.274039252234863
1,3,9.307952269520658,10.991777108576883,9.67378362612898,11.003647505551383,8.42283321594279,10.979716876564451
1,4,9.28057343118464,10.810321899683771,9.611999281702008,10.808376097257652,8.450722051494937,10.803263903921062
1,5,9.42609806707477,10.64991307609225,9.7964539539941,10.505882819367375,8.708695516392249,10.536624399637857
1,Aggregated,52.30180879979088,53.387388558524336,53.02543848262486,52.02842852775506,49.77329311500388,52.010106855276
1,Centralized,8.940040606171248,9.459449378273927,9.102441342728357,9.272619210785455,8.380601211797082,9.258570908408094
2,0,0.18830541436563963,0.5838750599869778,-0.8994836747682249,0.15697830733349616,0.2726170690074048,0.4877306555786127
2,1,-0.1831511861757004,1.2758855744498674,-2.0086986175908113,0.19044295940194036,-0.06508233075732424,0.9025406491925436
2,2,-0.18476482674283815,1.141573338024495,-1.7585737466757074,0.035473393704265915,-0.05666111293025691,0.7729140051424953
2,3,-0.21448652628238724,0.9834914662230614,-1.6213818012361632,0.3387568340974951,0.04108885312548804,0.9314994014357914
2,4,-0.11836598753621361,0.8894050540036642,-1.5019328866587778,0.37334133434163425,0.03608511703190271,0.8506194990326355
2,5,-0.3587563999199221,0.9845419958216114,-1.8029260240221388,0.27629038787288934,-0.13442591279996824,0.8993907180475241
2,Aggregated,-0.8712195122914136,5.858772488509683,-9.5929967509518,1.3712832167517228,0.09362168267725358,4.844694928429619
2,Centralized,-0.241581055912107,1.0599981572171229,-1.6720409113134742,0.32385665041113215,-0.07932043236100282,0.9293229536380211
3,0,-1.036693861129148,1.0137260962312826,-0.1824713355438626,0.8148336403166488,-0.6411520486157228,0.770701194614828
3,1,-1.9855449095815487,1.8194898130009751,-0.7817849435476857,1.3519489760407746,-1.4143835651664214,1.3792529664951227
3,2,-1.491003234727941,1.4679927252609029,-0.22976085466390114,0.9989369611156439,-1.0692576049938156,0.9617986806458295
3,3,-2.7455124903276333,1.973624569633787,-1.6641715680441986,1.6549103704216301,-1.826122249999758,1.7006633921735865
3,4,-2.7250957830896017,2.0962607906890436,-1.602240035257002,1.740762631047364,-1.7734606740113121,1.7750696846595815
3,5,-2.6035048354824273,2.01632113102978,-1.5396938110937488,1.6770242127226551,-1.7866671879319667,1.6728370264978816
3,Aggregated,-12.587355114338289,10.387415125845768,-6.000122548150402,8.238416791664736,-8.511043330719005,8.260322945086784
3,Centralized,-2.3058217169912063,1.9430704882726222,-1.1916885910126935,1.5979081965882176,-1.5305192827985128,1.6155493192911892
4,0,-0.26201069002245975,0.676319653445476,-0.3748356864999174,1.1960171737666871,-0.04514923971305222,0.7750410364646806
4,1,-0.813011396449057,1.339910073603434,-0.9666596447872744,2.0338575964491317,-0.5198747985930997,1.3559296394008797
4,2,-0.4375651959701342,1.1016895248937182,-0.5464269281008259,1.7671677867505704,-0.2552272063008653,1.0081157254511737
4,3,-1.955175689354246,1.8951671638263345,-2.268086820219971,3.1837457497012482,-1.4740754384073051,2.2479014222273834
4,4,-2.054776128065673,1.9310802355434578,-2.3646212408120277,3.1966551050820318,-1.5917096576693501,2.2925804993590546
4,5,-1.8637109445069977,1.799762399534992,-2.174450085090973,3.002380379213693,-1.3929815832957362,2.148176237367676
4,Aggregated,-7.386250044368574,8.743929050847404,-8.695080405510991,14.379823790963387,-5.27901792397945,9.827744560270807
4,Centralized,-1.49274013481543,1.5733566351979151,-1.726769804846516,2.6201695395551794,-1.1029791314119437,1.7965364866528275
5,0,0.2537813789432214,0.26135577380059516,0.2089052266920325,0.40301869729918066,0.21993761396966857,0.2749390390413955
5,1,0.10436929442031308,0.697831318414912,0.1921572568188312,0.6676799335243979,0.07547722896398165,0.49088396552358393
5,2,0.1947974587288487,0.5084122785129479,0.30266002288988536,0.519413883586663,0.034016919051847574,0.1698549091975836
5,3,-1.3264561384099205,1.9538360251899456,-1.4394617494148,1.8312952082115888,-1.444663289006105,1.2777726653140469
5,4,-1.3041470308931167,2.0182022873135286,-1.4403220519569118,1.8896298445847577,-1.4242032373562383,1.3194629211839601
5,5,-1.3026613455973244,1.8942492722203788,-1.383974366040362,1.7685696814134113,-1.3200317133144561,1.235585751650389
5,Aggregated,-3.380316382807959,7.333886955452292,-3.5600356610113124,7.079607248620018,-3.8594664776913103,4.768499251910945
5,Centralized,-0.8040977451223977,1.48238640584977,-0.861977356189943,1.4156968134925152,-0.8684028123085981,0.9574020082630177
6,0,0.4548330330192042,0.0744827305847128,0.257698395310547,0.1512342836992178,0.4481485600647777,0.18973097989965568
6,1,0.2854314249030765,0.16040359544832258,0.371724097751872,0.23258995562841728,0.4569442729471852,0.15215162218343103
6,2,0.5107675139127579,0.20924903602001874,0.4139459572131327,0.3380744920164365,0.5193342518656409,0.05156914859602557
6,3,-1.5673218774410793,1.8258862120952974,-1.7390269177674123,2.1047858204479994,-1.1148054078498522,1.2658462082591995
6,4,-1.4248059534217945,1.6833852099274869,-1.537274749399168,1.9441495394312331,-0.9829430349507675,1.197181942465743
6,5,-1.4383274486093724,1.7090195440935825,-1.5721075156842457,1.954706412813961,-0.9396171802610659,1.2609060795026064
6,Aggregated,-3.179423307637203,5.662426328169425,-3.805040732575278,6.72554050403724,-1.6129385381840737,4.11738598090664
6,Centralized,-0.8420750479340812,1.1615876431505507,-0.932639449261556,1.3616044198790649,-0.497537074719401,0.8112986746373669
7,0,0.7760982157616202,0.032477715581561234,-0.20559182739994913,0.2664442117492522,0.5698907258768651,0.1749294929619077
7,1,0.725506903542643,-0.07375994292390961,-0.23718261907425928,0.1527187850469823,0.3863658108072659,0.057876471907920155
7,2,0.5702165234489929,0.04970757992921654,-0.6044986505861983,0.34597995773794127,0.11986814981292923,0.23033676944228665
7,3,-2.552189881805906,3.919112807462261,-5.871447414016358,3.7429693168375593,-3.2815548049878007,3.6513662872426726
7,4,-2.3563198843822026,3.7399757085634304,-5.579957353645436,3.6441748663053772,-3.0523477590683163,3.5429411315923622
7,5,-2.5230958231717118,3.856050430646489,-5.810655927809238,3.807115673498689,-3.1872161460598893,3.6720862929542757
7,Aggregated,-5.359783946606575,11.523564299259053,-18.309333792531408,11.959402811175798,-8.444994023618962,11.329536446101478
7,Centralized,-1.3427304573442405,2.4244792624581777,-3.8520329539653315,2.458723486402511,-1.9104850069972343,2.3525746382156596
8,0,1.122407469715272,-1.1105094426585054,0.6530887369970894,-0.8111342248264807,0.9251843037959234,-0.4159003967146973
8,1,1.003553518987197,-1.200571614950885,0.6863667542378874,-1.0351924900130938,0.7843515474838131,-0.6490273443337704
8,2,0.8711105333804222,-1.05899930087331,0.4206269862433338,-0.733275154754229,0.7495187626173601,-0.45509594308330226
8,3,-2.8069662472414505,4.082829230682545,-5.228616890173099,3.9174748953080307,-2.8360532706144226,3.1690034071067728
8,4,-2.5227759877022793,3.796008821713747,-4.932182923425013,3.692354811436648,-2.587016428396038,3.0394796726619866
8,5,-2.775114448155116,4.004338987732101,-5.191944949832523,3.881211179310063,-2.6782694347329126,3.2172852699459606
8,Aggregated,-5.107785161015962,8.513096681645688,-13.592662285952297,8.911439016460909,-5.642284519846283,7.9057446655829215
8,Centralized,-1.3127598284580084,2.086965007039798,-2.9947516513746715,2.0894871288071313,-1.4027346810233503,1.800709851180989
9,0,1.161873843094741,-0.8583353055723797,0.9253977078710087,-0.7202407048084262,0.5189104133140933,-0.7872420828907489
9,1,1.0596934206792878,-0.7122458820206359,0.8790366701573165,-0.7571291960773036,0.4746419620740306,-0.8029365839445347
9,2,1.0891699338927094,-0.7122396029543773,0.8253659406455558,-0.7118124871608883,0.4302676650797204,-0.7067554438606275
9,3,-3.316674668537971,3.365703274452681,-1.7193740316094583,3.519120318207442,-6.367546948242457,3.305812980251251
9,4,-3.1102021631381818,3.133280010166751,-1.501605138589274,3.309849046776296,-6.050997626336748,3.136289207459076
9,5,-3.331091496172205,3.331595867791177,-1.719988771840829,3.6248552740738913,-6.3067625333790485,3.4015761878473296
9,Aggregated,-6.447231130181574,7.547758361863217,-2.3111676233656717,8.264642251010974,-17.301487067490445,7.546744264861757
9,Centralized,-1.5461966278599428,1.701258681657354,-0.6479472146625306,1.8677973511059471,-3.707153826249936,1.7268962386848812
10,0,1.2536913664231935,-1.3355114422880778,1.059286092979533,-0.9158146691901291,0.6185763290095517,-1.0992596405034052
10,1,1.224493827385924,-1.2360977177139256,1.0860386719029467,-0.7910740733655423,0.5275967150186098,-1.1406599223261578
10,2,1.1052576031367343,-1.2908113266425478,0.8323882331981204,-0.8163718533065937,0.48948999877508975,-1.055017422780439
10,3,-2.7880200806186486,3.1413623105808908,-3.141735656577393,2.869252430851639,-1.0928624822221704,2.818676669987638
10,4,-2.5404617078912763,2.77955458421696,-2.8815697322720535,2.650321862747632,-0.9819224629739537,2.543764709170737
10,5,-2.8231547783569253,3.035147147710622,-3.198185834195471,2.8064402389238223,-1.0816002674960918,2.86500387704687
10,Aggregated,-4.568193769921015,5.093643555863915,-6.2437782249643154,5.802753936660832,-1.5207221698889493,4.932508270595217
10,Centralized,-1.1974664243180346,1.3231954540397124,-1.4944849037729495,1.3188054982641637,-0.4643959489075524,1.2616546886204463
11,0,1.7270617593615065,-1.347539449310897,1.3484491504334952,-1.057695566875955,1.0674180856806457,-1.3723380932463218
11,1,1.6559613546956962,-1.2137886926900952,1.4758967689317115,-1.0245183457712081,0.9169675685802384,-1.4079655525988826
11,2,1.5063550907188452,-1.0727031155241074,1.2528815122858914,-0.842492176581219,0.9396205661166201,-1.2204967240765816
11,3,-3.518310951581388,3.609619153378093,-4.964122967714841,3.1300173393101325,-2.2517950590458136,3.549085358056161
11,4,-3.2180735678140544,3.3381438609832323,-4.631293161671547,2.9293536136603944,-2.0431144468351228,3.2779901420676993
11,5,-3.4930023042693454,3.53415732929541,-4.924846959778483,3.1358274719838835,-2.128575878818848,3.528057595737791
11,Aggregated,-5.340008618888753,6.847889086131638,-10.443035657513771,6.270492335726053,-3.4994791643222496,6.354332725939855
11,Centralized,-1.432025359346923,1.62029922489681,-2.4191117916635765,1.465105435677413,-0.9465627298286152,1.5841338042297388
12,0,2.278888917507148,-2.239563581121058,1.6692379180296586,-1.1765615715574278,1.602580901250119,-2.0223420787910693
12,1,2.2148114106394416,-2.251623370027587,1.5394948482175506,-1.2751009480598763,1.6583138802015127,-2.142468602560395
12,2,2.15457445382195,-2.08306707377386,1.3949447943305275,-1.0892813878442658,1.5094322219858567,-1.953358115414766
12,3,-3.9107265355190375,4.697854842435636,-1.3701818728472488,4.046255572309643,-6.47606327006266,4.327673326369227
12,4,-3.594789567997516,4.2941678550870925,-1.1236403173618974,3.8363383448347648,-6.177077531831891,3.898565814564416
12,5,-3.851770349847532,4.60038268490251,-1.2290970476550749,4.125856849685352,-6.399613512765772,4.271709982594559
12,Aggregated,-4.709011671395536,7.018151357502698,0.8807583227135113,8.467506859368196,-14.282427311222978,6.379780326761961
12,Centralized,-1.5135358268168893,2.0857902645603015,-0.19048978527303137,2.0760923982581336,-3.501516431700779,1.8671937714702918
13,0,2.4124309919054947,-2.4781005295897685,1.3322835599704812,-1.4351479066536719,1.2458271646323753,-1.9259945963098293
13,1,2.4629848011727025,-2.2727078116569785,1.157638309495078,-1.2411535907278202,1.13442430809119,-1.7880573898849113
13,2,2.2426325598256573,-2.150586755047245,0.9749158754564446,-1.0479731566056016,0.9601659707405404,-1.6040523072897035
13,3,-4.604193474372047,3.3888158223257747,-1.7699926969675355,2.633758573776369,-1.5080751130366217,2.8999977749244805
13,4,-4.422271699173543,2.9886677649737523,-1.5480846244908422,2.393266874644413,-1.2790422180851642,2.5503149470288413
13,5,-4.651809727434446,3.250626888736816,-1.6919752020781285,2.564149495570807,-1.401904485391603,2.898353825596514
13,Aggregated,-6.560226548076149,2.726715379742349,-1.5452147786144936,3.8669002900044815,-0.8486043730492706,3.030562254065404
13,Centralized,-1.9352391246340368,1.2149581516533987,-0.5925952279727366,1.0844886529297697,-0.4721300512168784,1.0894655691330588
14,0,1.667471087101459,-1.083162201891852,1.4768075975019448,-0.961654704741714,1.8149972615705252,-0.6928964818401608
14,1,1.662302173217396,-1.063433078314551,1.3146952152071458,-1.0712820493914137,1.894243097065086,-0.7164870657084663
14,2,1.424499782418859,-0.8911161424951254,1.1062755361347743,-0.9836539616815992,1.6888809895247374,-0.5525329135549529
14,3,-7.7325127652991,4.748873823471734,-1.5878674844491822,4.342128546411171,-6.108096800327967,4.124377751467778
14,4,-7.32708938736509,4.611346986523193,-1.3255906382600917,4.207034507175634,-5.743547966952372,3.999127767575028
14,5,-7.756678998527521,4.788193310218415,-1.5643815312521168,4.429012387997394,-6.137782260170261,4.233762310894211
14,Aggregated,-18.062008108453988,11.110702697511801,-0.5800613051175241,9.96158472576943,-12.59130567929026,10.395351368833426
14,Centralized,-4.085447737131205,2.4572468016063804,-0.4062893343659523,2.2647038927308922,-3.0120134239339715,2.219198194150481
15,0,1.9207487939051138,-1.125119254178703,1.3822258202192044,-2.864934234248774,0.7229712719128738,-0.330513570090191
15,1,1.860046317960431,-0.9569338092245935,1.3595700737075367,-2.932411790342274,0.6529729196151676,-0.392737082868612
15,2,1.706583386495713,-0.7286512374063033,1.1340712594914693,-2.6372645944764326,0.5895258149564929,-0.22601109854823045
15,3,-3.9236770661644287,3.3798453087991165,-3.8527651085848778,4.508365821697641,-0.941139096690146,2.0140248467190784
15,4,-3.6457494764649487,3.2034089999519924,-3.6068219987677392,4.055949242508375,-0.7612416248566091,1.889882161808593
15,5,-3.926617346443339,3.3026565068219367,-3.904457638756997,4.4185562508672005,-0.9333280524799815,2.0825485116123055
15,Aggregated,-6.008665390711486,7.075206514763412,-7.488177592691385,4.548260696005725,-0.6702387675421893,5.037193768632931
15,Centralized,-1.5942341604759003,1.5596436914534355,-1.7112611729889875,1.6132684432910755,-0.24453215731510314,0.9816012086917243
16,0,2.107094247472727,-1.6781983865464503,1.433696598252161,-1.4425333541551624,1.659492722117546,-2.7762816237130936
16,1,2.1486152011715896,-1.4028307286571802,1.3908744709541618,-1.369202983202533,1.564735040726575,-2.7682115972963066
16,2,1.8744213274301558,-1.2239965383091456,1.147139942455171,-1.1548239488105383,1.3544029888653322,-2.597079440249113
16,3,-5.003960601398441,3.652770484976058,-2.484567697808973,3.4763036729510253,-2.4447882372459406,3.6016414698592807
16,4,-4.692210056246668,3.434567395754551,-2.2566303460341848,3.1931033273379725,-2.2081103691171107,3.1860752205808183
16,5,-5.016954559118488,3.542329739589601,-2.4138319132414394,3.4744008235711203,-2.3712353907746593,3.5122010517317013
16,Aggregated,-8.582994440689125,6.324641966807442,-3.183318945423128,6.177247537691877,-2.445503245428259,2.1583450809132616
16,Centralized,-2.159609071155291,1.5650150279675428,-0.9006005887618975,1.5328120642659286,-0.8433881196806509,1.1049854816221674
17,0,2.05384521031518,-0.6055835195758109,1.4532466793219134,-2.937626512130398,1.6215135471247806,-0.6118841120771717
17,1,2.0753635116858717,-0.4048166604098721,1.38898166036642,-2.8093117963049226,1.525825286787555,-0.5497452516025777
17,2,1.9326205584513199,-0.21092865441685224,1.1955934918876545,-2.6850095406988794,1.474677282765788,-0.4097695684528867
17,3,-3.8870792162129804,1.815563772875002,-2.991453445698002,4.2426324304946235,-2.3373038445705556,2.518760044942954
17,4,-3.6326060735658907,1.699126048915528,-2.717857061455443,3.8406547849594235,-2.0795606071807855,2.3022676945087857
17,5,-3.8664288764466144,1.7870927082202113,-2.9532169956442025,4.139207725710452,-2.251293016170734,2.500342010151205
17,Aggregated,-5.324284885773124,4.080453695608213,-4.624705671221671,3.7905470920303275,-2.0461413512439544,5.74997081747029
17,Centralized,-1.5533768620900055,0.8134773378414702,-1.1623401096184875,1.4214491986416036,-0.7599419056699217,1.1717742060906584
18,0,1.9707729999990031,-2.219737342636898,1.6634148391380033,-2.655715137446093,1.1568137645399763,-0.6960891714186764
18,1,1.924394554038728,-2.1002091767686233,1.6752270011073158,-2.676400325701856,1.1249289651225405,-0.5900403232864017
18,2,1.7811345682828794,-1.8814374672235687,1.437947442686749,-2.45990003556092,1.0014969348393503,-0.5152939049971683
18,3,-3.5536682281099723,3.194479270233932,-3.2149499362264327,3.6598904404954777,-1.1017226130043525,2.3052658065137153
18,4,-3.3370520723337025,2.883136712144247,-2.9705102464985393,3.2434601548907462,-0.9166384642970835,2.0636957560162
18,5,-3.567879407377925,3.121796748546061,-3.1824129205774776,3.504315291026205,-1.063895302756504,2.2564918152021485
18,Aggregated,-4.7822975855010315,2.99802874429515,-4.591283820370384,2.6156503877035764,0.20098328444392463,4.824029978029814
18,Centralized,-1.3027300986795225,1.075992150717775,-1.2202612784808764,1.1769725812808407,-0.2043467081047349,1.0125544290087094
19,0,1.788412930026128,-0.9220990780022007,1.31728983041387,-2.5211798319731336,0.8011737263552424,0.7864056795375254
19,1,1.5668167234251693,-0.8201135704706617,1.2684618075564005,-2.5813098649115735,0.8298832776630893,0.8168622393987197
19,2,1.4338877483507841,-0.5999031405838445,1.0223892793035172,-2.4288730052936325,0.633710562312243,0.8496246997732476
19,3,-3.6957220533024144,2.000433429229252,-2.0792205418933536,3.7395489456690623,-0.29293771182213807,-0.5432069693550214
19,4,-3.3961265506117218,1.8451317813600243,-1.8086568805356493,3.3344542829255412,-0.11086880195385782,-0.5153695159987781
19,5,-3.692705577423848,1.928371122937663,-2.0501036519278952,3.554556527140619,-0.14721973087288556,-0.47177924729508713
19,Aggregated,-5.995436779535922,3.4318205444702334,-2.3298401570831047,3.097197053556894,1.713741321681694,0.9225368860606057
19,Centralized,-1.4684290296771703,0.7910673759511663,-0.6925322228866404,1.187656360408605,0.1376805589181276,-0.043363505819582975
20,0,1.519495473199651,-1.3679906651665734,1.520134633459333,-3.3479350444246947,2.13351467344192,-1.759001963439316
20,1,1.6450413668495765,-1.2530432401996427,1.4730553868201035,-3.400136504074215,2.1515550549474276,-1.9171157435424635
20,2,1.4203681689657424,-1.0765245203208613,1.3296378172655492,-3.1272380447867576,1.9844349631076246,-1.6956395421267862
20,3,-0.804030296298626,2.496728056496869,-1.948498462444745,3.2249423283752803,-3.6638347810868273,2.5850483712666414
20,4,-0.5630723342074799,2.2731879152142698,-1.6394666375544038,2.7219239014722842,-3.381099840828899,2.1901145450887847
20,5,-0.731687715281735,2.469434004405112,-1.8396462124021784,3.0262251437604215,-3.6509728894098323,2.5808760692407247
20,Aggregated,2.4861146632271267,3.541791550429183,-1.1047834748563468,-0.9022182196776873,-4.426402819828596,1.9842817364875736
20,Centralized,0.10688941675646267,0.9625902843367738,-0.5215762379187624,0.6427266723479852,-1.3922717738575041,0.8306353927491226
21,0,1.7610167488321269,-2.301608534095823,1.317781013344032,-1.3239283682716712,1.4049934004573743,-0.8988111401293092
21,1,1.8320053476909977,-2.1675639497071493,1.3302435511870823,-1.2944935570701042,1.4188246629262034,-0.9362527890773281
21,2,1.6725232366089497,-1.9726210820556382,1.123303105097555,-1.1464350574358142,1.3214732052181428,-0.811230713816015
21,3,-1.6725448267977472,1.8562435347102946,-1.5266355100263556,1.5054321457939892,-1.3134393644569249,1.356606702524788
21,4,-1.440205418173343,1.4996878548739423,-1.2697670905792608,1.3110328925493915,-1.1007813001435505,1.1456178711163756
21,5,-1.5834526446053088,1.785630170257159,-1.439983226628416,1.4828192166271172,-1.227180572874508,1.2794062585325574
21,Aggregated,0.5693424435556768,-1.3002320060172163,-0.4650581576053707,0.534427272192923,0.5038900311267241,1.1353361891510687
21,Centralized,-0.2753449022320969,0.2946201128461585,-0.3815067493433098,0.38891938739936566,-0.2098029910501607,0.3645366473995758
22,0,1.195893099918793,-2.0238034560479536,0.7513793814409256,-0.2352077130091513,2.006358526181938,-1.1902608578997935
22,1,1.1855373562465419,-1.832283087713561,0.6686414147496896,-0.2118802115826984,1.9388885235974804,-1.227057177001546
22,2,1.0065745833757076,-1.8410239056360722,0.5550285663615235,-0.061542333424772486,1.785706068537835,-0.9677456460174392
22,3,-0.417506249200895,1.7646805221246442,-0.45659124230671416,0.7471899481076172,-2.9474814947654586,1.3843182391267552
22,4,-0.29791970535758266,1.4466007126863591,-0.32937699812581306,0.5838347767928895,-2.646321029142905,1.1552980020874832
22,5,-0.42099339749713477,1.7878384593594856,-0.3810735378094729,0.6844349260901145,-2.9115497021965018,1.382193610002716
22,Aggregated,2.2515856874854356,-0.697990755227101,0.8080075843101355,1.5068293929740084,-2.774399107787656,0.5367461702981802
22,Centralized,0.16079253500403662,0.34918482472407075,-0.02889414132792945,0.3113053848627631,-0.8902629481676837,0.34934669250239164
23,0,2.0522919090382707,-1.9852839904625115,1.7428094253094493,-1.3489029498712528,1.464114367529237,-1.0758548802370667
23,1,1.9641141610489974,-1.7807234006661712,1.591503702483585,-1.3834973011423228,1.4887271206272128,-1.1658074061061823
23,2,1.9079972780437353,-1.7735332135565247,1.5082516985142866,-1.3306315547750611,1.3803328765905365,-1.0733788022241983
23,3,-1.6421008816244287,2.913602054613406,-5.129332411568044,2.5319012929570737,-1.1229119805134278,2.2518279578981244
23,4,-1.2955274386032714,2.5981344157893482,-4.751591719035064,2.2659308416516137,-0.7977911941044123,2.0669406691064736
23,5,-1.5497332008865743,2.7360914629115856,-5.12390209650754,2.4780631397449295,-1.091379051517366,2.224144902504956
23,Aggregated,1.4370418270167136,2.708287328629132,-10.162261400803333,3.2128634685649837,1.321092138611776,3.227872440942107
23,Centralized,-0.14780627829072335,0.9913640874344111,-2.409890754051947,0.9305505688755535,-0.09202594076269316,0.8958468075180674
24,0,1.4542067436258217,-1.4804642119885074,0.09356952964340921,-1.1460199183355881,1.6272776357929428,-1.2837774094436352
24,1,1.5448038303314438,-1.374781479342196,0.061379098969984426,-1.0737572251624146,1.7021840788113443,-1.3726191597080195
24,2,1.2942942353754523,-1.2338938391954906,0.033172532710004914,-0.919230855845247,1.5921442524928129,-1.33554990846233
24,3,-1.3455975555859845,1.116607023519077,-0.005698153301724703,1.143300330401332,-1.488260715984253,1.2199686820843574
24,4,-1.238109157898235,0.8960494986553159,0.055399742561074716,0.9207992834820129,-1.395278971645675,0.996626451456827
24,5,-1.402548203309892,1.0899412163035553,0.0407382850216489,1.1675491373318672,-1.4854195234025038,1.2401156058483134
24,Aggregated,0.3070498925386034,-0.9865417920482549,0.278561035604399,0.09264075187196343,0.5526467560646755,-0.5352357382244909
24,Centralized,-0.2297344161626816,0.12223941234667784,-0.0211816349144699,0.23559627333553004,-0.24177585021801654,0.2147325950856109
25,0,1.2867760378470137,-1.2314263159040257,1.3646885863448166,-0.6904511335037278,1.5970102720098964,-1.0786753682964159
25,1,1.1795370664561808,-1.0807247907314474,1.3366210197592587,-0.6627410292606383,1.4157584401348484,-1.2977365722786058
25,2,1.165254328852984,-0.9940911361836177,1.2545057114966542,-0.45151445329753304,1.443975205385611,-1.2814327683097595
25,3,-0.8330117105358793,1.6652828376554605,-2.6281591236092905,1.325689705399194,-1.9286766679781813,1.8378970022425225
25,4,-0.5887406660277442,1.460337184503664,-2.3191190683866756,1.1484773225226683,-1.6519655784041345,1.548672441309815
25,5,-0.8251131052571616,1.604549984359206,-2.643017506506515,1.3157763504376565,-1.9295749502892305,1.808651049619296
25,Aggregated,1.3847019513353727,1.4239277636992442,-3.6344803809017487,1.9852367622976177,-1.0534732791411943,1.537375784286867
25,Centralized,0.014173646681461448,0.5174427935648581,-0.968423675899104,0.4899564628981769,-0.5256002111051642,0.5908150116429692
26,0,1.315179236517235,-1.4857096302883213,1.148251804043194,-0.6071895469728172,1.615410686583282,-2.120397611831069
26,1,1.323828681405606,-1.2821956853579946,1.2051199552388938,-0.6436901281739152,1.5915878490352215,-2.228281817211296
26,2,1.137271544530777,-1.199019886149741,1.0278025933703212,-0.4717852388927181,1.6352171560080788,-2.148128060941921
26,3,-1.3576742373164308,1.6752229705082686,-1.5509134288454882,1.1173003965309525,-1.6666479156586989,2.074027476119277
26,4,-1.1369426343975035,1.4614542808240574,-1.3245147541242244,0.9668716708869614,-1.5278116084808375,1.7340675081821717
26,5,-1.3109473961974238,1.66020802186279,-1.4963075641801733,1.0859964025903333,-1.6260249133959959,2.064544694437665
26,Aggregated,-0.029284805457735253,0.8299600713990543,-0.9905613944974825,1.447503555968804,0.0217312540910556,-0.6241678112451727
26,Centralized,-0.3079565075627118,0.43605339505756796,-0.4344574943974607,0.37482840610713,-0.3571216269096338,0.388999616455111
27,0,1.238055463298753,-0.9012443290900642,0.7709589326962338,-0.9787119511686133,0.8384833917801175,0.8327625082196509
27,1,1.233475165210042,-0.8989305839641546,0.7368204420542268,-1.0107107624002902,0.6979245203354747,0.929762776508855
27,2,1.1311080229717954,-0.7541672883013163,0.614142548922648,-0.8850096943331086,0.6848645571600673,0.9831390102571611
27,3,-1.4638735234023412,3.768188287354159,-5.201765411887613,3.8925351448540244,-4.321830560562717,0.405952591749996
27,4,-1.1967119350040687,3.5379491629790056,-4.916519509043134,3.722884621101729,-3.9506986414081426,0.3387127822486149
27,5,-1.3836855008138076,3.7155861179798104,-5.181093864878415,3.8958812396686078,-4.281781816523137,0.3402704272036148
27,Aggregated,-0.44163230773963097,8.467381366957465,-13.177456862136044,8.636868597722353,-10.33303854921839,3.830600096187885
27,Centralized,-0.27905864654028134,1.9417142506289862,-2.8606327850157913,2.011090506121665,-2.3147593029400975,0.5476547425013822
28,0,0.2819483513962888,-0.12260755195229787,0.6579660307552335,-0.7174804735765804,0.9555240243343445,-1.7403753015673393
28,1,0.20285424918792758,0.13086774034116672,0.6374577902338419,-0.5083600013593135,0.744041150977268,-1.7051680429331346
28,2,0.1793674473655987,0.28684757636276803,0.3768218339903527,-0.39510697518763543,0.8061386064685624,-1.5704068932647823
28,3,1.1259755318225109,0.4877359811158871,-1.1429002865589994,1.6130558870592409,-2.4923114618140505,2.7907138726625074
28,4,1.0722495074213076,0.3935758557650563,-0.9308547842840907,1.391200065190027,-2.218588284130285,2.41547149736222
28,5,1.1321726930782074,0.45370585400203417,-1.0493592611008327,1.5527153599198389,-2.4834878993203144,2.738742489456213
28,Aggregated,3.994567780271834,1.6301254556346143,-1.4508686769644978,2.936023862045584,-4.688683863484462,2.928977621715687
28,Centralized,0.7133078910972698,0.30005763673821767,-0.3999398415101508,0.6862178083627531,-1.1236848946637723,0.9687377177002969
29,0,1.6101250939568106,-1.9242876828159436,1.1345277401437055,-0.7769950951455681,-0.6677504217612997,-1.7919663515310198
29,1,1.6628121588831197,-1.7224330938176255,1.075909084312005,-0.7469058926266459,-0.7366789652991312,-2.000561411681228
29,2,1.5426771287384788,-1.7943744412521594,0.8187538041286473,-0.7340503083568691,-0.7567985421847261,-1.8555863023306887
29,3,-0.22251143064904738,0.9223714508597024,-0.8450638036492067,0.7419654720301494,0.4100991408247054,0.6746898114723717
29,4,-0.09941359897468947,0.7463096509682209,-0.6130924442288416,0.6554697764645595,0.2969623454591877,0.5413736262685975
29,5,-0.08985601389860022,0.7691860994425427,-0.6512671858824857,0.7330851067522792,0.29487678739192613,0.5599589730888682
29,Aggregated,4.4038333380560735,-3.0032280166152607,0.9197671948238169,-0.12743094088209117,-1.1592896555693366,-3.872091654713115
29,Centralized,0.46882072827859544,-0.08068794553559547,-0.09443725921790189,0.15981038060055414,-0.024959809363898335,-0.2754098024961263
30,0,0.7560100000998955,-0.9809090692580967,1.3758712668703212,0.1051040582503282,1.4185164189131296,-0.3865662738452959
30,1,0.7039703606235421,-0.7572356282092944,1.2749612436184312,0.20682846230919313,1.1602531170319341,-0.4327888770876571
30,2,0.5489107465530614,-0.6042211946743561,1.2238413780933828,0.34997384777091534,1.2483068563320772,-0.3770971383377694
30,3,0.284897951279694,1.4832635570150892,-2.9464035796171957,0.15853451463558818,-1.4888825562858001,1.2596099802577647
30,4,0.36596346617362413,1.2303610877585835,-2.6468103213357677,0.05179370197823003,-1.251963199909183,1.0419830559595165
30,5,0.3172416745795067,1.452634094058843,-2.9228177918474025,0.08707471884627224,-1.4389301559364438,1.303898134908607
30,Aggregated,2.976994199309325,1.8238928466907678,-4.641357804218237,0.9593093037905297,-0.35269951985428266,2.40903888185516
30,Centralized,0.38734992916067595,0.5429961863361814,-1.2009308746805514,0.12924106802171353,-0.37292125495727946,0.5417569144786273
31,0,0.18272219915390547,-1.12109941307117,1.3978351485217937,-1.9445825705444737,1.4394554528939612,-0.8708820535653452
31,1,0.14494706922772826,-0.8302371140368755,1.4490339558997019,-1.7181820686378464,1.360068249667333,-0.8931174491317604
31,2,0.02110526874745718,-0.9529399902260637,1.4231753928622788,-1.925151911692443,1.311048137642736,-0.7990553838085677
31,3,0.7043449756026252,0.8480881012657442,-1.6622679946589332,1.3638792349996307,-1.0676383795557447,0.9677574042021484
31,4,0.6861856180341012,0.7379188000896796,-1.4518088742700144,1.1859643127891462,-0.913269730597819,0.8452772112351882
31,5,0.677597569706951,0.8568749539462834,-1.5690691889379897,1.2873804971598324,-0.9765439431818017,0.9695351251348473
31,Aggregated,2.416902700472751,-0.4613946620323977,-0.4131015605831746,-1.7506925059261669,1.1531197868686585,0.21951485406650512
31,Centralized,0.44107494608999287,0.15273060611627934,-0.45443822248292476,0.12987254536407425,-0.1359946338821258,0.23321998106033862
32,0,1.148544533506197,-1.7126939571014463,1.4377326332539193,-1.3140702397350257,0.8816883501642623,-0.8828556833764686
32,1,1.0308194174776921,-1.6161151405704313,1.5301683403332962,-1.4156308044388162,0.802958929971946,-0.9794317725466325
32,2,1.0254043333548508,-1.4589815556954615,1.2996094909150713,-1.3476473129830164,0.7142239771022189,-0.8851304347822886
32,3,-0.18145352725217087,0.7136285466355234,-1.4732997103872234,0.6052534877810476,0.06729392844842859,0.5367245940908059
32,4,-0.11397506881156225,0.5450179682048352,-1.2438120362339669,0.5036608779977649,0.06535737208882773,0.46192764764278377
32,5,-0.12865293111572282,0.5699086518725592,-1.254899644367841,0.48091787637695105,0.050335880699218676,0.5084281138981109
32,Aggregated,2.7806867571592857,-2.9592354866544173,0.295499073513251,-2.4875161150011036,2.581858438474891,-1.2403375350736836
32,Centralized,0.2675006308820771,-0.13648158667765226,-0.3210334429984534,-0.11550396523616659,0.2764514005817141,-0.001023320130617616
33,0,1.2323603820931388,-1.0353918896729581,1.2722248565764924,-0.221278054444868,0.04353058098612353,-0.43748542181723915
33,1,1.1616674339919097,-0.8242819223398268,1.2531643302350597,-0.22575378909501198,-0.18125844360236718,-0.48534408645782895
33,2,1.14451174367773,-0.729199744441697,1.1913725583343886,-0.127167843160249,-0.2171377227266009,-0.43539786361289223
33,3,-0.5970696693669831,0.43873669816768407,-1.05671684027592,0.17085296589180557,0.20860419770056143,0.5368351133174206
33,4,-0.4841492649867356,0.368420003506227,-0.911379477703819,0.16820380885668967,0.2383284973832191,0.47834382703132916
33,5,-0.6233985582157409,0.42980463171752725,-1.0318327166913281,0.21840346082641587,0.18457525687882853,0.5582220498788247
33,Aggregated,1.8339220671933187,-1.3519122230630445,0.7168327104748825,-0.01673945112522001,0.27664236661976127,0.21517361833961215
33,Centralized,0.08146491551856336,-0.06724452149214809,-0.16791488928952591,0.025727421402996744,0.051548869981519245,0.15731092210125158
34,0,1.3439478196597054,-0.9557189524879517,1.0917059561417053,-1.1247810376883902,1.1615672119644442,-0.753686811608066
34,1,1.2690926522523003,-0.6878185973159245,1.0730177603175721,-1.1743939410474156,1.1156878395996637,-0.7614241125806043
34,2,1.378351725031361,-0.659253557605562,1.0436761607791487,-1.0437709794402477,1.0121668292643167,-0.6334797391911429
34,3,-3.0198319484398572,1.3073591925835735,-1.4351403207553735,1.774158018487223,-0.6591822320960278,1.4221883414802268
34,4,-2.8270096534022464,1.1776473087177342,-1.2981512950442666,1.5839734702893877,-0.5702313751745604,1.2446359214206137
34,5,-3.028168113689285,1.319364343177086,-1.3794439855470417,1.685967134168615,-0.6397630751445309,1.3664203746718748
34,Aggregated,-4.883617518588028,1.5015797370689483,-0.9043357241082478,1.7011526647691744,1.4202451984133069,1.8846539741929027
34,Centralized,-1.3279427192606372,0.4937138009434662,-0.42056131637781613,0.6084483196981065,0.032374870282176664,0.5227561784256436
35,0,0.6415414391280305,-0.281783965325034,0.9646837137618973,-1.4443631452160388,1.3996279929856235,-1.4653431996313488
35,1,0.7098633685389795,0.007170609892171933,0.8783405381999488,-1.2934669679977224,1.1208219912062172,-1.519320073267335
35,2,0.590271455492417,0.001288404732447231,0.7206731897168639,-1.370375641602157,1.2564109438011668,-1.4877509322164135
35,3,0.5097531442587899,-0.10323315946317631,-0.6064699573502228,1.42334409977869,-2.255131176941025,1.4809370441896148
35,4,0.5048643066865217,-0.17509533104711986,-0.5143948246011144,1.3271951047991533,-2.0739179195495443,1.3311948513000083
35,5,0.4912068738046047,-0.10425452776635898,-0.5255167418099735,1.3919789076861178,-2.189470695636479,1.4533697291127115
35,Aggregated,3.447500587909332,-0.6559079689770699,0.9173159179174053,0.03431235744804092,-2.7416588641340716,-0.2069125805127609
35,Centralized,0.546612755638588,-0.12382450230135321,-0.0023367670752776743,0.38244692230444544,-0.8841754841735843,0.3277127106267095
36,0,1.1182498215560683,-1.1574200915761168,1.0805002469175118,-0.583412504624575,0.47061998389343657,-0.6139687973850809
36,1,1.074215741579387,-1.054913780241191,0.9809719796386653,-0.5709103210270364,0.32313979613079064,-0.6835145841030726
36,2,1.0433048612680995,-0.9077979732456947,0.8286662033269303,-0.5221612610346602,0.31359785232483406,-0.6368091672098163
36,3,-0.5837001639601206,0.9045860409528815,-1.9782628894257837,0.6125924342376323,0.24563907728474932,0.7226243758227539
36,4,-0.5005399805123687,0.7985824430437826,-1.7210271606381753,0.5939038429999567,0.2014500634023026,0.6801062142191567
36,5,-0.5646003941744755,0.8562138832324251,-1.884453946818037,0.6128974023662133,0.24319278401725405,0.7150532664742812
36,Aggregated,1.5869298857565792,-0.5607494778339099,-2.693605566998888,0.1429095929175283,1.7976395570533599,0.1834913078182287
36,Centralized,0.0608251480389821,0.13981975242498457,-0.7791258063881039,0.1556354911911799,0.25843703887532243,0.17839237292794563
37,0,1.519775977978315,-1.582230611972477,0.7483501326592852,-0.40291746577344123,1.034906381041445,-1.3455294336128234
37,1,1.5729818336852481,-1.4540812216768588,0.6523906554208777,-0.3415233938108512,1.101738186172504,-1.4514855361288022
37,2,1.5345138924973383,-1.4160539033191577,0.5859875566477383,-0.2810698569600895,0.9555345044317721,-1.278680556354239
37,3,-0.6950362874895778,1.9964671431278485,-4.895501168587577,1.3613155992782426,0.3491688007329899,1.9021398151353361
37,4,-0.5708729699528856,1.8600861195540321,-4.724322370407303,1.321253187501307,0.3455004048728023,1.8048169699530472
37,5,-0.6308615366230493,1.9158471330611146,-4.802243445987279,1.3519875899318885,0.29553756826098765,1.8649847024696473
37,Aggregated,2.7305009100953885,1.3200346587744984,-12.435338640254294,3.0090456601670383,4.0823858455124915,1.4962459614621515
37,Centralized,0.19965620377753118,0.6743225252848062,-2.8083892650356654,0.6994544057905525,0.5862313647579517,0.6456394481885016
38,0,0.9723769422107617,-1.7155241646770942,0.7750754334442792,-0.25427313616030206,1.3156597501800755,-1.2268814890309199
38,1,0.8957422033840208,-1.5974449664995862,0.8416519824962256,-0.22504710742681466,1.1518379964355805,-1.2881349549580225
38,2,0.9260072082231456,-1.5823831558270618,0.7247075565502133,-0.13324296196496022,1.1147794337936259,-1.225482967422933
38,3,0.10409787151274374,1.1084308114012817,-0.41165132880435384,0.5620163252628484,-1.9507567147065787,0.9296402561836641
38,4,0.18947303765279133,0.9640254953156355,-0.3603143197165134,0.5210156661246331,-1.7456714473679562,0.8250120513092879
38,5,0.12928878035115787,0.9765206176236171,-0.3471338241608082,0.6063323331773187,-1.8701078519837222,0.8655696935080585
38,Aggregated,3.2169860433346122,-1.8463753626632082,1.222335499809046,1.0768011190127231,-1.984258833648956,-1.1202774104108706
38,Centralized,0.4117642694757171,0.06602073280612093,0.036938060645751856,0.26129273602006664,-0.7076872819919736,0.11050342267322731
39,0,0.9432717950562156,-1.163424235261045,0.9490517309763015,-0.8132916848497881,1.016032118611719,-1.088480086110551
39,1,0.8696059448723538,-0.9658434093476157,0.9140858642783193,-0.7092903720128194,0.8605515206631242,-1.1160347182043444
39,2,0.8086204250720899,-1.035604642377103,0.8671671311473284,-0.7543366941438873,0.8493476748328407,-1.0393872970361393
39,3,-0.31655292421101994,0.7238697037033276,-1.0214558520679125,0.6098593989366076,-0.31327823594429804,0.5793995152473544
39,4,-0.3324858304228126,0.6001782853041975,-0.9649043438526608,0.5163527475776345,-0.3324624614401415,0.5395181621111246
39,5,-0.3337450223559581,0.5967781959840508,-0.9701787829350591,0.5991892971655272,-0.3188448118953442,0.4910229938219412
39,Aggregated,1.6387143880108732,-1.2440461019941886,-0.22623425245368228,-0.5515173073267243,1.7613458048279083,-1.633961430170624
39,Centralized,0.10979457328689567,0.03236576208543258,-0.260612355206314,0.12449892637091418,0.13466601682693669,-0.0260045587740272
40,0,1.119441975641279,-1.1036181896353754,1.2876855154400622,-0.6669812400927018,0.8716281767535744,-1.4165783159925873
40,1,1.0341889094684196,-0.8915596390981528,1.1175715283327756,-0.5289513421443565,0.7236419783245596,-1.3932697441166415
40,2,0.941738349202213,-0.8620003761858318,1.1766083746756666,-0.5426979783769933,0.7314688552482983,-1.2698528322049532
40,3,-0.43211100189124096,0.8546567731240229,-2.2101881359240223,0.6907411592623711,0.13448925652437269,0.9241360547541115
40,4,-0.40798067358353535,0.8180013677781169,-2.0310393555256625,0.6723408026983669,0.1033722386733773,0.8576732926741938
40,5,-0.39495421100227207,0.8241185404667116,-2.0260900020423986,0.6615030989979614,0.11988294384016927,0.8432816905406055
40,Aggregated,1.860323347834871,-0.36040152355049576,-2.685452075043589,0.2859545003446536,2.684483449364354,-1.454609854345272
40,Centralized,0.10817161590449281,0.20139275506517154,-0.8772107484847904,0.20122850323525476,0.3157655786906579,0.0697062782650064
41,0,1.5093920454723861,-0.5188957133077734,0.9002814141653813,-1.6091423120299782,1.0788330171909548,-1.376724490094491
41,1,1.51428155827525,-0.2598424720905161,0.8230546607886535,-1.5747153836187553,1.028920314127279,-1.4712826511630643
41,2,1.4614081820920477,-0.31139142512835516,0.6521742527488605,-1.494499863567668,0.9562610363578563,-1.370899046477349
41,3,-0.9532171813529869,0.4863200710091561,-0.05367103401102326,0.6485215600324744,-0.29118716514087056,0.5063471354544681
41,4,-0.9115984182733143,0.4276817938835462,-0.02888815175858293,0.5962575234216735,-0.2839490344446199,0.4641739542611486
41,5,-0.878860122456427,0.45751519028374,-0.04597210340255583,0.4614834027477705,-0.2837541051276525,0.3685626467441895
41,Aggregated,1.7414060637569564,0.2813874446497989,2.246979038530737,-2.97209507301448,2.205124062962941,-2.879822451275119
41,Centralized,-0.05751836892443423,0.14655433932955603,0.24311624393883338,-0.15913843595594152,0.15359521047905167,-0.2120182875975454
42,0,0.0757211575023351,-0.4632445943144858,1.024855943963409,-1.0998119438617526,1.0976157121522634,-0.440024738220091
42,1,-0.042241277172176454,-0.1907377183715243,0.979811949629302,-1.0361893305256067,1.0375947881351624,-0.4856295645276781
42,2,-0.034595411060856514,-0.1436175842285995,0.9013711874532311,-0.9776369303517487,1.0352111288540582,-0.4303160240567087
42,3,0.5446999096677657,0.22712236042695713,-1.757519832792516,0.6764710880635988,-0.643248103378296,0.4532774045115131
42,4,0.5059245465259578,0.19947614362971913,-1.568897486424727,0.6951381731044085,-0.5849687487442234,0.4519502530807299
42,5,0.51173198359178,0.3175982727440735,-1.5942898271773465,0.6674092762927408,-0.5519694415713039,0.5126263590302061
42,Aggregated,1.5612409090548067,-0.05340312011385677,-2.0146680653486375,-1.0746196672783634,1.39023533544766,0.06188368981797178
42,Centralized,0.34072009487931326,0.041656468650879394,-0.6625453742142688,0.03861598144587949,0.01890013579679574,0.10634697177148453
43,0,0.8465700383911845,-1.6218415349666455,0.881556692282615,-0.010460996445589368,0.29478390120380976,0.21330980648530032
43,1,0.8177690551363604,-1.5455046482173256,0.8501004961045558,-0.02769377308275182,0.16775339470160636,0.20650487875110243
43,2,0.6755021649567007,-1.4253293692063356,0.745047258730504,-0.02411087195298937,0.11548566976086679,0.23062980227863877
43,3,-0.2853252233462345,0.9692923696516923,-1.2145102200592015,0.16423527551302045,0.2015960943157952,0.11556496003820735
43,4,-0.25860675822228973,0.9326885375653876,-1.0993629386942179,0.13491359103112718,0.19318450241463136,0.12326009954793474
43,5,-0.33153836376424217,0.8242892988291817,-1.1411207572840947,0.16177976302547317,0.17899885765616916,0.20630925784611054
43,Aggregated,1.4643709131514846,-1.8664053463440369,-0.9782894689198418,0.398662988088293,1.1518024200528836,1.0955788049472945
43,Centralized,0.10075834311238421,0.04056745635506252,-0.3844075358653156,0.055183536659670726,0.1630630640476907,0.14525855648152777
44,0,1.21847200895143,-1.3369749459728844,0.5585348195696903,-1.5091986770634784,1.0045677077266904,-0.5916550368515772
44,1,1.1304340384755391,-1.0822733759811936,0.4614261133666223,-1.4639563353394407,0.9196483405613988,-0.684324843612225
44,2,1.1111942759451843,-1.0785328907181981,0.3285053634292942,-1.2965495508845089,0.8977021469372886,-0.6318628093086782
44,3,-0.58402454161035,0.6156841604960949,-0.12676643467447932,0.6008622499971144,-0.33612948338618903,0.4204510210821122
44,4,-0.5945451158752852,0.5251550987526858,-0.11463233822330683,0.5390051562353945,-0.3445908072074768,0.35761262252893067
44,5,-0.5335072083865542,0.4577724529597997,-0.1289065335740538,0.4696121154405121,-0.28952217070996045,0.34617603331323354
44,Aggregated,1.7480234574999682,-1.899169500463697,0.9781609898937625,-2.660225041614401,1.8516757339217507,-0.7836030128482011
44,Centralized,0.0643198050904111,-0.06291265740860978,0.07144253551822763,-0.16124777136783902,0.12378745175667273,-0.024448510874023586
45,0,0.7150984035835674,-0.7491079670611762,0.957375264921935,-1.3592681597479137,1.2585329282504305,-0.44842931310114487
45,1,0.6657612785097691,-0.4954687921013592,0.8350753250159386,-1.2388747881114546,1.1910032574803326,-0.48019968285108644
45,2,0.5642185975205898,-0.4694978172411925,0.75879231234817,-1.172888427654011,1.23197114236788,-0.40590645609142684
45,3,0.23757499213651423,0.6353624363405371,-1.7202054956091706,0.8782289119335972,-0.8962644433418812,0.5986655974515384
45,4,0.19400461784956896,0.5760557815325946,-1.5382678807979697,0.8168781617677797,-0.8196862224527602,0.5540274744445396
45,5,0.23298679620587615,0.608148479402327,-1.5380476423113836,0.8120657189917313,-0.7512136895935518,0.5924782187307773
45,Aggregated,2.609644685805885,0.10549212087172512,-2.2452781164324778,-1.2638585828202762,1.214342972710455,0.41063583858319436
45,Centralized,0.3651248379098296,0.16851258136767577,-0.6651431355304379,0.0973546019799804,-0.02856770584928435,0.17958825811051432
46,0,1.187118438891406,-2.244562090408565,0.8700757161488043,0.5234790365472093,0.9117222134954086,-0.9004531580629394
46,1,1.1406289246974999,-2.2607519663885975,0.8807787537879305,0.5032873773895509,0.8715235897429027,-0.9574424883994618
46,2,1.0941113434941065,-2.123387674070542,0.7416476901302648,0.4753726443197249,0.7933174499840574,-0.8972768086134694
46,3,-1.6540090323134264,1.1287334172089483,-0.9721930891258139,0.3469591980913512,0.08398392513033105,1.0413370003396836
46,4,-1.5167008064718004,1.0113270794994722,-0.8685584968410255,0.32282328151277667,0.07864576772985961,0.977808311992597
46,5,-1.5635606513626588,0.9427381059160631,-0.8818640233181114,0.40784951142078746,0.0900810834265288,0.9694721720619274
46,Aggregated,-1.3124117830648765,-3.5459031282432103,-0.2301134492179552,2.5797710492813946,2.8292740295091026,0.233445029318336
46,Centralized,-0.553990040152102,-0.13697977527075086,-0.22761511508577498,0.3769745898313005,0.3842418642077635,0.285499399848468
47,0,1.0047035022200836,-0.969566876251789,0.7180276819750004,-0.6169291958494628,0.4845183439550455,-0.3293465002773854
47,1,0.9559506732256895,-0.8294897765588332,0.6436497117634554,-0.5606988474192753,0.4472187102946245,-0.4243571502168019
47,2,1.0282240591804215,-0.77455760331828,0.5867990612541498,-0.45693431244140736,0.4817918852613919,-0.32338767314917166
47,3,-1.0371786094396112,0.8079651370659982,-1.5687213894794132,0.7311712942965487,0.04291064691918654,0.8202547451685374
47,4,-1.004314232584598,0.7623162960459392,-1.4844769381138905,0.6782853653743083,0.0316746727179766,0.7986800507008875
47,5,-0.9688980526122202,0.7388269036678886,-1.5482517365223805,0.6750829985445146,0.0456534635493977,0.8007386189392122
47,Aggregated,-0.02151266001024135,-0.2645059193490806,-2.652973609123073,0.4499773025052292,1.5337677226976258,1.3425820911652766
47,Centralized,-0.21671791388503106,0.16738125909637955,-0.7020887497493727,0.22192014551272368,0.17500253513747713,0.3489161030870533
48,0,0.7282463847593742,-1.31196650138526,0.4398031870510745,-0.16204460770763318,0.3503833315097897,-0.004823224520312931
48,1,0.6791348976825498,-0.9259138583672383,0.4072055443186492,-0.11008799224282918,0.20914880929876792,0.19669615915874666
48,2,0.5897897190573068,-1.0846720094562212,0.36375460430069273,-0.07555002978937415,0.2177557612856172,0.20740923470940456
48,3,-0.5521484452877993,0.9631530167575674,-0.8314367826985656,0.09321874096521066,0.3965669051352937,-0.6212016817662326
48,4,-0.5758318265408542,0.9761737749903133,-0.7837664893879808,0.11595063591987989,0.36578208064025675,-0.6428560654507264
48,5,-0.505070346118809,0.913234288636717,-0.8170226603277999,0.1410153750957015,0.3937122635242514,-0.6602601901215834
48,Aggregated,0.3641203835517601,-0.4699912888241211,-1.2214625967439319,0.002502122240953852,1.9333491513939787,-1.525035767990699
48,Centralized,-0.08182942867376411,0.15423904702976765,-0.3346420109188821,-0.03962943641854006,0.3226897476449228,-0.3475447907924157
49,0,0.6635890607233077,-0.6981231338303074,0.3475671387864753,-0.4110846488945953,0.6538999851410867,-0.14106023476288063
49,1,0.5738685570190795,-0.5370920889537997,0.2754305236046711,-0.33706386796750387,0.4975682797715871,-0.21600457665763043
49,2,0.5875027517168772,-0.6022405641054274,0.2622285819932828,-0.29966172001505753,0.47371760166308563,-0.22405158695588936
49,3,-0.05062019435750341,1.1890883103885135,-2.5285581924756766,0.9735887873357727,-0.48846018441707506,0.8732193663970584
49,4,-0.003854348902425138,1.1494193696813575,-2.457497451285183,0.9281407469125965,-0.43793219106172593,0.8207349499923106
49,5,0.025558161929686633,1.1652733472747336,-2.578887141023766,0.9903191957978454,-0.49369070643782076,0.9093330680550147
49,Aggregated,1.7960439881290151,1.6663252404550686,-6.679716540400214,1.8442384931690567,0.2051027846591364,2.022170986067984
49,Centralized,0.2454292918396005,0.4601914845786945,-1.4236124487542317,0.4560984859897468,-0.07315672005842654,0.41160156058431263
50,0,0.5862702036757806,-1.6105066514686714,0.412029732415566,-0.15982454644144867,0.47871328470165964,-0.18601345362996355
50,1,0.5288766240204866,-1.4980177516717772,0.3618621784606316,-0.12560242122239273,0.4601117596459973,-0.4060841874556053
50,2,0.4190633858394738,-1.3358370714835943,0.1765370375037746,-0.09355322335766011,0.46865172755250556,-0.3753754336570477
50,3,-0.0831376366640227,0.5877066809034849,-0.491365601732952,0.397424163093913,0.08828738504874667,0.5578255037258303
50,4,-0.03242828803100739,0.5250726404775808,-0.46480810501094333,0.3621930334562985,0.0975653917224133,0.5188594578837089
50,5,-0.04211305636889584,0.44550339930363186,-0.4415425187159012,0.3635766888303263,0.08882980905623392,0.48008398223055304
50,Aggregated,1.376531232471816,-2.8860787539393407,-0.4472872770798269,0.744213694359038,1.682159357727557,0.5892958690974702
50,Centralized,0.13859444248054906,-0.2082724580323914,-0.1811589336730185,0.19036660542317702,0.24810058037670757,0.19669308658903026
