,BeforeLocalTraining,AfterLocalTraining,BeforeLocalPartialEvaluations,AfterLocalPartialEvaluations,BeforeEvaluation,AfterEvaluation
1,1786884740.7531316,1786884741.451236,1786884768.7078223,1786884772.9568045,1786884772.964684,1786884773.094521
2,1786884773.5477653,1786884774.2058232,1786884800.5053105,1786884804.660466,1786884804.6680572,1786884804.797997
3,1786884805.36545,1786884805.9094152,1786884831.9035208,1786884836.0865622,1786884836.09408,1786884836.222825
4,1786884836.8403327,1786884837.7062323,1786884863.5418816,1786884867.7090375,1786884867.7163284,1786884867.843841
5,1786884868.2315896,1786884868.7745733,1786884895.4473739,1786884900.4335332,1786884900.4410586,1786884900.5752628
6,1786884901.1586125,1786884901.798789,1786884927.6425447,1786884933.5217595,1786884933.529205,1786884933.6562638
7,1786884934.4846141,1786884935.0173936,1786884960.5850291,1786884964.5725517,1786884964.5798657,1786884964.707521
8,1786884965.2389672,1786884965.8754714,1786884991.646016,1786884995.6464865,1786884995.6538045,1786884995.7808247
9,1786884996.3165712,1786884996.9558277,1786885022.3400965,1786885026.3818913,1786885026.389263,1786885026.516992
10,1786885026.960876,1786885027.5031965,1786885053.2661078,1786885057.3631098,1786885057.3703399,1786885057.4965167
11,1786885057.905866,1786885058.4427736,1786885084.1035004,1786885088.2004979,1786885088.2080011,1786885088.3340392
12,1786885088.7014756,1786885089.2331626,1786885115.3078284,1786885119.4638364,1786885119.4710927,1786885119.595255
13,1786885119.9800348,1786885120.5135064,1786885146.1188362,1786885150.13328,1786885150.1405597,1786885150.3471024
14,1786885150.751242,1786885151.2799594,1786885176.7728384,1786885180.781676,1786885180.788994,1786885180.915355
15,1786885181.4124722,1786885182.0508423,1786885207.3328295,1786885211.3590562,1786885211.36643,1786885211.4941258
16,1786885211.9190645,1786885212.4528031,1786885237.7914772,1786885241.942878,1786885241.9502249,1786885242.0766857
17,1786885242.4156244,1786885242.9485178,1786885268.2964938,1786885272.3851457,1786885272.3924859,1786885272.5195017
18,1786885272.9652188,1786885273.499814,1786885299.1525536,1786885303.3070881,1786885303.3144302,1786885303.441638
19,1786885303.906283,1786885304.4460747,1786885329.8058946,1786885333.9719372,1786885333.979455,1786885334.1064978
20,1786885334.4225924,1786885336.8812873,1786885362.3821652,1786885368.2083611,1786885368.2157857,1786885368.341165
21,1786885368.978358,1786885369.6094995,1786885395.2321918,1786885399.2526233,1786885399.2599587,1786885399.386446
22,1786885399.84085,1786885400.4781792,1786885425.826862,1786885429.8531003,1786885429.8605125,1786885429.98723
23,1786885430.5157435,1786885431.0525198,,,,
