Round,Evaluator,4,0,3,1,2
0,0,,,,,
0,1,,,,,
0,2,,,,,
0,3,,,,,
0,4,,,,,
0,Aggregated,,,,,
0,Centralized,,,,,
1,0,,,,,
1,1,,,,,
1,2,,,,,
1,3,,,,,
1,4,,,,,
1,Aggregated,,,,,
1,Centralized,0.19380328059196472,0.20272913575172424,0.20163916051387787,0.20060382783412933,0.20122461020946503
2,0,,,,,
2,1,,,,,
2,2,,,,,
2,3,,,,,
2,4,,,,,
2,Aggregated,,,,,
2,Centralized,0.1957213580608368,0.20187006890773773,0.20101788640022278,0.20055653154850006,0.20083418488502502
3,0,,,,,
3,1,,,,,
3,2,,,,,
3,3,,,,,
3,4,,,,,
3,Aggregated,,,,,
3,Centralized,0.1971757411956787,0.2012375146150589,0.2006119191646576,0.20036186277866364,0.20061297714710236
4,0,,,,,
4,1,,,,,
4,2,,,,,
4,3,,,,,
4,4,,,,,
4,Aggregated,,,,,
4,Centralized,0.19814135134220123,0.20079626142978668,0.20039860904216766,0.2002561241388321,0.20040765404701233
5,0,,,,,
5,1,,,,,
5,2,,,,,
5,3,,,,,
5,4,,,,,
5,Aggregated,,,,,
5,Centralized,0.1987490952014923,0.20050276815891266,0.20027616620063782,0.20019567012786865,0.20027627050876617
6,0,,,,,
6,1,,,,,
6,2,,,,,
6,3,,,,,
6,4,,,,,
6,Aggregated,,,,,
6,Centralized,0.1991366147994995,0.2003435641527176,0.20019252598285675,0.20014335215091705,0.20018400251865387
7,0,,,,,
7,1,,,,,
7,2,,,,,
7,3,,,,,
7,4,,,,,
7,Aggregated,,,,,
7,Centralized,0.19936516880989075,0.2002183049917221,0.20015381276607513,0.20011954009532928,0.20014311373233795
8,0,,,,,
8,1,,,,,
8,2,,,,,
8,3,,,,,
8,4,,,,,
8,Aggregated,,,,,
8,Centralized,0.19955956935882568,0.2001507431268692,0.200111523270607,0.20009100437164307,0.20008723437786102
9,0,,,,,
9,1,,,,,
9,2,,,,,
9,3,,,,,
9,4,,,,,
9,Aggregated,,,,,
9,Centralized,0.19969026744365692,0.20010197162628174,0.20007650554180145,0.20007655024528503,0.20005467534065247
10,0,,,,,
10,1,,,,,
10,2,,,,,
10,3,,,,,
10,4,,,,,
10,Aggregated,,,,,
10,Centralized,0.199787437915802,0.20006605982780457,0.20004995167255402,0.2000570446252823,0.2000395655632019
11,0,,,,,
11,1,,,,,
11,2,,,,,
11,3,,,,,
11,4,,,,,
11,Aggregated,,,,,
11,Centralized,0.19983522593975067,0.20001272857189178,0.2000589668750763,0.20005016028881073,0.20004290342330933
12,0,,,,,
12,1,,,,,
12,2,,,,,
12,3,,,,,
12,4,,,,,
12,Aggregated,,,,,
12,Centralized,0.19986583292484283,0.20001398026943207,0.20004689693450928,0.20003622770309448,0.20003701746463776
13,0,,,,,
13,1,,,,,
13,2,,,,,
13,3,,,,,
13,4,,,,,
13,Aggregated,,,,,
13,Centralized,0.19988736510276794,0.2000211626291275,0.20003481209278107,0.20002344250679016,0.20003323256969452
14,0,,,,,
14,1,,,,,
14,2,,,,,
14,3,,,,,
14,4,,,,,
14,Aggregated,,,,,
14,Centralized,0.19991406798362732,0.20001645386219025,0.20002707839012146,0.20001919567584991,0.20002320408821106
15,0,,,,,
15,1,,,,,
15,2,,,,,
15,3,,,,,
15,4,,,,,
15,Aggregated,,,,,
15,Centralized,0.1999363750219345,0.20001555979251862,0.20002180337905884,0.20000728964805603,0.2000189870595932
16,0,,,,,
16,1,,,,,
16,2,,,,,
16,3,,,,,
16,4,,,,,
16,Aggregated,,,,,
16,Centralized,0.19994589686393738,0.20001320540905,0.20001624524593353,0.20000968873500824,0.20001502335071564
17,0,,,,,
17,1,,,,,
17,2,,,,,
17,3,,,,,
17,4,,,,,
17,Aggregated,,,,,
17,Centralized,0.19993849098682404,0.2000185251235962,0.20001515746116638,0.2000105082988739,0.2000172883272171
18,0,,,,,
18,1,,,,,
18,2,,,,,
18,3,,,,,
18,4,,,,,
18,Aggregated,,,,,
18,Centralized,0.1999395340681076,0.20001466572284698,0.2000143676996231,0.2000115066766739,0.20001989603042603
19,0,,,,,
19,1,,,,,
19,2,,,,,
19,3,,,,,
19,4,,,,,
19,Aggregated,,,,,
19,Centralized,0.19995184242725372,0.20001055300235748,0.20001043379306793,0.20001092553138733,0.20001624524593353
20,0,,,,,
20,1,,,,,
20,2,,,,,
20,3,,,,,
20,4,,,,,
20,Aggregated,,,,,
20,Centralized,0.19996553659439087,0.20000894367694855,0.20000721514225006,0.20000724494457245,0.20001111924648285
21,0,,,,,
21,1,,,,,
21,2,,,,,
21,3,,,,,
21,4,,,,,
21,Aggregated,,,,,
21,Centralized,0.1999736726284027,0.20000721514225006,0.2000042349100113,0.20000794529914856,0.20000691711902618
22,0,,,,,
22,1,,,,,
22,2,,,,,
22,3,,,,,
22,4,,,,,
22,Aggregated,,,,,
22,Centralized,0.19998306035995483,0.20000451803207397,0.2000020295381546,0.20000435411930084,0.20000605285167694
23,0,,,,,
23,1,,,,,
23,2,,,,,
23,3,,,,,
23,4,,,,,
23,Aggregated,,,,,
23,Centralized,0.19998684525489807,0.20000362396240234,0.20000191032886505,0.20000381767749786,0.20000381767749786
24,0,,,,,
24,1,,,,,
24,2,,,,,
24,3,,,,,
24,4,,,,,
24,Aggregated,,,,,
24,Centralized,0.199989452958107,0.2000018209218979,0.20000185072422028,0.2000039964914322,0.20000290870666504
25,0,,,,,
25,1,,,,,
25,2,,,,,
25,3,,,,,
25,4,,,,,
25,Aggregated,,,,,
25,Centralized,0.19999217987060547,0.20000147819519043,0.2000015377998352,0.20000305771827698,0.2000017613172531
26,0,,,,,
26,1,,,,,
26,2,,,,,
26,3,,,,,
26,4,,,,,
26,Aggregated,,,,,
26,Centralized,0.19999417662620544,0.20000143349170685,0.20000088214874268,0.20000207424163818,0.20000141859054565
27,0,,,,,
27,1,,,,,
27,2,,,,,
27,3,,,,,
27,4,,,,,
27,Aggregated,,,,,
27,Centralized,0.19999505579471588,0.20000125467777252,0.20000086724758148,0.20000170171260834,0.20000103116035461
28,0,,,,,
28,1,,,,,
28,2,,,,,
28,3,,,,,
28,4,,,,,
28,Aggregated,,,,,
28,Centralized,0.199996218085289,0.20000098645687103,0.20000028610229492,0.20000138878822327,0.2000010460615158
29,0,,,,,
29,1,,,,,
29,2,,,,,
29,3,,,,,
29,4,,,,,
29,Aggregated,,,,,
29,Centralized,0.19999702274799347,0.20000112056732178,0.20000028610229492,0.2000008225440979,0.2000007927417755
30,0,,,,,
30,1,,,,,
30,2,,,,,
30,3,,,,,
30,4,,,,,
30,Aggregated,,,,,
30,Centralized,0.19999775290489197,0.2000010758638382,0.20000004768371582,0.2000007927417755,0.20000030100345612
31,0,,,,,
31,1,,,,,
31,2,,,,,
31,3,,,,,
31,4,,,,,
31,Aggregated,,,,,
31,Centralized,0.19999733567237854,0.20000120997428894,0.20000021159648895,0.20000095665454865,0.20000027120113373
32,0,,,,,
32,1,,,,,
32,2,,,,,
32,3,,,,,
32,4,,,,,
32,Aggregated,,,,,
32,Centralized,0.1999979466199875,0.2000010758638382,0.20000013709068298,0.2000005841255188,0.2000003308057785
33,0,,,,,
33,1,,,,,
33,2,,,,,
33,3,,,,,
33,4,,,,,
33,Aggregated,,,,,
33,Centralized,0.19999828934669495,0.20000088214874268,0.20000015199184418,0.20000059902668,0.20000004768371582
34,0,,,,,
34,1,,,,,
34,2,,,,,
34,3,,,,,
34,4,,,,,
34,Aggregated,,,,,
34,Centralized,0.1999984234571457,0.20000065863132477,0.2000003606081009,0.20000070333480835,0.19999991357326508
35,0,,,,,
35,1,,,,,
35,2,,,,,
35,3,,,,,
35,4,,,,,
35,Aggregated,,,,,
35,Centralized,0.19999827444553375,0.20000086724758148,0.20000027120113373,0.20000077784061432,0.19999977946281433
36,0,,,,,
36,1,,,,,
36,2,,,,,
36,3,,,,,
36,4,,,,,
36,Aggregated,,,,,
36,Centralized,0.19999662041664124,0.2000008225440979,0.20000097155570984,0.20000138878822327,0.20000018179416656
37,0,,,,,
37,1,,,,,
37,2,,,,,
37,3,,,,,
37,4,,,,,
37,Aggregated,,,,,
37,Centralized,0.1999972015619278,0.20000077784061432,0.20000068843364716,0.20000122487545013,0.20000015199184418
38,0,,,,,
38,1,,,,,
38,2,,,,,
38,3,,,,,
38,4,,,,,
38,Aggregated,,,,,
38,Centralized,0.19999761879444122,0.20000068843364716,0.2000006139278412,0.20000100135803223,0.20000006258487701
39,0,,,,,
39,1,,,,,
39,2,,,,,
39,3,,,,,
39,4,,,,,
39,Aggregated,,,,,
39,Centralized,0.19999833405017853,0.20000053942203522,0.20000016689300537,0.20000086724758148,0.20000013709068298
40,0,,,,,
40,1,,,,,
40,2,,,,,
40,3,,,,,
40,4,,,,,
40,Aggregated,,,,,
40,Centralized,0.1999983787536621,0.2000005543231964,0.2000001221895218,0.20000086724758148,0.2000001072883606
41,0,,,,,
41,1,,,,,
41,2,,,,,
41,3,,,,,
41,4,,,,,
41,Aggregated,,,,,
41,Centralized,0.19999876618385315,0.20000045001506805,0.2000001072883606,0.20000068843364716,0.20000004768371582
42,0,,,,,
42,1,,,,,
42,2,,,,,
42,3,,,,,
42,4,,,,,
42,Aggregated,,,,,
42,Centralized,0.19999909400939941,0.20000003278255463,0.20000013709068298,0.20000064373016357,0.2000001221895218
43,0,,,,,
43,1,,,,,
43,2,,,,,
43,3,,,,,
43,4,,,,,
43,Aggregated,,,,,
43,Centralized,0.199999138712883,0.20000019669532776,0.20000003278255463,0.2000005841255188,0.2000000923871994
44,0,,,,,
44,1,,,,,
44,2,,,,,
44,3,,,,,
44,4,,,,,
44,Aggregated,,,,,
44,Centralized,0.19999900460243225,0.20000027120113373,0.2000000923871994,0.2000005692243576,0.2000000923871994
45,0,,,,,
45,1,,,,,
45,2,,,,,
45,3,,,,,
45,4,,,,,
45,Aggregated,,,,,
45,Centralized,0.19999895989894867,0.2000003457069397,0.20000003278255463,0.20000062882900238,0.20000013709068298
46,0,,,,,
46,1,,,,,
46,2,,,,,
46,3,,,,,
46,4,,,,,
46,Aggregated,,,,,
46,Centralized,0.1999991089105606,0.20000042021274567,0.19999989867210388,0.2000005841255188,0.20000004768371582
47,0,,,,,
47,1,,,,,
47,2,,,,,
47,3,,,,,
47,4,,,,,
47,Aggregated,,,,,
47,Centralized,0.19999921321868896,0.2000003606081009,0.19999998807907104,0.20000040531158447,0.20000004768371582
48,0,,,,,
48,1,,,,,
48,2,,,,,
48,3,,,,,
48,4,,,,,
48,Aggregated,,,,,
48,Centralized,0.19999927282333374,0.20000024139881134,0.20000006258487701,0.2000003308057785,0.20000006258487701
49,0,,,,,
49,1,,,,,
49,2,,,,,
49,3,,,,,
49,4,,,,,
49,Aggregated,,,,,
49,Centralized,0.19999924302101135,0.20000021159648895,0.20000006258487701,0.20000030100345612,0.20000013709068298
50,0,,,,,
50,1,,,,,
50,2,,,,,
50,3,,,,,
50,4,,,,,
50,Aggregated,,,,,
50,Centralized,0.19999942183494568,0.20000021159648895,0.2000001221895218,0.20000016689300537,0.20000003278255463
