,BeforeLocalTraining,AfterLocalTraining,BeforeLocalPartialEvaluations,AfterLocalPartialEvaluations,BeforeEvaluation,AfterEvaluation
1,1789122581.8113756,1789122582.0029047,1789122587.6086903,1789122589.5775604,1789122589.591939,1789122589.6236587
2,1789122589.6472645,1789122589.828986,1789122595.6794107,1789122597.6333938,1789122597.6472235,1789122597.6781898
3,1789122597.7011087,1789122597.8824239,1789122603.3436172,1789122605.269081,1789122605.2826087,1789122605.3129582
4,1789122605.3947108,1789122605.5765162,1789122611.4854548,1789122613.4244313,1789122613.4380856,1789122613.4688275
5,1789122613.5008163,1789122613.6810877,1789122619.264254,1789122621.2169704,1789122621.2306376,1789122621.2611096
6,1789122621.2929196,1789122621.4766884,1789122627.3284695,1789122629.3434222,1789122629.3570106,1789122629.3875473
7,1789122629.4098458,1789122629.5953429,1789122635.373632,1789122637.5133657,1789122637.5268877,1789122637.5575128
8,1789122637.7386088,1789122637.920538,1789122643.647244,1789122645.56761,1789122645.581312,1789122645.6116383
9,1789122645.6800601,1789122645.863942,1789122651.5740423,1789122653.7225986,1789122653.7361794,1789122653.766607
10,1789122653.9031672,1789122654.081805,1789122659.5871806,1789122661.5249813,1789122661.5385752,1789122661.5690286
11,1789122661.6564293,1789122661.8374052,1789122667.5544963,1789122669.4818416,1789122669.4955246,1789122669.5262928
12,1789122669.5704095,1789122669.7533283,1789122675.2629128,1789122677.2239003,1789122677.23746,1789122677.2679574
13,1789122677.2959902,1789122677.4784868,1789122683.3030646,1789122685.2556024,1789122685.269244,1789122685.3004425
14,1789122685.3592596,1789122685.5408714,1789122691.6123884,1789122693.5921931,1789122693.6058085,1789122693.6373184
15,1789122693.7108197,1789122693.992495,1789122699.762793,1789122701.809608,1789122701.8238487,1789122701.8551357
16,1789122701.9778397,1789122702.1684082,1789122708.4101474,1789122710.4691834,1789122710.4831724,1789122710.5153775
17,1789122710.5870247,1789122710.773677,1789122717.1474264,1789122719.1052554,1789122719.1191497,1789122719.1500642
18,1789122719.1861234,1789122719.3693912,1789122724.9902215,1789122727.1047938,1789122727.119699,1789122727.1527972
19,1789122727.2429097,1789122727.425995,1789122733.2709734,1789122735.219232,1789122735.2329535,1789122735.2635262
20,1789122735.3215182,1789122735.5021608,1789122741.3213224,1789122743.4763494,1789122743.4900358,1789122743.5208395
21,1789122743.5424807,1789122743.7253513,1789122749.3544927,1789122751.3273346,1789122751.3408682,1789122751.3722212
22,1789122751.434861,1789122751.6146338,1789122757.4098566,1789122759.3569076,1789122759.3704317,1789122759.4013162
23,1789122759.4799316,1789122759.751473,1789122765.3104143,1789122767.2709265,1789122767.2845047,1789122767.3155355
24,1789122767.3501751,1789122767.52963,1789122773.2271228,1789122775.193649,1789122775.2074034,1789122775.2381697
25,1789122775.2642343,1789122775.4483032,1789122781.2945309,1789122783.2660275,1789122783.2796667,1789122783.3104029
26,1789122783.332597,1789122783.516083,1789122789.5383034,1789122791.4818306,1789122791.495612,1789122791.5264747
27,1789122791.6094353,1789122791.7900505,1789122797.6082225,1789122799.5653803,1789122799.5792,1789122799.6101227
28,1789122799.6476061,1789122799.8321583,1789122805.5053666,1789122807.48944,1789122807.503114,1789122807.5336292
29,1789122807.6121159,1789122807.8105707,1789122813.732614,1789122815.7083151,1789122815.7222326,1789122815.7535362
30,1789122815.8127923,1789122815.9943533,1789122822.027319,1789122823.9929261,1789122824.0066686,1789122824.0383282
31,1789122824.0961342,1789122824.279262,1789122830.1055696,1789122832.3741307,1789122832.3878849,1789122832.4184015
32,1789122832.5056398,1789122832.6881824,,,,
