,BeforeEvaluation,BeforeSV,AfterSV,BeforeGradientRewards,AfterGradientRewards,AfterEvaluation
0,1789122580.2250657,,,,,
1,1789122587.5175154,1789122582.1439917,1789122587.4576998,1789122587.458142,1789122587.5168664,1789122587.605846
2,1789122595.5883088,1789122589.896029,1789122595.531893,1789122595.5321271,1789122595.5878563,1789122595.675797
3,1789122603.2527697,1789122597.9384906,1789122603.19623,1789122603.1964433,1789122603.2522578,1789122603.3403165
4,1789122611.394115,1789122605.6268613,1789122611.3369617,1789122611.3371751,1789122611.3936074,1789122611.4825757
5,1789122619.174545,1789122613.8173718,1789122619.1176805,1789122619.117905,1789122619.1741674,1789122619.261223
6,1789122627.2377028,1789122621.5239165,1789122627.1802573,1789122627.180465,1789122627.2371838,1789122627.325459
7,1789122635.2830455,1789122629.7094567,1789122635.2256854,1789122635.225906,1789122635.2826242,1789122635.369758
8,1789122643.5582829,1789122637.9688787,1789122643.500853,1789122643.5010703,1789122643.5578704,1789122643.644952
9,1789122651.4790235,1789122645.909929,1789122651.4214325,1789122651.4216516,1789122651.4785168,1789122651.5666704
10,1789122659.4969857,1789122654.1332316,1789122659.412476,1789122659.4224753,1789122659.4965324,1789122659.5840616
11,1789122667.3944006,1789122661.8866763,1789122667.3367884,1789122667.3370225,1789122667.393954,1789122667.5520847
12,1789122675.1730385,1789122669.7987561,1789122675.115235,1789122675.1154509,1789122675.172605,1789122675.2598393
13,1789122683.2127059,1789122677.5253313,1789122683.1544685,1789122683.1547067,1789122683.212179,1789122683.3004887
14,1789122691.430727,1789122685.5951905,1789122691.371547,1789122691.3717923,1789122691.430198,1789122691.6090703
15,1789122699.6723711,1789122694.0328336,1789122699.614489,1789122699.6147296,1789122699.6718898,1789122699.7597651
16,1789122708.318113,1789122702.2194588,1789122708.2588327,1789122708.259066,1789122708.3175662,1789122708.4068065
17,1789122717.0553818,1789122710.8259187,1789122716.998461,1789122716.9986675,1789122717.0550332,1789122717.1441364
18,1789122724.898313,1789122719.4185362,1789122724.8414404,1789122724.8416746,1789122724.8979082,1789122724.9869304
19,1789122733.1788287,1789122727.4758554,1789122733.120872,1789122733.1210966,1789122733.1783257,1789122733.2675977
20,1789122741.230313,1789122735.547829,1789122741.1719277,1789122741.172192,1789122741.2298272,1789122741.3184536
21,1789122749.2625499,1789122743.7785127,1789122749.2046719,1789122749.2049081,1789122749.2621076,1789122749.3514097
22,1789122757.3178294,1789122751.6621957,1789122757.1861908,1789122757.1864235,1789122757.3173459,1789122757.4072235
23,1789122765.2193558,1789122759.796731,1789122765.1610992,1789122765.1613245,1789122765.2189353,1789122765.3069437
24,1789122773.1354957,1789122767.5747476,1789122773.0759158,1789122773.0761404,1789122773.134962,1789122773.2240088
25,1789122781.2037473,1789122775.4970837,1789122781.1451707,1789122781.1454058,1789122781.2033174,1789122781.2919476
26,1789122789.4474292,1789122783.5599425,1789122789.3893127,1789122789.389541,1789122789.4470055,1789122789.5352404
27,1789122797.5177417,1789122791.8358223,1789122797.4600148,1789122797.460247,1789122797.5172992,1789122797.605404
