,BeforeLocalTraining,AfterLocalTraining,BeforeLocalPartialEvaluations,AfterLocalPartialEvaluations,BeforeEvaluation,AfterEvaluation
1,1786163331.3497841,1786163331.6280837,1786163337.615027,1786163339.9185224,1786163339.9326138,1786163339.968601
2,1786163339.996697,1786163340.2601047,1786163346.3390834,1786163348.7184258,1786163348.7318711,1786163348.7700443
3,1786163348.7975183,1786163349.0599954,1786163354.9830143,1786163357.3042972,1786163357.3178966,1786163357.354013
4,1786163357.380665,1786163357.644336,1786163363.5022318,1786163365.819981,1786163365.8335896,1786163365.8702145
5,1786163365.8973517,1786163366.157989,1786163372.2111156,1786163374.4925373,1786163374.506033,1786163374.5418532
6,1786163374.5696714,1786163374.8309588,1786163380.9049895,1786163383.2033482,1786163383.2166846,1786163383.2521503
7,1786163383.2788289,1786163383.5589008,1786163389.6241267,1786163391.908868,1786163391.9222825,1786163391.958063
8,1786163391.986147,1786163392.24705,1786163398.3707745,1786163400.718545,1786163400.732119,1786163400.7680407
9,1786163400.7958243,1786163401.063369,1786163407.0058277,1786163409.3873718,1786163409.4004126,1786163409.4365273
10,1786163409.463922,1786163409.7242975,1786163415.7539067,1786163418.0702574,1786163418.0837617,1786163418.1198845
11,1786163418.1482131,1786163418.412919,1786163424.230914,1786163426.5418372,1786163426.5556135,1786163426.594312
12,1786163426.6214695,1786163426.884348,1786163432.673894,1786163434.9780695,1786163434.991445,1786163435.0270221
13,1786163435.054587,1786163435.3166604,1786163441.2591033,1786163443.5576632,1786163443.5712173,1786163443.606873
14,1786163443.6345408,1786163443.9071045,1786163449.6578665,1786163451.9437802,1786163451.9573264,1786163451.993296
15,1786163452.0209007,1786163452.2811968,1786163458.221032,1786163460.5091953,1786163460.52255,1786163460.558365
16,1786163460.5865605,1786163460.857748,1786163466.8611557,1786163469.2601645,1786163469.2731674,1786163469.3086977
17,1786163469.3365378,1786163469.5967112,1786163475.4130833,1786163477.692929,1786163477.7064111,1786163477.7419448
18,1786163477.7691185,1786163478.0339813,1786163483.851767,1786163486.1537712,1786163486.1672716,1786163486.2030199
19,1786163486.230623,1786163486.491672,1786163492.2299578,1786163494.563648,1786163494.576783,1786163494.6133502
20,1786163494.6408067,1786163494.89961,1786163500.8628263,1786163503.1359816,1786163503.1498327,1786163503.1864522
21,1786163503.2140515,1786163503.4757638,1786163509.337003,1786163511.6678467,1786163511.6812544,1786163511.7179167
22,1786163511.7452366,1786163512.0045295,1786163518.1508675,1786163520.4687462,1786163520.4820724,1786163520.5176244
23,1786163520.5459433,1786163520.8053155,1786163526.94735,1786163529.311333,1786163529.3247552,1786163529.3607266
24,1786163529.39924,1786163529.6679285,1786163535.4320102,1786163537.7161705,1786163537.7295334,1786163537.7650483
25,1786163537.792428,1786163538.0501573,1786163543.845337,1786163546.1377528,1786163546.1511598,1786163546.1868956
26,1786163546.2195976,1786163546.4785895,1786163552.5686283,1786163554.8838484,1786163554.8971314,1786163554.932885
27,1786163554.960834,1786163555.2196357,1786163561.2833047,1786163563.5615747,1786163563.5749745,1786163563.6109128
28,1786163563.6434288,1786163563.9064062,1786163569.9145665,1786163572.2162137,1786163572.2297983,1786163572.2654274
29,1786163572.2928443,1786163572.5565803,1786163578.4024773,1786163580.7304401,1786163580.743856,1786163580.780327
30,1786163580.8080332,1786163581.0713942,1786163586.9277,1786163589.304237,1786163589.3177626,1786163589.3537648
31,1786163589.381604,1786163589.648546,1786163595.4167001,1786163597.726058,1786163597.7393866,1786163597.7752829
32,1786163597.8082135,1786163598.0750303,1786163603.8877256,1786163606.221834,1786163606.235399,1786163606.2712522
33,1786163606.3052773,1786163606.573326,1786163612.4045403,1786163614.7113528,1786163614.724809,1786163614.76034
34,1786163614.787874,1786163615.0499492,1786163620.8734448,1786163623.1628246,1786163623.176281,1786163623.2119417
35,1786163623.2530088,1786163623.5133426,1786163629.3663278,1786163631.6628907,1786163631.676472,1786163631.712358
36,1786163631.7394018,1786163631.9987714,1786163637.9084098,1786163640.204308,1786163640.2178307,1786163640.2539973
37,1786163640.2812774,1786163640.5413747,1786163646.4402494,1786163648.7837543,1786163648.7974167,1786163648.8371098
38,1786163648.9075425,1786163649.181434,1786163655.2224135,1786163657.5233839,1786163657.5368228,1786163657.5721536
39,1786163657.5990546,1786163657.8615854,1786163663.6400325,1786163666.014935,1786163666.0281043,1786163666.065163
40,1786163666.0925686,1786163666.3526514,1786163672.3796966,1786163674.6958334,1786163674.7093022,1786163674.7450957
41,1786163674.7729125,1786163675.0385652,,,,
