Round,Evaluator,4,1,0,5,3,2
0,0,,,,,,
0,1,,,,,,
0,2,,,,,,
0,3,,,,,,
0,4,,,,,,
0,5,,,,,,
0,Aggregated,,,,,,
0,Centralized,,,,,,
1,0,7.281491435385069,7.438951650324339,7.535152959460783,7.4269422689951154,7.502684782941263,6.892055981877765
1,1,6.693612753670059,6.982522065845992,7.123453485510587,6.906134407478053,7.09376505301335,6.190026993466311
1,2,6.6848345182421225,7.168571834252479,7.395692501517092,7.0729349251627776,7.354479882921551,5.923488216888346
1,3,10.095383276999701,10.118831746718847,10.106218505296516,10.098415086056116,10.118817963077475,10.007744146851238
1,4,10.049131944957042,10.09205352878053,10.097475478353536,10.070531830043128,10.099176408737954,9.898782919127768
1,5,9.864385280471673,9.941899028012724,9.996118359842148,9.93775535791246,10.010042638713522,9.719536199031896
1,Aggregated,8.674555594317697,8.834150307207882,8.909131345143917,8.799181371986126,8.899849609761388,8.366398131129813
1,Centralized,8.942557061886989,9.032197628210973,9.106248781378591,9.036726208305986,9.114227172468098,8.648560383764986
2,0,0.7149790772106128,-0.9252432552581368,0.08476498587939524,0.466411440167316,0.5295303752084957,-0.6982468271920587
2,1,0.9748670788722313,-1.1777152796258166,-0.01622340214306586,0.5536893563134792,0.6350891505459009,-0.9812444357986578
2,2,1.4479496297905323,-1.8846283270403605,-0.2656529010585943,0.8429164735607108,0.6906357817124006,-1.5848672544256206
2,3,0.31694286141406164,-0.4064614984698925,0.06005957680322217,0.21639881408463546,0.18755103336914164,-0.3083171416054683
2,4,0.3877086022753891,-0.4600588470937504,0.007612075520344133,0.27434357210628124,0.10612720816308405,-0.3583496137447924
2,5,0.4680365632115897,-0.6210733571790353,0.011034463507813078,0.3328017355237637,0.24138131107063876,-0.5000932735761731
2,Aggregated,0.669935451624516,-0.8505931352355154,-0.012895437489187955,0.4221117402550018,0.36572655842373963,-0.6866367311151486
2,Centralized,0.6908455255865888,-0.8783709031582037,-0.01321464126562546,0.4412358051204418,0.32254915425162634,-0.7278952187184224
3,0,0.7989196401977519,-2.095705016390138,0.06192222058040237,1.2632775267229823,0.857831422963052,-0.44459099410335434
3,1,1.0070047054145501,-2.5790196959220384,0.14104616884358695,1.6906286218903002,0.9739237648221032,-0.6303596644039744
3,2,1.041301352836591,-3.3112643543893228,0.34661395903727316,2.1831706035820306,1.3490484443142885,-0.7790545871191463
3,3,1.2224411152268881,-1.1533873509760788,0.09573915964762374,0.7080024364388016,0.5775195122110987,-0.060642328681151485
3,4,1.1635216112760396,-1.053001923000814,0.09867886150748674,0.5916789100022799,0.5192335589008791,-0.03406123934016615
3,5,1.0286760000625017,-1.3857722016562535,0.1181195136914053,0.8905096443580708,0.6150771969156892,-0.14324611524642034
3,Aggregated,1.0574239289966658,-1.820890605022033,0.1376919018844269,1.1482660832203977,0.7787452390895558,-0.3088217397065778
3,Centralized,1.1502379392395823,-1.8032574677854838,0.16310926691243618,1.121221414667968,0.7803037165029306,-0.26294351834602825
4,0,1.0160719709303816,0.9125782327360791,1.877911908676754,1.7104709653295487,0.7798867142890248,-0.1200815407215564
4,1,1.3215283893631804,0.8597052879980638,1.8595817622428257,1.972165641130182,1.1914760998800793,0.06803886379389058
4,2,1.424480856501757,0.8260234137617557,2.2770538040644994,1.991183319651007,0.7890457459599959,0.2247117366527848
4,3,3.83452193808107,-6.6690888372386095,-4.546278794993086,1.7531029879200832,2.2751171320568666,-7.77419430434194
4,4,3.831507765666725,-6.533969483084463,-4.126484486281247,1.9076395600417428,2.2316700109886867,-7.692654735856863
4,5,4.033659164542554,-6.791909952500099,-4.2468515790801575,1.8128582689604542,2.2422630723110424,-7.695365693882234
4,Aggregated,2.7732949402301865,-3.456919263076647,-1.6173501504501606,1.8536255581170622,1.684128563671647,-4.407223316613933
4,Centralized,2.921228244642248,-3.63164118097445,-1.8054874488310595,1.8344102577501635,1.616225028278646,-4.974691485787442
5,0,-0.8058760393725792,-1.2418682601867528,-0.2356604110737066,1.1591165072740528,0.2710326074664477,-2.596675697496126
5,1,-1.4776738513322025,-2.1078342556408507,-0.723864812540401,1.4461618899659845,0.33371710521612996,-2.183163183375197
5,2,-1.1564230744101454,-1.9264621609768555,-0.760578548107233,1.0784464654605683,0.16709674178256892,-2.39351971521863
5,3,3.338138905682532,-9.875669678939348,1.753327319241325,5.260104541379761,1.6513948357684323,2.4728301642794177
5,4,3.3555067647101673,-9.448012074271881,2.003645073439165,5.17993703848221,1.7927664860308832,2.7639755043828518
5,5,3.6531442897993864,-9.665277010532913,2.104956851225336,5.260671161591548,1.83645021879175,2.947006193734301
5,Aggregated,1.4907750762007501,-6.295945434232543,0.8780164428496701,3.5278930587213186,1.1208555613545799,0.549386621441201
5,Centralized,1.394989033700649,-5.765135865879707,0.7225890138084636,3.593226826312535,1.1313473872753936,0.3348705776147166
6,0,0.31428049811108644,3.2343366839069057,1.4136252397065427,-2.412647021322427,0.6731126051069297,1.2923683874743657
6,1,0.8520272318616555,3.236844156947429,1.3817292944473423,-1.4100190028493653,0.7461497457427574,1.3000504525098469
6,2,0.6823312425784637,3.208418471796473,1.2842281850320771,-1.2820301392088072,0.6859628447179531,1.3164908982356953
6,3,6.629872204523859,-1.328771272925942,-5.568516698281633,8.185348780856913,5.0122822312468225,-3.782750569824286
6,4,6.334977083199141,-1.06674324092928,-5.4901592093421945,7.179607932401855,4.380385245088295,-3.6071097623416417
6,5,6.721373630679331,-1.3548450311762665,-5.697521250798488,7.961211148019195,4.50177934645182,-3.756696446300597
6,Aggregated,4.02958859171188,0.6573451764584932,-2.626903593584795,3.7368750566630133,2.9556267633810167,-1.5774305341495636
6,Centralized,4.175451413941236,0.6542164058689733,-2.613658104282058,4.093084436772613,2.9599786427781622,-1.6083506185359662
7,0,-2.0950335915462213,1.4554552704034105,-0.4868979095072247,-4.243064767475742,-0.32437267431216504,1.0764227698012219
7,1,-3.0424862172810974,1.0832541186025342,-0.19798265528743564,-4.0823267658203095,-0.8341683495410943,1.0479703684484936
7,2,-2.4192696028269234,1.2062857445054178,-0.22225442411038362,-4.0824672175900405,-0.8039262522531863,0.9753509987497253
7,3,0.09530149674324474,-4.37402991769108,1.0755913198151796,0.421547501899495,3.2920691528299093,-0.6408506222539906
7,4,0.0872913794221191,-3.897524000850516,1.0036249786856313,0.1408020664188654,2.9434195771503164,-0.4290401358752425
7,5,0.05264615362174409,-4.172513498240233,0.9393782026258165,0.7164506973544917,2.936561986332193,-0.6525574269283844
7,Aggregated,-1.029757216798118,-1.8485848340835696,0.4487751723592089,-1.517133839173871,1.4745988339294613,0.11106038695117207
7,Centralized,-0.9967854836730137,-1.9637913837869534,0.4473390391349297,-0.9483388862319372,1.7164293144005538,-0.08727549386702718
8,0,-2.2995387988870597,3.1549122000854553,2.710436655653422,1.1128776723741394,-2.152106183957905,1.7146589387505051
8,1,-2.7984786967720243,3.032797531235709,2.6324949052934348,1.071524401384786,-1.654695214238931,1.7709867857288633
8,2,-2.560712845238515,3.1736266892111473,2.7651048295544904,1.0800860346004748,-2.147125383143693,1.7820497037807337
8,3,2.2928861266602776,-4.7449847001480725,-3.9512259114733457,2.915897062852908,5.779193692950229,-1.4482302654416048
8,4,1.969199022095056,-4.299860402313315,-3.5969639944579272,2.9719006988505856,5.322832236179934,-1.1817801829275711
8,5,2.1126447977944722,-4.768629445496284,-3.9722589551069776,2.7520655370004543,5.635411916283723,-1.5272105823406188
8,Aggregated,0.13058451065361082,-1.3133130441058998,-1.0526476007142578,2.1165811244735666,2.35718263564316,-0.046993228061763065
8,Centralized,0.1500800290307631,-1.6775109460839792,-1.2409837082094783,1.780244889531741,2.368813995917809,-0.16755561600715996
9,0,0.4551395935170463,2.6197095378613238,0.36854923257905925,-1.831327210703789,-1.9866563031256486,2.514107114959909
9,1,0.8558627893958191,2.535567942624702,0.21087901311354018,-2.164911755269157,-1.7342156590678046,2.5995301005163767
9,2,0.7955731519692458,2.7090365378480277,0.4431842881401852,-2.029076091735722,-1.9849038674062702,2.6988495199052367
9,3,2.675762457302493,-4.211562051754206,-0.869005348958498,2.865211173018079,3.8854748505804726,-3.841908820852383
9,4,2.466064018000777,-3.8063051640444914,-0.5858301296879895,2.467449592147675,3.2405585893190163,-3.331860333566969
9,5,2.596599264926275,-4.165309453090744,-0.6408893130323896,2.796013627705974,3.6970444712983332,-3.6139093806053064
9,Aggregated,1.7797292854900466,-1.2139180476079592,-0.2553263120013348,0.6983933525686565,1.2596897624066483,-0.9535139330313911
9,Centralized,1.7263053590617148,-1.3424451334532608,-0.3357302661064944,0.7968659771844576,1.4688276724076812,-1.0211555726097388
10,0,-1.2476607623571871,2.0072742411399758,1.324641584496021,-1.7978243053098493,-1.6941283495541624,1.1510585037482877
10,1,-1.4774017478965529,2.1636566949596103,1.5071626622806842,-1.6026781900200184,-1.7449836357822852,1.2424645247203028
10,2,-1.2102799806111701,1.979841545845647,1.4403813387433106,-1.6710444554419992,-1.8255511714730157,1.1668306443386027
10,3,2.7431269068993362,-1.2938619762971186,-2.1515126242259535,2.831802280359949,3.809832600710088,-4.81261798138182
10,4,2.461109949331782,-0.8974216133612073,-1.6333138048433418,2.5297757407745323,3.2762845404154053,-4.522961278166814
10,5,2.772106818826582,-1.2209894014343217,-1.9113809506753734,2.651749072276125,3.5769271615044773,-4.641291193090277
10,Aggregated,0.9663208835118771,0.22177409013600413,-0.4816105625234937,0.8125986894797598,1.29137356074642,-2.1678443378574945
10,Centralized,0.9815786837353865,0.1492521508857753,-0.43783708498509266,0.943731794822381,1.3875496295635905,-2.1425272045103143
11,0,-0.22056789557688095,2.098266117782357,2.2249558381866836,-0.9883839526562767,-4.042335554941479,1.7175104045737417
11,1,-0.3125367119570643,2.0290946967039036,2.2798686361360962,-0.630789586494015,-3.8933625015384035,1.598365244703202
11,2,-0.2529169408480808,1.877458842977809,2.2955014780258156,-0.6557471147110655,-4.101841424275714,1.6866209197833837
11,3,4.000037962336748,-2.712522081586831,-7.725643037426762,3.8877858155009797,5.000799956640552,-2.815788502281105
11,4,3.6919646907464583,-2.3893654657381562,-7.113676604358519,3.625331627760132,4.352219910670199,-2.660868031218787
11,5,3.758902218679122,-2.643581164024822,-7.325860090677979,3.687749663175701,4.859822194837964,-2.685421737888445
11,Aggregated,2.078312326696951,-0.6285284504592621,-3.273745053702141,1.8197774840746346,1.0091836826773277,-0.8512114227475461
11,Centralized,1.9715392631902886,-0.8116297423020141,-3.2082790740852873,1.7422437811278324,1.2896748043499229,-0.9085266643412925
12,0,-1.015994571424869,1.7122609801685043,1.6536325561145193,-2.5716152993555856,-0.5254065758482589,2.0769595861757666
12,1,-0.8953820895332204,1.6051797690405114,1.5908631928478483,-2.279444655432964,-0.7294275078289849,1.8859475079136436
12,2,-0.7873956514861034,1.668358986951832,1.6719064974549995,-2.494956654342092,-0.56148152227121,2.001012319923054
12,3,2.6991876274566353,-1.965546604519591,-3.153364784893781,3.8773454446539852,3.2558608675098792,-5.581258442414221
12,4,2.5150785130187123,-1.480402747302087,-2.7392399967342147,3.4228247146781516,2.8905221305678683,-5.119002729326075
12,5,2.594434455161221,-1.7814530428475779,-3.0278972095748693,3.5870366612315285,3.179892148190356,-5.50583784218019
12,Aggregated,1.1104132363883497,-0.29118434823008577,-1.0079162942466628,1.039357055433869,1.5253241810634859,-2.2533882976418163
12,Centralized,1.0604445592075875,-0.3654779349061819,-1.0671714101724403,1.1779904277277233,1.5019342641090696,-2.3458195913075386
13,0,-3.6421818314122913,2.366829173701232,1.3112400955976176,-1.6491687722253354,-0.8595812231456863,0.5868001925577235
13,1,-3.4515006186582458,2.4871581910151535,1.299039661098904,-1.5737464933948793,-0.7907584707626937,0.5292553609215016
13,2,-3.606261145086944,2.37352358893641,1.2719434364924007,-1.7037293572464316,-0.8140620262286559,0.4307091612919035
13,3,3.605868175021369,-5.689693085459995,-1.371102204032835,2.3598175443042066,2.483903655699306,-0.23782305907694348
13,4,3.0998158260791002,-5.373701229882979,-1.0763020359479976,2.0544666973066374,2.2160398764212283,-0.10827847490372597
13,5,3.6381238014794164,-5.717735878424238,-1.2662341356705715,2.235542009283285,2.4275732048237257,-0.22972096711661666
13,Aggregated,0.4592996123799567,-2.183871459417322,-0.15854690586086126,0.5722957479334132,1.013338192851999,0.10980660189867422
13,Centralized,0.84732987157853,-2.408599791909279,-0.24127833802618892,0.6609473994506015,1.0682260416646019,0.036376126030793224
14,0,-1.4267724063058393,2.3126798563802575,2.145801599288076,-1.4678690219000834,-2.502206496636291,2.206612649037175
14,1,-1.915709718168332,2.3473843611386553,2.2553487902393727,-1.5520206660197287,-2.557853854464611,2.089458216200411
14,2,-1.497998485877134,2.238156451773607,2.249703187225216,-1.5422179693578022,-2.516698995460818,2.093706968347809
14,3,1.570722729345707,-3.5041025817576483,-2.6646102803040397,4.390616451100257,3.4435950041493344,-6.6962197338617315
14,4,1.3751917609361184,-3.374523365184887,-2.1376384991163278,4.1093106138173034,3.2365357213108754,-6.457686305874391
14,5,1.4888582701111668,-3.5198601631761077,-2.5272012738580765,4.240630562052738,3.4418647398064737,-6.697347980966479
14,Aggregated,0.1597337799650812,-1.0098209330701373,-0.4566539504512289,1.7891816043883106,0.860439858749742,-2.890801344707905
14,Centralized,0.1543944440124202,-1.062926515180098,-0.5482060253671555,1.7774382506929525,0.9071037888469549,-2.8615305952121166
15,0,-3.26016815866986,2.0798120866070984,2.121633888165032,-1.676879486221079,-1.640464249634726,2.507646462595336
15,1,-3.491995310778544,2.0124878418848837,2.3360644606572483,-1.7460234854157715,-1.6239540431620014,2.4759880609865554
15,2,-3.5858604105026113,2.046901269994035,2.281210409980216,-1.7952893799927359,-1.6182656494920045,2.6767840395687807
15,3,5.0006164084345555,-4.389367036935539,-0.8219276479267827,4.629223952771878,5.2679356979447975,-7.652373029215682
15,4,4.701119104262035,-4.219538796388018,-0.513246803358115,4.3511925916370515,4.919812654705414,-7.3158287300673415
15,5,5.07360919431692,-4.280092842486819,-0.7807188473255209,4.578796193173001,5.201507280423009,-7.584535249389621
15,Aggregated,1.3586671620586548,-1.5941708267660086,0.5529957230921567,1.852902099848307,2.250550225407987,-3.227159365627883
15,Centralized,1.7061195276345615,-1.581579144482952,0.39394704923972923,1.9150969933145967,2.3086674867070167,-3.6361994475887203
16,0,-2.0547820744707472,2.0264063244046704,1.6659791149942647,-2.3963532903042637,-0.02764851995890336,1.669778111758299
16,1,-2.216975127264696,2.0636771057816747,1.6980078340302796,-2.5492240913391964,-0.10386377289093392,1.8160829596711487
16,2,-2.2523033025185093,2.113145088602859,1.715565704087165,-2.338313445074301,0.04071875893909476,1.911633344293772
16,3,6.47683272291516,-3.9006478948311814,-4.04373651660018,5.2629851879859695,3.3271968920182613,-8.689294525985153
16,4,6.293643811084318,-3.692075474597414,-3.8653588747404135,5.077508577389578,3.194511247852218,-8.537559188194368
16,5,6.293653514615316,-3.776485683233521,-4.045890027578883,5.279074398922541,3.307129653091021,-8.639962616363315
16,Aggregated,2.7207623402725702,-1.2940806432792893,-1.5659136160951068,1.9537271251332258,1.8672425434881095,-4.18273174405282
16,Centralized,2.8834112054929273,-1.2172725743003494,-1.4414755889191093,2.087730939621757,1.8600464262240621,-4.619435967279412
17,0,-0.9520679540583845,2.004107339684011,0.31989943864593273,-0.7702193283606754,-3.5007581918681594,1.8062993530324465
17,1,-1.039907405909813,2.0117772686272466,0.7373200164789542,-0.6997255602079018,-3.747234502017541,1.9480080321603737
17,2,-1.0626980512672326,2.037908674018957,0.524058699807034,-0.8675517373514007,-3.990814839022213,1.8911648638832166
17,3,4.168722157446167,-9.407084306870239,3.0669310618268635,3.898764850072137,5.112501383153697,-4.157242703099272
17,4,4.002302339865549,-8.855481977949049,2.9461455673346277,3.692917599453539,4.754961954879635,-3.9031866090433
17,5,4.265774801823228,-9.13242206824487,3.129010666061202,3.822947913340418,5.039936549689703,-3.932354603509518
17,Aggregated,1.9457158060137734,-4.380811572548482,1.9743267778059936,1.8519805861597889,1.2558880771518197,-1.4921196739504283
17,Centralized,1.9529007347603469,-4.584378549928906,1.9131602818437787,1.840614871615102,1.636108761184843,-1.5939507377759463
18,0,-1.3336820770684625,1.2260202137421494,1.9780347318308389,-1.8528685098824194,-1.805763845317371,1.8295285584384469
18,1,-1.585242272713539,1.1601410550444822,1.8486336862299537,-1.7433011896935466,-1.6646769529373253,1.9189350052867777
18,2,-1.6193321818266893,1.0967115003624077,1.9270961773698818,-1.8091394518036608,-1.6543580374391262,1.9254262324338818
18,3,2.6909697465616853,-1.7396536989420466,-4.264244559859224,3.2417829257674162,3.319410515417318,-3.4835860921824544
18,4,2.4325910528519197,-1.434913789079463,-3.829932757672766,2.7975595057042204,2.9168568633775553,-3.191478403824053
18,5,2.697525534062658,-1.63281238355225,-4.16793435863203,2.9081141402276987,3.164525849136072,-3.4164863620820305
18,Aggregated,0.8513893673302946,-0.42451604956744043,-1.5284852086415182,0.9433405162426548,1.070178966037307,-1.1245450461278403
18,Centralized,0.8624462080599942,-0.5441358965715964,-1.5073992844309774,1.0405459609418597,1.2288295015072894,-1.1866935789596988
19,0,-3.463462414342805,1.8784224733616064,1.8357171594575965,-1.3509394855503507,0.09565126226866896,1.966013485920999
19,1,-3.3869278767289352,1.837465758622165,1.7980585292062505,-1.3772412984834137,0.18528702938056663,2.025680504500912
19,2,-3.3555659406305103,1.7692977954829932,1.755768998665835,-1.286147838515005,0.42166041682814126,2.156405049662683
19,3,6.618349285212248,-4.546558017526355,-2.633515855801383,3.999504697113055,3.1887403030893817,-9.225220351001074
19,4,6.2126328101041635,-4.158230416796219,-2.1895162705041598,3.700294188742748,2.956917739905921,-9.175197884792318
19,5,6.442394294454429,-4.362887998885115,-2.4902510500642876,3.830347224687009,2.946922894621421,-9.285106396141595
19,Aggregated,2.2376853444129217,-1.72047636136784,-0.6329286775929654,1.6352398791371099,1.8385468865442043,-4.42466405501898
19,Centralized,2.4176684393213885,-1.605000642303858,-0.5915241175270822,1.5976574948007611,1.7254490169767103,-4.78423266548667
20,0,-2.2668434414826106,2.4998049999226093,2.360734098444337,-3.130828149631254,-1.5286800354602081,2.1256025979654343
20,1,-2.270719459474757,2.6574645574161244,2.5718650919314494,-3.082980118808836,-1.6953236337032942,1.969024885454247
20,2,-2.2733574055860575,2.683640392855868,2.4905352148334226,-3.2318528541359006,-1.8346491317636293,2.103233819084383
20,3,4.51398978210173,-3.9802503781614154,-3.2471801016976247,4.583900382928915,4.8766751126409895,-4.712731490995672
20,4,4.174528434647097,-3.7472788073763392,-2.945396685539183,4.356176727703253,4.60386741962757,-4.446646769677599
20,5,4.554042397323331,-3.9814156132455185,-3.3525506779629723,4.538334519694905,4.856875131833665,-4.629825395436355
20,Aggregated,1.5661537524847011,-1.1265206103248866,-0.7715933313760931,1.2375598459834714,2.024530233350556,-1.7581270374149853
20,Centralized,1.8618253262844169,-1.3840174399275764,-1.0355952058518534,1.6543132680425257,2.2554564859476747,-2.103096091233481
21,0,-1.840043405956817,1.2540751813489173,0.6091368698265371,-1.3562092835353194,0.4309670008211255,1.4368830530717212
21,1,-1.9658816759715474,1.0711259282257388,0.5602434638674971,-1.3088796138673178,0.6180925176211437,1.309492059816864
21,2,-1.9059925086104115,1.0828093671414973,0.5714600367674376,-1.2702608125072423,0.7013490370185037,1.2658048002781126
21,3,3.160413708822625,-3.5157103164737658,-0.6307713471263534,2.6758300969411097,0.6551275979683729,-2.8655555049269177
21,4,2.9065859352124948,-3.335390962143951,-0.35625658149658135,2.4787957740162643,0.5887416021455925,-2.7196177577826464
21,5,3.221298057771808,-3.4806933158821627,-0.5102006116816371,2.67565727461068,0.5425731267573229,-2.841782900911949
21,Aggregated,0.965580590133833,-1.4928112587058622,-0.038601036870509496,0.9390893584086145,0.5901482502196354,-1.0425091998777394
21,Centralized,1.0235507165864057,-1.4615256593660664,-0.0889303838098288,0.9723116952296025,0.5406205189056665,-1.1055865467059431
22,0,-1.0484706994319755,1.5751744715809965,2.2225028536011484,-2.6115205051746777,-2.640523414866305,1.959005881507602
22,1,-1.0389725983097968,1.6756005570855053,2.2282872174605948,-2.613775288907092,-2.637004911480503,1.956938385523371
22,2,-1.1329780103191978,1.6592588294769086,2.364518960556603,-2.690046528565383,-2.740119911451359,2.04089966261687
22,3,4.425950108235567,-2.5258187043748817,-4.932495925460851,4.1431904230915775,3.7587376667482033,-4.04916223566149
22,4,4.036437586742828,-2.1757843926307414,-4.755547368497513,3.8189248352618796,3.5158842201825773,-3.777228403402805
22,5,4.275310149536771,-2.357514567198486,-5.014836093566335,4.079410132623545,3.757157680367835,-3.923990311450849
22,Aggregated,1.979116319838062,-0.652451861801905,-1.8455459297330195,1.1795179668961158,0.972085021389463,-1.4019391138692232
22,Centralized,2.082977098699058,-0.7103800678321134,-2.171206525658354,1.3975006503097362,1.1956468817802743,-1.5207211087927224
23,0,-0.5974530623349548,2.114122091388311,2.076654586258124,-3.1636368689208627,-1.1158471794828455,1.5797550657142965
23,1,-0.6855783722449519,1.9672641894719698,2.277768061219722,-2.911025710475454,-1.0005110301606464,1.3556028757586962
23,2,-0.7058242327960037,2.0136288031773044,2.252552769302116,-3.2426155968069375,-1.1313943887267968,1.6258316133844983
23,3,4.175689112740798,-3.4777285419307935,-3.7053750967461365,6.620754454557286,4.727270237305829,-10.612247795175028
23,4,3.9910233344907757,-3.3055382798347095,-3.3397847319173035,6.448047132647287,4.524828844413591,-10.442037605439191
23,5,4.023442305741627,-3.4179870324772903,-3.591448002227289,6.576590765779066,4.709687149566661,-10.672704557867064
23,Aggregated,2.0494788185006785,-1.086307771696869,-1.0959758573602838,2.4363817082470063,2.21020962392039,-5.423495800071335
23,Centralized,2.1370266162611884,-1.1058490574818856,-1.020633278983849,2.796634814730484,2.347720509734656,-6.06909769523713
24,0,-0.16140852767701755,1.8358405684090153,2.0910907141512514,-2.9237698269064265,-3.1763619596523514,2.3685539056355003
24,1,-0.13319201864790692,1.6727743322482036,2.0626002414092834,-3.048851477289286,-3.0930676333340115,2.3039395466293495
24,2,-0.05383217068913396,1.6898365544719278,2.0031889565868295,-3.0755535347674323,-3.223738043394574,2.340546399894435
24,3,4.270924645001577,-3.467338622441613,-9.887521876873572,6.27197822063995,8.103199461589806,-5.225262222437625
24,4,3.9952353950611084,-3.1900364360922095,-9.625577709072028,5.991836862789464,7.794355494013761,-4.965599947710853
24,5,4.113566144020416,-3.3486756637028106,-9.907489467202234,6.219179411004967,7.968284033657707,-5.123089563168714
24,Aggregated,2.3184496629464593,-1.175921269275011,-4.7547353892574495,2.2511544584304564,3.21812835229995,-1.9339123517225318
24,Centralized,2.2356405814662486,-1.0912172727749365,-5.078961477687249,2.4899807431294203,3.406955391653201,-2.116091953071856
25,0,-3.3564806111750505,2.2166900680880657,2.0311785783494023,-1.1015551165703639,-1.6083613226964733,1.5812751910625242
25,1,-3.2728015574187097,2.1330575763807946,2.0768752030313826,-0.9727477555043114,-1.642764179921065,1.3884177933879676
25,2,-3.3186056815132385,2.2970125646837753,2.078181081545464,-0.9724314664924398,-1.7122635895850737,1.274776384198441
25,3,5.336719261995939,-4.889989382684651,-5.483102428697922,4.187121498640537,4.860126746792282,-2.2873973595520294
25,4,4.955943595723501,-4.613826505147566,-5.3741312747537044,3.9770773244791284,4.689526056335007,-2.1685046204278433
25,5,5.209893680004867,-4.840848544179436,-5.565774543968015,4.155206295097407,4.95839999826353,-2.206519978909742
25,Aggregated,1.5530185449792846,-1.8006618602354734,-2.2639501349628333,1.9242987218973961,2.071136485700588,-0.6718514551817855
25,Centralized,1.7646442634655484,-1.8914440750178556,-2.3970653363071777,1.9201339815872895,2.1460672724321244,-0.6974910342361199
26,0,-1.2206815181218118,1.9970606367798256,1.6226637045566674,-0.981238054839742,-1.62246309640852,1.3268250080775212
26,1,-0.9403432843850401,1.8569301084630334,1.473335373428912,-0.6742557759795348,-1.578465020186072,1.247667076839853
26,2,-0.9859554292423294,2.024766847156831,1.5168092452247708,-0.7701739333325602,-1.592940953765555,1.3131853895643046
26,3,5.0400472332990125,-7.3164504978972875,-1.510996897410312,4.894929674736836,6.393930747791542,-11.430313574015953
26,4,5.017695167381638,-7.124001519428149,-1.2400646674096727,4.7510001974829,6.313704670038533,-11.337660683577976
26,5,5.0799560830685175,-7.303192787556025,-1.3717426515177402,4.871759541296062,6.35936286127244,-11.310063377383623
26,Aggregated,2.4500628018234742,-3.3257764566138937,-0.13334057117734943,2.4335761944947647,2.9675822870272617,-5.968523085681189
26,Centralized,2.593291945649959,-3.463414109917717,0.01978887894526182,2.497353202804323,3.156104930276116,-6.376078260990416
27,0,-0.5327059723012878,1.7815956503937587,-0.16482178686353624,-2.3160982873683613,-0.7759627553271193,0.9759113460710385
27,1,-0.4810383857704843,1.620032919847494,-0.16943712613708373,-2.354177300385621,-0.731215541500994,0.8813868144740395
27,2,-0.5183637856544403,1.8653525561870767,-0.2507981992483083,-2.2664550440595947,-0.8352553373060504,0.7996686041535802
27,3,2.445186929945031,-4.909615065152105,2.5160274700734915,3.7179106085098454,2.6895805613518893,-1.4569825112613548
27,4,2.240436346117352,-4.771896334389441,2.471931153476613,3.4626824699368544,2.5297897232751803,-1.3160132569223981
27,5,2.325070200436037,-4.950078226582999,2.5339038915578556,3.6845784766285856,2.7078856463327745,-1.383911023255044
27,Aggregated,1.123415573380407,-2.0520841547574817,1.3562373867152835,1.0933284157774383,1.1841030215750785,-0.41773566369676113
27,Centralized,1.0957843210403015,-2.133449934437234,1.3393600946464201,1.2623640276182946,1.2332080214852903,-0.42788509888821424
28,0,-2.641174796343645,2.019867077360232,2.2135425468747414,-1.0935155099984575,-3.1058405448727195,1.972677575920285
28,1,-2.663359210903996,1.972173852206981,2.3817595382618677,-1.0236998071587953,-3.200383268545594,1.959433350216693
28,2,-2.7620740623519104,2.027042001050014,2.4005681892062927,-1.0937175646186785,-3.443345902349424,2.0445008218249274
28,3,3.692767929193518,-2.75628260925785,-1.3671720543037447,2.881685570269211,2.766141118246138,-4.204356690631625
28,4,3.44800711474047,-2.5490504727589522,-1.230051585541337,2.7512930542832787,2.673840318312905,-4.124168150052006
28,5,3.764219952934163,-2.743955647481203,-1.396575301534831,2.8476278953698904,2.7792051281189845,-4.2291701039108744
28,Aggregated,0.9409345759625579,-0.6852129494366178,0.2295313882306179,1.1666487053546968,0.18843109014324252,-1.5542510144397768
28,Centralized,1.1767930440231669,-0.8592845855052728,0.03981045070633146,1.2792445666683652,0.4933971394797282,-1.795713805352793
29,0,-2.050411917963657,2.145375015970599,2.3467090404393525,-1.001982844331337,-2.510085866011607,2.2562971951046644
29,1,-2.144960452653327,1.8820862855206124,2.3578965273069805,-0.7695510726249296,-2.345558791425863,2.2082846350386456
29,2,-2.187328272555102,2.0102157069971773,2.5367376345517036,-0.7542643853876165,-2.4191484717688954,2.2005912123814575
29,3,5.164415394032631,-4.430765022244096,-3.6525334537366576,3.3033795914361193,5.15855294037986,-8.736048232636419
29,4,4.997258982222345,-4.140637464320169,-3.3710071041600687,3.2086829698762163,4.963058744597997,-8.540419798880368
29,5,5.163491120975917,-4.36028552522601,-3.6755935483957702,3.2545943403785764,5.065736927390962,-8.640814352604167
29,Aggregated,2.025747714996157,-1.616849390967561,-1.0186857830582345,1.5101256588205545,1.8728248608163107,-4.012299426176003
29,Centralized,2.23706693747226,-1.665392155675051,-1.1963679547679935,1.5556475336197113,2.066605611117597,-4.377173045946197
30,0,-4.380284574098071,1.8438581029890055,2.196997680109693,-0.3996792353380267,-1.3188405112124444,1.9806976453916576
30,1,-4.456797705204265,1.6540839391991964,2.2848113546480104,-0.30294385246276084,-1.16168433989976,2.031111638404637
30,2,-4.524690497800983,1.661290268829618,2.240842291183302,-0.2203700398645448,-1.11396604803997,2.0541274308488413
30,3,6.513595998066411,-4.143542519954826,-3.461187102595503,3.278220108621284,3.4689616529798046,-5.847664858757839
30,4,6.35264183636779,-3.964763381597451,-3.2647641782927552,3.1113079927508567,3.53989760751176,-5.952638839406198
30,5,6.44015800740804,-4.128023758826334,-3.440500966864761,3.2018582046785533,3.588245943879554,-5.859951943986007
30,Aggregated,1.7965782951590799,-1.6086186963470734,-0.9901814658004102,1.7037455927557983,1.5177676540001122,-2.518184674446248
30,Centralized,2.0846463541561673,-1.5272897870397166,-1.0892192177104514,1.7043023014946326,1.6144911281529977,-2.87344442677824
31,0,-1.6539295737309136,1.153016829110102,2.5298720148893703,-3.4684985498448553,-4.1087698915795405,2.7629584938218765
31,1,-1.6406428324554188,1.010391101687552,2.566531842099936,-3.608432207281256,-4.1916776764749635,2.733143726103326
31,2,-1.725957399659809,1.0054497777580407,2.5520714145131183,-3.696766815452623,-4.22458967186039,2.8194923696772696
31,3,3.7474640482947215,-1.2502993632979724,-1.9755187706542612,3.7773334565019936,3.6358185252181396,-4.698645354719849
31,4,3.602768106183302,-0.9996298288785441,-1.7583776266237356,3.523250309037883,3.452022951638056,-4.561453231503459
31,5,3.780031809384935,-1.0954197459835606,-1.90648012877409,3.689185547639812,3.513028294239263,-4.589699221535645
31,Aggregated,1.4167329043895893,-0.18955540350785974,0.007345547939985527,0.5724232204544568,0.24944108723311154,-1.469100247987669
31,Centralized,1.5439802407859238,-0.2784065712719829,-0.16034701579037547,0.9235228020171291,0.6487391463444591,-1.8276611517629062
32,0,-1.7868777156918854,1.9526742789073732,1.2170181424444415,-1.409751859040313,-0.7414456977280341,2.1883381738330203
32,1,-1.6224810244256913,1.8047826246418073,1.221469596665947,-1.2159623128218817,-0.6782181030281413,2.147343360713561
32,2,-1.7408531589964513,1.8447229938669314,1.2366820263439378,-1.2674168000372552,-0.6278170645490537,2.1573700688308963
32,3,3.096440226992649,-4.540673524625529,-0.11136304343877536,3.2254138104669297,2.133081685118679,-4.759905943088192
32,4,2.8578242610997284,-4.448745011804977,0.013945019650922715,3.004381058837596,2.003368040078656,-4.605185603613896
32,5,3.0275744471521,-4.516003776042353,-0.03427306015934227,3.098932594512695,2.0812236595766627,-4.663526556582768
32,Aggregated,0.987072941538202,-1.7887456231425303,0.4969943578703061,1.231845638107228,0.8986572836584862,-1.7619853718363603
32,Centralized,1.0381770583162455,-1.8609667968399217,0.35075530032478847,1.3278003060244978,0.8794426358535963,-1.795879414792482
33,0,-0.9103926211285611,2.1322133151458535,1.508775235478401,-1.9098340037015735,-1.0422452969381633,1.664294192506344
33,1,-1.0038644293529435,2.0367973094326954,1.489042670769979,-1.7452719456479318,-0.9429243137836101,1.6002993681618976
33,2,-0.9878565105678968,2.195718392752273,1.5961361737006234,-1.8427499418679876,-1.0492144161335029,1.6658559494651342
33,3,3.2804484336429165,-4.239871029880074,-1.207349752672363,3.4348518184265306,2.1339234210607225,-3.3029591027456946
33,4,3.055974998143071,-4.0157760792553985,-1.0581149040173343,3.210129147761873,2.051956149442469,-3.161752067577638
33,5,3.2982266644351403,-4.245328891867946,-1.1568959440673012,3.3520981418854996,2.1359417059789156,-3.3237940300459803
33,Aggregated,1.4309048925203718,-1.488117025145843,-0.002331678244547734,1.1319618726546263,0.7788712174647189,-1.1727997587458852
33,Centralized,1.4767810610814542,-1.5800916617288112,-0.10430099767613067,1.2443190964046074,0.7724826364963217,-1.2803109908469699
34,0,-1.3006687490528375,2.0336391463241106,2.1028532197500827,-2.9126731304961897,-1.2405293827072772,1.6114475845903249
34,1,-1.2563218339318118,1.96987171406443,2.016194787741877,-2.854268224569525,-1.2722869821207843,1.6376773412083947
34,2,-1.195333587730758,2.109590844374243,2.0979831274284098,-2.926520023622532,-1.3519109211613767,1.6293379924795741
34,3,4.556434705062303,-7.521673370551719,-5.742224344074037,6.024812317381067,4.179450278085775,-3.6531393902979445
34,4,4.351259730083647,-7.458985279185452,-5.366604110731412,5.803262148266367,4.15773454840326,-3.644445471333476
34,5,4.365664399147972,-7.447455551033228,-5.585014881525206,5.906387784866175,4.152679600086942,-3.6418666158249033
34,Aggregated,2.006290576902827,-3.423573068233049,-2.310718533138019,2.158575345600816,1.841142243281033,-1.4004830047894614
34,Centralized,2.087893872413008,-3.760843405514282,-2.383594177339281,2.4846966807528283,1.9627765080717567,-1.4729613609231138
35,0,-0.6583213056358813,0.23678869153522789,0.39136434175776175,-0.235171639849031,-2.160246663671157,2.007850997842567
35,1,-0.6975721760698833,0.12458891877060496,0.541946321159646,-0.10596607408175446,-2.1602354096508214,1.9354391881290471
35,2,-0.7738498612265712,-0.018627539266349854,0.5349689928999521,-0.16997788732574134,-2.24141037999525,2.0291206047577006
35,3,1.742899747173329,0.8078547825613721,0.7269293008126795,1.0894467007453932,2.9826821765214624,-4.80112623711604
35,4,1.6949852085537878,0.9641389912209495,0.7559778554377483,0.9804923648456215,2.8022520070488195,-4.71581372451908
35,5,1.808620259068525,0.8929854092770142,0.7465436057496757,1.0093328713570948,2.954329149331374,-4.80116881879737
35,Aggregated,0.7015440006388278,0.5591338316967357,0.6353246542373177,0.5164967348096284,0.740190479652987,-1.8917228913997048
35,Centralized,0.7615962348531239,0.5328932736683741,0.5967022008254732,0.5436859467540689,0.9875258775583826,-2.0580939273801304
36,0,-0.7016093290608119,1.8825677589284466,0.9345901849891636,-0.18623719375481682,-2.332693897674587,1.5780149324178419
36,1,-0.7455003059423068,1.8418733451952107,0.9050262496673063,-0.044039398692469416,-2.3920402818548188,1.3679224423887928
36,2,-0.6822078069998868,1.905560288173587,0.9288106788795981,0.0108480768449226,-2.370052768778169,1.407292815683657
36,3,4.821017360317248,-9.074220395654839,1.6662239866742687,5.120767582832965,5.9360796994906275,-10.914431962551923
36,4,4.765137151168334,-8.931898563505259,1.897731869882533,4.932849378011793,5.788281930030636,-10.727257856759918
36,5,4.806284884720216,-9.070976252040944,1.7713090319717604,4.942318354033941,5.859179104499115,-10.788354142056072
36,Aggregated,2.451345236929104,-4.381530556607957,1.4145649515794863,2.8376840337188343,2.356671093313194,-5.586960109124531
36,Centralized,2.5362871267696194,-4.633166969937776,1.4145548725511548,2.8884485265167137,2.6225480222997484,-5.861832668067615
37,0,-0.7499156052278173,1.549608630248019,1.4692734207888327,-2.082649329724113,-2.380768506189263,1.5974070588836347
37,1,-0.7775903189280242,1.6418293069551035,1.533139311613959,-1.890281463586982,-2.4708967435000164,1.5652677110970745
37,2,-0.932341783188263,1.7265665323783341,1.6138894909140697,-1.9778364261779058,-2.571967960759523,1.5805369450608213
37,3,3.5342751940309447,-2.5984977742445565,-2.433018691147508,3.6563737222241453,3.9370576675553077,-4.426955322705434
37,4,3.380407961554445,-2.5351099539184574,-2.1894786235769037,3.44706738090528,3.742413761845376,-4.30123707472965
37,5,3.5799492057160855,-2.515025324966339,-2.3367583830118988,3.5827119323676073,3.850719323151044,-4.342292958549505
37,Aggregated,1.6587324774297947,-0.7650141483563798,-0.6755431579438096,1.1995686321517167,1.1516967275022414,-1.8271816681669744
37,Centralized,1.6144838757443072,-0.8284541744545912,-0.6946730455473632,1.2472258765665696,1.2607950169724935,-1.9149485610196975
38,0,-2.6302305366784564,2.3616271905514155,2.5214129958563696,-1.6945926045824207,-2.2918498224752235,0.8859308937150305
38,1,-2.559184888683742,2.0750093625643293,2.626405525205,-1.7038867036097003,-2.3103477274369237,0.8189741058672863
38,2,-2.5991156951883743,2.188299440463394,2.5742274557911093,-1.7085077229876482,-2.222223455429846,0.806096619250775
38,3,3.3449064783793188,-5.323332551849026,-3.6268606500205056,3.2563645420396807,3.373708661794244,-0.8471532538007758
38,4,3.1854079183062227,-5.2332871202427995,-3.594031678294269,3.1465333433693017,3.2705197931586856,-0.5707321986018884
38,5,3.3262497951648924,-5.357320437760259,-3.7503192139947132,3.2314512004695737,3.3576866523933884,-0.6679438228646624
38,Aggregated,0.779895122033438,-2.1047034031375342,-1.0027997284906824,1.1180964100580169,0.9444769974195065,-0.041781297147562395
38,Centralized,1.0030072207435548,-2.280549061689069,-1.312091079278538,1.2621744298676565,1.1258324165115112,-0.06279693428011017
39,0,-0.7467671804346186,2.1279522701783082,1.761625428488493,-1.2132665511978464,-1.5272484117117875,0.9556981421579219
39,1,-0.6373358185405762,1.8782822471206724,1.9938810803048495,-1.0601735584228729,-1.5043287502604257,0.8508063507456168
39,2,-0.6923535342088953,1.9623855231135559,2.0637536240133567,-1.0871293926258838,-1.5581683513678481,0.6541007094595054
39,3,3.052248771603855,-6.476539589826051,-3.633187199027607,3.6990878497011432,4.156175939534723,-2.4647270480309658
39,4,2.901198046013053,-6.3987408076184025,-3.5231743277159695,3.5348219830629843,4.024203187230257,-2.3658552132864212
39,5,3.014220536180249,-6.599567537799428,-3.6692571822647455,3.6316359774020603,4.127680085352076,-2.453267584495207
39,Aggregated,1.4208955037193236,-2.8793314085932926,-1.244848940084743,1.6016615351820724,1.7031836239208746,-1.0439882768483066
39,Centralized,1.5262090110932576,-3.196111399249955,-1.4147844013188846,1.7907458134364804,1.885304471140908,-1.0317369777189966
40,0,-1.058319636635458,1.4811891617240087,0.22865815060940078,-1.9254150696747938,0.06257641533875255,1.2721949716361438
40,1,-0.9057084459370215,1.4600096281575554,0.2056653871486307,-1.9217816371567848,0.2660341980248068,1.226721124943478
40,2,-0.9292978923118022,1.445646995246493,0.17845421149938076,-2.023085886317747,0.32479873043273044,1.3741449752888253
40,3,3.6413643423097257,-3.301630614281111,2.1506155643352143,3.4613803889713406,1.4660677316373016,-6.398888379652173
40,4,3.5706581561950808,-3.211057576143165,2.1580680067561,3.3253053423466055,1.481026722786616,-6.3021097291189765
40,5,3.5472869763308004,-3.3227368671306117,2.259336634068435,3.382042226195399,1.5366732033282076,-6.342874794628157
40,Aggregated,1.6478461010470415,-1.2589325304965087,1.3439481327341896,1.1119746188178883,0.9509861060376342,-3.094003435580133
40,Centralized,1.7897064478899716,-1.3578701499214696,1.401606132797773,1.3194741448985199,0.9749996925589199,-3.3671324492784125
41,0,0.3316159357451063,1.1834735109829906,1.2563322467471028,-0.6513077396873855,-2.060532445226735,1.2411147039633186
41,1,0.34456474370398815,0.9944598144880578,1.1335282300796323,-0.6523565774243143,-1.9539657936582335,1.0353409859505107
41,2,0.421142752201837,1.0325670424172464,1.115172640009635,-0.616367005417964,-2.031315868747627,0.9519551756696761
41,3,1.1752881648014555,-3.8208401880942544,-2.7402578616664197,3.2596302915689486,5.578397232000129,-5.666147202228056
41,4,1.262463629005958,-3.6749229641025485,-2.3639427539674664,3.0862936989245435,5.334222925865167,-5.524153416106516
41,5,1.2971830867296545,-3.773788279080896,-2.6103026411009163,3.141159533458983,5.461036752640779,-5.498260362979649
41,Aggregated,0.8707463937220232,-1.7003926831336738,-0.9775609503382546,1.5421127478858772,2.2741246658321286,-2.734472563854442
41,Centralized,0.8374689299794073,-1.7449954874133915,-0.9612051442066567,1.4773659897179483,2.3144139386353384,-2.713744574857174
42,0,-2.244303224190685,1.9136370517210113,1.695141842341022,-2.7330769896544647,-2.319631761823175,1.1032076503025674
42,1,-2.21695740929775,1.9182040216202665,1.6438167972176378,-2.737525811677047,-2.2797739601144773,1.0923392242728578
42,2,-2.270504540671441,2.0023149693436904,1.6923595589892968,-2.7567741099845886,-2.250540097698697,1.0558088910862053
42,3,3.647829287050991,-3.557327278641635,-1.9410989094044129,4.056578464745064,4.366561129153215,-2.307863289856314
42,4,3.5391546337568753,-3.4900098828450976,-1.8445197511758162,3.902365772026174,4.239053697790722,-2.2462269294454322
42,5,3.612577486435052,-3.594665651385901,-1.925536165851245,3.967598927555659,4.365043112998681,-2.214221903746417
42,Aggregated,1.110446968848924,-1.2079425754913342,-0.37830755037326547,1.11348637915194,1.509009664642376,-0.8331493217194759
42,Centralized,1.233206172836906,-1.335930025328281,-0.5754775132709136,1.3312000485350766,1.6957464528482302,-0.8706824140975742
43,0,-0.2059118246479103,1.9430898209609362,1.8669207788268696,-0.7692624678063394,-1.83031664504729,0.7068762098621825
43,1,-0.07895241469035348,1.9621281973716607,1.72404636303091,-0.4967455329427788,-1.8895325263497031,0.5712662825695348
43,2,-0.11649043257563851,1.9526103337953822,1.7802483700440594,-0.5489026817406695,-1.8998232384668063,0.48111411098469303
43,3,2.7539164750981184,-4.108474738871896,-4.609926006389008,2.675460626379615,3.526573240219119,-2.969045807358782
43,4,2.624054147620129,-3.9439673333778575,-4.346826304116379,2.512265177751711,3.377218370581135,-2.908955082960725
43,5,2.7144039644378277,-4.040130121463367,-4.563674007192869,2.5001108115027746,3.4435834428190137,-2.935464396001771
43,Aggregated,1.4912938270159688,-1.481652565082666,-1.8240127891017184,1.2130903212784894,1.1815290517033834,-1.4364805709138513
43,Centralized,1.4569962284517133,-1.6162061236375096,-1.9057909544370555,1.2309219471216188,1.210660049657341,-1.4042683864920569
44,0,-1.713723915194507,1.4109796616711499,1.5167437596758298,-0.027135431619568273,-2.127585634382984,1.4259084536049598
44,1,-1.774142844714159,1.3534101503958806,1.25217759283093,0.23387284442762796,-2.2835525965530525,1.329251524271944
44,2,-1.6680532404144701,1.4072252537441146,1.3718959818420882,0.11528598893824958,-2.210012308322353,1.3815643509237925
44,3,4.477579601851947,-6.771839659109368,-2.4121212035857793,3.6074193728700306,4.695604459646292,-2.1866945114875564
44,4,4.271797343343349,-6.7749359444447474,-2.161682753075278,3.4073480100670572,4.4851002962022415,-2.007976914407068
44,5,4.371969272008695,-6.73797946182332,-2.227072485316483,3.4975850272007665,4.6195529855134145,-2.0699368527002715
44,Aggregated,1.7778614426636776,-3.289199283754058,-0.7129945512221753,2.0570444379212174,1.6997002938826031,-0.6109610674481261
44,Centralized,1.9185982986185877,-3.5175929009442353,-0.7222045738059751,2.019453494767872,1.8629464352908358,-0.5993716883606625
45,0,-2.712367120795664,1.9627105912741367,0.5160149368102568,-1.0285088175431525,-1.3664734888665406,1.6720680984471303
45,1,-2.7555124689541155,1.9213735480200196,0.33683258254687576,-0.9200588930658267,-1.144353547227878,1.6984574854314205
45,2,-2.8437542502227346,1.9620590549201649,0.3734613429791638,-0.9786110262158164,-1.1807487392062184,1.6851714099744426
45,3,4.324424996871657,-4.716119557938352,0.4636689345940228,3.386336633851993,3.675055695779105,-6.710030628290257
45,4,4.217469671483561,-4.704887504836993,0.5810359825911483,3.3082696335821975,3.6366606847775427,-6.58375696356915
45,5,4.254966412389889,-4.780077393158915,0.46936768892651093,3.312923906469319,3.6667752448628725,-6.5813550727904255
45,Aggregated,1.268236132944154,-1.8874119127092266,0.4638783633496754,1.49919967822438,1.576716853288402,-3.0847089555102674
45,Centralized,1.5137712484778503,-2.153167156178888,0.40254944870555187,1.6093809214494972,1.6857183237335138,-3.2357534884531423
46,0,-0.574824461100367,1.9525589603709925,1.471924345076891,-1.9867576880736932,-2.2830713153461972,1.6527512002286313
46,1,-0.3196189859250304,1.9304749635776366,1.2963924501448116,-2.0298400339902014,-2.1571980891075424,1.6463584051440647
46,2,-0.3984437298611829,2.005126065226676,1.4548970214217276,-2.07477182405742,-2.1897509568363525,1.669358046479591
46,3,2.80188013218025,-4.78130743619036,0.3019886906467997,3.47632067625617,3.326058239798849,-4.693569626744407
46,4,2.650146042385706,-4.727846947701609,0.38908968252194065,3.3299864207062835,3.1759050341930832,-4.5135356192636085
46,5,2.7975431259537817,-4.795218901473626,0.41047372387264003,3.43108545762907,3.2650863521170335,-4.604568826907472
46,Aggregated,1.3949645686555334,-1.9010727268411693,0.8103813425331238,1.0936261920888166,0.9272701346915309,-1.9368787892966617
46,Centralized,1.4398381902708899,-2.1779956269487633,0.7152526467631602,1.2727268122389546,1.112033428937933,-1.9364126178735228
47,0,-1.118954458170609,0.7038112541508583,1.6633688070368375,-1.6434872267036604,-2.2378529870045534,1.146403906280477
47,1,-1.066329493893642,0.6248161209141369,1.3992887951681985,-1.2583845904274533,-2.269179098149423,1.0542540604799873
47,2,-1.0496729621889977,0.6475453458827647,1.465111186402539,-1.2805288842983582,-2.2884030781064357,0.9767184726454035
47,3,2.0596898768772323,-1.2710377508849757,-2.158962958474031,2.5183638714324004,2.531368671129911,-2.8038714653832546
47,4,1.9684539592485777,-1.1321376609085303,-1.9214293032514305,2.3620109520433843,2.472473123034827,-2.688530863909519
47,5,2.0522611665812227,-1.2040546515102537,-2.057673213046151,2.4140831491564185,2.4270722958477418,-2.781102653405929
47,Aggregated,0.703963103637632,-0.40934938271370297,-0.5312970269588754,0.8018508623881745,0.45674520736155133,-1.1316697188653821
47,Centralized,0.7179465711607994,-0.5233703457467509,-0.6486618336622476,0.9198299989639338,0.5822749050114187,-1.2426301884029283
48,0,-0.7485719852508208,1.9396739512538952,1.526907553667823,-1.38637842199871,-1.6315888370729574,1.647616579254286
48,1,-0.6583734591381688,1.9445486737164481,1.312045193796678,-1.3224544287726197,-1.444206143953262,1.536095465239595
48,2,-0.747425589883364,1.953092896371291,1.3517358112819733,-1.412187768085745,-1.468152716029364,1.5969673013086025
48,3,2.1307851933523434,-2.3190872006850904,-3.3647407628164565,3.140973992962764,2.5914735711790784,-2.7325825249887257
48,4,2.0242636064272954,-2.303074956605907,-3.033856444944134,2.9467246492802848,2.4292659458344388,-2.6732689650236825
48,5,2.151146698714925,-2.3052244844483374,-3.172819378017401,3.0357631959357914,2.478427528006513,-2.6725359120664884
48,Aggregated,0.9007693925224037,-0.4966656371489108,-1.2357071495270906,1.1602184095390928,0.7894666051636774,-0.8669580530508387
48,Centralized,0.9397828343877567,-0.6394241648869948,-1.2188771468911435,1.2841305700311345,0.8773844651325482,-0.9037987638768249
49,0,-2.1412192872618476,0.5412764074112592,1.6140614648092133,-1.31950006577011,0.2657965184768919,0.42613986659728603
49,1,-2.1797724994656984,0.3876385806601137,1.378138857094856,-1.1536969998399567,0.4195909612466707,0.4993476525842764
49,2,-2.210782766757582,0.48440787015806486,1.5566271887931984,-1.2842702923265956,0.47423498017032906,0.4971461381486261
49,3,1.6135284302407356,-1.1886089222607654,-1.6652643565065166,1.7895243283669973,1.3744000862745378,-0.7197158374226185
49,4,1.5494579141841693,-1.0783679800719403,-1.5622712824364442,1.6664726351026171,1.1385336340194496,-0.6028581542939461
49,5,1.6042041804860017,-1.2337039595207508,-1.7066650821630105,1.7149873651154817,1.368720150017172,-0.6518540636126333
49,Aggregated,-0.015392162560505653,-0.4692591792753937,-0.29855630965465946,0.4558976821676666,0.9069400962470928,-0.1753777546072996
49,Centralized,0.15495820639070637,-0.5442506179945469,-0.45155995296769746,0.6430205866944161,0.9347903079287897,-0.25214605902628595
50,0,-0.6734510079583452,1.4862384851180843,1.269151609536404,-0.896755984509192,-1.8793103303797016,1.7210057090252753
50,1,-0.668381900629525,1.4641062475939144,1.1150878311520516,-0.6575860955693792,-1.8051037299799093,1.4896013728090696
50,2,-0.6920944260790615,1.4864930065761823,1.1535320974321701,-0.8822208794904727,-1.9405756840761266,1.423910037918064
50,3,2.161698642708674,-1.5251342050986472,-1.7773359016597985,2.528815757313835,2.4635697572767556,-4.792399683483674
50,4,2.078351885931806,-1.4811524610445925,-1.5178541537504155,2.3650687947962594,2.3460011189241134,-4.606173681683335
50,5,2.1695968358821682,-1.4587605325142456,-1.6700479813778493,2.4203613830353263,2.3799895386270267,-4.699775513740308
50,Aggregated,0.9375340177246814,-0.22426576352119032,-0.44724467366225285,1.0536104266468547,0.5768980953594586,-2.039243561058387
50,Centralized,0.9650046498294484,-0.3687980196724612,-0.554447864538899,1.0982414996653005,0.6760515836371288,-2.1113883493502006
