,BeforeLocalTraining,AfterLocalTraining,BeforeLocalPartialEvaluations,AfterLocalPartialEvaluations,BeforeEvaluation,AfterEvaluation
1,1783533719.7306013,1783533720.2145271,1783533729.3167634,1783533734.9313526,1783533734.9418502,1783533734.9995918
2,1783533735.0275242,1783533735.4871109,1783533744.4012794,1783533749.8506,1783533749.861965,1783533749.9298904
3,1783533750.147763,1783533750.8061125,1783533759.6104832,1783533765.6515253,1783533765.6607924,1783533765.7151103
4,1783533765.7389488,1783533766.2073476,1783533775.0742114,1783533780.4812613,1783533780.4927657,1783533780.5614212
5,1783533780.7301605,1783533781.2053611,1783533790.0632622,1783533795.6524966,1783533795.6638591,1783533795.7260523
6,1783533795.7496202,1783533796.2520597,1783533805.338333,1783533811.0804634,1783533811.0951831,1783533811.1749284
7,1783533811.351583,1783533811.8294451,1783533820.7805693,1783533826.424449,1783533826.4337778,1783533826.4889748
8,1783533826.5137153,1783533826.9586878,1783533835.9072125,1783533841.369284,1783533841.3796687,1783533841.44117
9,1783533841.5369105,1783533842.0918674,1783533850.875025,1783533856.7802217,1783533856.7923996,1783533856.856095
10,1783533856.9028592,1783533857.3688927,1783533866.234332,1783533871.7687163,1783533871.7797906,1783533871.8376353
11,1783533871.8627002,1783533872.3223746,1783533881.3177636,1783533886.970337,1783533886.9809735,1783533887.0440972
12,1783533887.080301,1783533887.5796063,1783533896.4265237,1783533902.2956593,1783533902.3060186,1783533902.3645031
13,1783533902.3924267,1783533902.8389883,1783533911.9252164,1783533917.3689313,1783533917.3811617,1783533917.445
14,1783533917.5376418,1783533918.0153222,1783533926.9246876,1783533932.2599485,1783533932.271993,1783533932.342368
15,1783533932.6143577,1783533933.1145103,1783533942.1320832,1783533947.9274929,1783533947.9390864,1783533948.0063438
16,1783533948.0858827,1783533948.5240433,1783533957.466559,1783533963.0441422,1783533963.054905,1783533963.117569
17,1783533963.1562445,1783533963.5955536,1783533972.4292488,1783533977.9229717,1783533977.9351137,1783533978.0048153
18,1783533978.1195219,1783533978.6114829,1783533987.5266206,1783533993.4227555,1783533993.4322567,1783533993.4862964
19,1783533993.5163162,1783533993.972121,1783534002.851945,1783534008.5248399,1783534008.5356843,1783534008.5919523
20,1783534008.6222885,1783534009.1954737,1783534017.9726448,1783534023.4644566,1783534023.4755695,1783534023.5378723
21,1783534023.5831618,1783534024.0470169,1783534033.104219,1783534039.0099673,1783534039.0260797,1783534039.1026533
22,1783534039.1303773,1783534039.68425,1783534049.004826,1783534054.609282,1783534054.6219234,1783534054.6879146
23,1783534054.7183366,1783534055.2003105,1783534063.8733616,1783534069.6476886,1783534069.6591964,1783534069.7279387
24,1783534069.7537,1783534070.256281,1783534079.0054164,1783534085.205482,1783534085.215303,1783534085.2722626
25,1783534085.2993863,1783534085.736639,1783534094.8196378,1783534100.454122,1783534100.4669077,1783534100.5398877
26,1783534100.596754,1783534101.0694573,1783534109.777721,1783534115.6021206,1783534115.6130128,1783534115.6759384
27,1783534115.6993146,1783534116.2519565,1783534124.9758039,1783534130.9571404,1783534130.968798,1783534131.0318637
28,1783534131.0787845,1783534131.5482624,1783534140.4713812,1783534146.0960433,1783534146.1085262,1783534146.1783683
29,1783534146.2959297,1783534146.747327,1783534155.568703,1783534161.3161662,1783534161.3268304,1783534161.3897138
30,1783534161.4382713,1783534161.972352,1783534170.6712825,1783534176.621297,1783534176.6341736,1783534176.6976194
31,1783534176.7801468,1783534177.2746913,1783534186.168972,1783534191.915081,1783534191.9248748,1783534191.9797196
32,1783534192.0037034,1783534192.4712193,1783534201.4385233,1783534207.169662,1783534207.1822524,1783534207.2507417
33,1783534207.6237679,1783534208.1743813,1783534216.8057988,1783534222.6249456,1783534222.6369352,1783534222.7091367
34,1783534222.9017203,1783534223.3747168,1783534232.2115867,1783534237.9111753,1783534237.9229903,1783534237.9877152
35,1783534238.025774,1783534238.5118105,1783534247.3963904,1783534252.9902256,1783534253.0023577,1783534253.071457
36,1783534253.192637,1783534253.802856,1783534262.5079706,1783534268.6306746,1783534268.6401,1783534268.6942706
37,1783534268.722308,1783534269.187724,1783534277.897963,1783534283.658522,1783534283.669395,1783534283.7263837
38,1783534283.750286,1783534284.2067912,1783534293.2194033,1783534298.8877394,1783534298.8991752,1783534298.9704704
39,1783534299.1071382,1783534299.6764472,1783534308.3270683,1783534314.368171,1783534314.3777354,1783534314.431621
40,1783534314.4574764,1783534314.9369745,1783534323.6661937,1783534329.4796507,1783534329.4919631,1783534329.5617425
41,1783534329.620886,1783534330.1036065,1783534339.1100314,1783534344.9088113,1783534344.9220765,1783534344.994982
42,1783534345.0274472,1783534345.5584533,1783534354.277255,1783534360.6676843,1783534360.6794817,1783534360.7511904
43,1783534360.9804018,1783534361.439824,1783534370.3959155,1783534375.889071,1783534375.9001763,1783534375.9610908
44,1783534376.0013123,1783534376.4548223,,,,
