,BeforeEvaluation,AfterEvaluation
0,1786793008.056428,
1,1786793009.7247298,1786793009.7433991
2,1786793009.8017247,1786793009.8220286
3,1786793009.879518,1786793009.8991458
4,1786793009.9646852,1786793009.9847307
5,1786793010.0416486,1786793010.0614755
6,1786793010.1193697,1786793010.138799
7,1786793010.19605,1786793010.2156596
8,1786793010.2655408,1786793010.2851784
9,1786793010.3408382,1786793010.360419
10,1786793010.4200015,1786793010.4393084
11,1786793010.493658,1786793010.5133724
12,1786793010.5698118,1786793010.589377
13,1786793010.6494741,1786793010.6700406
14,1786793010.7238543,1786793010.7434247
15,1786793010.8017488,1786793010.8215678
16,1786793010.8690085,1786793010.8886883
17,1786793010.9441483,1786793010.96353
18,1786793011.0115492,1786793011.0311666
19,1786793011.0816205,1786793011.1016932
20,1786793011.266619,1786793011.2867496
21,1786793011.4103756,1786793011.4299018
22,1786793011.4835804,1786793011.5045726
23,1786793011.5606804,1786793011.5807767
24,1786793011.6348255,1786793011.6547754
