,BeforeLocalTraining,AfterLocalTraining,BeforeLocalPartialEvaluations,AfterLocalPartialEvaluations,BeforeEvaluation,AfterEvaluation
1,1791258679.0646408,1791258679.0957017,1791258680.2970817,1791258680.600405,1791258680.6277423,1791258680.6330433
2,1791258680.6950278,1791258680.7247136,1791258681.96107,1791258682.2607145,1791258682.2879162,1791258682.2931406
3,1791258682.3650591,1791258682.3997226,1791258683.6178854,1791258683.9195845,1791258683.9461155,1791258683.9516528
4,1791258684.015941,1791258684.045586,1791258685.2048063,1791258685.506639,1791258685.5331676,1791258685.5384665
5,1791258685.621852,1791258685.6510863,1791258686.8775873,1791258687.1815486,1791258687.2078218,1791258687.2129595
6,1791258687.290901,1791258687.3195777,1791258688.4808743,1791258688.7952642,1791258688.8218904,1791258688.8269932
7,1791258688.8872879,1791258688.9160972,1791258690.228777,1791258690.5322747,1791258690.5587857,1791258690.5640125
8,1791258690.6205506,1791258690.6494071,1791258691.8878772,1791258692.1891866,1791258692.2160604,1791258692.2213988
9,1791258692.2798471,1791258692.3084831,1791258693.4781635,1791258693.7786362,1791258693.8051178,1791258693.8105214
10,1791258693.8689642,1791258693.901014,1791258695.1294203,1791258695.4286718,1791258695.455242,1791258695.4605305
11,1791258695.5649614,1791258695.59347,1791258696.825505,1791258697.1295717,1791258697.15627,1791258697.161404
12,1791258697.2348561,1791258697.2634485,1791258698.4305236,1791258698.7322958,1791258698.758583,1791258698.763636
13,1791258698.832022,1791258698.8610003,1791258700.0913308,1791258700.392286,1791258700.4188511,1791258700.4242527
14,1791258700.5033095,1791258700.533245,1791258701.7000074,1791258702.0239968,1791258702.053681,1791258702.059006
15,1791258702.111062,1791258702.1433208,1791258703.3790634,1791258703.6809647,1791258703.7078063,1791258703.7129076
16,1791258703.7770793,1791258703.8051152,1791258705.1136699,1791258705.4173255,1791258705.4440908,1791258705.4495323
17,1791258705.5053194,1791258705.5338535,1791258706.6978307,1791258707.002381,1791258707.029018,1791258707.0343924
18,1791258707.0896266,1791258707.1187246,1791258708.360993,1791258708.6645167,1791258708.6912014,1791258708.6964195
19,1791258708.756652,1791258708.7852058,1791258710.0107,1791258710.3139277,1791258710.3405,1791258710.3456676
20,1791258710.4086466,1791258710.4375918,1791258711.5956576,1791258711.8964052,1791258711.9228172,1791258711.9282577
21,1791258711.9915717,1791258712.0207076,1791258713.2510812,1791258713.563456,1791258713.5896373,1791258713.594899
22,1791258713.64646,1791258713.6817286,1791258714.8342767,1791258715.1420448,1791258715.1680415,1791258715.1733758
23,1791258715.2289047,1791258715.2575119,1791258716.4883034,1791258716.796534,1791258716.8229012,1791258716.8284624
24,1791258716.888686,1791258717.0396113,1791258718.2681348,1791258718.5825567,1791258718.613984,1791258718.6195202
25,1791258718.6705353,1791258718.6997604,1791258719.9519167,1791258720.264476,1791258720.2908072,1791258720.296318
26,1791258720.352139,1791258720.3808973,1791258721.613799,1791258721.9162526,1791258721.9432352,1791258721.948677
27,1791258722.011655,1791258722.040572,1791258723.2030778,1791258723.5142088,1791258723.5406616,1791258723.5458317
28,1791258723.6030324,1791258723.6319454,1791258724.8674698,1791258725.172998,1791258725.2003326,1791258725.2055902
29,1791258725.276616,1791258725.3052382,1791258726.5350475,1791258726.8374019,1791258726.863755,1791258726.8690982
30,1791258726.9415848,1791258726.9703767,1791258728.1258547,1791258728.4415605,1791258728.4682777,1791258728.473492
31,1791258728.5341415,1791258728.5626342,1791258729.7984853,1791258730.1032677,1791258730.1300762,1791258730.1354566
32,1791258730.1961358,1791258730.2258291,1791258731.4554393,1791258731.7713525,1791258731.7976077,1791258731.8027327
33,1791258731.8640413,1791258731.8937035,1791258733.0679746,1791258733.368906,1791258733.395286,1791258733.4006062
34,1791258733.4639134,1791258733.5045617,1791258734.804891,1791258735.113702,1791258735.1405108,1791258735.1456819
35,1791258735.2096176,1791258735.238768,1791258736.392807,1791258736.6976883,1791258736.7239466,1791258736.7291963
36,1791258736.8106782,1791258736.8399944,1791258738.0667415,1791258738.3731914,1791258738.399562,1791258738.4050148
37,1791258738.47313,1791258738.5016418,1791258739.739067,1791258740.0505457,1791258740.0775387,1791258740.083043
38,1791258740.1527174,1791258740.1810212,1791258741.3378851,1791258741.640417,1791258741.667485,1791258741.6728008
39,1791258741.7343247,1791258741.7631867,1791258742.9876585,1791258743.2928596,1791258743.3192818,1791258743.3246834
40,1791258743.387508,1791258743.4167745,1791258744.5711267,1791258744.8757505,1791258744.902142,1791258744.9073186
41,1791258744.9672956,1791258744.996554,1791258746.2194874,1791258746.5215113,1791258746.548401,1791258746.5535853
