,BeforeLocalTraining,AfterLocalTraining,BeforeLocalPartialEvaluations,AfterLocalPartialEvaluations,BeforeEvaluation,AfterEvaluation
1,1784811965.4451873,1784811965.471185,1784811965.9684546,1784811966.1005402,1784811966.10706,1784811966.1115105
2,1784811966.142263,1784811966.1661825,1784811966.5924199,1784811966.7169585,1784811966.723329,1784811966.7275822
3,1784811966.7542615,1784811966.77885,1784811967.2027557,1784811967.3270354,1784811967.3333519,1784811967.337649
4,1784811967.3651705,1784811967.3895848,1784811967.9021564,1784811968.0267916,1784811968.0328872,1784811968.0371747
5,1784811968.0647907,1784811968.088952,1784811968.5138729,1784811968.6377037,1784811968.6438909,1784811968.64819
6,1784811968.6785507,1784811968.7035363,1784811969.1268024,1784811969.2520463,1784811969.2582273,1784811969.2625186
7,1784811969.2873988,1784811969.3119078,1784811969.7338018,1784811969.8578634,1784811969.863953,1784811969.868225
8,1784811969.8976483,1784811969.922037,1784811970.348121,1784811970.473366,1784811970.4794438,1784811970.4838376
9,1784811970.513236,1784811970.537573,1784811970.9641926,1784811971.0882368,1784811971.0943668,1784811971.0986662
10,1784811971.1282322,1784811971.152156,1784811971.5765991,1784811971.700133,1784811971.7062485,1784811971.71066
11,1784811971.7398744,1784811971.7644224,1784811972.2698407,1784811972.3943946,1784811972.4004722,1784811972.4047968
12,1784811972.4359944,1784811972.4603782,1784811972.8826983,1784811973.00792,1784811973.0140078,1784811973.0183535
13,1784811973.0450346,1784811973.0698867,1784811973.4957829,1784811973.6219807,1784811973.6285553,1784811973.6329882
14,1784811973.6594164,1784811973.6837876,1784811974.1104488,1784811974.239445,1784811974.245651,1784811974.2499535
15,1784811974.278626,1784811974.3028445,1784811974.7334597,1784811974.8582706,1784811974.8644185,1784811974.8687475
16,1784811974.896066,1784811974.9209995,1784811975.3420439,1784811975.4716015,1784811975.4776392,1784811975.482063
17,1784811975.5075278,1784811975.531617,1784811975.9572356,1784811976.0819242,1784811976.0880885,1784811976.0923896
18,1784811976.1202514,1784811976.1443467,1784811976.6537192,1784811976.778049,1784811976.784178,1784811976.7884676
19,1784811976.816799,1784811976.84109,1784811977.2651725,1784811977.3902645,1784811977.3963506,1784811977.4006512
20,1784811977.4283552,1784811977.4526644,1784811977.8800042,1784811978.0040038,1784811978.0100687,1784811978.014486
21,1784811978.0449996,1784811978.076169,1784811978.4978082,1784811978.6220653,1784811978.6282878,1784811978.6325774
22,1784811978.6605718,1784811978.6856084,1784811979.122221,1784811979.25264,1784811979.2589107,1784811979.2632883
23,1784811979.295955,1784811979.3203087,1784811979.8626597,1784811979.9938395,1784811979.9999492,1784811980.0044434
24,1784811980.0310442,1784811980.060328,1784811980.4868562,1784811980.6197472,1784811980.625857,1784811980.6308541
25,1784811980.657505,1784811980.6831706,1784811981.1885107,1784811981.3134892,1784811981.3196056,1784811981.323974
26,1784811981.3495383,1784811981.3739545,1784811981.802165,1784811981.9269638,1784811981.9330711,1784811981.9373927
27,1784811981.9641814,1784811981.9889238,1784811982.4102461,1784811982.5352297,1784811982.5412583,1784811982.54577
28,1784811982.576259,1784811982.600731,1784811983.0270927,1784811983.1515725,1784811983.1575916,1784811983.1618366
29,1784811983.1931145,1784811983.2170138,1784811983.6417491,1784811983.769688,1784811983.7758787,1784811983.7802813
30,1784811983.8049195,1784811983.8290722,1784811984.2559228,1784811984.380768,1784811984.387005,1784811984.391319
31,1784811984.4212272,1784811984.445597,1784811984.8660133,1784811984.992598,1784811984.9986737,1784811985.002934
32,1784811985.0333946,1784811985.0574296,,,,
