,BeforeLocalTraining,AfterLocalTraining,BeforeLocalPartialEvaluations,AfterLocalPartialEvaluations,BeforeEvaluation,AfterEvaluation
1,1791263585.7770996,1791263586.3684902,1791263612.0162044,1791263616.5626507,1791263616.5706675,1791263616.7987835
2,1791263617.8512611,1791263618.4341207,1791263643.4967377,1791263647.9486864,1791263647.9562285,1791263648.094121
3,1791263649.254161,1791263649.8335114,1791263674.815157,1791263679.2324286,1791263679.2398546,1791263679.3768528
4,1791263680.6185215,1791263681.195304,1791263706.2691984,1791263710.6958015,1791263710.7030683,1791263710.8395483
5,1791263712.1259465,1791263712.8047142,1791263737.7526033,1791263742.1969082,1791263742.2041602,1791263742.340677
6,1791263743.5823662,1791263744.1650038,1791263769.2224896,1791263773.6685286,1791263773.6757772,1791263773.8136933
7,1791263775.1620328,1791263775.8892822,1791263800.9196928,1791263805.6225705,1791263805.6298144,1791263805.770185
8,1791263807.0063393,1791263807.590706,1791263832.7616086,1791263837.4019046,1791263837.409384,1791263837.5475914
9,1791263838.75633,1791263839.4347503,1791263864.5481389,1791263868.9884207,1791263868.9956667,1791263869.1322892
10,1791263870.3873763,1791263870.9734674,1791263895.9750128,1791263900.4313633,1791263900.4388814,1791263900.5762742
11,1791263901.8406959,1791263902.4255972,1791263927.398098,1791263931.8528275,1791263931.8600163,1791263931.9974017
12,1791263933.2034895,1791263933.7912328,1791263958.8115456,1791263963.2448442,1791263963.2521138,1791263963.3892272
13,1791263964.5924816,1791263965.2724712,1791263990.2072995,1791263994.6786401,1791263994.6860375,1791263994.824058
14,1791263996.0047019,1791263996.5887678,1791264021.7627552,1791264026.2178614,1791264026.2250917,1791264026.362384
15,1791264027.528408,1791264028.111108,1791264053.2055311,1791264057.6347857,1791264057.6420457,1791264057.7782998
16,1791264059.0191305,1791264059.6040976,1791264084.651507,1791264089.1145678,1791264089.1218457,1791264089.2584157
17,1791264090.6562734,1791264091.3371284,1791264116.3306649,1791264120.9937592,1791264121.0010707,1791264121.140033
18,1791264122.4123032,1791264122.9971855,1791264148.047372,1791264152.8048136,1791264152.8119898,1791264152.9505026
19,1791264154.100904,1791264154.6899018,1791264179.751746,1791264184.2312996,1791264184.2384722,1791264184.37529
20,1791264185.6325922,1791264186.2159712,1791264211.2729034,1791264215.7567165,1791264215.7639253,1791264215.9027338
21,1791264217.099061,1791264217.777057,1791264242.7911985,1791264247.231689,1791264247.238892,1791264247.3764894
22,1791264248.6180022,1791264249.2017097,1791264274.162343,1791264278.6120906,1791264278.6192994,1791264278.756676
23,1791264279.9749074,1791264280.5591743,1791264305.5078862,1791264309.9745033,1791264309.9819205,1791264310.1201363
24,1791264311.2791293,1791264311.863918,1791264336.9160728,1791264341.3608465,1791264341.3681848,1791264341.5049744
25,1791264342.7172863,1791264343.4020734,1791264368.3890276,1791264372.8377101,1791264372.8450356,1791264372.9819467
26,1791264374.214564,1791264374.7973583,1791264399.9718583,1791264404.4293926,1791264404.4366643,1791264404.5740173
27,1791264405.913034,1791264406.4954486,1791264431.4884708,1791264436.1805,1791264436.1877284,1791264436.325593
28,1791264437.5479999,1791264438.1303225,1791264463.0545828,1791264467.8122168,1791264467.819963,1791264467.9594915
29,1791264469.1959665,1791264469.8797648,1791264494.811959,1791264499.2801087,1791264499.28721,1791264499.424772
30,1791264500.6882973,1791264501.2740884,1791264526.270798,1791264530.7270412,1791264530.7343464,1791264530.870665
31,1791264532.1275747,1791264532.7285855,1791264557.6586623,1791264562.133163,1791264562.1403334,1791264562.2774386
32,1791264563.5330667,1791264564.113277,1791264589.0017557,1791264593.4685454,1791264593.4756598,1791264593.6125205
33,1791264594.8775566,1791264595.5652475,1791264620.4026752,1791264624.881962,1791264624.8891973,1791264625.0279553
34,1791264626.1886795,1791264626.7741263,1791264651.897351,1791264656.366576,1791264656.3737433,1791264656.510063
35,1791264657.7282777,1791264658.3102396,1791264683.350205,1791264687.8312678,1791264687.8385742,1791264687.9769533
36,1791264689.139402,1791264689.7201192,1791264714.9528012,1791264719.4111173,1791264719.418397,1791264719.5561662
37,1791264720.8894258,1791264721.470635,1791264746.4565542,1791264751.137942,1791264751.1452198,1791264751.3578186
38,1791264752.5552666,1791264753.1408598,1791264778.1102707,1791264782.7291815,1791264782.7364285,1791264782.874507
39,1791264784.1422586,1791264784.7282965,1791264809.7160518,1791264814.1556993,1791264814.163052,1791264814.2993076
40,1791264815.5422378,1791264816.1233225,1791264841.201217,1791264845.6890998,1791264845.696327,1791264845.8341942
41,1791264847.0727305,1791264847.661675,1791264872.7811913,1791264877.2273228,1791264877.2346103,1791264877.4663453
42,1791264878.6270485,1791264879.212872,1791264904.2989247,1791264908.7532058,1791264908.760535,1791264908.8986108
43,1791264910.1206138,1791264910.7057984,1791264935.7545085,1791264940.222895,1791264940.2302492,1791264940.3673651
44,1791264941.6211066,1791264942.2052073,1791264967.3279755,1791264971.786288,1791264971.793531,1791264971.9330077
45,1791264973.116917,1791264973.701286,1791264998.8209643,1791265003.2833223,1791265003.2906587,1791265003.4283376
46,1791265004.6028948,1791265005.2830417,1791265030.3428063,1791265034.81186,1791265034.8192902,1791265034.9593883
47,1791265036.2684772,1791265036.852002,1791265061.927497,1791265066.5454142,1791265066.5527503,1791265066.6892748
48,1791265067.9747534,1791265068.5590744,1791265093.6370392,1791265098.3977253,1791265098.4048915,1791265098.542177
49,1791265099.6651242,1791265100.2497187,1791265125.2197213,1791265129.6672468,1791265129.6746318,1791265129.811053
50,1791265131.056705,1791265131.736844,1791265156.8354695,1791265161.3145082,1791265161.3218105,1791265161.4587255
