,BeforeLocalTraining,AfterLocalTraining,BeforeLocalPartialEvaluations,AfterLocalPartialEvaluations,BeforeEvaluation,AfterEvaluation
1,1791213998.9979503,1791214000.4467666,1791214032.5382886,1791214041.7164273,1791214041.7244947,1791214042.0099046
2,1791214042.2502692,1791214043.684153,1791214075.5126426,1791214084.2706518,1791214084.2781782,1791214084.5635438
3,1791214084.7166107,1791214086.1478946,1791214117.3327272,1791214126.0874257,1791214126.0950027,1791214126.3845124
4,1791214126.626708,1791214128.2308218,1791214160.405106,1791214169.2265086,1791214169.2338855,1791214169.519554
5,1791214169.7224412,1791214171.1477156,1791214202.3267643,1791214211.1935258,1791214211.20151,1791214211.4829764
6,1791214211.5435362,1791214212.972109,1791214245.0184014,1791214253.984445,1791214253.9919014,1791214254.2897708
7,1791214254.4717324,1791214255.9061959,1791214288.0733159,1791214297.3315902,1791214297.338999,1791214297.6212385
8,1791214297.7759266,1791214299.1943605,1791214330.2853274,1791214339.4863095,1791214339.4937232,1791214339.777931
9,1791214339.945649,1791214341.3961995,1791214373.433989,1791214382.657076,1791214382.6645162,1791214382.9690962
10,1791214383.2816422,1791214384.796241,1791214416.3767197,1791214425.3675373,1791214425.378523,1791214425.8618648
11,1791214426.145686,1791214427.604191,1791214458.7836533,1791214467.670641,1791214467.6787763,1791214467.9627104
12,1791214468.1629765,1791214469.764241,1791214501.0316699,1791214509.9407468,1791214509.9485452,1791214510.2423255
13,1791214510.4281337,1791214511.887169,1791214543.693348,1791214553.0371716,1791214553.044761,1791214553.3275864
14,1791214553.3964422,1791214554.8672955,1791214585.7746136,1791214594.8717291,1791214594.8790708,1791214595.1512508
15,1791214595.324036,1791214596.741489,1791214627.0851777,1791214636.1331193,1791214636.1405728,1791214636.418278
16,1791214636.5714374,1791214637.9688292,1791214668.4523768,1791214677.0615473,1791214677.0688496,1791214677.3396575
17,1791214677.5427563,1791214678.9360745,1791214709.5033932,1791214718.229665,1791214718.2369814,1791214718.5069199
18,1791214718.791176,1791214720.1617684,1791214750.58302,1791214759.3218555,1791214759.3291347,1791214759.603282
19,1791214759.728707,1791214761.0961368,1791214790.6990387,1791214798.981435,1791214798.9886758,1791214799.2554374
20,1791214799.713561,1791214801.0952296,1791214831.7709036,1791214840.5848842,1791214840.5926833,1791214840.874041
21,1791214840.9521344,1791214842.3443604,1791214872.6490073,1791214881.6262515,1791214881.6338542,1791214881.9152064
22,1791214882.1121347,1791214883.5400221,1791214915.00033,1791214924.0870526,1791214924.094472,1791214924.3747277
23,1791214924.4638717,1791214925.8701425,1791214956.5302932,1791214965.0548255,1791214965.0620198,1791214965.3414884
24,1791214965.5247111,1791214967.3499887,1791214997.6414413,1791215006.3356428,1791215006.3432317,1791215006.6251862
25,1791215006.8339949,1791215008.2865636,1791215039.9495609,1791215048.5099297,1791215048.5171137,1791215048.7927809
26,1791215048.974328,1791215050.3589652,1791215081.3096466,1791215090.0797307,1791215090.086967,1791215090.3544996
27,1791215090.399919,1791215091.7697785,1791215121.8084693,1791215130.5658128,1791215130.5734708,1791215131.1283176
28,1791215131.2901952,1791215132.8156288,1791215163.8265905,1791215172.4419513,1791215172.4497235,1791215172.738763
29,1791215172.984439,1791215174.3959732,1791215205.7851233,1791215214.3870935,1791215214.3945243,1791215214.701853
30,1791215214.8221593,1791215216.2051263,1791215247.2707107,1791215256.1957412,1791215256.2031093,1791215256.476555
31,1791215256.6710684,1791215258.0552568,1791215289.2316275,1791215298.138186,1791215298.145434,1791215298.4228008
32,1791215298.6602602,1791215300.0609787,1791215330.5864758,1791215339.1466992,1791215339.1539395,1791215339.4264474
33,1791215339.602481,1791215340.991569,1791215372.5828288,1791215381.1002529,1791215381.10752,1791215381.3847682
34,1791215381.5746171,1791215382.9971442,1791215413.6602068,1791215422.50864,1791215422.5160708,1791215422.788745
35,1791215422.9431844,1791215424.3193848,1791215455.6039312,1791215464.532965,1791215464.540375,1791215464.8239655
36,1791215464.8691816,1791215466.4242814,1791215496.744352,1791215505.3335137,1791215505.341166,1791215505.6303172
37,1791215505.7988775,1791215507.4788532,1791215539.2190268,1791215547.981253,1791215547.9886127,1791215548.2753334
38,1791215548.450498,1791215549.862299,1791215580.967994,1791215589.7521129,1791215589.7593849,1791215590.0490103
39,1791215590.2657213,1791215591.7018163,1791215623.336254,1791215632.33994,1791215632.3479228,1791215632.6290593
40,1791215632.7846034,1791215634.1984322,1791215665.036459,1791215674.0517106,1791215674.0589678,1791215674.3407629
41,1791215674.4987304,1791215675.9073067,1791215706.855673,1791215715.5724804,1791215715.5805738,1791215716.0702512
42,1791215716.3166466,1791215717.7478955,1791215747.2868164,1791215755.5220008,1791215755.5293195,1791215755.7954862
43,1791215755.973113,1791215757.3233526,1791215787.5623724,1791215796.1364594,1791215796.1439493,1791215796.4109845
44,1791215796.5150743,1791215797.9859705,1791215827.3535287,1791215835.624682,1791215835.6320074,1791215836.0746522
45,1791215836.2541296,1791215837.631899,1791215867.7788837,1791215876.0543108,1791215876.061816,1791215876.3288548
46,1791215876.4406543,1791215877.798745,1791215907.3703098,1791215915.8609543,1791215915.8683481,1791215916.1361406
47,1791215916.363934,1791215917.7176437,1791215947.5533109,1791215955.7807927,1791215955.7881365,1791215956.3377562
48,1791215956.4870555,1791215957.841979,1791215988.0308647,1791215996.2901065,1791215996.2974536,1791215996.5650015
49,1791215996.6993034,1791215998.0523276,1791216027.7242284,1791216036.3613274,1791216036.368884,1791216036.6463544
50,1791216036.7400901,1791216038.0906615,1791216068.371765,1791216076.9694154,1791216076.9767215,1791216077.2469316
