,BeforeEvaluation,BeforeSV,AfterSV,BeforeGradientRewards,AfterGradientRewards,AfterEvaluation
0,1786732767.4304178,,,,,
1,1786732775.4925427,1786732769.1292298,1786732775.430372,1786732775.4308534,1786732775.491976,1786732775.5769742
2,1786732782.5542686,1786732777.149817,1786732782.493467,1786732782.4936929,1786732782.553903,1786732782.638393
3,1786732791.031313,1786732784.2275422,1786732790.9690652,1786732790.969272,1786732791.0309453,1786732791.116796
4,1786732797.9335597,1786732792.6654725,1786732797.8717172,1786732797.871951,1786732797.933216,1786732798.014741
5,1786732806.172162,1786732799.5862367,1786732806.1102426,1786732806.1104689,1786732806.1718035,1786732806.2524061
6,1786732813.363002,1786732807.7957597,1786732813.2269664,1786732813.227188,1786732813.3625765,1786732813.4471102
7,1786732821.3857863,1786732814.9924748,1786732821.3225155,1786732821.322727,1786732821.3854718,1786732821.4687111
8,1786732828.4435267,1786732823.002602,1786732828.3813188,1786732828.3815367,1786732828.443156,1786732828.5242748
9,1786732836.3459835,1786732830.0636487,1786732836.2831235,1786732836.2833455,1786732836.3456273,1786732836.4263418
10,1786732843.3912401,1786732837.9529088,1786732843.328229,1786732843.3284545,1786732843.3908758,1786732843.545237
11,1786732851.321421,1786732845.0834105,1786732851.2591767,1786732851.2593875,1786732851.3210812,1786732851.4040384
12,1786732858.189376,1786732853.0027306,1786732858.1273987,1786732858.12762,1786732858.189017,1786732858.2712352
13,1786732866.141974,1786732859.8035553,1786732866.079652,1786732866.0798929,1786732866.1415796,1786732866.295844
14,1786732873.320919,1786732867.8217673,1786732873.2600963,1786732873.260308,1786732873.3205802,1786732873.4035714
15,1786732881.2800252,1786732874.9374185,1786732881.2171361,1786732881.2173507,1786732881.2796798,1786732881.3629155
16,1786732888.43306,1786732882.9094565,1786732888.367683,1786732888.3678994,1786732888.4327302,1786732888.5165944
17,1786732896.4117768,1786732890.0466673,1786732896.3494387,1786732896.349658,1786732896.411429,1786732896.4938123
18,1786732903.1951795,1786732898.0135043,1786732903.1325212,1786732903.1327648,1786732903.1948528,1786732903.275018
19,1786732911.29516,1786732904.793036,1786732911.2331195,1786732911.2333398,1786732911.2948315,1786732911.374498
20,1786732918.093326,1786732912.8922641,1786732918.0299191,1786732918.0301456,1786732918.0929112,1786732918.1736097
21,1786732925.8326554,1786732919.702593,1786732925.7692297,1786732925.7694645,1786732925.8322644,1786732925.9163425
22,1786732932.9516082,1786732927.4428692,1786732932.8890924,1786732932.8892941,1786732932.9512835,1786732933.0353913
23,1786732941.112205,1786732934.568631,1786732941.0496316,1786732941.0498724,1786732941.1118677,1786732941.196369
24,1786732947.946468,1786732942.7136238,1786732947.8840375,1786732947.884267,1786732947.9460802,1786732948.0286338
25,1786732955.663031,1786732949.5829952,1786732955.5999913,1786732955.6002054,1786732955.6626754,1786732955.746996
26,1786732962.558489,1786732957.3659794,1786732962.4962573,1786732962.4964743,1786732962.5581613,1786732962.6396298
27,1786732970.358973,1786732964.1892402,1786732970.295743,1786732970.2959766,1786732970.358625,1786732970.442396
28,1786732977.454019,1786732971.9931364,1786732977.3912354,1786732977.391458,1786732977.4536898,1786732977.5324895
29,1786732986.2028713,1786732979.1050208,1786732986.1396446,1786732986.1399033,1786732986.2024207,1786732986.2885113
30,1786732993.0925484,1786732987.856419,1786732993.029805,1786732993.030052,1786732993.0922112,1786732993.179341
31,1786733001.8716958,1786732994.736858,1786733001.7230902,1786733001.7233324,1786733001.8712003,1786733001.9569228
32,1786733009.5431209,1786733003.7637389,1786733009.479768,1786733009.479993,1786733009.542729,1786733009.6282668
33,1786733017.834763,1786733011.2709484,1786733017.769244,1786733017.769491,1786733017.834265,1786733017.9221623
34,1786733025.110401,1786733019.5934572,1786733025.0466077,1786733025.0468519,1786733025.1100302,1786733025.1940305
35,1786733033.7524595,1786733026.9046783,1786733033.6894622,1786733033.689686,1786733033.752111,1786733033.8345978
36,1786733040.6845803,1786733035.3897805,1786733040.6219478,1786733040.62218,1786733040.6842184,1786733040.7678626
37,1786733049.3882267,1786733042.409506,1786733049.3229318,1786733049.3231442,1786733049.3877854,1786733049.4735353
38,1786733056.9298527,1786733051.1469347,1786733056.8661578,1786733056.8663833,1786733056.9294302,1786733057.015402
39,1786733065.711879,1786733060.311349,1786733065.648386,1786733065.6486049,1786733065.7115173,1786733065.7941155
40,1786733072.6260507,1786733067.3589892,1786733072.5628579,1786733072.5630877,1786733072.6256695,1786733072.7147563
41,1786733081.4936647,1786733076.1237693,1786733081.4296207,1786733081.429863,1786733081.4933128,1786733081.5735457
42,1786733089.5684347,1786733083.1236408,1786733089.5001028,1786733089.50036,1786733089.5679557,1786733089.6578684
