Round,Evaluator,0,2,1,4,3
0,0,,,,,
0,1,,,,,
0,2,,,,,
0,3,,,,,
0,4,,,,,
0,Aggregated,,,,,
0,Centralized,,,,,
1,0,0.18123412994296012,0.18200624248993355,0.18277076590461275,0.18225231957855886,0.18335585705964047
1,1,0.18161396310198186,0.1823866907325862,0.18291442105803507,0.18247631715417037,0.18354022393007305
1,2,0.18177899195728736,0.18231478918076444,0.18297230021486807,0.18242035873112783,0.18354880716753919
1,3,0.18174765435912443,0.1823150835195773,0.18295317380202233,0.18268531757259385,0.18333079988168619
1,4,0.1815797877638373,0.1821505213903558,0.18281891183255558,0.18242980707984904,0.1832762669214157
1,Aggregated,0.18158952823984933,0.18223315705845303,0.18288636555849974,0.18245488773476456,0.1834110757742997
1,Centralized,0.18158952823984933,0.18223315705845303,0.18288636555849974,0.18245488773476456,0.1834110757742997
2,0,0.0021594375477883825,-0.002123111456798103,-0.0003706734128316569,0.0014827495330351104,-0.001797419436175185
2,1,0.0020508218916048776,-0.0022407381177188676,-0.00038278939052470337,0.0014283091420013402,-0.0018082037473003076
2,2,0.0023364626545773204,-0.0023192813441161586,-0.0003243116601688856,0.0015166103608524883,-0.0020064774123369766
2,3,0.0023120813859000017,-0.0022861407963959673,-0.0005520292121665882,0.001620026093281418,-0.0021916158831459236
2,4,0.0021502619272281754,-0.002365636325512893,-0.0005276753228704893,0.0016627343532600648,-0.0017649960821231733
2,Aggregated,0.0022035828448961625,-0.0022695685358208964,-0.000431987528325591,0.0015419434571870376,-0.0019171230750392547
2,Centralized,0.0022035828448961625,-0.0022695685358208964,-0.000431987528325591,0.0015419434571870376,-0.0019171230750392547
3,0,-0.0038138660171100143,0.003361851407779154,-0.003451457452560136,0.0025088182121254356,0.0012041184716534723
3,1,-0.0035176211414644385,0.0030453683458664875,-0.0030364303134206554,0.002590151087880819,0.001268767523953331
3,2,-0.004001809348270278,0.00315192362267915,-0.0032460375980559917,0.0024131803919448616,0.0010931152593361138
3,3,-0.004100953904870104,0.0031400779702603263,-0.003411310754254012,0.0024273131636299385,0.0017220188864791413
3,4,-0.003848340507167486,0.0031527792858877745,-0.0036117598934379417,0.0023697530813801587,0.0015721581783443793
3,Aggregated,-0.0038556898583838963,0.0031700256574376437,-0.0033519257471169663,0.0024613999308806165,0.0013714497661741303
3,Centralized,-0.0038556898583838963,0.0031700256574376437,-0.0033519257471169663,0.0024613999308806165,0.0013714497661741303
4,0,0.0015861997713623084,-0.005403982334803502,0.0012295518264840895,0.0008799883812083317,0.0024429830698959134
4,1,0.0015192487072729411,-0.0051287197203928915,0.0011603243614003963,0.0006574117054048386,0.00210898721732381
4,2,0.001520399377833261,-0.004961263737163731,0.001321130109212254,0.0007346702725228768,0.002667551085061929
4,3,0.0016693101287732159,-0.005392960934727128,0.0012473519911582408,0.0006512844848831485,0.0025717129423152517
4,4,0.0014587762839139132,-0.005064289782409851,0.0012324391529813313,0.0008746253374091443,0.002586957783866517
4,Aggregated,0.0015508185935506514,-0.005191222601621759,0.0012372205231139318,0.0007589006177193806,0.0024767921677785907
4,Centralized,0.0015508185935506514,-0.005191222601621759,0.0012372205231139318,0.0007589006177193806,0.0024767921677785907
5,0,0.00038923742973228834,0.0012163564738035407,0.002937188562922573,0.0009988788947003836,-0.006457101254979155
5,1,0.00047422780978591906,0.0012220874271963277,0.002718153994456372,0.0010812649659869944,-0.006117015790440724
5,2,0.0003747737475301401,0.0010873286576385218,0.002666909687853765,0.0008265809936533252,-0.006715129372875489
5,3,0.00024028731250978487,0.0011295143090208736,0.0027254034880772717,0.000835048809228811,-0.0062200229391290605
5,4,0.0004294642627455991,0.0010264875780321482,0.0027350283657006052,0.0008923290228474583,-0.006262228678685028
5,Aggregated,0.0003793083542114828,0.0011362998867539035,0.002757494122806786,0.0009281212958819655,-0.006351998198953931
5,Centralized,0.0003793083542114828,0.0011362998867539035,0.002757494122806786,0.0009281212958819655,-0.006351998198953931
6,0,0.0016768708235410546,0.0008072009859314629,0.0008165555568617829,-0.0019535505445610075,-4.499976275432379e-05
6,1,0.0012499139624860915,0.0006728670459242025,0.0007286049660308047,-0.0018582556988132326,-0.00025922701338452575
6,2,0.0018979821581044868,0.0009435124544386164,0.0007956557776695757,-0.001966198716117684,-0.0002875407426248977
6,3,0.0017644740557094566,0.0008848649585356287,0.0007693748113667723,-0.0019638915834146787,-0.0001135302518231518
6,4,0.0016429059551492432,0.0008642058042354128,0.0006726976155165136,-0.0018787660767493922,-0.0002382396766893946
6,Aggregated,0.0016461162247329963,0.0008313417176524617,0.000756908211384033,-0.0019236243752713156,-0.00018832109260465412
6,Centralized,0.0016461162247329963,0.0008313417176524617,0.000756908211384033,-0.0019236243752713156,-0.00018832109260465412
7,0,0.001476548896980856,0.0020372806211522913,-0.0003102918826815182,0.001099228265509189,-0.0058575662117992516
7,1,0.0017686679388348428,0.00209488166086886,-7.594645862769589e-05,0.0009896680112298475,-0.00535085786836608
7,2,0.0016415894828739285,0.0020218649706276867,-0.00044777426035843746,0.0007980213299382847,-0.005858157024462477
7,3,0.0015555191090336521,0.0020209209399596694,-0.000567392949904355,0.0008937203971721745,-0.005693064071349143
7,4,0.0015431677430378598,0.001970013577299908,-0.000324219460347012,0.0009996880353078607,-0.0057121047915045945
7,Aggregated,0.0015975532341437986,0.0020276363999013522,-0.00034460449372066454,0.0009576248221045506,-0.005692510194963714
7,Centralized,0.0015975532341437986,0.0020276363999013522,-0.00034460449372066454,0.0009576248221045506,-0.005692510194963714
8,0,0.0010450566695123398,0.001615059230787232,-0.0022615367340268772,0.0007867865339719505,0.0008600079140879014
8,1,0.0007873683590214712,0.0013347661793004322,-0.0021093449868465155,0.0005364562100813967,0.0005736752481384592
8,2,0.0010033126344834017,0.0018239546339512728,-0.002174144096238308,0.0006958315100769367,0.0005264838309408419
8,3,0.000822784662511955,0.0016052043306651425,-0.002159222709303965,0.0005906389545533482,0.0006588051698868669
8,4,0.0010066322328958247,0.0016416824102656639,-0.0021899468233315547,0.0005608203433046281,0.00073291451969321
8,Aggregated,0.0009334033612606633,0.0016045101814097,-0.0021780071874055967,0.000632643025552256,0.0006704954321033222
8,Centralized,0.0009334033612606633,0.0016045101814097,-0.0021780071874055967,0.000632643025552256,0.0006704954321033222
9,0,0.001732156665869522,0.00135383319087193,-0.0014540261534841837,-0.002963375590315424,0.0004061094519761129
9,1,0.0015921083925077924,0.0012595868906029113,-0.0016073446907892623,-0.0026761347129864834,0.0006408369937560721
9,2,0.0019251863017993142,0.001541128961222014,-0.0014899290761427578,-0.0031354541690572298,0.0004904312731041934
9,3,0.0019333223489720534,0.0016690071099278467,-0.0016414531185541704,-0.0030613840972094426,0.000731034019826939
9,4,0.0017239089209325857,0.0014389580842598115,-0.001491982890277549,-0.002868940301593459,0.0003699416721662426
9,Aggregated,0.0017814426235288061,0.0014526609373401445,-0.001538137368385382,-0.002941016474105773,0.0005281040622423053
9,Centralized,0.0017814426235288061,0.0014526609373401445,-0.001538137368385382,-0.002941016474105773,0.0005281040622423053
10,0,-0.002450323946000599,0.0023320359500251684,0.00011229128478196977,0.0001364789179700454,-0.0013527001194392227
10,1,-0.001900625146657242,0.0021563125921218525,7.602915116995957e-05,0.00029356156480090566,-0.0011490124995422939
10,2,-0.001974073055608705,0.0023089692485480837,-2.1414288942089854e-07,-0.0001354444811000425,-0.001284630604948776
10,3,-0.002281488610448555,0.0024342205156542064,-0.0001739499759128793,0.00019826335233420848,-0.0011915455065931667
10,4,-0.002392303449185947,0.00251339084976658,-8.429452720069009e-05,0.0003608213880431033,-0.0012209773433632443
10,Aggregated,-0.0021994771922435228,0.0023479613044972425,-1.4053143726026432e-05,0.00016954795554114757,-0.0012400691289971937
10,Centralized,-0.0021994771922435228,0.0023479613044972425,-1.4053143726026432e-05,0.00016954795554114757,-0.0012400691289971937
11,0,0.0005549427236349158,0.0010215413765379377,0.0009106814494158918,-0.0003766324577650156,0.0007929613975296123
11,1,0.0002935894883102993,0.0010951111926436866,0.001006244002505872,-0.0007528019998160255,0.0007823783714623223
11,2,0.00028715779437856376,0.001107617592423893,0.0011092799957771737,-0.0002519082203764437,0.0009490510545056471
11,3,0.00025085426975379375,0.0010830822018751,0.0011405806835660633,-0.0005425496762617295,0.000877013339323418
11,4,0.00028024494811023276,0.001145537656782723,0.0010532619772595508,-0.0005873719889804193,0.0008014289693410356
11,Aggregated,0.0003337059523054945,0.00109219365883139,0.0010442481302392911,-0.0005059639642216155,0.0008414865515764646
11,Centralized,0.0003337059523054945,0.00109219365883139,0.0010442481302392911,-0.0005059639642216155,0.0008414865515764646
12,0,-0.0011437569386268628,0.0004522732286575256,0.0003635097782905772,0.00023552108800320808,0.00020962713679851993
12,1,-0.0009420858654779336,0.0004071491521511261,0.0002106402582624937,0.0003156811618731622,0.00016575642599289304
12,2,-0.0010838090171587358,0.000554891695334266,0.00021826039733823614,0.00036336992591533924,0.00022279031826539787
12,3,-0.0011512501528629612,0.0005215881567977439,0.00029917906520391204,0.0003527152796175307,0.00019843256326565844
12,4,-0.0010938750866713199,0.0003272821194920228,0.0002046477599508101,0.0003711903574684113,0.0002444848245657586
12,Aggregated,-0.0010825781875231125,0.00045370083252492625,0.00026060716247780133,0.00032778052841526126,0.00020668243675185752
12,Centralized,-0.0010825781875231125,0.00045370083252492625,0.00026060716247780133,0.00032778052841526126,0.00020668243675185752
13,0,-1.843456577490706e-05,-0.0005572275818420735,-8.120305637993597e-05,0.00034733758754646273,-0.0001553149598141031
13,1,-0.00016598772672031433,-0.0004088032766565571,-5.1488755884754324e-05,0.0002968432164285106,-0.0001321739005511043
13,2,-0.00015669241714573733,-0.0004724500743384171,-5.020796629321607e-05,0.00023606256325579557,-0.00013580577893452424
13,3,-0.00034404448483846273,-0.00036810094211390626,2.201747747648808e-06,0.0002969497425738728,-7.760855493708455e-06
13,4,-0.00011335300761746343,-0.0003602065160816699,-0.00015930201819482534,0.0005055536665692176,-4.801771953592363e-05
13,Aggregated,-0.000158276167760546,-0.0004322640190456658,-6.956808104846187e-05,0.00033663069939627124,-9.701686918651143e-05
13,Centralized,-0.000158276167760546,-0.0004322640190456658,-6.956808104846187e-05,0.00033663069939627124,-9.701686918651143e-05
14,0,0.00022077626206360262,0.00017614193974104796,-0.00015777401915592255,0.00020298728970141177,-0.0001299425501824732
14,1,6.580650516458398e-05,0.0002152420043747605,-0.00017067862326350752,6.628283932127629e-05,4.379758763503235e-05
14,2,0.0004051842893867267,0.0003228075629115183,-0.00036339303954443516,-0.0002359915322059499,0.000233971830011398
14,3,0.00014108253281659803,0.0003095091552556236,-0.0004265744776024464,-2.2385262539905323e-05,0.0001926867235511387
14,4,0.0002049222558442476,0.00018648524288880457,-0.00029554725432115643,0.0001696302308384153,-7.755841612216245e-05
14,Aggregated,0.0002075386740298446,0.0002396849805702317,-0.00028342200176127615,3.807423311604959e-05,5.2129261135436254e-05
14,Centralized,0.0002075386740298446,0.0002396849805702317,-0.00028342200176127615,3.807423311604959e-05,5.2129261135436254e-05
15,0,-0.0002190847233072076,-0.0004105000417418292,-0.0001502257755431872,-9.23228089519649e-05,0.0004531629969221277
15,1,-0.000376177546168129,-0.0006389487264095661,-0.00024451559446178053,0.00019136754502796133,0.00038222198429083696
15,2,-0.0004058779669795509,-0.0004170459208633996,-0.00029628942343648546,-0.00012328095919765988,0.0006426326319351194
15,3,-0.000418728972921012,-0.00040847138904408865,-0.0002091108240741472,-5.492679156614925e-05,0.0003914578909094857
15,4,-0.0003563194838270019,-0.0004417832720481925,-0.0002482988666000885,-8.102590575579013e-05,0.0004885307356411906
15,Aggregated,-0.0003543875637695537,-0.0004636027265054484,-0.00022885164246867485,-3.190013937467244e-05,0.000470955157981473
15,Centralized,-0.0003543875637695537,-0.0004636027265054484,-0.00022885164246867485,-3.190013937467244e-05,0.000470955157981473
16,0,0.0006396091600955334,0.00012387255550032802,-0.0010746982544244295,0.0005738317679387835,0.0002533408069393765
16,1,0.0006232576182884105,0.00025513050837665897,-0.0009887783915975723,0.0006965968649819983,0.00021926892975353922
16,2,0.0007023641811193249,0.00015445757397454982,-0.0009466506595541176,0.0005188601023197459,0.00015100002816761937
16,3,0.0006453636367799887,0.00023947800834290452,-0.0010996666229866078,0.000607688497241482,0.00022655535117051538
16,4,0.00046995072352905564,0.0002548714223455539,-0.0010452928973522717,0.000686169161808949,0.00035765546669042824
16,Aggregated,0.0006171189143349336,0.00020558200018354068,-0.0010323519216733986,0.0006174154280686294,0.00024025322819089904
16,Centralized,0.0006171189143349336,0.00020558200018354068,-0.0010323519216733986,0.0006174154280686294,0.00024025322819089904
17,0,0.00026940027253173165,-0.0005823778017474875,0.001238493721513606,-0.0011301325086513863,0.0003638646548040266
17,1,0.0002609491808671057,-0.00031799135234086286,0.0009374410611852217,-0.0008008914970729586,0.00015327178845914725
17,2,0.00015246423209902177,-0.000550787296259897,0.0011474942518881444,-0.0011046402945778652,0.0005085247378417017
17,3,0.00022949149079965297,-0.000350220912875839,0.00108216110809769,-0.0009808167898462728,0.00037988495598456997
17,4,0.00010872531400249649,-0.0005594453407496129,0.0008454211522998911,-0.0008555318392419446,0.00039278307625554844
17,Aggregated,0.00020203857945150043,-0.0004728851251919112,0.0010488967043697209,-0.0009656620385071961,0.0003549280991142656
17,Centralized,0.00020203857945150043,-0.0004728851251919112,0.0010488967043697209,-0.0009656620385071961,0.0003549280991142656
18,0,0.0003394132804851772,4.898428154592737e-06,-0.0004093378229227914,-0.0005216399437280546,0.0005180640952500371
18,1,0.0002136722511964395,-4.060777855839359e-05,-0.00041209839072539796,-0.00045722931346974617,0.00032196985510720143
18,2,0.00019836414137010724,-3.4585042445189895e-06,-0.0004023619882275731,-0.00042047675715036387,0.0003227903408976329
18,3,0.00020006607412446643,-5.659338020591598e-06,-0.00036658722818584953,-0.00041962481862226807,0.000357779416933048
18,4,0.00025834720784213193,-0.00015833483562858742,-0.0004904718401894308,-0.00029050064237449714,0.0005639885384923012
18,Aggregated,0.00024134982255731482,-4.043478651554929e-05,-0.00041681019672864714,-0.0004202910949930731,0.00041653925518280734
18,Centralized,0.00024134982255731482,-4.043478651554929e-05,-0.00041681019672864714,-0.0004202910949930731,0.00041653925518280734
19,0,0.00048566905283069136,0.0005872061801418378,-0.0007703274285575989,0.00018050070153253033,-0.0006019478302417799
19,1,0.00033885965543341187,0.0005935514843596834,-0.0007645125358795357,0.00030896063585622027,-0.0006276619165358174
19,2,0.0004963670831794276,0.0005838804282164008,-0.000656649554893692,0.00011870680215909831,-0.0008884157952329071
19,3,0.00037583339507517576,0.0005680004744882098,-0.0007662349366397074,2.922979150592475e-05,-0.0006845239211303144
19,4,0.0004247979742312613,0.0005177434039676576,-0.0005672909975368882,4.3084559679223976e-05,-0.0007474576556739516
19,Aggregated,0.0004245097102035707,0.0005697356861706915,-0.0007060302465462057,0.00013809201188002182,-0.0007105095510132331
19,Centralized,0.0004245097102035707,0.0005697356861706915,-0.0007060302465462057,0.00013809201188002182,-0.0007105095510132331
20,0,0.0004446775402792054,0.0005092929919904473,-0.0007699278081365427,-0.0003123831951880873,0.000511099399400583
20,1,0.0003967616703314377,0.00044522197311328373,-0.0005744785678571267,7.802037464643696e-07,0.00034616255001488163
20,2,0.0005100112414898532,0.0007758687482523082,-0.0009721814635683002,-0.00025411110567840066,0.0007445291094131778
20,3,0.0005225791330473776,0.0008183156343639956,-0.0009338771466974279,-0.0002559648007323445,0.0007362072572631107
20,4,0.0004326740338475003,0.0006010647689940825,-0.0007428360535713404,-0.00010968834533709079,0.0004510603121772298
20,Aggregated,0.00046140944689708013,0.0006290202732352201,-0.0007978397859954763,-0.00018588986374346028,0.0005566953318178006
20,Centralized,0.00046140944689708013,0.0006290202732352201,-0.0007978397859954763,-0.00018588986374346028,0.0005566953318178006
21,0,-6.039421027924467e-05,0.0004572627215915633,-5.8965635168075256e-05,0.00036771910027618706,-0.0007581630630665267
21,1,0.00013781587636471637,0.0004717108942098869,-0.00019624664848539677,0.0001854840310018165,-0.0005843432237410221
21,2,-0.0001454726363595597,0.0004719256838966975,0.00012937257319973195,0.0004137320940358217,-0.0009110213942982022
21,3,-0.00014427905640956862,0.00033114864499708685,0.00023304859807439052,0.0003260445754579011,-0.0010087735773198863
21,4,-0.00010604990306319894,0.0003307209823999143,0.00014534780370263715,0.0005421838570833559,-0.000853948362030671
21,Aggregated,-6.361741661805956e-05,0.00041295697372794406,4.9861196800192004e-05,0.00036797384221533925,-0.0008230002446083591
21,Centralized,-6.361741661805956e-05,0.00041295697372794406,4.9861196800192004e-05,0.00036797384221533925,-0.0008230002446083591
22,0,0.000370134907677655,-0.00013786454767945785,-0.0003040103176401428,0.0004602965565129328,-0.0002489454520962442
22,1,0.0002356807952438848,-0.00019764829322444129,-0.0003080068467845328,0.00026291430004420356,-0.00022239047198531204
22,2,0.00030433914963976704,-4.304694476183387e-06,-0.00019433135874227052,0.0004206814756353594,-0.00043411280050431784
22,3,0.0003652536692135851,1.0402617977756102e-05,-0.0001504761245764134,0.000501462877020938,-0.0004015233470397894
22,4,0.00033476564751743024,-0.00013032999434478925,-0.000386992815390789,0.000575870793198278,-0.0004401027584510442
22,Aggregated,0.00031889795019458177,-9.640090637310454e-05,-0.00027060762149293906,0.00045589310625900324,-0.00035279677166834
22,Centralized,0.00031889795019458177,-9.640090637310454e-05,-0.00027060762149293906,0.00045589310625900324,-0.00035279677166834
23,0,-0.0006816159044645202,0.00019977184098110372,0.00015954808356752153,0.00017167556245244463,0.00010031510279168894
23,1,-0.0004901804555102455,0.0001285731190082055,0.00015353624033034123,6.359328134173023e-05,0.00028423861815786157
23,2,-0.0005458951088931999,-4.8745273820538504e-05,0.00021127748935248492,5.1429714820370544e-05,0.00027943926206122627
23,3,-0.0006562896127058256,-4.4477453827240776e-05,0.00017531262055878183,8.164776025439598e-05,0.00026045379709718763
23,4,-0.0005079067214139181,1.1409830995109024e-05,0.00012887507467836956,0.00021714608325494508,0.00019468610544692288
23,Aggregated,-0.0005813796184208538,4.420935347599723e-05,0.00016248675441098612,0.00013411623060112046,0.00021934668327131904
23,Centralized,-0.0005813796184208538,4.420935347599723e-05,0.00016248675441098612,0.00013411623060112046,0.00021934668327131904
24,0,0.0007627391002859548,-0.0007380023374091844,6.464031005696259e-05,-1.7986224852998647e-05,-0.00020246908883371403
24,1,0.0006411182059997893,-0.0006247942588231951,6.425299452831878e-05,6.805165354720385e-05,-0.00023815615572420808
24,2,0.0008923672451642273,-0.0006172948084068874,0.0002325748909111728,-6.2387242418388e-05,-0.0005243958889666703
24,3,0.0008171537270346455,-0.0005435748862289018,0.00013659565121159622,5.0728143321006795e-05,-0.00037963678676841326
24,4,0.0007136248513517296,-0.0005275443429843781,0.0001372848316007332,0.00017268396718188214,-0.0003122051693995561
24,Aggregated,0.000764150500489554,-0.0006094432140977953,0.0001274205822193138,4.104526171842908e-05,-0.0003309707705017262
24,Centralized,0.000764150500489554,-0.0006094432140977953,0.0001274205822193138,4.104526171842908e-05,-0.0003309707705017262
25,0,0.0003235405713325201,-7.051856508972591e-05,-0.00027888580545205416,0.0002525605932883664,0.00014795295881814274
25,1,0.00026914301262583317,4.965655077019589e-05,-0.00022824667923383447,0.0002571036513825009,0.0002119190940902386
25,2,0.0002574039491814728,-0.0001888373936995332,-0.0001988294195863586,0.00028063895503724345,0.00021397855173665992
25,3,0.00034608656288444376,-0.00017953213910754478,-0.00031872624582290345,0.000298335034860057,9.586097237975951e-05
25,4,7.923615406855526e-05,-0.00019650547654466907,-0.00030768627675631377,0.000387129774050791,0.00016244644713148126
25,Aggregated,0.00025468421370552125,-0.00011796465867601931,-0.00026658478625223486,0.0002959420940440531,0.00016770262289667973
25,Centralized,0.00025468421370552125,-0.00011796465867601931,-0.00026658478625223486,0.0002959420940440531,0.00016770262289667973
26,0,0.0008296993570494145,0.0002678664035402789,-0.002288937544744844,0.0006495398106044104,0.0005793493531342027
26,1,0.0007266167716824424,9.614919611534341e-05,-0.0018637918370629151,0.0005090271526089189,0.00032538561735484344
26,2,0.0007047387336716005,0.00011149099323001232,-0.0020879047223190173,0.0007022943921620857,0.0005187145965872867
26,3,0.0006397337869585647,0.0002444445621239947,-0.0021407252311445783,0.0006564446557679256,0.000632687869457201
26,4,0.0006255230269466246,0.0002442423750577368,-0.002161662774070015,0.0006202506452461009,0.0005170900733103889
26,Aggregated,0.0007050996361148032,0.00019344948329553431,-0.0021078229008153595,0.0006266725911242999,0.0005148824406597511
26,Centralized,0.0007050996361148032,0.00019344948329553431,-0.0021078229008153595,0.0006266725911242999,0.0005148824406597511
27,0,0.0026607187381964712,-0.008105728707193081,0.0034865014702350557,0.0001609933128237632,0.0007622688947490057
27,1,0.002488171982187402,-0.007815392285666195,0.003446833745589308,0.00028019088927700255,0.0008009353738559617
27,2,0.0024978106703393327,-0.007810366911392434,0.00340871948389991,7.84147733098317e-06,0.0008412255386195425
27,3,0.00247616524719166,-0.0081441060870496,0.0034448589009161814,7.112461410455259e-05,0.0009108865397088439
27,4,0.0023365787449121118,-0.007517256065560398,0.003315130368691116,0.000322491946848702,0.0008699000121398625
27,Aggregated,0.0024897852112059043,-0.007875510766989403,0.003417613240731972,0.00016744859536794166,0.0008385536511349583
27,Centralized,0.0024897852112059043,-0.007875510766989403,0.003417613240731972,0.00016744859536794166,0.0008385536511349583
28,0,0.0004336560583716028,-0.0021551475738185036,0.0002650411249673024,0.000552469080287743,0.0006022328634966841
28,1,0.00042692563928416655,-0.0020853224922243174,0.0001670269237768566,0.0005123159789020837,0.0005328206869914531
28,2,0.0005983215924788657,-0.0020170006156527884,0.00021167520464197379,0.000512415450386929,0.0005384148520150659
28,3,0.0005955583062896249,-0.001988888141517453,0.0003056942611133725,0.0005834210704786291,0.0005474582177719364
28,4,0.00031908317607666953,-0.0018972132247467393,6.712062599372366e-05,0.0005684576467632022,0.0005276495692671709
28,Aggregated,0.00047447578404185935,-0.0020281275560009786,0.0002029176340280196,0.0005502905062873616,0.0005487931855910511
28,Centralized,0.00047447578404185935,-0.0020281275560009786,0.0002029176340280196,0.0005502905062873616,0.0005487931855910511
29,0,-0.0006003043280688625,0.0004992379469043017,0.00012690220918030738,0.0006129849254991345,0.0005667740438725847
29,1,-0.00045725197155841444,0.00039221984705056225,0.00020163975853022728,0.0005131877269458203,0.0005443146366974756
29,2,-0.0006332420020899103,0.0004285939987476339,0.00010411521446623642,0.0006214381973276266,0.0005991876917054513
29,3,-0.000627528823298799,0.00040648663668623185,8.679118904141303e-05,0.0005937207449392949,0.0006557260420044398
29,4,-0.0006003752017923951,0.00037469885807805785,7.089253191777481e-05,0.0007055502372081117,0.00048531741118581866
29,Aggregated,-0.0005831453726038124,0.0004197286606335874,0.00011704521552668434,0.0006090264841064193,0.0005703179057284365
29,Centralized,-0.0005831453726038124,0.0004197286606335874,0.00011704521552668434,0.0006090264841064193,0.0005703179057284365
30,0,0.001194954929537075,-0.00045288247925914793,0.0011710854069897174,0.00013930939932799147,-0.0020149821564904857
30,1,0.0010529277160885734,-0.00034523668273884014,0.0010039565097599346,0.00015050515869752812,-0.0017630168690289882
30,2,0.001271355303415056,-0.0006399548245638302,0.0012051496787315338,0.00014160482158487493,-0.0018617971692449387
30,3,0.0012817722220323162,-0.0005606358826608722,0.00117793162371946,0.00014951511120928258,-0.0020392815042699795
30,4,0.0012355663707150225,-0.0004139272428201557,0.0011161003613642398,0.000341624618692421,-0.002005407298443936
30,Aggregated,0.0012046750450796803,-0.00048442650816488874,0.0011337836866249895,0.0001860679414958766,-0.0019373881503990276
30,Centralized,0.0012046750450796803,-0.00048442650816488874,0.0011337836866249895,0.0001860679414958766,-0.0019373881503990276
31,0,0.0006641619759634084,-0.0009048838281725905,-0.00036100553801881224,0.00030538722733805534,0.00024045328753342457
31,1,0.0006184347988880568,-0.0006791213533419087,-0.0003212316452428106,0.0001555836057404984,0.00023655678861912073
31,2,0.0007079895404094279,-0.0007866437890179693,-0.00040233344484188473,0.0002113234235745276,0.00022741459550007132
31,3,0.0007902394007986573,-0.0008927952769777703,-0.0004992491262230337,0.0002354311658178824,0.00023756522402544703
31,4,0.0005314065977224465,-0.0008852637131465594,-0.00038486506699558033,0.0004442747380934679,0.0002621778842128516
31,Aggregated,0.0006626587388191125,-0.0008286635527612385,-0.00039265964879535523,0.0002707223747296409,0.0002401905168237554
31,Centralized,0.0006626587388191125,-0.0008286635527612385,-0.00039265964879535523,0.0002707223747296409,0.0002401905168237554
32,0,0.0013896316099936208,2.1764910717044415e-05,0.00011857168081743086,-0.0006022467928254098,-0.0009388657808646727
32,1,0.0013824322667784273,-0.00022446813599202308,0.0002913686306665756,-0.0006808514532437896,-0.0007258024268782748
32,2,0.0013055270723154784,-9.433418676219052e-05,0.0002818960021697218,-0.00050293919379929,-0.0010601118903494633
32,3,0.0012469943359742848,-8.56069400689663e-05,8.693482029895801e-05,-0.0003416524760245898,-0.0011368804028825878
32,4,0.0013635579952254986,0.00017492854238606025,0.00012422295359896436,-0.0006405460666322212,-0.001064183846665088
32,Aggregated,0.0013365715045565274,-4.032891548998441e-05,0.00018119600650195282,-0.000554830616574999,-0.0009858402112330818
32,Centralized,0.0013365715045565274,-4.032891548998441e-05,0.00018119600650195282,-0.000554830616574999,-0.0009858402112330818
33,0,-0.00015583022362962532,1.0593766612576605e-05,0.00018665589083686948,9.720360987235018e-05,5.7066954175394315e-05
33,1,-0.00023863120846325246,-5.733820979842615e-05,0.000230869194252555,5.456847852545558e-06,4.74301830129827e-05
33,2,-0.00018216985811495185,7.408920647414089e-05,0.00017333358261080732,-9.679412399092128e-06,4.074375822169703e-05
33,3,-0.00011986069501206212,0.00015778106299937366,0.00014414774709610353,0.000142098168375084,0.00014772518052890704
33,4,-0.00023424611256753214,3.0136914110541944e-06,3.828796457960859e-05,1.3774748115064073e-05,2.073682246520973e-05
33,Aggregated,-0.00018624423925498457,3.83526416937674e-05,0.0001545054539883776,5.115096882871521e-05,6.373134737614287e-05
33,Centralized,-0.00018624423925498457,3.83526416937674e-05,0.0001545054539883776,5.115096882871521e-05,6.373134737614287e-05
34,0,4.436119899613826e-05,-0.00015440310174705079,1.3966090254113884e-06,8.341366375436329e-05,-3.854196359299363e-05
34,1,3.1890894758775563e-05,-0.0002545023276532536,3.476606314909055e-05,0.0001433535512394113,-0.00011997078848201559
34,2,0.00010067366529700194,-0.0002215251159412346,-2.8605156350369752e-05,6.148462811417602e-05,-5.1933108470640184e-05
34,3,6.159658105183337e-06,-0.00011282580627235971,3.128534397693709e-05,1.5302423313116412e-05,-8.541073338791764e-05
34,4,0.00011930180966538788,-0.00018893773226313915,-0.00010174608238695353,0.0002458658858745429,-2.6345866225537435e-05
34,Aggregated,6.006768929993263e-05,-0.00018645326341654723,-1.194323794378634e-05,0.00010998710317219328,-6.438640691653342e-05
34,Centralized,6.006768929993263e-05,-0.00018645326341654723,-1.194323794378634e-05,0.00010998710317219328,-6.438640691653342e-05
35,0,0.0010600870686980068,-0.0037702099168682814,-0.00030842296871225194,0.001431723112690871,0.0014391750734916904
35,1,0.0010179296314903256,-0.0036018639098649424,7.677230130872144e-06,0.0012289355517017375,0.0013753455377289651
35,2,0.001085992134670725,-0.003555069751842205,-0.0002991113026603061,0.0013801563284882468,0.0013593225716170534
35,3,0.0009760347714984501,-0.003412313886751389,-0.00043705120406356914,0.0014343810966331917,0.0013329691061753413
35,4,0.0010735018231116055,-0.003453905498152208,-0.0003183523928292224,0.001463513304664251,0.0012408402230836223
35,Aggregated,0.0010398837884918854,-0.0035582781753535795,-0.0002715881338478184,0.0013891687922430748,0.0013477510772830048
35,Centralized,0.0010398837884918854,-0.0035582781753535795,-0.0002715881338478184,0.0013891687922430748,0.0013477510772830048
36,0,0.0002552381543319178,0.00013852191552480667,-0.0004396640369731623,-0.0001466908008500393,0.0003076969308724771
36,1,0.00018326023013979416,0.00021964773033959125,-0.00048698676088612853,-0.00015957015262377434,0.0002670143841174588
36,2,0.0002025021659939489,5.7622494206706806e-05,-0.00039237601721206863,-0.0001551393275167105,0.000317900855568178
36,3,0.00019725951248510397,0.00014637585078018932,-0.00044264635860818226,-0.0002625337456172272,0.0003040788844555479
36,4,0.00016062154043041307,1.9997639140086527e-05,-0.0004933025373921688,-2.5065887972205065e-05,0.00019914527936858625
36,Aggregated,0.0001983882494647889,0.00011238376824794413,-0.0004519630825350026,-0.00014086595230946759,0.00027616292873471895
36,Centralized,0.0001983882494647889,0.00011238376824794413,-0.0004519630825350026,-0.00014086595230946759,0.00027616292873471895
37,0,7.964221091378288e-05,1.191986666295904e-05,3.735584665640612e-05,0.00014416221732397317,-0.00010282707003937593
37,1,0.00014753993263397585,-7.439992474242985e-05,8.649926940407226e-06,0.00011880517222369232,-0.00012612936472370385
37,2,0.00013844638041494718,-6.580217311011141e-05,6.581278901498326e-05,0.00014464090233018607,-0.00013600341976972204
37,3,8.874292894495336e-05,8.469350532463264e-05,7.664735344816524e-05,0.00021627084084896626,-9.47282696068974e-05
37,4,0.0001325494970309408,5.817424029141612e-05,9.222701888171129e-07,0.0002646552182577163,-0.00012815321054726047
37,Aggregated,0.00011722138368310819,4.815151964029004e-06,3.7690706559617705e-05,0.0001784921341126437,-0.00011668324960290578
37,Centralized,0.00011722138368310819,4.815151964029004e-06,3.7690706559617705e-05,0.0001784921341126437,-0.00011668324960290578
38,0,0.001623954991240469,0.0017234358403837192,0.0005443142501631378,0.0007326476968767149,-0.004674425872244112
38,1,0.001523203807989354,0.0016759027848254635,0.0008702646061568768,0.0006621674242066537,-0.004512900942974766
38,2,0.0015571027879703455,0.0016372296595394446,0.0006070963179427236,0.0007565013558853362,-0.0043733685042613765
38,3,0.0014749319837684108,0.00158969644292144,0.0004649368822862506,0.0007422544340995022,-0.004241673461621124
38,4,0.001543093344205441,0.0015109584168313853,0.0004961864029048431,0.0008581487124017369,-0.004237129233654635
38,Aggregated,0.0015434591670720015,0.001628412951347626,0.0005955281654121403,0.0007487282687206517,-0.004407522194713927
38,Centralized,0.0015434591670720015,0.001628412951347626,0.0005955281654121403,0.0007487282687206517,-0.004407522194713927
39,0,0.00037663920689010776,0.0003131320545839311,-0.0004170352071633169,0.0002416654081455823,-0.0002649282562614652
39,1,0.00020304601029691265,0.0002578962842642844,-0.00016453731868389758,0.0002214736285234442,-0.0002098111585236632
39,2,0.0002562181051235901,0.00015872245034455982,-0.00048546636109674245,0.00024348174677940777,-0.00024392050328543856
39,3,0.00026571003730843645,0.00028058728878254297,-0.00048089490391102035,0.00031453713328719046,-0.000371114855450753
39,4,0.0002590757894288013,0.00017709748172240285,-0.0005073148275407446,0.0002822890839015935,-0.0003429745397304192
39,Aggregated,0.0002737768943793813,0.0002398228520148408,-0.00041098895676173385,0.00026025160719383246,-0.0002868529901178326
39,Centralized,0.0002737768943793813,0.0002398228520148408,-0.00041098895676173385,0.00026025160719383246,-0.0002868529901178326
40,0,-0.0005144009851721254,0.00011672195338403579,0.00017141077253081117,1.1588530178807677e-05,0.00014066465753588276
40,1,-0.000603676877630871,7.426825323557096e-05,0.00019885651227614655,-4.8703752773278836e-05,9.871051200052902e-05
40,2,-0.0005415817598543148,0.00013827175189857395,0.00014848661836907028,3.1370009570465723e-05,0.00015367037252726108
40,3,-0.0005013410801722648,0.00011896830278452601,9.800041479750739e-05,0.00012673159682482135,0.0001999933732291792
40,4,-0.0004677969700936591,0.00010361579403528887,8.815913718966765e-05,0.00021343770772495977,0.00010560572824273954
40,Aggregated,-0.0005259286097280695,0.00011033885775101892,0.00014110419581136457,6.537911885387918e-05,0.0001385452379907781
40,Centralized,-0.0005259286097280695,0.00011033885775101892,0.00014110419581136457,6.537911885387918e-05,0.0001385452379907781
41,0,-5.252695438318818e-05,-7.312566000616619e-05,-4.2919975232367606e-05,5.1877759780625626e-05,4.0305434020543315e-05
41,1,-1.9300431006350854e-05,-0.00010532197577809803,-0.00012973907283365485,0.00010640010597251504,4.8100943102480365e-05
41,2,-2.015658712428703e-06,4.352025839019132e-05,-9.168026586005573e-05,0.00011235811936027111,6.942879511455113e-05
41,3,-0.00015396950974012059,-4.846001080384873e-06,-2.1881895438156477e-05,0.00010756582748667939,8.396261767096661e-05
41,4,-2.5225691198795438e-05,-0.00014594006584915572,-6.169553620950693e-05,0.00013040146720869617,2.7964260956003793e-05
41,Aggregated,-5.091437012610759e-05,-5.7109763655840046e-05,-6.783315018166017e-05,0.00010141612245507803,5.435089562918309e-05
41,Centralized,-5.091437012610759e-05,-5.7109763655840046e-05,-6.783315018166017e-05,0.00010141612245507803,5.435089562918309e-05
42,0,0.00023665188626070439,7.130732374378002e-05,-2.9545080954479498e-05,-0.0004507694577399413,8.494986904435212e-05
42,1,7.42806734255419e-05,1.2832475342703746e-05,0.00012491221789796744,-0.00029890432599372627,0.00011541115022267178
42,2,0.00011439675366349636,8.228761225584914e-05,0.00012047423466986321,-0.0004439142612552053,0.00010044212266157778
42,3,0.00011782913461251821,0.00014035983305452822,-3.050969554984443e-05,-0.000437159146911024,2.87773245206846e-05
42,4,7.76620678041462e-05,6.668671082172469e-05,8.140267110623248e-05,-0.00035242479044254594,0.0001575896096847773
42,Aggregated,0.0001246313789234325,7.517713132507893e-05,5.296690867695279e-05,-0.00039793308875500367,9.669521151706902e-05
42,Centralized,0.0001246313789234325,7.517713132507893e-05,5.296690867695279e-05,-0.00039793308875500367,9.669521151706902e-05
43,0,0.0001375727400952098,-0.00012666855513073413,2.2837832683234954e-05,-0.00020915879194253564,0.00013826354801209825
43,1,1.8921401736819257e-05,2.834143651077222e-05,0.00011846939599854389,-0.00022813091856615692,8.372600014640205e-05
43,2,0.00016174412466208322,1.636013147901146e-05,2.0879539019539687e-05,-0.00028400096087254913,0.00012181978177478459
43,3,0.00021547110403413543,-0.0001465354826816127,-9.07719002894547e-05,-0.00010597411786506158,0.00011928250898397182
43,4,0.00014907320144018078,-0.000182468850813113,-0.00010935951127416335,-2.956004500124417e-05,0.00014875326667787754
43,Aggregated,0.00013424260361229455,-8.364316375349771e-05,-9.102499359483114e-06,-0.0001647751815380886,0.00012028909708253025
43,Centralized,0.00013424260361229455,-8.364316375349771e-05,-9.102499359483114e-06,-0.0001647751815380886,0.00012028909708253025
44,0,-0.0002246440674713579,0.0006248934694571365,-0.0008651229112247305,-0.00018697912920982254,0.0004907195558152277
44,1,-0.0002806481141498544,0.0006130489514285391,-0.00058405039848007,-0.0001933275745952201,0.0005249451331684714
44,2,3.4611084206677875e-06,0.000622572615195675,-0.0009644819516316276,-0.0003549444354047674,0.0005521093930199691
44,3,-0.00028981760369816144,0.0006497597636830073,-0.0009125762271002702,-0.00011017078368342388,0.0005290617437475719
44,4,-0.00011085371379305024,0.0006390989082700897,-0.0008631219415028553,-3.853886741701691e-05,0.0004489482600206355
44,Aggregated,-0.00018243202578837787,0.0006304380491887696,-0.0008378055367327072,-0.0001737619161967759,0.0005084322152620002
44,Centralized,-0.00018243202578837787,0.0006304380491887696,-0.0008378055367327072,-0.0001737619161967759,0.0005084322152620002
45,0,0.00014429315185714812,4.285782423460634e-05,6.573461628764562e-05,-6.293584931948795e-05,2.9690634865188932e-05
45,1,0.00013220391686545873,-0.00012925083264024307,8.204028970217326e-05,-0.0001633161805509801,-0.00014489025157424413
45,2,0.00015612402487198788,-5.381775594257935e-06,7.18035768121498e-05,-0.00018312523654535803,-0.00017134984237808423
45,3,0.00015914385257343456,7.625355096441689e-05,5.4343389201050306e-05,9.462994620860569e-06,-6.903977717859592e-05
45,4,0.0001074319078173754,-3.5334794099101116e-05,-0.0001153225492157961,-7.599025726100865e-05,-0.00011465909991936011
45,Aggregated,0.00013952713698015725,-9.937561331276508e-06,3.2410032193182686e-05,-9.509661128308903e-05,-9.259069884481145e-05
45,Centralized,0.00013952713698015725,-9.937561331276508e-06,3.2410032193182686e-05,-9.509661128308903e-05,-9.259069884481145e-05
46,0,-0.0005250320247590516,0.00019044535064273357,0.00015614272164551357,0.00014297685464691087,3.2623247485896735e-05
46,1,-0.0005636115747252794,0.0002663763721959515,0.0002677181376512313,0.0002334765259011366,-2.2521713900602867e-06
46,2,-0.0004146525466774816,0.00013897178430234783,0.0002612353126350701,0.00014193494389532028,5.705002706529368e-05
46,3,-0.0003569250794685508,0.0001634383405859178,0.0001348053092451451,-3.831004879717437e-07,-2.2742587593975e-05
46,4,-0.00043152923938903723,0.00021165036923120328,0.00010062205216932278,0.0002432022732162383,3.717855235510862e-05
46,Aggregated,-0.0004579448097761655,0.00019346869821740647,0.00018272887930876152,0.00015317741110385346,1.7670688569008478e-05
46,Centralized,-0.0004579448097761655,0.00019346869821740647,0.00018272887930876152,0.00015317741110385346,1.7670688569008478e-05
47,0,-0.0027911658192083006,0.0011029049371987934,0.0013888284581000257,0.0011642937569445325,-0.00055759017476338
47,1,-0.0024861292951761926,0.0011420387828215601,0.001205399126681846,0.0010437530785090687,-0.0006120291160811123
47,2,-0.0025946841438733177,0.0010302835062584983,0.0012789528734808598,0.0012030754851247605,-0.0007076021999757894
47,3,-0.0025970430750642095,0.00104736811352667,0.0013558843649592847,0.0012167240271374594,-0.0007960262078518539
47,4,-0.0026193218174541994,0.001002661001762926,0.0012298624252795932,0.0011908164820840746,-0.0006147094234941604
47,Aggregated,-0.0026195152536872563,0.001061744517545989,0.0012885987801695771,0.0011790864801164498,-0.0006621955933618566
47,Centralized,-0.0026195152536872563,0.001061744517545989,0.0012885987801695771,0.0011790864801164498,-0.0006621955933618566
48,0,-2.953447364547242e-05,1.3009633741280687e-05,-0.0001245158499557364,-7.073081662699783e-05,-0.00010538065816662982
48,1,-2.6422605306479035e-05,9.369112546693074e-05,-0.0001693097240807647,-0.0001792426555721205,-0.0002897813988598323
48,2,-0.00013723844308853318,4.73122482699521e-05,-4.8630394381449224e-05,-0.00014468333029683534,-0.00017214829743194364
48,3,-0.00014758521599885407,4.2313236980534574e-05,-9.164911191474519e-05,-1.904008346806374e-05,3.9961998012797796e-05
48,4,-0.0002098187453651701,7.526506267839795e-05,-7.488915505533544e-05,-3.261597114482817e-05,-7.067944582440644e-05
48,Aggregated,-0.00010930115005929515,5.311049657024299e-05,-0.00010238525022452742,-8.798033637101114e-05,-0.00011841871776134087
48,Centralized,-0.00010930115005929515,5.311049657024299e-05,-0.00010238525022452742,-8.798033637101114e-05,-0.00011841871776134087
49,0,-9.570391880710516e-05,4.274027392420406e-05,-6.58858078352568e-05,9.288432008257019e-05,3.2646708775176576e-05
49,1,4.600683122248373e-05,7.35333898242041e-05,-8.750794348808174e-05,0.00014826654538848126,8.205256050456596e-05
49,2,5.5993146729321765e-05,3.045268445362274e-05,-3.434644911219735e-05,0.0001694364798320247,1.1531955071525379e-05
49,3,-0.0001485641148765815,-1.6719379350033093e-05,-0.00016677443898767131,0.00012406060280948557,2.861007886226045e-05
49,4,2.8897057869126108e-05,5.71304593569392e-05,-2.0603367345069696e-05,0.00017604358018710742,-3.5738245687079916e-05
49,Aggregated,-2.393779335259268e-05,3.652003555459545e-05,-7.603504223943995e-05,0.00014145835786793698,2.3544900847934555e-05
49,Centralized,-2.393779335259268e-05,3.652003555459545e-05,-7.603504223943995e-05,0.00014145835786793698,2.3544900847934555e-05
50,0,0.00014728676641792375,8.460236790110432e-05,6.454855204189869e-05,-0.000616238569124065,0.00016766640537720366
50,1,9.390936560214243e-05,-8.784565743290932e-05,-3.6078160021862923e-05,-0.0005588252474645912,0.00022045599874209547
50,2,0.00013022724612002563,0.0001439225205479307,-2.330040546801304e-05,-0.00047526644330412503,6.199741253702188e-06
50,3,0.0001836313421334871,0.0002481481896199622,8.2477482801759e-05,-0.0004873561364268364,2.2227007508895946e-05
50,4,2.556766303533446e-05,6.526102843198989e-05,-2.6950341737441708e-06,-0.000478771175940057,-3.858969002130489e-05
50,Aggregated,0.00011677388325813479,9.171906398907822e-05,1.861758617299388e-05,-0.0005225010392643263,7.53831752391095e-05
50,Centralized,0.00011677388325813479,9.171906398907822e-05,1.861758617299388e-05,-0.0005225010392643263,7.53831752391095e-05
