Round,Evaluator,3,2,0,1,4
0,0,,,,,
0,1,,,,,
0,2,,,,,
0,3,,,,,
0,4,,,,,
0,Aggregated,,,,,
0,Centralized,,,,,
1,0,0.09248927038626595,0.17126615257568883,0.18053316584668003,0.17755853309606057,0.08672610116659106
1,1,0.136855205461926,0.17771497028275005,0.17851460274259404,0.1809949172453099,0.12514567849541156
1,2,0.1021967476270242,0.18097896891866747,0.18556206960729574,0.18708007630746326,0.09247219895775176
1,3,0.1805729966048091,0.17942188735407677,0.1796835030928793,0.17945967629412574,0.17168096832705454
1,4,0.162778710700625,0.16272623379046536,0.16262711073794192,0.16242303386509935,0.16885437074353954
1,Aggregated,0.13497304912034772,0.17442379821023174,0.17738684689054887,0.17750606045567802,0.12896806161507848
1,Centralized,0.13496758037414064,0.17442794371599216,0.17739179106214456,0.17751106642648687,0.12895842933545584
2,0,-0.00719029507891645,0.044861416425323083,0.05152017400002322,0.03812414948183818,-0.026997918047849987
2,1,-0.0047157960849994645,0.024803726578038286,0.024367563418123458,0.026589087779289793,-0.018181606708770958
2,2,-0.011735762144053613,0.045169132700539745,0.04524765028847943,0.045067350642099366,-0.026177182207332967
2,3,0.004618389842332915,0.00314171433886794,0.0038684247244314203,0.0010109994883959084,-0.009221082740337646
2,4,0.0008501259445843937,0.0017393180333986384,-4.7812295923123824e-05,0.0034914637559474012,0.008065701091519748
2,Aggregated,-0.003635551979745341,0.023947373495232988,0.024996063569773554,0.022860381978979872,-0.014506717222182053
2,Centralized,-0.0036363276686262676,0.02395293685038564,0.025002560056600558,0.022864912795162895,-0.01451365906562588
3,0,-0.01765704781511334,0.019233632250485577,0.027593426148853746,0.01420612489386695,-0.030535492050199464
3,1,-0.00992765507054213,0.011066331693359834,0.008516231085057623,0.012305035067518035,-0.019971038766181656
3,2,-0.020615810534152276,0.019564838079285343,0.017956681555927785,0.0193467336683417,-0.029412688442211045
3,3,0.0037358727501046593,0.002238849355843938,0.0038376122040835402,0.0004133528673085122,-0.006528184735593714
3,4,-0.002103157943838065,-0.002435511708181763,-0.0055229032559007485,0.0011504104860528017,0.006077409273253104
3,Aggregated,-0.00931499007095113,0.009936008150419808,0.01047928832012501,0.009485949809648833,-0.01607824696459867
3,Centralized,-0.009316278701725487,0.009939419751534865,0.010484013610191816,0.009487918860169685,-0.016084719254883872
4,0,0.00043500005815509023,0.009379252590809172,0.019268525303278782,0.006611070402549526,-0.03073903485815972
4,1,0.0003861497842446345,0.007867801853984216,0.004741965874594338,0.008943670981774196,-0.018450283215278484
4,2,-0.0015744230411315749,0.012643076493579002,0.010549274148520357,0.011651428438488742,-0.028104643588311943
4,3,0.003517278266127172,0.001656899679084678,0.0026626668527045,0.0008662387795916437,-0.006819450258127532
4,4,-0.0007084382871536436,-0.00110493049724788,-0.004714175762664441,0.002982437727399965,0.008722828622072942
4,Aggregated,0.00041131175721182913,0.006089798157149726,0.006503809434279709,0.00621160297330656,-0.015082670891851379
4,Centralized,0.0004119363802661554,0.006091771047156258,0.006507198413695839,0.006212210073590011,-0.015089788166952943
5,0,0.007734045151610291,0.008074252416343915,0.01788792351442825,0.0032793654116798705,-0.02926422182676761
5,1,0.002130220873024208,0.006282494155413665,0.0038138106702955625,0.007032694790467218,-0.019224327436407413
5,2,0.0027801042248278398,0.00981179043364971,0.0081541969104783,0.007895379676158576,-0.02818781407035178
5,3,0.004540486489000493,0.0018487512208734346,0.003153923073345429,0.00027033626342961583,-0.007790335333240311
5,4,-0.0010996828062319146,-0.0005865752402276122,-0.0046360434742047,0.0036232391081257496,0.00588266162888329
5,Aggregated,0.0032178522035278727,0.0050872297444409555,0.005676744523812777,0.004420372129748099,-0.01572094038369291
5,Centralized,0.0032193875413681775,0.005088810690796369,0.005679951033099184,0.004420286819432217,-0.01572735862669256
6,0,0.00035416448585088114,0.0005867848378054652,0.009772380985612446,-0.0010502808890749912,-0.009069867522709548
6,1,1.2794119357493564e-05,0.0028362236412063885,0.002496016376472774,0.003696918943438345,-0.00855345034137039
6,2,-0.001295249395123732,0.003735692350642126,0.003683347292015652,0.00239216917922947,-0.007538851665736076
6,3,0.0035498348914003884,0.0008493790986465725,0.0028027766150411524,0.0003319613041253907,-0.006766545742058522
6,4,-0.00119880585875549,-0.0018431057001585909,-0.003592336038809596,0.0025183086108778916,0.005305415617128467
6,Aggregated,0.000284811863790562,0.001233572407223891,0.0030337039043548094,0.001577641628782881,-0.005326669472780603
6,Centralized,0.0002855626771675742,0.0012345291124982209,0.0030358780295942577,0.0015772275983410892,-0.005330270574709404
7,0,0.0017202275027042172,0.0014730683787524549,0.007538644055968468,-0.0007862567896065265,-0.00917803598636845
7,1,0.001786524303011287,0.003929539295392962,0.001065401211952007,0.004598322807262404,-0.010367889086616188
7,2,0.0008026242322724863,0.004184696631304687,0.0016663176996091452,0.0030214731062721046,-0.008523520379676158
7,3,0.003512627319659571,0.002454536998279137,0.0016871308311241636,0.001262731965955105,-0.008149620947862883
7,4,-0.00034284914637559746,-0.00047695680567216294,-0.004809217277731096,0.0014850965575146887,0.004703680380632528
7,Aggregated,0.0014961690067862325,0.002313498719880001,0.0014308463658644478,0.0019163553555961855,-0.006305155213164092
7,Centralized,0.001496934914051897,0.002314407533082913,0.001432933499038791,0.0019164350979105275,-0.0063089103933643585
8,0,0.0009996859625248692,-0.0010473731346755813,0.008696511857822437,0.0003309024506553996,-0.008944834083533986
8,1,0.0012468450864766222,0.003087453621317325,0.0012352140688788723,0.003942333414750489,-0.009930562824941532
8,2,0.0006351200446677789,0.003051716917922916,0.001053880513679506,0.002336334450027901,-0.007495812395309894
8,3,0.0026219710711129734,0.0012702897539649224,0.0021859448397748707,0.001665620203711458,-0.008092646853634722
8,4,-0.0011037643436887733,-0.0006023183132755109,-0.004663448082843547,0.0005580044780296778,0.005251772553409793
8,Aggregated,0.0008803372916099898,0.001152277293260073,0.0017028391250167312,0.0017668679591462157,-0.005844511243490597
8,Centralized,0.0008811249354167364,0.001152840033699661,0.0017049976959490805,0.0017672536178254354,-0.005848332937688244
9,0,0.0013236098026216299,0.001416657943403482,0.007950382078928092,-0.0018952743175500348,-0.008830268560196312
9,1,0.0009496725868545978,0.0026943252265140567,0.001507961431545618,0.0036480686695279114,-0.008590669597683114
9,2,0.0007578401265586935,0.002886539177368321,0.001557556300018594,0.0014296017122650403,-0.006282570258700896
9,3,0.0027376633644946875,0.0021301334821636044,0.0022958234500720766,0.0005110227431282181,-0.007360704153295194
9,4,-0.001314255061106447,-0.00039590913331467213,-0.004465785054575981,0.0015369903908946678,0.004953820319059593
9,Aggregated,0.0008913126864387173,0.0017467493284850104,0.0017703782226549457,0.00104599033506526,-0.005224001663716223
9,Centralized,0.0008921797252826935,0.0017474713622759467,0.0017724900972356018,0.0010457831213141163,-0.0052275192120610995
10,0,0.0020674133779964186,0.00040127010712167065,0.007900368703257821,-0.0021720925363760153,-0.008127173546413617
10,1,0.0015940309617688572,0.003164218337462334,0.0011491445386556868,0.0034957023389976453,-0.00926352396571175
10,2,0.0015395263353806274,0.0029528429182951845,0.0006176716917923246,0.0012487204541224632,-0.006184277870835668
10,3,0.0029202130133482293,0.0022371052509185473,0.0018504953257987974,0.0006383424026789448,-0.007715920189758618
10,4,-0.0012763550704356621,0.0007906521130702708,-0.004322931243586152,0.001257113536710534,0.003586505271014101
10,Aggregated,0.0013694573755943216,0.001909422769708802,0.0014400544658067114,0.000893487781087629,-0.005542602644806872
10,Centralized,0.001370444844744186,0.0019098022239909863,0.0014420100633497782,0.0008933433873737961,-0.005545780793989924
11,0,0.001519592449143368,0.002412273049769137,0.005229887062819129,-0.0012485897391162606,-0.007703804505856207
11,1,0.0010491177873152143,0.0034451074124475177,0.0008252206985589057,0.003855100782767475,-0.009104760575502724
11,2,0.0012370882188721362,0.0032552810348036644,4.4784105713759534e-05,0.0016093197468825871,-0.005971989577517215
11,3,0.0028609134458862594,0.002695223477977769,0.0011226222036184396,0.0008929817217803763,-0.007362448258220546
11,4,-0.0007737428864632967,0.0012495335385763547,-0.004044803619740663,0.0005061106446496877,0.0032028407500699517
11,Aggregated,0.0011789522374997272,0.0026117399214536183,0.0006364375733190268,0.001123101921426465,-0.005389656429030543
11,Centralized,0.0011797206280051524,0.0026121886622074986,0.0006380359245760822,0.0011232830165845236,-0.005392642862794931
12,0,0.0016777742884725093,0.0008054479686427844,0.007362434139362867,-0.0016050804284866882,-0.008101003756818694
12,1,0.0013602475080544925,0.0034916314828384366,0.0007670656105702685,0.0036748200100026845,-0.009014620189120328
12,2,0.0013842359947887609,0.0029342313418946496,0.0003605992927600906,0.001276637818723251,-0.005885911036664824
12,3,0.003071368773545419,0.001963862145946697,0.0017313148225664024,0.0006121808287986734,-0.007553137063392385
12,4,0.0004215645116149062,-0.000403489131448855,-0.004315934322231555,0.0009317566937214139,0.003401086855117071
12,Aggregated,0.0015832484750861807,0.0017587418846685414,0.0011821486008422798,0.0009780733501793437,-0.005432386615756013
12,Centralized,0.0015837441060515397,0.0017594570818147267,0.001184026177742394,0.0009780579876093264,-0.005435465627749164
13,0,0.0013137234376635646,0.0009066378217430356,0.0072368191493074,-0.0012799934866301469,-0.007339753655047295
13,1,0.0009677006641310825,0.0033578747804645205,0.0011799667352896319,0.0037358828523907576,-0.00871802924037824
13,2,0.0010911036664805474,0.002821398659966473,0.00048331937465102376,0.001370277312488381,-0.005347338544574744
13,3,0.00258534486768055,0.0019603739360960068,0.0020156039253987844,0.000754034696060644,-0.0072107111297148915
13,4,-0.001135250489784482,0.000724764436981092,-0.004158503591752947,0.000663541375128283,0.003660556022016966
13,Aggregated,0.0009649112438852377,0.001954440129664513,0.0013524955461861306,0.0010488230412509683,-0.004992690098002793
13,Centralized,0.000965723169443176,0.0019548359469183946,0.001354386307886361,0.0010489250089602018,-0.004995717723504589
14,0,0.0009892180466869109,0.0011346057666585085,0.006967561091919938,-0.0015666980704141778,-0.0075246868348511796
14,1,0.0013143049885434614,0.0033526408225455903,0.0010526070925945578,0.003602707700896762,-0.009078009235027957
14,2,0.0011271635957565715,0.0028952633538060694,0.0004466778336125391,0.001255118183510162,-0.005619532849432339
14,3,0.002677201060415794,0.002255709036788976,0.001933049625598817,0.0007063624947676983,-0.007502558020557186
14,4,0.0005580044780296759,0.0009836505271014243,-0.0046401250116615425,0.0008991043940666095,0.0025841962869670664
14,Aggregated,0.0013333160530772195,0.0021245865657296705,0.0011530605605506,0.000979335101987554,-0.005429632779309984
14,Centralized,0.0013336731226639476,0.0021249633446441133,0.0011550509916728327,0.0009793380159095995,-0.005432440106312168
15,0,0.00201914465496586,0.0013852541958895848,0.005296183863126182,-0.0015341312211405722,-0.0073409167568070826
15,1,0.0014370122241994818,0.0031176942670714265,0.0009804947834886077,0.0035800272165811666,-0.008940763227374752
15,2,0.0013452680067001694,0.002840010236367032,0.0002460217755444009,0.0012812907128233648,-0.005677694025684003
15,3,0.0029760243709595234,0.002342332914748139,0.0013656341565508674,0.0007929863727268616,-0.007511859913492386
15,4,0.00012419535404420794,0.0005994029293777348,-0.004024395932456391,0.0007276798208788219,0.002608102434928607
15,Aggregated,0.0015805966600358644,0.0020572107890765583,0.0007737042552702095,0.0009696166238669182,-0.005374133635712931
15,Centralized,0.0015811840494509676,0.002057703675775811,0.0007753480513314777,0.0009696796205530748,-0.005376933424564438
16,0,0.002103469532549418,0.0010276004047594378,0.004577968526466414,-0.0008479011828744776,-0.006616885911348375
16,1,0.0009450201798155108,0.002756551170661912,0.002137199483582797,0.003201437593775082,-0.00907510148062855
16,2,0.000991648055090294,0.0024398613437557875,0.0011690396426577321,0.0011050623487809366,-0.005670714684533786
16,3,0.00274463978419609,0.0018871215292311876,0.0018173573322170973,0.000910422771033916,-0.007359541416678291
16,4,-0.0005136906427838372,0.0004542168112697346,-0.0034436514600242516,0.0006903629069876053,0.002742793171004787
16,Aggregated,0.0012545441409771176,0.001713305419502025,0.001252477291455366,0.0010119388128652994,-0.005197388115323226
16,Centralized,0.0012552422977206454,0.0017137251616326807,0.001254078635629478,0.0010120369206708317,-0.005200173152919168
17,0,0.0014858624981099447,0.0010991311629854506,0.004149365527990045,-0.0001831885271642501,-0.0063069192923688846
17,1,0.0006292380520371825,0.0026821126580364616,0.0023419053933028565,0.0031938774323365835,-0.008951812694092617
17,2,0.0007752884794341886,0.002476502884794329,0.0011998650660711133,0.0011911408896333538,-0.005607900614182021
17,3,0.002602204548625623,0.0020237430817171462,0.0017650341844565414,0.001113901678991706,-0.007435119296776917
17,4,-4.897844948225834e-05,-1.982461050472802e-05,-0.0031655238361787646,0.0005253521783748345,0.0027789439313368786
17,Aggregated,0.0010889291932328054,0.001652644999281182,0.0012589722270293182,0.0011683401940470735,-0.0051060474082219596
17,Centralized,0.0010894204497321276,0.0016532147328929899,0.0012604787771307653,0.0011685494719301506,-0.005108825678764104
18,0,0.001288716749828441,0.0013410563290181866,0.0038737104109238586,-0.00041231957383953873,-0.006126056968724198
18,1,0.0004448864231131481,0.002756551170661949,0.002436698186724351,0.0031083894529932393,-0.00874652523349268
18,2,0.0004734319746882598,0.002555602084496546,0.0012993206774613833,0.001238251442397187,-0.0055666061790433765
18,3,0.002485930886935467,0.002134203060322757,0.0017766615506255579,0.0010877401051113678,-0.007449653504488156
18,4,-0.0001708414964082472,0.0004297275865285814,-0.002666410112883649,0.00024314301707247982,0.0021643810056908353
18,Aggregated,0.0009046192112415843,0.001843691907758729,0.0013447605478207562,0.001053194570159764,-0.005146268741423621
18,Centralized,0.0009050963744943963,0.001844171682050296,0.0013461243070392445,0.0010534632911156582,-0.005148855654699595
19,0,0.0005850401851658009,0.0014922595577887018,0.002379124649615605,-0.000921176593740199,-0.0035352477988299085
19,1,-0.0006431952731544547,0.0015027274736266769,0.0013369854728590258,0.0018778277911534395,-0.004074345464484688
19,2,-0.00040945468081146446,0.0015651172529313122,0.0006054578447794556,0.0005472966685278117,-0.002273520379676151
19,3,0.001255174177945212,0.0012057578717269146,0.0005720664155155578,0.0001244128180084847,-0.003192293381703163
19,4,-0.0005031952607519282,-0.00020874148707902457,-0.002546879373075837,0.00033351991790279886,0.002505480921727776
19,Aggregated,5.6973120736033596e-05,0.0011116733930916084,0.000469926895317322,0.0003923888701027122,-0.002114859247237592
19,Centralized,5.72521748844664e-05,0.001112111860509496,0.000470934048287297,0.00039238685713487614,-0.0021164686113787448
20,0,0.0003372995103341603,0.0012677809181525427,0.002079044395594191,-0.0007647394070507297,-0.0028844923642369143
20,1,-0.001330588413180267,0.000806611070402552,0.000646684578433776,0.0010363236679577078,-0.0011590309036137688
20,2,-0.0009736180904522552,0.001123092313418933,0.00016052484645451466,0.00010236367020286149,-0.0005170528568769465
20,3,0.0005104413748197534,0.0006964792335240184,-4.185851820845965e-05,-0.0004749779080043037,-0.0007249662806381137
20,4,-0.0004775398824517459,0.00033002145722549705,-0.0019410625991230371,0.00033002145722548783,0.0020384364213079783
20,Aggregated,-0.00038678826564348735,0.0008448952477414547,0.00018107498527265912,4.574820170564372e-05,-0.000649936055048274
20,Centralized,-0.00038668491288826323,0.0008450514105911763,0.00018176401863719457,4.56155539729682e-05,-0.00065083620757872
21,0,-0.00019016713772288159,0.00084208567407561,0.0015922863091291817,0.0005309559533363429,-0.002740267746025114
21,1,-0.0014381753259592733,0.0006961164032241266,0.0006641311048303696,0.0008822126847878031,-0.0007344987612966369
21,2,-0.0009805974316024386,0.0004763400335008143,0.00020298250511817847,0.0003454773869346617,-9.305788200251556e-06
21,3,0.0003081252034788873,0.00012499418631693645,-6.976419701410497e-05,-0.0001279010278591693,-0.00023545416492254945
21,4,-0.00037725067636906935,-0.0002489737848680007,-0.001613373449015763,6.588767608917874e-05,0.0020687564138446007
21,Aggregated,-0.0005356483122845309,0.00037823427838723446,0.00015559289360309964,0.0003393830576279553,-0.0003306161883225903
21,Centralized,-0.0005356336605551182,0.00037842291204110795,0.00015616345263198364,0.0003394402319876755,-0.0003314109635587555
22,0,-0.000373937215766984,0.0012049734231247963,0.0014521325470765309,0.000451865033671787,-0.0022814241017946562
22,1,-0.0013980483152471006,0.0008089372739220705,0.0007391511683357185,0.0009194319411005106,-0.0005809693290065865
22,2,-0.000974199702214773,0.0005728875860785261,0.0002617252931323181,0.00038386376326074814,6.979341150196902e-05
22,3,0.0002087112227338391,0.00024068647969863928,-0.00018371238547043773,-0.0001459234454211385,-8.48797730337969e-05
22,4,-0.0004040722082283917,-9.212613116896991e-05,-0.0017713872562739022,2.448922474111437e-05,0.002068173337065023
22,Aggregated,-0.0005883493718473406,0.000547196733248914,9.99417502574889e-05,0.00032680708897160756,-0.0001622904362734352
22,Centralized,-0.0005883475532840891,0.0005473866476757239,0.00010054040467514976,0.0003268726814032952,-0.00016302905896971401
23,0,-0.0005588703955709077,0.0011392581736976066,0.0013398932272584891,0.0005140909778196349,-0.0022250136664456557
23,1,-0.0014341044698000331,0.0007263570489782304,0.0007786966281679945,0.0008717447689498373,-0.0006635495539504729
23,2,-0.0008404289968360068,0.00041876046901171787,0.0004158524101991283,0.0004740135864507722,-0.00022392052856875141
23,3,0.0002244081670619754,0.00012266871308309427,-0.00014766755034650858,-5.232314776069484e-06,-0.00022905911352959682
23,4,-0.0001504338091240028,-0.000237895326056529,-0.001383641197872948,0.0001848353391174525,0.0015871349939360273
23,Aggregated,-0.0005519680237412531,0.00043396133942561805,0.00020093194083661972,0.00040793650103018275,-0.0003512545713381977
23,Centralized,-0.000552041296040301,0.0004341623262070641,0.00020142990797759978,0.00040797992915624174,-0.0003518914163629594
24,0,-0.0006234225432383223,0.000967119113251208,0.0012462635355967274,0.00036812170696813676,-0.001225327703920831
24,1,-0.0013050001744652632,0.0007304279051374374,0.0009107086779022389,0.0009368784674971116,-0.0005053677146213557
24,2,-0.0007171273031825742,0.0005275218686022487,0.0005362460450399897,0.0006089475153545632,-0.0005717243625535107
24,3,0.00020871122273384093,0.00015929491651550665,-0.00014010976233665615,-3.25566252732575e-05,-0.00019533975163943396
24,4,-7.988151879838404e-05,-0.00013235842895790162,-0.001225627390614803,0.00045363373449015717,0.0010542028174270043
24,Aggregated,-0.0005034302721816181,0.00045051482927512356,0.00026578380285804113,0.00046701115553991567,-0.0002889676653294499
24,Centralized,-0.0005035165868394476,0.00045068632790133217,0.0002662458864545099,0.00046697759717742593,-0.00028940276206834703
25,0,-0.0008188236388801599,0.000725193947218435,0.0010188771415611233,0.00028612303290413054,-0.0009671191132512229
25,1,-0.0013329146166998374,0.0005891110413250133,0.0008101003756818752,0.0008013771124835533,-0.0006234225432382982
25,2,-0.000761329797133814,0.00037572119858550837,0.00048331937465102744,0.0004920435510887592,-0.0005199609156895528
25,3,0.00015638807497328673,7.499651179015225e-05,-0.00019824659318170938,1.6859680945087903e-05,-8.48797730338117e-05
25,4,1.1661535591030633e-06,-0.00014751842522624145,-0.0012553643063718941,0.0004209814348353454,0.0009457505364305951
25,Aggregated,-0.0005512136212903244,0.0003235929766277294,0.00017201195536857653,0.0004034765508078381,-0.00025015520811121414
25,Centralized,-0.000551343098785595,0.0003237307937571987,0.00017245472190802747,0.00040344164700076843,-0.0002505364482240036
26,0,-0.0008880281935866652,0.000621096339718763,0.0009176872884608704,0.00023727275899370625,-0.0008182420880002854
26,1,-0.001335240820219367,0.0005315375042162544,0.000836851716156665,0.0007001872593833151,-0.0006635495539504784
26,2,-0.0007479527265959259,0.0003949143867485294,0.0005228689745021109,0.0004501675041876022,-0.0005153080215894242
26,3,0.00013604018417747165,6.9182828705631e-05,-9.941398074509999e-05,-3.837030835776763e-05,-0.00010232082228734027
26,4,-5.364306371861878e-05,-0.00018775072301520276,-0.0008233044127250584,0.0003166106912958544,0.0007131029013900447
26,Aggregated,-0.0005778706863783219,0.0002858880464054578,0.00027114928937717407,0.0003331793881652736,-0.0002774533250805485
26,Centralized,-0.0005779909606728436,0.00028602814200401707,0.0002714823658646837,0.00033315645669546403,-0.00027776614115685436
27,0,-0.0008816311339078953,0.0005547995394117063,0.0008194051897600381,0.00038905753864407384,-0.0007420589227351449
27,1,-0.001279993486630173,0.0004966444514230617,0.0007583423473719652,0.0006856484873861387,-0.0006257487467578538
27,2,-0.000735738879583057,0.0003518751163223995,0.0004681974688256041,0.00040712823376140757,-0.000456565233575279
27,3,9.708850751129113e-05,4.4765359750716564e-05,-0.00010639040044648033,1.2790102785925627e-05,-8.31356681084472e-05
27,4,-1.5743073047843244e-05,-0.00015568150013993328,-0.0007883198059520591,0.00028162608452279023,0.0006781182946170454
27,Aggregated,-0.0005633133506181654,0.0002585612679697182,0.00023044362075569792,0.0003552669527107741,-0.0002460552073573247
27,Centralized,-0.000563445184533538,0.0002586820828620551,0.00023075419267450936,0.00035526603642725604,-0.00024634726469592675
28,0,-0.0008758156251090425,0.0005024599602219016,0.0007292648033776753,0.0003716110122474544,-0.0007275201507379888
28,1,-0.0012171859916024134,0.00048385033206557553,0.0007048396664224188,0.0007513637368133171,-0.000722867743698898
28,2,-0.0006956076679694445,0.0003163967988088397,0.0004210869160617692,0.0004327191513121183,-0.0004745951982132827
28,3,9.301892935213256e-05,6.68573554718314e-05,-7.848472164085722e-05,-9.25185853854297e-18,-8.139156318309748e-05
28,4,-5.830767795511616e-06,-8.163074913703495e-05,-0.0006996921354604187,0.0002944537736729258,0.0004926998787200394
28,Aggregated,-0.0005403913318893015,0.0002576530622995398,0.00021557956035232862,0.000370046954662132,-0.00030288824542469903
28,Centralized,-0.0005405210413379232,0.0002577511531891452,0.00021585931790781275,0.000370044544984847,-0.0003031339747438818
29,0,-0.0007670656105702722,0.0004454679739930578,0.0006053944659618338,0.00040185165800155076,-0.0006856484873861701
29,1,-0.0010287635065191851,0.00044837572839251383,0.0006257487467578685,0.0007420589227351282,-0.0006478476801935473
29,2,-0.000602549785966842,0.0003425693281221035,0.00036583379862271855,0.00038619021031079023,-0.0004571468453378062
29,3,8.19729314915733e-05,5.87181991535309e-05,-8.081019487464942e-05,-8.139156318328252e-06,-5.174177945212651e-05
29,4,1.1661535591012129e-05,-5.5392294057293734e-05,-0.000664707528687386,0.0002623845507976526,0.00044605373635601503
29,Aggregated,-0.0004610434218492272,0.00024800701136942256,0.00017045284987183282,0.00035689043277836475,-0.0002794060931524825
29,Centralized,-0.00046115928672166295,0.000248092757832626,0.00017070922877129857,0.00035689516335488114,-0.00027962800050267594
30,0,-0.000625748746757863,0.00040650406504064705,0.000502459960221909,0.0003774265210463183,-0.0005559626411714831
30,1,-0.0009019854147039504,0.0004675669074287551,0.0005315375042162507,0.0006711097153890011,-0.0005588703955708892
30,2,-0.0005094919039642431,0.000304764563558522,0.00032221291643401336,0.0003774660338730492,-0.00042515819839941313
30,3,4.709083298451988e-05,4.418399144224261e-05,-3.720757174086412e-05,-1.1045997860544462e-05,-4.3021254825353906e-05
30,4,-6.297229219143219e-05,-6.588767608920836e-05,-0.00043614143110361675,0.00017025841962869012,0.0003947429797555672
30,Aggregated,-0.0004106915994109776,0.0002314845500288401,0.00017669066220329173,0.0003170736323293229,-0.00023777563569098837
30,Centralized,-0.00041077271817500834,0.00023156875613833023,0.00017687663785439695,0.00031709791983762595,-0.0002379688976396288
31,0,-0.000533863707735797,0.0002948462961024486,0.00038789443688429145,0.0003442781208928029,-0.000493155146143746
31,1,-0.0007746257720088153,0.00034485967177268114,0.0004437233213533898,0.0006065575677215755,-0.000515835630459303
31,2,-0.00038851665736085265,0.00024253210496928598,0.0002628885166573484,0.0003414061045970455,-0.0003885166573608989
31,3,5.7555462536632944e-05,2.8487047114063766e-05,-2.383610064647379e-05,-5.813683084406514e-07,-6.162504069578227e-05
31,4,-4.8395372702673506e-05,-6.297229219142479e-05,-0.00034284914637558634,0.00012652766116241592,0.0003276891501072687
31,Aggregated,-0.0003376278304365306,0.00016959592491489031,0.0001456585588241467,0.00028366991059371855,-0.00022639526297880914
31,Centralized,-0.00033769473885097805,0.00016966193288928306,0.00014580686002073074,0.0002837008178217174,-0.0002265650091463974
32,0,-0.0003500936296916446,0.00026053479418916743,0.0003070588645800565,0.00024018051339313266,-0.0004227874896774619
32,1,-0.0005937634483641152,0.0002291310466753016,0.00029600939786223466,0.00040941181944010305,-0.0003756818684066632
32,2,-0.00031174390470871486,0.00022624697561884343,0.00020879862274334287,0.0002466033873068781,-0.00030011166945842125
32,3,4.3021254825363156e-05,2.848704711409707e-05,1.685968094507125e-05,-9.301892935229909e-06,-7.906608994930157e-05
32,4,-2.9736915757061498e-05,-8.512920981435524e-05,-0.00025713685978169624,8.104767235748896e-05,0.000290955312995624
32,Aggregated,-0.00024850745435311896,0.00013189604765251095,0.00011438938700198886,0.00019361135631006538,-0.00017742818996503349
32,Centralized,-0.00024855822266907265,0.00013195928113611625,0.00011450434976888283,0.00019363337196693365,-0.00017757483510907334
33,0,-0.0003192714330576755,0.0002041243588401409,0.00022447863963619418,0.00014887702525093934,-0.0002582085906695989
33,1,-0.00043907091431429903,0.0001977272991614043,0.0002035428079602793,0.0002558823871500526,-0.00021808157995743723
33,2,-0.0002611436813697928,0.00015180067001676438,0.00012853619951611235,0.0001576167876418973,-0.00017680997580498125
33,3,2.3254732338020187e-05,3.1975256964815e-05,3.4882098507064514e-05,-5.813683084530489e-06,-8.42984047253692e-05
33,4,-2.565537830021188e-05,-0.00010437074353951137,-0.00018017072488106246,4.722921914357229e-05,0.0002629676275772134
33,Aggregated,-0.0002044132651984408,9.629003343795622e-05,8.230420861756873e-05,0.00012077334422331862,-9.495432108040278e-05
33,Centralized,-0.00020445542941458135,9.635122114700079e-05,8.238727605324181e-05,0.0001207881250610813,-9.507119284674256e-05
34,0,-0.0002582085906695897,0.00014015376205263607,0.0001110762180583258,0.0001168917268571823,-0.00010991311629855449
34,1,-0.000341951917373264,0.0001174732777370846,0.00014655082173138564,0.0001552740849296889,-7.734626702489514e-05
34,2,-0.0001675041876046742,0.00010003722315281942,8.840498790247952e-05,9.131304671504137e-05,-0.00011225107016566612
34,3,2.558020557182165e-05,2.2673364029590636e-05,4.0114413283124746e-05,-3.4882098507197737e-06,-8.487977303381725e-05
34,4,-2.3906147961555434e-05,-7.929844201885842e-05,-0.00016675995895139387,8.163074913695538e-06,0.0002618014740181122
34,Aggregated,-0.00015322440721874314,6.023465203505471e-05,4.3917402265232924e-05,7.364386871430278e-05,-2.457151579584731e-05
34,Centralized,-0.00015325429740409662,6.027769632142947e-05,4.398642704536345e-05,7.365981036962325e-05,-2.4669636332319557e-05
35,0,-6.0481291508176124e-05,7.618316526512755e-05,4.1290112471933e-05,1.802807727646072e-05,-7.502006350534514e-05
35,1,-0.00014015376205264718,6.920455470649234e-05,6.629680030705483e-05,6.629680030705483e-05,-6.164439326795483e-05
35,2,-6.863018797691467e-05,5.641634096409572e-05,6.804857621442636e-05,5.3508282151478366e-05,-0.00010934301135308578
35,3,2.0929259104229824e-05,2.0929259104229824e-05,3.5463466815505165e-05,3.488209850695719e-06,-8.081019487466054e-05
35,4,-5.830767795404294e-07,-5.014460304133735e-05,-0.00013469073607613364,1.690922660695926e-05,0.00016850918929005217
35,Aggregated,-4.9793756136455473e-05,3.453394778113818e-05,1.5309867785584255e-05,3.1649063394807946e-05,-3.1699122825074915e-05
35,Centralized,-4.980473750109497e-05,3.4560764107070356e-05,1.5360339603141353e-05,3.165160887919812e-05,-3.1767975088314857e-05
36,0,-1.744652639658987e-05,4.943182479034321e-05,2.0354280796014423e-05,-5.815508798886112e-06,-1.1631017597742617e-05
36,1,-9.014038638240906e-05,2.9077543994325087e-05,2.9077543994325087e-05,2.9077543994325087e-05,2.907754399433804e-06
36,2,-3.1988646938376404e-05,3.198864693840046e-05,4.0712823376160004e-05,2.617252931321201e-05,-6.688535268939607e-05
36,3,1.9185154178874563e-05,2.7905678805641618e-05,4.825356960139748e-05,1.046462955209826e-05,-7.092693363101773e-05
36,4,1.1661535591013979e-05,-4.0815374568522095e-05,-7.871536523927914e-05,1.4576919488762386e-05,9.329228472802486e-05
36,Aggregated,-2.175247786498102e-05,1.95290682741923e-05,1.1953432780245183e-05,1.4895255950092577e-05,-1.0667680734981037e-05
36,Centralized,-2.176048110443992e-05,1.9549523131281073e-05,1.198571953881326e-05,1.4894874766685495e-05,-1.0705691238553176e-05
37,0,1.9191179036265325e-05,3.082219663399684e-05,4.652407039077803e-06,-3.314840015353574e-05,-2.151738255580423e-05
37,1,-4.187166335183346e-05,7.560161438530111e-06,1.3375670237386617e-05,1.0467915837958364e-05,1.0467915837958364e-05
37,2,-1.6866741112951204e-05,1.8029964638003695e-05,1.512190582542335e-05,9.305788200244154e-06,-2.5590917550719998e-05
37,3,-8.139156318311598e-06,2.964978373100613e-05,3.837030835776393e-05,5.813683084462025e-07,-6.0462304078904666e-05
37,4,1.6326149827420682e-05,-2.157384084336411e-05,-6.238921541186955e-05,-9.912305252342731e-06,7.754921168015572e-05
37,Aggregated,-6.276293936444094e-06,1.2904073563628419e-05,1.8381053080303412e-06,-4.540226844591276e-06,-3.92565809062339e-06
37,Centralized,-6.283775292181825e-06,1.2916649211747178e-05,1.8618593458326801e-06,-4.538282155486239e-06,-3.9564511099117926e-06
38,0,1.9772729916145426e-05,2.268048431558293e-05,-5.815508798986031e-07,-3.83823580725214e-05,-3.489305279308352e-06
38,1,9.88636495805606e-06,-1.7446526396569518e-06,1.163101759771301e-06,1.163101759771301e-06,-1.046791583794171e-05
38,2,-6.397729387678611e-06,1.3958682300411566e-05,8.14256467523237e-06,-5.816117625271715e-07,-1.5121905825438153e-05
38,3,-2.6161573880293756e-05,3.197525696480759e-05,3.778894004931588e-05,-2.9068415422606185e-06,-4.06957815915691e-05
38,4,1.0495382031912766e-05,-1.5743073047859897e-05,-4.781229592311087e-05,-1.2827689150092987e-05,6.588767608915099e-05
38,Aggregated,1.5176115568265895e-06,1.0230095128538688e-05,-2.511332704814857e-07,-1.0706804260317905e-05,-7.897691545658874e-07
38,Centralized,1.5127607184935629e-06,1.024022640211027e-05,-2.327324182297789e-07,-1.070569123856983e-05,-8.145634638042262e-07
39,0,1.0467915837960214e-05,1.0467915837960214e-05,-1.163101759780553e-06,-2.7332891354662584e-05,7.560161438522709e-06
39,1,0.0,2.907754399428253e-06,5.815508798856506e-06,2.907754399428253e-06,-1.1631017597713011e-05
39,2,-1.7448352875537588e-06,9.88739996279538e-06,1.2795458775384978e-05,-4.652894100152608e-06,-1.6285129350473994e-05
39,3,-2.0347890795781773e-05,1.744104925351745e-05,2.9068415422552525e-05,-5.813683084506434e-06,-2.0347890795781773e-05
39,4,-6.996921354612828e-06,-9.912305252361234e-06,-3.3235376434339235e-05,-1.2827689150100388e-05,6.297229219141369e-05
39,Aggregated,-3.723582216794437e-06,6.1613168893729956e-06,2.662756674465669e-06,-9.543314541084598e-06,4.442823194040369e-06
39,Centralized,-3.7237186916764623e-06,6.1674090830891405e-06,2.6764228096424575e-06,-9.542029147420935e-06,4.421915946365799e-06
40,0,3.54746036730876e-05,6.397059678749558e-06,-1.6864975516713473e-05,-2.5588238715007484e-05,5.815508798838002e-07
40,1,-3.4893052793139036e-06,5.233957918970855e-06,5.233957918970855e-06,-3.4893052793139036e-06,-3.4893052793139036e-06
40,2,-1.1632235250413903e-06,7.5609529127274035e-06,1.0469011725317e-05,-4.071282337630988e-06,-1.2795458775372027e-05
40,3,-2.5580205571838302e-05,1.2208734477470174e-05,3.25566252732538e-05,1.2208734477470174e-05,-3.139388865635584e-05
40,4,1.1661535590901107e-06,-1.9241533725157987e-05,-2.2156917622887888e-05,-1.6326149827400326e-05,5.6558447616356086e-05
40,Aggregated,1.2818824480738073e-06,2.4358663976803206e-06,1.8518101148369014e-06,-7.4517458548166e-06,1.8821868942255694e-06
40,Centralized,1.2800283002637838e-06,2.4436903914126782e-06,1.8618593458382311e-06,-7.4474373833529246e-06,1.8618593458382311e-06
41,0,2.558823871499638e-05,5.233957918980107e-06,-1.2212568477617166e-05,-2.965909487421444e-05,1.1049466717855117e-05
41,1,-9.304814078170408e-06,5.233957918970855e-06,8.141712318399109e-06,-3.4893052793139036e-06,-5.815508798856505e-07
41,2,-1.1632235250413903e-06,1.7448352875482076e-06,1.0469011725317e-05,-1.1632235250413903e-06,-9.887399962782429e-06
41,3,-2.616157388030301e-05,2.0347890795791023e-05,2.0347890795791023e-05,1.4534207711282739e-05,-2.9068415422561778e-05
41,4,-4.664614236430757e-06,-2.215691762290269e-05,-2.5072301520651098e-05,-1.341076592964822e-05,6.530459930963276e-05
41,Aggregated,-3.1407108413303785e-06,2.0852245757088157e-06,3.393742971174707e-07,-6.636562095719213e-06,7.352674064223302e-06
41,Centralized,-3.141887646102015e-06,2.09459176406801e-06,3.4909862734466837e-07,-6.632873919548698e-06,7.3310711742380356e-06
42,0,3.024064575410379e-05,6.978610558650011e-06,-7.5601614385097564e-06,-1.628342463682227e-05,2.1517382555828284e-05
42,1,-4.652407039085204e-06,-1.7446526396569518e-06,6.978610558627807e-06,-4.652407039085204e-06,4.070856159199554e-06
42,2,-1.7448352875537588e-06,-1.7448352875537588e-06,6.979341150215035e-06,-1.7448352875537588e-06,-1.7448352875537588e-06
42,3,-2.3836100646499696e-05,1.6859680945086053e-05,1.9766522487344822e-05,1.6859680945086053e-05,-2.9649783731017232e-05
42,4,-9.329228472822655e-06,-1.5159996268300964e-05,-1.807538016604937e-05,-9.3292284727949e-06,5.189383337996789e-05
42,Aggregated,-1.862759044250994e-06,1.0407380706192805e-06,1.6213628963569212e-06,-3.029022798081646e-06,9.209732299046346e-06
42,Centralized,-1.8618593458382311e-06,1.047295882034005e-06,1.6291269276084523e-06,-3.0255214369871258e-06,9.192930520076266e-06
43,0,8.14171231840651e-06,-9.304814078200016e-06,-1.8028077276512528e-05,-2.6751340474797287e-05,1.1049466717853266e-05
43,1,-1.7446526396569518e-06,-1.7446526396569518e-06,6.978610558627807e-06,-1.7446526396569518e-06,-1.7446526396569518e-06
43,2,0.0,0.0,0.0,0.0,0.0
43,3,-2.5580205571854955e-05,1.5115576019730791e-05,1.802241756198956e-05,1.5115576019730791e-05,-2.267336402959619e-05
43,4,-2.9153838977576583e-06,-2.04076872842666e-05,-1.4576919488751283e-05,-8.746151693245219e-06,4.664614236402076e-05
43,Aggregated,-4.41983054119532e-06,-3.265217872476482e-06,-1.518477925010877e-06,-4.424688186195837e-06,6.64816310118861e-06
43,Centralized,-4.421915946365799e-06,-3.2582538552169046e-06,-1.5127607184935629e-06,-4.421915946365799e-06,6.632873919548698e-06
44,0,2.209893343570098e-05,-4.070856159208806e-06,-1.279411935752132e-05,-2.4425136955243584e-05,1.919117903627273e-05
44,1,0.0,0.0,0.0,0.0,0.0
44,2,0.0,0.0,0.0,0.0,0.0
44,3,-2.5580205571854955e-05,1.2208734477481275e-05,1.5115576019740044e-05,1.2208734477481275e-05,-1.395283940284764e-05
44,4,5.247691015954533e-06,-2.0990764063827382e-05,-2.099076406380888e-05,-9.329228472796751e-06,4.606306558447848e-05
44,Aggregated,3.525813781463925e-07,-2.5671976060551738e-06,-3.730748213563742e-06,-4.308338871746839e-06,1.0253703313219361e-05
44,Centralized,3.4909862734466837e-07,-2.5600566005275677e-06,-3.7237186916764623e-06,-4.30554973725091e-06,1.024022640211027e-05
45,0,1.860962815639078e-05,9.886364958078264e-06,-7.560161438528261e-06,-1.3375670237384766e-05,2.733289135469404e-05
45,1,0.0,0.0,0.0,0.0,0.0
45,2,0.0,0.0,0.0,0.0,0.0
45,3,-1.8022417562004363e-05,1.1045997860583319e-05,1.3952839402842088e-05,8.139156318324551e-06,-1.5115576019745596e-05
45,4,7.57999813416436e-06,-2.1573840843375214e-05,-2.448922474112362e-05,-9.912305252344581e-06,4.8395372702679056e-05
45,Aggregated,1.6324891612675858e-06,-1.242897058501323e-07,-3.6154920188097965e-06,-3.028564171924314e-06,1.211590815900656e-05
45,Centralized,1.6291269276084523e-06,-1.1636620911488945e-07,-3.607352482561573e-06,-3.0255214369871258e-06,1.2102085747948503e-05
46,0,1.802807727650883e-05,-8.141712318400959e-06,-1.6864975516722726e-05,-1.6864975516731975e-05,2.384358607534683e-05
46,1,0.0,0.0,0.0,0.0,0.0
46,2,0.0,0.0,0.0,0.0,0.0
46,3,-1.8603785870456117e-05,1.0464629552131566e-05,1.3371471094390334e-05,1.0464629552131566e-05,-1.5696944328197348e-05
46,4,1.3410765929670425e-05,-1.574307304786915e-05,-2.157384084336596e-05,-6.996921354596175e-06,3.090306931616086e-05
46,Aggregated,2.565140220250921e-06,-2.6816643587061965e-06,-5.010492665277563e-06,-2.678760666040953e-06,7.805777469773793e-06
46,Centralized,2.5600566005275677e-06,-2.6764228096424575e-06,-5.003746991940246e-06,-2.6764228096424575e-06,7.796536010697593e-06
47,0,2.5588238715027837e-05,-6.397059678747707e-06,-1.5120322877060221e-05,-2.3843586075363484e-05,1.9772729916143576e-05
47,1,0.0,0.0,0.0,0.0,0.0
47,2,0.0,0.0,0.0,0.0,0.0
47,3,-1.744104925355261e-05,1.1627366169035073e-05,1.1627366169035073e-05,1.1627366169035073e-05,-1.744104925355261e-05
47,4,1.0495382031918318e-05,-1.5743073047863597e-05,-2.448922474111807e-05,1.749230338654595e-06,2.7987685418408755e-05
47,Aggregated,3.7274307452147518e-06,-2.1000768881583584e-06,-5.593006292668557e-06,-2.0942695028241657e-06,6.059921938436331e-06
47,Centralized,3.7237186916764623e-06,-2.09459176406801e-06,-5.585578037514694e-06,-2.09459176406801e-06,6.0510428739742515e-06
48,0,2.4425136955258387e-05,-1.0467915837954663e-05,-1.6283424636838926e-05,-1.919117903626718e-05,2.151738255580238e-05
48,1,0.0,0.0,0.0,0.0,0.0
48,2,0.0,0.0,0.0,0.0,0.0
48,3,-1.744104925355261e-05,1.1627366169035073e-05,1.1627366169035073e-05,1.1627366169035073e-05,-1.744104925355261e-05
48,4,1.5159996268315768e-05,-1.690922660696296e-05,-1.9824610504720618e-05,-5.24769101594158e-06,2.682153185930939e-05
48,Aggregated,4.4269845236719995e-06,-3.147471760732521e-06,-4.893452514213163e-06,-2.561929218534952e-06,6.175868969808636e-06
48,Centralized,4.421915946365799e-06,-3.141887646102015e-06,-4.8873807828253565e-06,-2.5600566005275677e-06,6.1674090830891405e-06
49,0,2.3262035195501887e-05,-1.1631017597738917e-05,-1.4538771997176421e-05,-8.723263198310664e-06,1.1631017597724114e-05
49,1,0.0,0.0,0.0,0.0,0.0
49,2,0.0,0.0,0.0,0.0,0.0
49,3,-1.8603785870456117e-05,1.0464629552131566e-05,1.3371471094390334e-05,1.0464629552131566e-05,-1.5696944328197348e-05
49,4,1.1661535591002877e-05,-8.746151693245219e-06,-1.7492303386518193e-05,2.9153838977576583e-06,1.1661535591002877e-05
49,Aggregated,3.2625646240846443e-06,-1.981336262203532e-06,-3.729461514358902e-06,9.30890087885123e-07,1.5173430645926675e-06
49,Centralized,3.2582538552169046e-06,-1.9782255549531206e-06,-3.7237186916764623e-06,9.309296729191156e-07,1.5127607184935629e-06
50,0,2.6169789594937543e-05,-1.1631017597740767e-05,-1.1631017597740767e-05,-1.1631017597740767e-05,8.723263198284759e-06
50,1,0.0,0.0,0.0,0.0,0.0
50,2,0.0,0.0,0.0,0.0,0.0
