,BeforeEvaluation,BeforeSV,AfterSV,BeforeGradientRewards,AfterGradientRewards,AfterEvaluation
0,1786844941.1960285,,,,,
1,1786844969.632652,1786844944.964118,1786844968.6818378,1786844968.6823373,1786844969.6318722,1786844970.431019
2,1786845002.736489,1786844978.311191,1786845001.9411263,1786845001.94139,1786845002.7358932,1786845003.5302963
3,1786845035.898204,1786845011.4487176,1786845035.103248,1786845035.1034992,1786845035.8976414,1786845036.6246746
4,1786845068.9903502,1786845044.546212,1786845068.193658,1786845068.1939206,1786845068.989791,1786845069.7165437
5,1786845102.0063508,1786845077.526644,1786845101.2114441,1786845101.2116961,1786845102.0057778,1786845102.802229
6,1786845135.0213337,1786845110.474672,1786845134.2262933,1786845134.2265563,1786845135.0207782,1786845135.7519138
7,1786845167.9706328,1786845143.449587,1786845167.1749456,1786845167.1752017,1786845167.9700792,1786845168.6958961
8,1786845201.2204382,1786845176.6633458,1786845200.432566,1786845200.4328334,1786845201.2198813,1786845202.0178628
9,1786845234.6755438,1786845210.13421,1786845233.8822653,1786845233.8825207,1786845234.6749952,1786845235.4023635
10,1786845267.5759716,1786845243.1127207,1786845266.7781234,1786845266.778388,1786845267.5754058,1786845268.3078818
11,1786845300.5240948,1786845276.0305452,1786845299.7310514,1786845299.731307,1786845300.5235245,1786845301.3194785
12,1786845333.491865,1786845309.0437102,1786845332.6989155,1786845332.699181,1786845333.491297,1786845334.2173946
13,1786845366.7370348,1786845342.2755156,1786845365.943048,1786845365.943306,1786845366.7364576,1786845367.5323756
14,1786845399.7860062,1786845375.339923,1786845398.9932187,1786845398.9934719,1786845399.7854488,1786845400.5130482
15,1786845432.6194525,1786845408.2294245,1786845431.8258991,1786845431.8261726,1786845432.6188931,1786845433.3449252
16,1786845465.5551457,1786845441.0974882,1786845464.7620475,1786845464.7623086,1786845465.5545805,1786845466.351695
17,1786845498.6473606,1786845474.2162378,1786845497.8522391,1786845497.8524895,1786845498.6467974,1786845499.3708673
18,1786845531.7833178,1786845507.358031,1786845530.9860227,1786845530.9862814,1786845531.782757,1786845532.510253
19,1786845564.7163906,1786845540.2429216,1786845563.922069,1786845563.9223316,1786845564.7158308,1786845565.4428554
20,1786845597.6845105,1786845573.1730592,1786845596.8919487,1786845596.892211,1786845597.6839879,1786845598.4097285
21,1786845630.7629974,1786845606.2536602,1786845629.969377,1786845629.9696527,1786845630.762431,1786845631.492427
22,1786845663.7838976,1786845639.2981842,1786845662.991432,1786845662.991716,1786845663.7833204,1786845664.5807116
23,1786845697.0808063,1786845672.6678822,1786845696.285501,1786845696.2857816,1786845697.0802324,1786845697.8820987
24,1786845730.3270519,1786845705.7914875,1786845729.5342777,1786845729.5345356,1786845730.3264773,1786845731.0544205
25,1786845763.2747948,1786845738.8026607,1786845762.4784267,1786845762.478686,1786845763.2742229,1786845764.0026512
26,1786845796.30088,1786845771.7964888,1786845795.505407,1786845795.5056696,1786845796.300305,1786845797.093749
27,1786845829.5005696,1786845804.9598289,1786845828.6915329,1786845828.6918056,1786845829.5000439,1786845830.2263796
28,1786845862.9832604,1786845838.2454736,1786845862.1860104,1786845862.1862788,1786845862.9826858,1786845863.7091837
29,1786845895.9070127,1786845871.419231,1786845895.1153772,1786845895.1156437,1786845895.9064367,1786845896.6375048
30,1786845929.0261505,1786845904.3649807,1786845928.0991752,1786845928.0994442,1786845929.0255816,1786845929.8266814
31,1786845961.9498622,1786845937.4841387,1786845961.1541538,1786845961.154408,1786845961.9492936,1786845962.678134
32,1786845995.3230562,1786845970.826298,1786845994.5321326,1786845994.5323992,1786845995.322474,1786845996.056788
33,1786846028.6004047,1786846004.099974,1786846027.8056579,1786846027.8059442,1786846028.5998466,1786846029.4005945
34,1786846061.6377957,1786846037.150375,1786846060.8426237,1786846060.8429053,1786846061.637228,1786846062.4396496
35,1786846094.61432,1786846070.1624055,1786846093.8907588,1786846093.8910184,1786846094.6137505,1786846095.4060884
36,1786846127.7462378,1786846103.171629,1786846126.9529676,1786846126.9532251,1786846127.7456555,1786846128.4749656
37,1786846161.0318017,1786846136.5159273,1786846160.2365959,1786846160.2368717,1786846161.03122,1786846161.8311164
38,1786846194.2921367,1786846169.911726,1786846193.499653,1786846193.4999247,1786846194.291566,1786846195.0903974
39,1786846227.2806761,1786846202.7870471,1786846226.4879162,1786846226.4881709,1786846227.2800887,1786846228.0770624
40,1786846260.323362,1786846235.8066132,1786846259.5286775,1786846259.5289574,1786846260.3228076,1786846261.052276
41,1786846293.2882748,1786846268.754382,1786846292.4981022,1786846292.4983637,1786846293.2877123,1786846294.0228453
42,1786846326.4814272,1786846301.9922223,1786846325.6853673,1786846325.6856265,1786846326.4808686,1786846327.2118099
43,1786846359.692952,1786846335.2484312,1786846358.896474,1786846358.8967476,1786846359.6923678,1786846360.492414
44,1786846392.7612424,1786846368.3093245,1786846391.9560058,1786846391.9562685,1786846392.7606192,1786846393.4894872
45,1786846425.7088568,1786846401.2198064,1786846424.912985,1786846424.9132535,1786846425.7082756,1786846426.509041
46,1786846458.614333,1786846434.1979547,1786846457.8951738,1786846457.8954296,1786846458.6137655,1786846459.4072244
47,1786846492.052958,1786846467.5410573,1786846491.2548838,1786846491.2551541,1786846492.052402,1786846492.780916
48,1786846524.9426649,1786846500.4628952,1786846524.1457787,1786846524.1460505,1786846524.9421005,1786846525.675386
49,1786846557.8979013,1786846533.3825333,1786846557.1057615,1786846557.1060243,1786846557.897325,1786846558.6258729
50,1786846591.1248329,1786846566.313938,1786846590.1013916,1786846590.101651,1786846590.899238,1786846591.8512452
