,BeforeLocalTraining,AfterLocalTraining,BeforeLocalPartialEvaluations,AfterLocalPartialEvaluations,BeforeEvaluation,AfterEvaluation
1,1789130651.9630373,1789130652.0402822,1789130658.411438,1789130659.8069105,1789130660.6483228,1789130660.6726027
2,1789130662.291985,1789130662.3696423,1789130669.014805,1789130670.4971876,1789130671.2327373,1789130671.2566197
3,1789130672.504039,1789130672.5797262,1789130679.163937,1789130680.566236,1789130681.7565277,1789130681.7807245
4,1789130682.9440172,1789130683.0199816,1789130689.5855286,1789130690.9754488,1789130691.8061898,1789130691.829959
5,1789130693.1297238,1789130693.2053978,1789130699.6329691,1789130701.018916,1789130701.8481023,1789130701.8719745
6,1789130703.1873205,1789130703.2626104,1789130709.641972,1789130711.333317,1789130712.2478292,1789130712.2720423
7,1789130713.5652828,1789130713.654972,1789130720.2114406,1789130721.6006444,1789130722.424979,1789130722.4491913
8,1789130723.801434,1789130723.8839173,1789130730.7712693,1789130732.1524231,1789130732.947792,1789130732.9715471
9,1789130734.3828006,1789130734.4697847,1789130740.8669827,1789130742.4075775,1789130743.3191864,1789130743.343272
10,1789130744.595573,1789130744.678713,1789130751.1412377,1789130752.5419726,1789130753.4245524,1789130753.4488604
11,1789130754.7584965,1789130754.833584,1789130761.4022186,1789130762.801044,1789130763.5910096,1789130763.6156533
12,1789130765.0300977,1789130765.10549,1789130771.5373728,1789130773.0204496,1789130773.7873762,1789130773.811038
13,1789130775.1464996,1789130775.2219296,1789130781.7630422,1789130783.1672244,1789130784.0428483,1789130784.0669518
14,1789130785.4011853,1789130785.4840233,1789130792.0278037,1789130793.4248002,1789130794.3255603,1789130794.3486767
15,1789130795.647181,1789130795.7244575,1789130802.1386962,1789130803.540085,1789130804.4711986,1789130804.4960675
16,1789130805.7589555,1789130805.8341322,1789130812.248767,1789130813.6330543,1789130814.5660498,1789130814.589828
17,1789130816.004582,1789130816.1027331,1789130822.5124135,1789130823.9251723,1789130824.7550683,1789130824.7802887
18,1789130826.1085207,1789130826.1850903,1789130832.7575095,1789130834.2300518,1789130835.0457404,1789130835.0693014
19,1789130836.3386974,1789130836.4141974,1789130843.1469893,1789130844.5441313,1789130845.3626995,1789130845.3864126
20,1789130846.7954125,1789130846.8706539,1789130853.4775808,1789130854.8712635,1789130855.8468583,1789130855.870713
21,1789130857.14568,1789130857.2274098,1789130863.9223723,1789130865.3138568,1789130866.147195,1789130866.171893
22,1789130867.5449677,1789130867.7218363,1789130874.156555,1789130875.5448573,1789130876.6698844,1789130876.6941514
23,1789130878.0094314,1789130878.0849333,1789130884.511548,1789130885.8946779,1789130886.8208768,1789130886.844698
24,1789130888.1430912,1789130888.2188938,1789130895.0207648,1789130896.4397836,1789130897.4306664,1789130897.4542174
25,1789130898.6787195,1789130898.7558186,1789130905.4928613,1789130907.205184,1789130908.0205126,1789130908.0441709
26,1789130909.3604043,1789130909.440048,1789130916.206492,1789130917.7175996,1789130918.5408742,1789130918.5645137
27,1789130919.8598387,1789130919.93498,1789130926.4598615,1789130927.8626878,1789130928.8443515,1789130928.8675854
28,1789130930.1074207,1789130930.1834376,1789130937.0926063,1789130938.487449,1789130939.345554,1789130939.3697724
29,1789130940.8874123,1789130940.9695437,1789130947.772674,1789130949.263934,1789130950.0348985,1789130950.0584683
30,1789130951.68807,1789130951.7654808,1789130958.1654649,1789130959.5595334,1789130960.5346246,1789130960.5588791
31,1789130961.7378132,1789130961.817809,1789130968.5985315,1789130969.9904234,1789130970.8389542,1789130970.8627932
32,1789130972.2487626,1789130972.3236568,1789130978.71164,1789130980.194186,1789130981.150978,1789130981.176096
33,1789130982.6201072,1789130982.6966286,1789130989.239796,1789130990.654756,1789130991.650489,1789130991.674492
34,1789130992.9351163,1789130993.0101323,1789130999.6123827,1789131001.0170681,1789131001.885144,1789131001.90938
35,1789131003.161509,1789131003.2370183,1789131009.9270444,1789131011.6744514,1789131012.5042264,1789131012.527843
36,1789131013.8682256,1789131013.9458048,1789131020.3743207,1789131021.7729368,1789131022.7297933,1789131022.752827
37,1789131024.1099606,1789131024.1853085,1789131030.7824185,1789131032.1774786,1789131032.9804947,1789131033.0046492
38,1789131034.4942536,1789131034.5860734,1789131041.53971,1789131042.9410799,1789131043.790044,1789131043.8135285
39,1789131045.1309173,1789131045.2066498,1789131051.9726672,1789131053.380554,1789131054.201471,1789131054.2259693
40,1789131055.687311,1789131055.7646239,1789131062.5531485,1789131063.954725,1789131064.81704,1789131064.8405612
41,1789131066.2439566,1789131066.3210404,1789131073.1622572,1789131074.5571773,1789131075.3992288,1789131075.4226902
42,1789131076.809573,1789131076.8847911,1789131083.523367,1789131084.9221861,1789131085.8211472,1789131085.8467133
43,1789131087.534975,1789131087.6118305,1789131094.1750298,1789131095.5618522,1789131096.3827164,1789131096.406566
44,1789131097.8126593,1789131097.8888953,1789131104.6713383,1789131106.0734847,1789131106.9985514,1789131107.022152
45,1789131108.4386723,1789131108.5144799,1789131115.31901,1789131116.9023943,1789131117.697881,1789131117.72172
46,1789131119.3206,1789131119.399921,1789131125.7858672,1789131127.2702334,1789131128.0752916,1789131128.0990384
47,1789131129.445011,1789131129.52102,1789131136.1274202,1789131137.5161295,1789131138.3731203,1789131138.397015
48,1789131139.8703365,1789131139.9459324,,,,
