,BeforeEvaluation,AfterEvaluation
0,1786795421.8274808,
1,1786795423.6025743,1786795423.6157575
2,1786795423.6662579,1786795423.6811383
3,1786795423.7331746,1786795423.7475166
4,1786795423.7982697,1786795423.8127887
5,1786795423.862484,1786795423.877495
6,1786795423.9287608,1786795423.9431276
7,1786795423.9966109,1786795424.010997
8,1786795424.063531,1786795424.0782177
9,1786795424.1292267,1786795424.1435368
10,1786795424.195202,1786795424.2095678
11,1786795424.2642446,1786795424.2786007
12,1786795424.3267517,1786795424.3410609
13,1786795424.3914976,1786795424.4060104
14,1786795424.4567323,1786795424.471079
15,1786795424.519958,1786795424.5339923
16,1786795424.5851924,1786795424.6006885
17,1786795424.6535153,1786795424.6689844
18,1786795424.720855,1786795424.7347534
19,1786795424.786284,1786795424.800129
20,1786795424.852405,1786795424.8672786
21,1786795424.9167237,1786795424.930469
22,1786795424.9745512,1786795424.988415
23,1786795425.0377424,1786795425.0516217
24,1786795425.1009173,1786795425.1150377
25,1786795425.1624265,1786795425.176738
26,1786795425.2249055,1786795425.2392175
27,1786795425.292838,1786795425.3066707
28,1786795425.3546615,1786795425.3683584
29,1786795425.4167368,1786795425.431383
30,1786795425.483853,1786795425.4979954
31,1786795425.5491607,1786795425.56313
32,1786795425.6115654,1786795425.6256623
33,1786795425.6753607,1786795425.689674
34,1786795425.7388492,1786795425.753011
35,1786795425.8013287,1786795425.815229
36,1786795425.8655918,1786795425.880356
37,1786795425.9332366,1786795425.9469733
38,1786795425.992189,1786795426.0058963
39,1786795426.0526125,1786795426.0668879
40,1786795426.1227753,1786795426.1368716
41,1786795426.1868932,1786795426.2025554
42,1786795426.2535648,1786795426.267623
43,1786795426.3155732,1786795426.3298998
44,1786795426.3783731,1786795426.3926508
45,1786795426.439788,1786795426.45539
46,1786795426.5066044,1786795426.5206869
47,1786795426.5737782,1786795426.588221
48,1786795426.6326666,1786795426.64672
49,1786795426.692656,1786795426.707003
50,1786795426.7613394,1786795426.7763836
