Round,Evaluator,1,4,3,0,2,5
0,0,,,,,,
0,1,,,,,,
0,2,,,,,,
0,3,,,,,,
0,4,,,,,,
0,5,,,,,,
0,Aggregated,,,,,,
0,Centralized,,,,,,
1,0,8.073687538275987,8.48326967892846,9.327395417320657,8.344312852255884,9.414046441922688,8.487363729675458
1,1,6.970566035534488,7.772565385951318,9.350144598399051,7.516091525491365,9.418647725713212,7.839237888226887
1,2,9.851007928167695,9.938518084873714,10.345218207232069,9.929039384052741,10.430020457407542,9.92686952350065
1,3,9.95605479915216,9.96513126425288,10.419006391918654,10.020409637134986,10.464481075944004,9.929860819351074
1,4,7.766417091351175,8.09239783438141,8.9576929848307,7.796343954713421,8.98886861346176,8.121327229855469
1,5,6.666846461026349,7.320063507027896,8.351107784199966,7.019993894079421,8.36885236243669,7.426318227460205
1,Aggregated,8.917753747816533,9.174996043644665,9.886731996766022,9.097946997528854,9.95067253217083,9.17874313158015
1,Centralized,9.068667190624149,9.304678695374687,10.036461062196615,9.24397094763037,10.123496637340354,9.302494974431495
2,0,-0.009304837369143292,-0.49817326517887617,1.8511234977941018,-0.12148298822509976,1.8662547608776006,-1.3439925913361075
2,1,-0.1464642408256824,-0.7328445039855126,2.156711194061202,-0.30997212234098304,2.2302176725380907,-1.6878858794470974
2,2,-1.1436481696609704,-0.9381233288281217,2.5805669791377057,-1.9432174314537805,2.552614023869304,-1.99788464290789
2,3,-1.035968797756104,-0.9261707514975607,2.517208413366374,-1.8561086524412427,2.499555595735113,-1.958946954535479
2,4,-0.9361459243487177,-0.5570078873404954,1.8502654883269865,-1.301913656491777,1.8572870264369348,-1.497506494551676
2,5,-1.3519250070559,-0.7823644045131822,2.511556808148034,-1.6570490551045778,2.4490757616267986,-1.732426949551343
2,Aggregated,-0.8097636110421508,-0.8119547969100622,2.3512686279360997,-1.374537936008904,2.3470261114886055,-1.8053596011644597
2,Centralized,-0.9082599885694949,-0.8693258511404657,2.530213779197918,-1.534034054741209,2.5153842339117936,-1.928806182428055
3,0,1.427080341464354,-2.15859995732454,2.4799071342044323,0.6455896649628919,2.547968485261558,-3.641115758236662
3,1,1.5312360069734692,-2.608168752610669,3.48713306441018,0.41981836750927515,3.463496095590656,-4.074206561501811
3,2,0.9478804617980188,-3.848054111807932,5.815729660977393,-1.4314485449531256,5.361813411251296,-5.676163602695323
3,3,1.0487236881746003,-4.0459909784001615,5.965220936435246,-1.4829657026169036,5.534133891663984,-5.866165223879859
3,4,0.7787478268898929,-2.5024589465718634,4.147883155377452,-0.8973837946473806,3.6377061911196242,-3.791940601864979
3,5,0.2542632096965337,-3.1658038738894136,5.018345087921645,-1.398429835872234,4.650777008909265,-4.691325166589985
3,Aggregated,1.0788610269369028,-3.37462872931502,4.916143536357716,-0.8582562859012652,4.605016752222326,-5.050910492628478
3,Centralized,1.057680792127114,-3.49482055675519,5.107647281871745,-0.969383824265626,4.757656495180833,-5.208073315883452
4,0,1.07447949725244,-0.36163142994514974,1.5656572939824218,-0.1338761098315435,1.469963259652831,-1.8901775437184294
4,1,0.7812198145818676,-0.6233475052692068,2.390021046326003,-0.6495918941323259,2.4885316165791034,-2.5746564008198147
4,2,-0.8233290353879388,-1.736707283895915,5.730968520784261,-4.204702175696203,6.661727267759683,-4.669410877255294
4,3,-0.8318240795039873,-1.8192139592944303,5.992683337228683,-4.389158754066484,6.94199485413102,-4.8409508363414835
4,4,-1.0460339807274583,-0.7656381519784349,4.372991400778888,-3.214279989287757,5.178021198818093,-2.870703892779132
4,5,-1.272457379475583,-0.9129342826965332,5.138815884579584,-3.870999061941811,6.197709211618735,-3.44360913184514
4,Aggregated,-0.37021415467778857,-1.3052242191895336,4.634822478234705,-3.1048608544939382,5.30848561894622,-3.85561691548951
4,Centralized,-0.4665274602294947,-1.4239995631022149,4.849362733702149,-3.301584438818853,5.615262304622559,-4.0281983493479805
5,0,0.9302175781948274,0.00850316726253377,-0.5356387337965477,0.8689998641417647,-0.8095501544283815,-0.4142238588155917
5,1,0.7271204976461595,-0.22469684316438812,0.40474172832145316,0.726692804111816,0.30578206628011173,-0.7906521012615555
5,2,-1.7381099251474592,-1.8597057795082261,5.221304860159996,-2.4553387405864293,5.697168760184067,-3.0344608860590014
5,3,-1.8262905196606656,-1.9440581443663316,5.277762935806883,-2.5221345047104906,5.788179021811363,-3.1609088644715553
5,4,-2.624872311451173,-0.5655165539173179,4.492699648715178,-2.2062336894392187,4.921622444059868,-1.516739774627524
5,5,-2.941773062293256,-0.7569547678485515,5.140887355023141,-2.6256231315203102,5.514287788209703,-1.8526867305551349
5,Aggregated,-1.1609229599903985,-1.250189220719633,3.697217980482286,-1.551034906606451,3.9878694532532575,-2.227576049112646
5,Centralized,-1.2689250690693354,-1.3804475158094,3.9174964232888905,-1.7359115897088286,4.288089443908377,-2.404571165461268
6,0,1.2610473627706649,-0.12692769139941512,-1.9264645964005527,1.075470539901694,-0.28517893428938884,-0.046229694840822955
6,1,0.9075361909327825,-0.4484676839688274,-1.2668320779619977,1.1098558086964494,0.2995877474586575,-0.4614291561092102
6,2,-3.1051649413670237,-3.5228321179744606,5.9757788365758335,-0.08571365132682515,4.004146295221168,-3.6845612338924214
6,3,-3.0119351726796024,-3.6220695267309515,5.98490927460356,0.060955786233396404,4.115694631226512,-3.766773237721261
6,4,-3.6869634252597545,-1.6716724670540426,5.148658438140865,-0.7913238146932777,3.8035090448183713,-1.6817464225634717
6,5,-4.076136386298497,-1.9720139014214584,5.717851168444664,-1.0544038827153317,3.722646691667234,-2.1821823849158424
6,Aggregated,-1.983821964966065,-2.439900342452269,3.7754240726816803,0.19398930621828547,2.880884110940699,-2.5350134358738496
6,Centralized,-2.1384425432478955,-2.689690499280424,4.147485898625489,0.19630473719840624,3.0807115791759383,-2.8062232984480726
7,0,1.2587362788026546,0.0575114150394666,-0.922028473141685,1.1902754477346187,-1.6280712730996862,0.23555212898103856
7,1,0.878872436495809,-0.12248856260447046,-0.48020535049155927,0.8690972840646336,-1.1368050508251772,0.09438407640763104
7,2,-2.9982393238610023,-0.8521799446028621,3.9004374897734344,-3.684810580956716,4.726338344671882,-2.0956937454056
7,3,-3.139191724834733,-0.8588708188787937,4.10560162435912,-3.8444595459724153,4.901617625485789,-2.1209599247780946
7,4,-4.394846185461774,0.5415816190218521,3.677924311900462,-4.143140466270286,4.2292257247920695,-0.36914308317175404
7,5,-4.164679839609768,0.46119383164534594,3.7339952505393272,-4.384636375070306,4.221850006869788,-0.6448396798040353
7,Aggregated,-2.041629153277553,-0.46473820992555886,2.639446332836424,-2.4680763486067594,2.9949530761815635,-1.2788787006521074
7,Centralized,-2.110033233431329,-0.518173971114256,2.7953902541941726,-2.578128448465658,3.2141548336621066,-1.4002660167005219
8,0,1.4816153040443463,0.29744584494463716,-1.5381971814333513,1.6463018997588035,-2.6973007765987425,0.23468070602258453
8,1,1.134651958380124,0.05276966043695768,-0.7964917728347715,1.2941157233533471,-1.9450634960418085,0.07917095600303743
8,2,-4.127871496728655,-1.485578780745932,6.027495975585127,-3.8828713761686173,7.229400896247566,-2.7264646215878865
8,3,-4.224124122979703,-1.550000432028768,6.094362486814044,-3.917093409476965,7.20346155501193,-2.804146178951817
8,4,-5.536327192345273,0.19070098675162742,5.176290071611986,-4.347495794569576,6.131899599780923,-0.7937275482609062
8,5,-5.576383028746951,0.22409153316760494,5.549882048964908,-4.3773864689694415,6.691546638746465,-0.9017954673568904
8,Aggregated,-2.7877334821032167,-0.838475344831421,3.937319109192023,-2.4369007060410626,4.427631050699998,-1.7158641532095185
8,Centralized,-3.0183969235333663,-0.9921176188312177,4.2708719743920955,-2.666922637960617,4.892647339426424,-1.902132110114415
9,0,1.9084950195183943,0.2648157288592914,-3.7810264247474707,1.85445444490918,-1.4473184233176262,0.5328089340165183
9,1,1.7136255104915903,0.06597030192794232,-3.1860459650747517,1.7524013489273844,-0.9096879320177624,0.3378497136557393
9,2,-3.2935942864453156,-2.171915778683923,6.161114469313957,-2.613951272522292,4.879088333880348,-1.5536733563631158
9,3,-3.3840475775318697,-2.1997405409067747,6.075742842380091,-2.6419648304443135,4.920712406259283,-1.559454248496637
9,4,-4.891720937867128,-0.3743573999908837,5.4804572430079705,-4.111559100306558,4.569284371857262,-0.010512905074705783
9,5,-4.985356978113429,-0.44943093585456856,6.007767103375237,-4.086079197149664,4.50555098930256,-0.02647089872810678
9,Aggregated,-2.0703400776451337,-1.3146185018928784,3.3615844522101055,-1.5475988562116305,3.1408270990109233,-0.8145077196778102
9,Centralized,-2.208036387689305,-1.4614753438712562,3.847306057134613,-1.6671126654031587,3.3780398217732674,-0.9249044478621378
10,0,1.7345299510983887,0.5624316033706064,-3.024251485715578,2.064650779987796,-1.5851621778822391,0.6952417951273636
10,1,1.6856551601321,0.18553569740958725,-2.6501997117280163,1.8590710826422656,-1.1699130124618142,0.45350768381544604
10,2,-1.780759964335947,-2.3598990962644844,5.488635774837735,-2.698348609340326,4.793248864538264,-2.9340594820035713
10,3,-1.834263291127045,-2.307851167740644,5.3625603543065505,-2.7216585814842964,4.743043657703265,-2.898235070710613
10,4,-3.6063384273470307,-0.8553947417526855,5.212240178427335,-3.6592863787190697,4.630303399528156,-1.2027717553955075
10,5,-3.6491402212421966,-0.870838695646242,5.473716969678721,-3.66043077943847,4.6184311137013445,-1.3834799455199454
10,Aggregated,-1.0259066061441404,-1.3976201557995538,3.0813858581094165,-1.5009892440148507,3.0154300694230707,-1.740557295415555
10,Centralized,-1.0909421411880333,-1.561893962863961,3.39848251302702,-1.626005759615113,3.2043272227063326,-1.9345899097420232
11,0,1.1623824308880515,0.3929367224738935,-2.0383140046229347,1.944773612132362,-1.5809187111760064,0.6807186387860866
11,1,1.2156732540103725,-0.004546955085571774,-1.7696157706254123,1.695410654562715,-1.1784480700887805,0.36889774052258684
11,2,-0.6922542542840159,-3.3546054270634773,5.440111601574229,-3.5003596418107494,5.026067005366191,-3.522118492239261
11,3,-0.6063074530082196,-3.285093736736407,5.377042368019854,-3.3933990167684556,5.011307491671707,-3.4574074153073777
11,4,-1.5366275565008993,-1.3114708271806605,4.947605302061856,-4.891300912144272,4.721610777210931,-1.7296105153414703
11,5,-1.4917000249635408,-1.5623452315268518,4.926760328292397,-4.897584640322927,4.564867908947117,-1.961463365050214
11,Aggregated,-0.23085012682199474,-2.107370524253096,3.287813567087324,-2.1279214017877743,3.1677461144243986,-2.163644187077441
11,Centralized,-0.2596083165166023,-2.3217327226715647,3.5652123771368767,-2.223863503711097,3.381772882920568,-2.3713457288183544
12,0,1.8416461752301005,0.39618871584553667,-3.4631428451081856,1.925563240277557,-0.8717043537072319,0.5603641722473885
12,1,1.5830907005937838,0.07021964221666668,-3.1675129357288205,1.8024216085643892,-0.5269021680417316,0.34399125891914056
12,2,-3.9695343741655256,-2.5181799444801425,6.647422473534519,-2.0928398600922895,4.620300064430503,-2.731398108074698
12,3,-3.8938139231219884,-2.4504418350939314,6.431012452813198,-2.0214902632766605,4.632027698931933,-2.680155683226188
12,4,-5.400536401144943,-1.0244218382664505,6.2614342316381855,-3.5699434721970293,4.703362118797198,-1.1928374268347992
12,5,-5.332155497106692,-1.046126601521402,6.580646057397151,-3.2223249085469616,4.667872886440097,-1.1930460043965605
12,Aggregated,-2.5047804036892987,-1.5478082391108667,3.7410089185553312,-1.1062153820142557,3.128821881749068,-1.6372899107343115
12,Centralized,-2.6714878951776586,-1.6859637175652844,4.0906807417067865,-1.1682123254983727,3.2218263001982512,-1.78426121801921
13,0,1.9301898779620006,0.1903495899561372,-3.402818030272702,1.4594352368614119,-0.056217819703532436,0.5242984447084144
13,1,1.8656445144580827,-0.10873237245752074,-3.0596137657665987,1.3584981059233454,0.19658336103466678,0.30166744967911613
13,2,-2.255321051680353,-1.2048466313748527,6.110548502742826,-2.0136744079801554,2.9632402407374414,-3.422568515120694
13,3,-2.2096178654229015,-1.1555066176298463,5.89830370905872,-1.9607642641322918,3.0177836150229913,-3.4297122778683775
13,4,-4.244108657455228,0.38550714867439695,5.592189810958175,-3.004692016924003,3.078624965265624,-1.73411600465958
13,5,-4.396610527732827,0.31049998027718406,6.053388744706689,-2.776003034045076,2.9321297349731488,-1.981023621313876
13,Aggregated,-1.3088623682872516,-0.6571515120061237,3.3734984581602165,-1.1335196741426816,2.1675858439990026,-2.158242540844927
13,Centralized,-1.380354367125976,-0.7443836930163359,3.6568800471143605,-1.1820804781733492,2.2027450221374716,-2.327742018924373
14,0,1.5595625918459601,0.20475232262566814,-2.9038968423095373,1.5878310388638037,0.4675601841033062,0.28607586365986226
14,1,1.317328805414225,-0.0631456264129259,-2.4283039988951796,1.3560156082151704,0.5451455962210262,0.06699858744010594
14,2,-3.806870287166679,-0.9119491641669922,6.304509502233232,-1.998757815065254,2.155673481658371,-2.8050386586254774
14,3,-3.75872431782549,-0.8687438445764242,6.263537436398627,-1.9884240940787818,2.251143258363671,-2.8090592845022995
14,4,-4.749763348907553,0.4579192098732153,6.047447017321134,-3.577992953408031,2.649517015379794,-1.2857712260788627
14,5,-4.853972423267408,0.3137742798965659,6.468516601405905,-3.4338543670341943,2.218734897668784,-1.4261311132399905
14,Aggregated,-2.426556958696216,-0.46998141045661,3.751996677404263,-1.1913415402822147,1.75154462035584,-1.7947603586510616
14,Centralized,-2.5592223868123343,-0.5359163556613007,3.926813327227199,-1.2061106008652454,1.7312339063901352,-1.9107332691066188
15,0,1.5013135484645193,0.007294657587806539,-4.1481874502310365,0.8804682136451013,0.28252184369824074,0.33044203107365006
15,1,1.5114171106248127,-0.16602714710947994,-3.7958080912419923,0.9617609325518136,0.36817451782313865,0.22958140633607707
15,2,-1.8843709031145772,-1.113069535503251,5.071507458602061,-0.41757704606656715,1.8789584434702038,-1.377687805356606
15,3,-1.831807095465418,-1.119419791060056,4.731374227253822,-0.46184126161711503,1.9403982042469872,-1.3736572386463248
15,4,-3.3561503046373593,0.1845803319720856,4.935165488292143,-1.6273634000008959,2.2916010545642114,-0.2841753447605001
15,5,-3.9047408024527255,-0.03330040970507715,5.614789259763509,-1.641258436089189,2.0858320685114715,-0.4053415386119795
15,Aggregated,-1.1133553750302185,-0.684055185833298,2.437368380836952,-0.19442705710292782,1.4949658493237605,-0.7875084288681884
15,Centralized,-1.1180811472527596,-0.7323808629335089,2.774206711469967,-0.18603425205786225,1.4406946561977536,-0.8213820814685028
16,0,2.0042705698915166,0.3966935689641918,-1.8278540537652228,1.9234172504261842,-3.4563527902023155,0.6381400286016434
16,1,1.963000487632978,0.15930135838427711,-1.7369807471886327,1.7769520563148462,-3.2564608528135466,0.4376034696427432
16,2,-1.9010786683771146,-1.1418437072128897,4.320383530024575,-2.4291472560454173,5.159600127826185,-3.346148553187977
16,3,-1.7720582769060895,-1.0683938824528396,4.23540410240715,-2.328710002794383,4.925191053768685,-3.269386308827204
16,4,-3.155632038876057,0.18843213887491964,3.8909082032437463,-2.876365554011633,5.010867615299388,-2.140743019066513
16,5,-3.7610213310190437,0.09219216949999852,4.811723899403083,-3.4035128589406725,5.8738392461699265,-2.6543152783164223
16,Aggregated,-0.9455163136355786,-0.5691860723908877,2.572774067853256,-1.272146394102681,2.714962804390701,-2.114430533333549
16,Centralized,-0.9744768641944991,-0.6565526997589511,2.711056476274103,-1.3361135086339568,3.0459719131368765,-2.263021742546223
17,0,1.797581859088392,0.4060633169165862,-0.1388236686076172,1.6413967189364984,-2.5528672410510094,0.7018067879886403
17,1,1.6307865302688145,0.215292084118587,-0.06702129485520913,1.5033139627006173,-2.111399590343327,0.5998609523097322
17,2,-4.097459047301115,-1.4001626473751607,4.47257718329199,-4.947905421699528,6.330286899115564,-1.7733443205239237
17,3,-4.054183766343262,-1.3976653757461353,4.387936946655275,-4.911311695470343,6.168087203282584,-1.743658277153473
17,4,-5.041429661964609,-0.24061681062630622,3.4112997086737455,-4.8846518625007045,6.187652282399803,-0.9324134725151421
17,5,-5.785229443310627,-0.4269359707805178,4.256839027072994,-5.705657286033063,7.158621781808094,-1.0649557747725404
17,Aggregated,-2.5948858162580413,-0.7915147452786231,3.0786125106224245,-3.1339579558417014,3.8730106063263707,-0.9890229570812532
17,Centralized,-2.7423050072825372,-0.8942512468701136,3.151312940414221,-3.33837604331104,4.040963716349107,-1.1086716201980769
18,0,1.8291687442340134,0.3375507982483267,-2.1642527632549307,1.1773372605827284,-3.080841689046742,0.4152145633088702
18,1,1.902957520545573,0.0547044750242545,-1.9075973925225418,1.2529893007959827,-2.9169527552492656,0.25404588621069324
18,2,-2.6777463318450483,-1.814095249545818,3.3323547594860834,0.13954757492838463,3.7614285374457204,-0.5551038916607249
18,3,-2.496376245934056,-1.7690993658198992,3.2210705701394513,0.16087265739318835,3.5384244341706044,-0.42432571364066596
18,4,-3.262513442824058,-0.35389745819791796,3.0384171142506577,-1.2131104533478971,3.522874968885807,0.30785746186816676
18,5,-4.118047720863683,-0.5675363234724115,3.906142846776772,-1.2823809140056959,4.488120547696779,0.26852086374129175
18,Aggregated,-1.4561891600308934,-1.0746983837232826,1.7973840019556602,0.28820555692300176,1.8115522267414812,-0.16625925136083197
18,Centralized,-1.50915172521439,-1.1743920821803935,1.940344701444027,0.31056174614047616,2.111577060841836,-0.21299067089482648
19,0,1.8653663587550915,0.49342159682394204,-1.7044656555618323,1.6254825658553098,-1.6821148139337434,0.826160938910832
19,1,1.8914042869472176,0.19486760344389373,-1.5505830619269745,1.5526197465119964,-1.452479391266877,0.6579948199040179
19,2,-1.939508355521409,-2.9276953274082405,4.9038383179976925,-5.236618057651811,4.957978939849761,-0.7928586687894199
19,3,-1.8127928508505602,-2.835094881133917,4.758527395754356,-5.182424453060936,4.833805777551149,-0.7168657683479809
19,4,-2.8102169513083157,-1.42099205520097,4.3139149613288215,-5.138274941058168,4.471526932608858,-0.18091031508117775
19,5,-3.438883795563138,-1.7932863323083539,5.250203172294928,-6.382820043555635,5.2842955229866515,-0.3375533784344879
19,Aggregated,-0.959983788300012,-1.8211518505388171,2.9992906019540757,-3.3509464442563126,3.066636311228786,-0.2740674144683586
19,Centralized,-0.9709177790571243,-1.9601598295918092,3.17556957160548,-3.5674522113852594,3.2199986639583345,-0.32110290829329424
20,0,2.5181118247545644,0.3591688788783351,-4.9721696398357675,1.6533661910782858,-3.0392167906454195,0.9325579424985351
20,1,2.4038178631916507,0.09179802468164297,-4.825251428572596,1.6139509600752786,-2.8827993481821372,0.7470269258569308
20,2,-1.7775269737121548,-0.10735040425927672,2.587183806509607,-0.15849566580354574,2.9418308267527675,-1.2579043109131676
20,3,-1.7143464346606054,-0.08994207374597182,2.2256694307045857,-0.09144371945727695,2.693401095327356,-1.214778746468869
20,4,-2.809971048195024,0.7380967844156477,1.9323987780964798,-0.7618604319293234,2.7236422746165747,-0.4942548929076742
20,5,-3.502056549883871,0.542571740942748,3.4980263064508854,-0.9749227660855786,3.5478862584177255,-0.7548099692852818
20,Aggregated,-0.7208140986101981,0.07916436493719647,0.37625269952723545,0.28545700897700105,1.2209937075192001,-0.578164933442488
20,Centralized,-0.8618094432101254,0.010678393048504169,0.7543882144318877,0.20603783045198323,1.481047933770911,-0.6572361514423862
21,0,0.3051631725069007,1.0335850027700877,-1.5247834790760266,2.828674878440383,-2.4768804374478073,1.1591141851306834
21,1,0.6187191369787586,0.8093838828599466,-1.5461175915428802,2.711406538317797,-2.495355940217688,0.9862782296197101
21,2,0.4804661265651212,-1.2998485979933414,2.1130438321758054,-2.777769163191758,2.2423420568504366,-0.7890825085859569
21,3,0.45948432295117203,-1.2165121099953593,2.039623585631018,-2.701887135520163,2.090465816259939,-0.687075941274819
21,4,0.09500244721162912,-0.19825169531518638,1.4138385758649514,-2.719873711470738,1.7691843332768136,-0.07207361494344129
21,5,-0.1583393480674639,-0.572876500267498,2.009550470723707,-3.6960583128991704,2.6736597459859235,-0.3076507355780413
21,Aggregated,0.4099581714189236,-0.5402106142531596,1.0123426821971744,-1.2362124395110985,0.8568658874981366,-0.16237109859744853
21,Centralized,0.39554342978168033,-0.6669140974936253,1.1670032519352156,-1.4665600379531298,1.0874189369308476,-0.27458215139434067
22,0,1.8411270868348437,0.27161222335857654,-1.3270141986647812,1.8482904390774868,-1.373987733201563,0.8023345581618334
22,1,2.013616508863787,0.17202337480853178,-1.430851769359476,1.951331277416929,-1.4192513030101161,0.7821592686875605
22,2,-2.9749377588566923,-0.17322165336238562,3.0288004465633978,-2.4894866062097285,2.9843210935625732,-1.8280821204276514
22,3,-2.890600632716751,-0.07497610345039923,3.036986364003745,-2.3823552851659366,3.0117718551837926,-1.7335519127714585
22,4,-3.0571202070295347,0.7895129906551949,2.097712361445549,-2.295246875791827,2.5259675922989135,-0.8209694918541721
22,5,-4.025408607420295,0.5004803113993371,3.0379601538363885,-3.008717261834118,3.467106624809491,-1.1997239772312394
22,Aggregated,-1.6288123198067068,0.06365420406743133,1.730415586052888,-1.2348673555259357,1.7545416569175978,-0.9633899796109189
22,Centralized,-1.7253102437928096,0.007758763061034024,1.797514604289787,-1.2908222315616042,1.826239235127926,-1.0415612867923179
23,0,1.5905547714576584,-0.2995016014521203,-2.3896808513299543,1.9154079505931851,-1.9827229624075011,0.44758551849031114
23,1,1.745094889609294,-0.40883168235010087,-2.4192416972740887,2.0009569869663095,-2.010919911843342,0.3143551991692705
23,2,-1.2548690127747781,0.29709908418453,2.5122116545635134,-2.3543727845639157,2.396501630669714,-0.2882207689540626
23,3,-1.215273844648175,0.2642734667582854,2.317313211959944,-2.326300500113559,2.2213883231153804,-0.24992543067539913
23,4,-1.44572391984481,0.6734487162996424,1.7258488469888518,-2.5881086146179926,2.006443698786289,0.1453041520242501
23,5,-2.1440442407885736,0.7778323123197451,2.641358756319747,-3.250769495143138,2.849517588594086,0.11715751842960485
23,Aggregated,-0.47888148204287784,0.15295258899788217,1.0247411274523697,-1.1921909965069373,1.1049592712508292,-0.03883302336634777
23,Centralized,-0.5444091263669927,0.11961209716320208,1.1862371437796588,-1.277309416460529,1.2716244520080908,-0.11591855270154737
24,0,1.577445530382535,0.26194304579131944,-1.6719808084628618,0.7629124252555544,-0.8599662564636847,0.6146235271885341
24,1,1.7132366706373379,0.12193271268600314,-1.7715443718563042,0.9942006443159639,-0.9062427672724832,0.6196458671681826
24,2,-1.9277095627508218,-0.7767164198756565,2.4762840447846775,-0.21543817899902287,1.6801293673999005,-1.9838552294848606
24,3,-1.8263108313653529,-0.6846936841548097,2.36694469517458,-0.15552753602354352,1.6835981892453034,-1.8703487465676034
24,4,-1.9421087922665812,0.2884205807410096,1.302729119085981,-0.12878207310563033,1.4751037588574194,-0.9684913511833088
24,5,-2.692238252830895,0.07944300203385352,2.106818125669114,-0.6023681495703144,1.9151891426611276,-1.3433952612392586
24,Aggregated,-0.9318190075432226,-0.36319132555201156,1.1659342769612049,0.0951359201933527,0.957906912808551,-1.1177335205268446
24,Centralized,-0.9586295441286649,-0.42809616342895523,1.2900091770360522,0.06018816771671546,0.9845493973112812,-1.1905867263423664
25,0,1.5999908406535017,-0.32638621898738585,-1.7313152728188326,1.7325910431478027,-1.3741092044780132,0.2567722460180835
25,1,1.7534869427448683,-0.40948705355892007,-1.7902718390775527,1.8596951598589675,-1.4431020864977195,0.14667638251668136
25,2,-2.502268711788027,0.2110561503509143,2.66154750914209,-2.69708347472325,2.4202055733835106,-0.03712937402146732
25,3,-2.4420981704786477,0.19080898168269878,2.6347832174863295,-2.626190864764815,2.3149905871646292,0.00047942633166594045
25,4,-1.5900526795107017,0.4590393388671473,1.245746112823651,-2.1667428819577195,1.5966449613983966,0.2632349440188811
25,5,-2.4681507590366665,0.6415357938117693,2.1747159777509415,-2.849913917009402,2.366558794132523,0.28463554150317416
25,Aggregated,-1.246654237218922,0.08057963509030105,1.291426565629341,-1.383004174233787,1.2543446685264732,0.07776053279316927
25,Centralized,-1.3147341009115416,0.06459770100708141,1.414925937189371,-1.4508982723192527,1.329786774308996,0.035341219592529276
26,0,1.1040356465566743,0.1552519250481306,-1.4345840694183432,1.1507942316698758,1.3103232285913258,-0.32583425830703155
26,1,1.2212587314826666,0.06727194246280974,-1.3416665153505818,1.2530838678391125,1.1493213184615876,-0.41972328275692006
26,2,0.3621017033717428,-0.8393961364389624,6.007138466519849,-2.434243277467614,-2.343513526767907,-3.654950024549168
26,3,0.3737917160070926,-0.8323970903483766,5.994518646439635,-2.498296300343987,-2.3280086689501602,-3.6565670724331363
26,4,-0.021931868761233878,0.24718968800561492,4.207845048827467,-2.4339681697946696,-0.17456510971207437,-2.6984460853961405
26,5,-0.5071378160769867,0.25228422881640405,5.259038818239821,-3.1660973178002982,-0.8222328860782073,-3.1203981725451095
26,Aggregated,0.519621692767235,-0.44173835723419475,3.763615729643447,-1.467391500249224,-1.113083732143071,-2.6404953482174984
26,Centralized,0.5736587019440909,-0.5057471339204704,3.9733808397326666,-1.473671424271216,-1.3237010004130239,-2.736470276333765
27,0,0.34516159478113284,-0.1205873350242723,-1.008675691945723,1.3755175990631292,-2.032664545517701,-0.23156756881753324
27,1,0.6311582678064771,-0.2256626754588212,-1.0641177378948592,1.4265258326901005,-2.116363243675371,-0.3424731808259267
27,2,0.4587561053216956,-0.6318246893889174,2.026666887369388,-1.3405009872533382,2.437610313772864,0.5131049680982273
27,3,0.449746769820678,-0.5982727574974815,1.9324392144061666,-1.2583358084843341,2.304413167765744,0.5619923042235891
27,4,-0.05136883599393752,0.05887468648254668,0.7727631354027109,-1.0628904181340764,1.2004448992379102,0.30016619821480367
27,5,-0.15572346495597325,0.1012645844122704,1.1561551440089535,-1.3947209626005035,1.8267120875058627,0.5622508569125942
27,Aggregated,0.3992491954383467,-0.40930176473966023,1.008361818571079,-0.5276371684209348,1.0138878604509576,0.29157167687132607
27,Centralized,0.3995560511548697,-0.46528265283862424,1.083100641744385,-0.5869304087591963,1.1971789420625805,0.2693529330812972
28,0,1.2916282743646998,0.07435102738186965,-1.067538467132609,1.0626202599796926,-1.066772404251674,0.3814020479392427
28,1,1.392040216054361,-0.051703322155112315,-1.1557579901752968,1.1690969752456049,-1.112620302741051,0.36659982284863274
28,2,-1.6373876475189604,-0.7011225755780457,2.1825596361964537,-0.5317786342908568,1.7481909970651064,-1.474988134281901
28,3,-1.5734983626081136,-0.6992579294601616,2.0735927745980196,-0.47200686377010015,1.68437465022506,-1.459870629536464
28,4,-1.4092993963868805,0.2606368984444588,0.8257461690150995,-0.39074502117452165,1.3009665481386286,-0.8423882717281861
28,5,-1.8445596022373856,0.15343486246541357,1.4234043530016247,-0.6380297827402359,1.5555070897266448,-0.8323419979846152
28,Aggregated,-0.7744241383908416,-0.39327781674362444,1.0946325652074007,-0.04578051653758482,0.8894349198402958,-0.8736778895291912
28,Centralized,-0.8015900048420238,-0.44167679054878,1.141393768296321,-0.06545389920668865,0.9064481956657092,-0.9053602886418772
29,0,1.3265424022015468,0.1965436803069329,-1.8192746503417503,1.1088327053621976,-0.5934882313430515,0.01983554287667723
29,1,1.4307113062409633,0.1532369251605666,-1.8001696259834916,1.1170267758547405,-0.6197449397614738,-0.0375452884351409
29,2,-3.5106473730143213,-0.23391120084838504,3.996772033904947,-4.198187317168048,2.972341548531326,0.5636389089851105
29,3,-3.481337146259993,-0.15362827469781865,3.9878178721837805,-4.223904088296156,3.0190137835856374,0.5832680465411938
29,4,-2.4490691209582063,0.4256869927729884,2.20097886279195,-2.9981674150448847,2.2889560225154186,0.3945582152762438
29,5,-3.451315343563875,0.414115376267254,3.0622259818869586,-3.8703866174462065,2.6797311778575024,0.7347862773958337
29,Aggregated,-2.0532602427648885,-0.01810523513725933,2.1928138278774076,-2.6146800192646884,1.9174941058553414,0.40725986126554775
29,Centralized,-2.168056917872325,-0.061556458150554966,2.3663658265807204,-2.726896647189207,1.9888512697435714,0.4025706467022294
30,0,0.9886462821747023,-0.1969515269347588,-1.2875578314853973,1.0964045646952674,-0.28801698113560564,0.22509260641624462
30,1,1.1323923981545398,-0.23750614488086086,-1.2146538574340027,1.206460811512933,-0.3149354383663751,0.18420786812312542
30,2,-0.4053892894901526,-2.459039519467045,3.064273927145093,-1.8475651199779435,1.6784272080318172,-0.11934978190584201
30,3,-0.3698333505193117,-2.463998788279254,2.978362930855414,-1.8930509606455972,1.6894335225459707,-0.09735056674044595
30,4,-0.33414083390689975,-1.0146478121538878,1.3453693575110677,-1.8571962736742305,1.4217293607980963,0.15153291059578544
30,5,-0.6165601251350975,-0.8691787286497366,1.823983032189943,-2.1071517271228855,1.6172428411787954,0.15555851081046365
30,Aggregated,0.011914138474025268,-1.650402532250258,1.645910483999531,-1.0290035507407962,1.1034128471091689,0.010572099161117166
30,Centralized,0.017599849762818746,-1.715499843437797,1.7045707805815766,-0.994471690902994,1.1195889582872296,-0.0035096370056960525
31,0,1.4087721414684242,-0.08288966852196976,-1.8283203317718921,1.291594907602624,-1.7262001337723003,0.1094317817626974
31,1,1.5108231195924529,-0.2636043934588211,-1.753214094012527,1.42488906126538,-1.761520998542644,-0.11955964230476752
31,2,-1.3174512510304377,-0.34985777687802133,2.5246202306055494,-2.0345169936369683,2.3710828597155,0.02215548509155312
31,3,-1.3215725951959645,-0.2861725599872214,2.461798366036177,-2.048766871013199,2.3255502706696802,0.051617198133097036
31,4,-1.2439834365427653,0.3640895774368068,0.9250936730089128,-1.240605761609173,1.2987764649068556,0.12875945950346043
31,5,-1.6515909448902164,0.2509565492872765,1.4394324345946448,-1.6348898254357092,1.7621577287823154,0.2935989209624848
31,Aggregated,-0.5484009092569335,-0.20419498282188847,1.1291263956684066,-1.009754378245619,1.0959015893757116,0.04482297461994488
31,Centralized,-0.5750392007993168,-0.24956465843277864,1.232506087001467,-1.095597266453775,1.1899993874628925,0.018732374366050127
32,0,1.3015866840429346,0.05259123795408682,-1.0545064043356325,1.5183173593656596,-1.6739886116663614,0.014076210049463913
32,1,1.3944227009275938,-0.08099126127184988,-1.0257856882572258,1.5712561255284176,-1.651572168536922,-0.025900812999389414
32,2,-0.8209321190631517,-0.8064880578381337,2.403835688239344,-1.2382790501503078,2.826160528848306,-2.6227470251337
32,3,-0.771949422384952,-0.7648523345930076,2.4133927956555588,-1.2280437704190432,2.733270598998666,-2.6135252223353516
32,4,-0.24179369409806115,0.3484702642032473,0.9363207788660911,-0.9641994192844586,1.2804640362769737,-1.4621375046942522
32,5,-0.5546623517582995,0.3547134878915182,1.2229173878366708,-1.175034036564214,1.574440251209475,-1.570137974215746
32,Aggregated,-0.14349726289604786,-0.4352077162373824,1.2786838573272545,-0.4287806493831408,1.3663531664352655,-1.7513705495918461
32,Centralized,-0.20011790267024562,-0.5019896111803435,1.3366384301161247,-0.460422083090661,1.5193234707393388,-1.7868845277032923
33,0,1.6090280288315044,-0.19654067386613133,-1.0976984589095466,1.2497849667978511,-1.4715685112572041,-0.13374915233866366
33,1,1.6094647727473945,-0.2400339643088364,-1.1082633200244183,1.3580856602908538,-1.4084600145517523,-0.2009426227860496
33,2,-3.4106134362223064,0.21915240177430284,1.892847651306494,-0.7194511303543631,1.7938972323296918,0.36297331995525944
33,3,-3.401870449212822,0.20968808479568832,1.8566235999038716,-0.63907243908294,1.790808292542222,0.32929112563406626
33,4,-1.419433912760173,0.4315353837243237,0.32068871341381794,-0.10468029281205125,0.7486932489969085,0.25238370024283746
33,5,-2.1041284724382505,0.6443839258934315,0.6155415284245205,-0.5270111494768842,0.9196307780943228,0.5910324670712503
33,Aggregated,-1.796158850083061,0.12951237828514664,0.868821463753504,-0.07576508072458947,0.7670598176921323,0.2092609747190886
33,Centralized,-1.9437147900370646,0.10037699229609652,0.9358369838219088,-0.12304420609833959,0.8533171564775076,0.1851432639110056
34,0,0.9175847295895841,0.04658904622319469,0.09536398956539904,1.1366560180120158,-0.9031776580624498,0.08762534127383069
34,1,1.0014783629807922,-0.08641779330403636,0.0679824513120114,1.0982509452592757,-0.7007737626430656,0.07927118973486207
34,2,-1.6885625206865638,-1.2688688832047879,1.1050853761248034,-0.7968463210400422,2.7383008214750597,-1.6688229144848938
34,3,-1.683081403986215,-1.2478505072023507,1.1534192995042765,-0.7999590725984297,2.768479044872435,-1.6444448463807384
34,4,-1.3057165987255819,-0.011386798313516255,0.6473983550611573,-0.8607085418503826,1.4244413125038657,-0.6287880006115727
34,5,-1.4755985805250722,0.021537129114337965,0.8328603145107387,-0.7516116693144537,1.7421188160650174,-0.7257420216621102
34,Aggregated,-0.9035811990859012,-0.7612623257233639,0.7874924078619258,-0.2582052127238806,1.6119949166528322,-1.0505920165095173
34,Centralized,-0.8849513582851564,-0.8147557412809304,0.7833029954586566,-0.22866070964550914,1.6415545348802008,-1.0590436217327481
35,0,1.0439742584920553,-0.5282069696329914,-1.4228447629756051,1.1278791149737764,-1.0651081275599183,0.09247383211282495
35,1,1.0848354707939472,-0.5672640813195794,-1.4507458258124983,1.1666641683182797,-1.0138087257580555,0.01507650013533522
35,2,-2.6541683762222315,0.45861255822828684,2.4361158455615874,-0.5661666144410135,2.085350683247652,-0.2596292130832688
35,3,-2.663517712218673,0.44434140695137286,2.3984908664660995,-0.5420242397944316,2.090197522159414,-0.24186567407161622
35,4,-1.5773915231184472,0.3110274934885661,0.47911388649768266,-0.11144284462137936,1.0799120552098767,0.21808631667700257
35,5,-2.461016018548467,0.6767867237489826,1.1339497091959228,-0.4560702202493064,1.2208433500534304,0.220745114295535
35,Aggregated,-1.530716012507516,0.17346624890904486,1.139340979711966,-0.041247519980041066,1.0946431227611562,-0.10995823068031882
35,Centralized,-1.5837657781841639,0.1895952657635923,1.231549311997806,-0.10778213338012603,1.145939976517339,-0.13806837094685742
36,0,1.224384731008382,-0.27121214947990185,-1.491983831055095,1.2699677400258007,-1.2319398657425853,0.2860434573039558
36,1,1.2608106394048488,-0.39526731864644354,-1.4924347234389055,1.357532936087278,-1.2137570001099607,0.19312721135162378
36,2,-2.7801383003425597,0.3062051025696274,2.3337265520344923,-0.6992395438823538,2.0909277711357923,-0.97257444158335
36,3,-2.8000275055986728,0.26615418356949994,2.270138903487712,-0.7069246890402795,2.035017589671839,-0.9521837983889188
36,4,-1.304414056545976,0.4328094762997209,0.2618253295533869,-0.13392798839746184,0.7644824068976612,0.008761995266398672
36,5,-2.184572701000771,0.7552803556488442,1.0752155455669752,-0.456849600664104,1.1208154295867119,-0.11514991803413878
36,Aggregated,-1.5271705585768927,0.1464436534379506,1.0380580292252446,-0.08503447149687292,1.0033484039596166,-0.5166131705200642
36,Centralized,-1.6314019775422741,0.12251733808548239,1.1573696714376618,-0.12554841611845685,1.1223687378710658,-0.5489828325420772
37,0,1.3611827478403349,0.025143374050907635,-1.2926784303478507,1.3925762671059516,-2.015942021352403,0.3652074460526727
37,1,1.431907478543869,-0.15634824799861594,-1.254850654507327,1.4748107070836596,-2.0284188055570587,0.2798643600868322
37,2,-0.8861129847946021,-1.0368899002645677,1.9886788523537584,-0.9335526213959937,2.2312860568406503,-1.0378094663916086
37,3,-0.8567884384571982,-1.0093225237670085,1.9564855327244888,-0.8916003874792485,2.1284505906008224,-0.9617233485046806
37,4,-0.553277919546145,0.39405174152937644,0.13885748463826436,-0.40637906505167604,0.3526732982413767,0.062263609927572745
37,5,-0.9847024631467759,0.18296207536340164,0.8951045350755565,-0.8327459578961994,1.3010273103279968,-0.23455259796618472
37,Aggregated,-0.21791362564964503,-0.5994228787121093,0.8843408392112868,-0.21469899091077277,0.8332457375696156,-0.5192313806268049
37,Centralized,-0.2657550149443361,-0.6892286813180377,0.9454518839272493,-0.2837430164915339,0.9836375738707749,-0.5588593897316103
38,0,1.7545403197532001,-0.17756794157628614,-3.652609833071062,2.1724421278456587,-2.411502808557403,0.6115933493559085
38,1,1.8449151612313281,-0.2488792469957278,-3.240149732158527,2.066831490635786,-2.213698664058633,0.4621343681524238
38,2,-0.5123501059812811,0.2989942934416503,0.9339972655340969,-1.4621732882723784,1.4311305301175126,-0.33956488785327144
38,3,-0.37442009394982934,0.28784824185570407,0.7625618159947867,-1.306697482818083,1.2953701451024477,-0.2746547496615879
38,4,-0.01625178171313474,0.2980161886551114,-0.7283163259946724,-0.4508729895295009,0.07625008714253806,0.1530359143400473
38,5,-0.1728075854609369,0.5762572859685524,-0.2788067376042892,-0.6189754043350415,0.5364116012575677,0.2721891265022788
38,Aggregated,0.231348840216005,0.16650757738860095,-0.5230351688864676,-0.2952204819351843,0.20090608463074663,-0.008425214310605202
38,Centralized,0.16257345438232393,0.14253262271085376,-0.3269638740510279,-0.37748396747395857,0.34999853348282844,-0.046492120886963945
39,0,1.3520970949024012,0.24486256316953034,-0.4677414202912784,1.3814468058788327,-0.7517292733135387,0.5407277726813818
39,1,1.4376697184131502,0.11244754465191752,-0.5202201912118658,1.3769379157183161,-0.7811222210039375,0.4246753127048818
39,2,-0.5779063219644339,-0.6384866503815929,1.2914340331350116,-1.707120638960374,1.5378279138059059,-0.8341742902160628
39,3,-0.5768637017113022,-0.6086969378308928,1.2604016581829407,-1.7110726063734192,1.5275005606783452,-0.7981773317884511
39,4,-0.08006429259346587,0.46291002502807627,-0.1941374767641182,-0.2067915074038903,0.22826236636609146,0.24435833732531648
39,5,-0.6798541276280529,0.2102682222224521,0.16815714328051887,-1.000947801058059,0.5053874660754814,-0.06109324181811511
39,Aggregated,0.0039894120991122725,-0.28465389194183294,0.6248419541525132,-0.7062618944119716,0.7465729144856352,-0.34292553365132217
39,Centralized,-0.03361447304003765,-0.34731191149308277,0.637920823178303,-0.767492001137372,0.8127285947744115,-0.414904403668944
40,0,1.1328439001225625,0.03114543955224865,-0.595153695637372,1.0997789615750309,-1.2090205002599284,-0.12431406567382842
40,1,1.1993368337039376,-0.03030559249471665,-0.5975645075643722,1.1253259368254387,-1.0730320716242647,-0.25386308037923117
40,2,-1.9175132137801143,-0.4814243112014962,1.9744769452649789,-2.0606755848772007,2.027683366290039,0.43352465570613136
40,3,-1.8871932094434787,-0.42626140717972977,1.9391177771020849,-2.0426803517036176,1.995839238507441,0.3847847423266582
40,4,-0.8989209296981975,0.6455639885600197,0.26157096654674844,-0.6608701511393644,0.6843654988673913,0.37287638559387004
40,5,-1.6611428865166855,0.4682516722749834,1.0684149824345242,-1.3010845665725925,0.9865306808211243,0.5860058900244589
40,Aggregated,-0.9614637103489427,-0.207394885900588,1.08339946706187,-1.031652498729967,0.9833921442623033,0.2478673887919208
40,Centralized,-0.9967793637359752,-0.2630228197747887,1.1224384162762369,-1.0554102051634442,1.0553113811815238,0.24748317708558087
41,0,1.308266188773761,-0.06360826475634868,-1.370539578950849,1.0620141406879904,-1.5058257089389662,0.056736138852377306
41,1,1.295287172591476,-0.20606692327856496,-1.3113412447192425,1.1561732166244356,-1.4299239211753716,0.06093897302368142
41,2,-1.7211613244273334,-0.7156431336783843,2.252437494256192,0.19467995115869136,2.124226982502689,-1.5895740439329271
41,3,-1.7053363825369126,-0.6920718953222426,2.1907002767748414,0.19807322512511424,2.079321677939923,-1.580748790515891
41,4,-0.6864130476984834,0.5379389558054639,-0.17067715737072695,-0.057832232781695726,0.24633193968859887,-0.22836434983552892
41,5,-1.4197117195279567,0.3934342942773457,0.8501453871046517,0.045770984504191994,0.748628285859091,-0.3541454271099081
41,Aggregated,-0.7831578386393071,-0.40657776001669593,0.9938816362303784,0.4305789232341112,0.905308292311855,-0.9695005512117643
41,Centralized,-0.8399629581699206,-0.45377363356624173,1.0892957795966753,0.4193836335172539,1.0228104173596992,-1.0184870239620716
42,0,1.1355506038906242,-0.19900762068359512,-0.5033909566993484,0.22603076029088626,-0.7715657971308763,0.2628809146584782
42,1,1.211772116338252,-0.3983532414340507,-0.5077858011220387,0.22759799202727574,-0.7035894922966184,0.19306743533482992
42,2,-1.3478818357866231,-0.3519020087693697,0.9627084727502445,0.20570585658894822,1.1001460301016464,-0.8498175302364108
42,3,-1.3332943136049444,-0.3254426947130543,0.9411396691657284,0.18235134409777962,1.0983630330467948,-0.7581988098428956
42,4,-0.1834696005137938,0.35586034036258823,-0.17653555447452957,-0.15065204429675214,0.09313640759143206,0.11257217594531195
42,5,-0.8429090039274478,0.41693406625557383,0.1454284797796625,0.054387271097289185,0.3432637908279236,0.004644982314657042
42,Aggregated,-0.5325077259299922,-0.24312396868100478,0.4267216312011983,0.17472323450839533,0.4771397275030152,-0.4117597576395334
42,Centralized,-0.5665997800410948,-0.28195743827124026,0.483360963606932,0.15580423505216143,0.5459059031878234,-0.46135295031193324
43,0,1.2096472935965,-0.018614531873777967,-1.5964885527235215,0.6759906198326319,-0.07337452963364534,0.12149612906352686
43,1,1.2722140446659393,-0.14974911835912982,-1.5223347681058736,0.7609837843248723,-0.10665429023453941,0.05766002184936726
43,2,-0.7578885112652232,-1.7453784531424976,2.143520195583904,0.372713582630777,0.7572406018417152,-0.7309549417912595
43,3,-0.7947473130650646,-1.7713280371280933,2.0251963233304036,0.34931915436759425,0.8037284302714837,-0.7024202801054241
43,4,-0.22793136648211818,0.20702253526877823,-0.3100237540152178,-0.23138255260803192,0.3988598763985405,0.1682177084741848
43,5,-0.892224811222251,-0.1199610775700669,0.5492353770659211,-0.0020849722854001463,0.3989398779179699,0.023929261416098913
43,Aggregated,-0.17992859269165534,-1.074694424958619,0.824364714650961,0.4060169271065769,0.4899386941635046,-0.3939156022983105
43,Centralized,-0.16918892101497277,-1.163665628174479,0.9691685376438779,0.41218371255598896,0.4988962724296892,-0.429769593576819
44,0,0.24392232049326046,-0.12121600937087958,-0.6930372610589842,1.2160395082382232,-0.6349995802790843,-0.09369429473151128
44,1,0.3588824069864894,-0.26332116635660857,-0.6991368534360386,1.2551779889292036,-0.5730144873614094,-0.12239105342960829
44,2,0.48899598557535834,-0.22823105212255718,1.6427003300472038,-1.2728212819987028,1.5164662729500333,-2.135388680740407
44,3,0.49640687642842785,-0.24448676883687323,1.5888368785970448,-1.2644745911612612,1.489867156593512,-2.1154997597067946
44,4,-0.04580788927014265,0.42461815570593237,-0.27333666882747365,-0.0023961472366140868,0.15110413928487165,-0.3669348108333313
44,5,0.23970845076741507,0.5388883133842804,0.23988110046703978,-0.5944043614378657,0.449894789353066,-0.7834993514743634
44,Aggregated,0.39212975059581895,-0.14045666098178097,0.7712998272729853,-0.4468729766363992,0.767080657838728,-1.3739412460724651
44,Centralized,0.37520890674617563,-0.15913581635782903,0.8173818768135599,-0.4729971437570792,0.8476783431193848,-1.437916605558351
45,0,0.13798887705357998,-0.20179139600143128,-0.20522578274734699,0.6168052367192881,-0.40706753215204916,0.10878519703030681
45,1,0.28373639333260253,-0.30165994619604425,-0.19864865899934742,0.7143057079991848,-0.37175285926008983,-0.028552155528645064
45,2,0.10841983756241874,-0.39805339033251813,0.3331588547482083,-0.12459598671671611,0.3292698654748508,-0.27102542294327703
45,3,0.08664718484009008,-0.4002825945509832,0.3545173065737686,-0.14013629861999266,0.3681015463162396,-0.19502912398783165
45,4,-0.13860510361588183,0.2841236812049173,-0.3022086468263337,-0.1705571024095026,-0.08836513161262785,0.22573535749772156
45,5,-0.1813482869703819,0.35241788480704933,-0.1352335087167947,-0.28902707202514505,-0.05741503548925664,0.25781194238866983
45,Aggregated,0.09975897039650682,-0.27403160219164174,0.12371726040359066,0.08203287206044105,0.09091417366047262,-0.10072191575607042
45,Centralized,0.08938465675504315,-0.2867962883291033,0.15681060635595426,0.05260186778515455,0.148272248878577,-0.16197161457064016
46,0,1.149656403247314,-0.022640690114095405,-2.197668140409187,1.1087013596892936,-0.5559826821359005,-0.11359369027742693
46,1,1.258546122238767,-0.15388434410424567,-2.0570680552834393,1.1262308418359321,-0.5088786791669908,-0.2800617835620126
46,2,-1.1726998028475024,-0.4400208478769524,1.5567673912476425,-0.7394278527006869,1.031820598813155,0.21820285641121298
46,3,-1.1040085195221343,-0.37414234465600615,1.4221150052589964,-0.6932953647662773,1.033386933499676,0.21424091383321134
46,4,0.163550769393921,0.509846069675939,-0.9109335979489533,0.12551038738472092,-0.3059179427854833,0.27881746161382864
46,5,-0.40788909348547286,0.4564520643351658,-0.331277568207763,-0.23856298516011445,0.1096734479732676,0.4570179625039046
46,Aggregated,-0.356942078353286,-0.21325136218869498,0.22060324691848565,-0.12065675882842225,0.45786001579299695,0.11674066330591845
46,Centralized,-0.44610899302131707,-0.26322347831143916,0.3786959121854689,-0.1810356151846536,0.5193107084859205,0.09304906455697029
47,0,0.8114885214405615,-0.02782222402544012,-1.0915964754654655,1.354417924319952,-0.40078322103046843,-0.16402648771961245
47,1,0.8659108549863297,-0.17203656899609485,-1.034128688911415,1.4050469546188573,-0.26143558565767505,-0.2501046715575756
47,2,-0.3994875108294251,-0.15508459909163289,1.4042025972899554,-2.074914108537355,0.5240001831193069,0.2755338013499368
47,3,-0.40841590957609086,-0.14346695313541727,1.373447920021073,-2.0701233221623614,0.559826820252929,0.23367846351586838
47,4,0.012038275229164775,0.4665017991354584,-0.3227362400520876,-0.15390256761584464,0.17312674880481077,0.09090964797017341
47,5,-0.09134751513053375,0.4978108017176117,0.0812780032717289,-1.0142196029771349,0.24430357415095824,0.2928481312671711
47,Aggregated,-0.01010742692332406,-0.061887553934204614,0.5194207055174641,-0.9219774029346947,0.256377439376394,0.11644981001463352
47,Centralized,-0.058176967378873054,-0.11006848197582754,0.5742992044744792,-0.9907668506268379,0.2958311746667811,0.15076559466840875
48,0,1.3175941317523996,0.020817682839804005,-0.9698895857892661,0.6079602551839584,-1.7571880726668332,0.312107716843994
48,1,1.366045458701424,-0.15477692147094213,-0.9759622059668739,0.6087767136294818,-1.697022625662022,0.13192924048087964
48,2,-0.350554266259441,-1.9007914807169597,1.67406218224918,0.6978782586728481,1.8656160134498692,-1.320168990598627
48,3,-0.34451932510413014,-1.8889681623997825,1.6438423396064827,0.6880579808281616,1.8274196041739492,-1.2900860303664072
48,4,0.16688413503548355,0.05370352726070288,-0.40224900230017213,0.232215288666301,-0.3391240534806294,0.22162875535054333
48,5,-0.2541503168269815,-0.16072935070198374,0.420361717590413,0.29302314348974945,0.07116692154671031,-0.10375563621118224
48,Aggregated,0.16598390352939518,-1.1634425066691991,0.7215028905143355,0.618768484514222,0.6051708888378953,-0.7141857810455272
48,Centralized,0.13781150102874262,-1.2806427954499988,0.8113955970040029,0.6113974352539367,0.7809286896127481,-0.7903829057502113
49,0,0.9673525949046528,-0.0002957056381026687,-0.22322444947695033,1.082837649595233,-1.1173064865237614,0.24373682477565414
49,1,1.0072154814724092,-0.07843510676660485,-0.2014448735290585,1.1216232969993465,-0.9445358113849299,0.19885048539143618
49,2,-2.3481544637818366,-0.3076523932564436,1.693551798209537,-1.919639965793504,2.393628212957914,-0.5484976582184725
49,3,-2.3076178437832833,-0.28675996447351004,1.6803604450955034,-1.9045299167689178,2.317626321681398,-0.4600980192121175
49,4,-0.2956303798102821,0.39653455044191915,-0.08242318171840494,-0.284125099714826,0.08809284313935711,0.2962417011680908
49,5,-1.0534344606606487,0.43452553822395634,0.3653574719900687,-0.8526869100751946,0.5698620714995932,0.26118777265502907
49,Aggregated,-1.1970487858343717,-0.14136991206095814,0.9693136528508617,-0.9026738001382956,1.1617873132237158,-0.20799693568365413
49,Centralized,-1.2686903244306618,-0.17102582644238215,1.0013050070514373,-0.9619567943204744,1.248123144707191,-0.24004373759049574
50,0,1.4492123688635643,0.06249652402937751,-0.820094943679731,0.42529532967716377,-2.0579827510819144,0.056737775238401705
50,1,1.4206649938591607,-0.008801024429961639,-0.8239786984139316,0.4427371878693364,-2.070170441712589,0.004980852686393276
50,2,-1.221148670703452,-0.8139444257993964,1.813983429550371,0.6097814014260284,2.143166239572108,-1.6037523057155785
50,3,-1.2175988816959564,-0.8001363708926056,1.7844779234945594,0.6384556633005458,2.0494411407408144,-1.5827985276084784
50,4,0.005876404916341333,0.5198793458026961,-0.5821416964877153,0.06726361203507783,-0.5915937746672332,0.053993095319784364
50,5,-0.48897279161661517,0.42938723494506975,0.28187581621866004,0.20276188661645791,-0.0113307373563603,-0.31894555209822284
50,Aggregated,-0.35454681819476763,-0.42184597966624265,0.8297770276566041,0.5131195729263491,0.6401753039203192,-0.96341974618574
50,Centralized,-0.4193858130579454,-0.4760931674438495,0.904674945838867,0.5019969989856788,0.8347865282825496,-1.0148809844314817
