,BeforeLocalTraining,AfterLocalTraining,BeforeLocalPartialEvaluations,AfterLocalPartialEvaluations,BeforeEvaluation,AfterEvaluation
1,1786738215.1834624,1786738215.4586725,1786738222.6867259,1786738225.4782786,1786738225.4926202,1786738225.539084
2,1786738225.5622284,1786738225.8329487,1786738233.199785,1786738236.3461106,1786738236.359815,1786738236.4035702
3,1786738236.536385,1786738236.793156,1786738243.719675,1786738246.4737918,1786738246.4876387,1786738246.530237
4,1786738246.7047892,1786738246.965805,1786738254.1115832,1786738256.8619835,1786738256.8754826,1786738256.9184682
5,1786738257.0341601,1786738257.2903352,1786738264.529666,1786738267.6427605,1786738267.6567402,1786738267.7031286
6,1786738267.839148,1786738268.0972185,1786738275.5114472,1786738278.312334,1786738278.3256867,1786738278.3688712
7,1786738278.430816,1786738278.6867394,1786738286.0392585,1786738288.8036163,1786738288.8174136,1786738288.860454
8,1786738288.8857956,1786738289.141164,1786738296.5735872,1786738299.3701952,1786738299.3838286,1786738299.4278996
9,1786738299.4492226,1786738299.703709,1786738306.6145592,1786738309.423142,1786738309.4369457,1786738309.4813259
10,1786738309.5083065,1786738309.7738874,1786738317.1501417,1786738319.9099915,1786738319.9235523,1786738319.9662387
11,1786738319.9965181,1786738320.2539277,1786738327.6201622,1786738330.4196787,1786738330.4333134,1786738330.4776285
12,1786738330.5336695,1786738330.7952788,1786738338.247527,1786738341.343478,1786738341.3570926,1786738341.4007401
13,1786738341.4455514,1786738341.701312,1786738348.6828508,1786738351.438899,1786738351.4526849,1786738351.4955904
14,1786738351.5960038,1786738351.8615067,1786738359.4019754,1786738362.462918,1786738362.4769146,1786738362.5230896
15,1786738362.58082,1786738362.8500597,1786738370.7470984,1786738373.6664858,1786738373.6804433,1786738373.725193
16,1786738373.7802224,1786738374.0479844,1786738381.489225,1786738384.4419894,1786738384.4558907,1786738384.5016744
17,1786738384.5268433,1786738384.8148892,1786738392.5922465,1786738395.4769232,1786738395.4907732,1786738395.53508
18,1786738395.6614008,1786738395.929233,1786738403.797234,1786738406.6971745,1786738406.7111747,1786738406.7560458
19,1786738406.855309,1786738407.1235778,1786738414.5019808,1786738417.7579591,1786738417.7716608,1786738417.8158095
20,1786738417.8470783,1786738418.1118145,1786738425.6849713,1786738428.5482333,1786738428.561965,1786738428.6055346
21,1786738428.7019556,1786738428.970597,1786738436.531187,1786738439.4966726,1786738439.510518,1786738439.5563047
22,1786738439.5784025,1786738439.8412344,1786738447.6393104,1786738450.5033891,1786738450.5170348,1786738450.5602853
23,1786738450.7352777,1786738451.0013256,,,,
