Round,Evaluator,4,3,1,2,5,0
0,0,,,,,,
0,1,,,,,,
0,2,,,,,,
0,3,,,,,,
0,4,,,,,,
0,5,,,,,,
0,Aggregated,,,,,,
0,Centralized,,,,,,
1,0,-0.4694396262734116,1.2732845920141782,-0.9117207189155626,-0.19871327504325767,-0.04624789228485805,1.3217394885429194
1,1,0.23470072660363275,-0.22715743215482911,1.7852201360756652,-0.16277495311073978,-0.9696124407351439,-0.44786341382765676
1,2,-0.4968750828704658,0.07334403387106295,-0.2888883465047743,1.5678227160625329,-0.5842227085728987,0.19655533040481374
1,3,-0.41712218997511796,1.1555413051683185,-0.7218868418433787,-0.20695829846496586,-0.08448956483990502,1.1864765926256466
1,4,1.8710900037959413,-0.2721311103284804,-0.6222517782145651,0.022033023571931848,-1.0484218784688597,-0.37891075027840243
1,5,-1.4438323089843983,-0.11623734432044049,-1.6097509202916918,-0.6037396219669582,2.3559293967618915,0.03171777076250832
1,Aggregated,-0.12009660693245608,0.31648925366513364,-0.3927749831434085,0.07012340648130297,-0.06588350990664969,0.32017511054028497
1,Centralized,-0.12009660669573091,0.31648925338596295,-0.3927749828925309,0.07012340662438078,-0.06588350976898229,0.320175110921712
2,0,-0.464467816586516,1.008734215342152,-0.7620842176772941,-0.35098344368687867,0.004236800856693312,1.0803957700971516
2,1,0.3882987882460533,-0.6026116931981887,1.6122007154278937,-0.16985231408610196,-0.8291948401833356,-0.846613435981467
2,2,-0.3926629979251623,-0.2562846230477535,-0.26131226262358087,1.5172471821830225,-0.5044145954014054,-0.20525872265255013
2,3,-0.39476283771395176,0.8831225792006248,-0.5974820490716033,-0.3482396554347338,-0.03009047442245181,0.9351239069651875
2,4,1.792622340731498,-0.40579252789173376,-0.4805217145067292,0.4124399005371517,-0.7016540587374419,-0.4648680884972809
2,5,-0.8558723858380184,0.15660566730234382,-1.1287435339161298,-0.45000864795284273,2.4124853391176257,0.30493119156913473
2,Aggregated,0.011697597579680906,0.13181225730339025,-0.2681605007754732,0.1015956599885847,0.05536609990611187,0.1349637454118335
2,Centralized,0.011697598227001777,0.13181225699641683,-0.2681605004173374,0.10159566054464436,0.05536609976255533,0.13496374583184903
3,0,-0.51654307016442,0.9279290817373752,-0.835943047972282,-0.4034193398040659,0.056341618534339374,0.9966653747089252
3,1,0.5466460112415913,-0.6218679223628419,1.7130360945687404,-0.06391255838999606,-0.7375541641320477,-0.9033703645496132
3,2,-0.34719779433303644,-0.34198173050850816,0.015169136761200738,1.5299070350159227,-0.5930213727314223,-0.30766312386868583
3,3,-0.4298604042144155,0.8069155822068754,-0.6577782093223329,-0.3852782951142734,0.02159001005971409,0.8505371392747597
3,4,1.8666696288553242,-0.48496038016033216,-0.23158384219159683,0.5022966313903058,-0.8888684165147537,-0.5736203114691657
3,5,-0.9084390735014523,0.014474877557008076,-0.9790818574425806,-0.43380756067814136,2.5417856387792788,0.13393132299336913
3,Aggregated,0.03474787829394032,0.05137972821310269,-0.16160163781210035,0.12402800231512082,0.06357457911904822,0.03390117212232479
3,Centralized,0.034747878773378586,0.051379727930150804,-0.16160163807374903,0.12402800219119173,0.06357457823195962,0.033901172286475365
4,0,-0.5262979190860769,0.9313379332959417,-1.000722165459111,-0.5012019063381892,0.06502176126191109,1.0550465461908163
4,1,0.6506460500638938,-0.5447545112443914,1.7871096305673635,-0.046322918148594815,-0.64513014214782,-0.8078047741483848
4,2,-0.2734062976212639,-0.3501764284298019,0.11724654017571177,1.574753678832002,-0.6556183062648061,-0.3316626187949294
4,3,-0.4299481653604762,0.8127630422811711,-0.8023347066324938,-0.47313519346211774,0.03215497978960032,0.9100551550347135
4,4,1.9602315021333125,-0.5044116033840729,-0.13886763425573853,0.5161481544780385,-1.1792399467039558,-0.6158183254829163
4,5,-1.1134198851904789,0.0829115310076301,-0.8908539721785209,-0.5314535249954394,2.6079517259531926,0.16829266352304434
4,Aggregated,0.04442795033955042,0.07253256662222198,-0.15401195566668707,0.08952299940676034,0.03453301638993674,0.0642813198445559
4,Centralized,0.044427950857049474,0.07253256678447095,-0.15401195586223074,0.08952299890978443,0.034533016107814236,0.06428131916353143
5,0,-0.5509313572937439,1.0139913597494183,-1.1542862271307115,-0.5141031286701724,0.12296653960638265,1.1026886801560685
5,1,0.6878999679234675,-0.6117137542295579,1.7528900099548348,-0.02427139603994443,-0.5837428321425308,-0.919270182287532
5,2,-0.2343671246338001,-0.37817164371453627,0.12750686333791802,1.6157306359935169,-0.6802314086819133,-0.3451068807694827
5,3,-0.44771922045572277,0.8853106089960415,-0.9439439008820817,-0.48513217864386937,0.09098905886477922,0.9448588336313677
5,4,2.120244584945089,-0.5286441642696148,-0.18997404291223532,0.5745729114907068,-1.4102585922755695,-0.5745560847589879
5,5,-1.301431772598194,0.15570393560955742,-0.8428430221226382,-0.7518702849027343,2.625409320466571,0.34268964906721183
5,Aggregated,0.04554728356129658,0.09067004020208223,-0.2079820321618445,0.06913116177221965,0.024769677627117438,0.09289777315386887
5,Centralized,0.04554728366026739,0.09067003952989237,-0.207982032849449,0.0691311618761176,0.024769677328807523,0.09289777341931753
6,0,-0.6389507200977018,1.0945567007198085,-1.2254046914233039,-0.5002853187317309,0.1782928905705319,1.1934335760181076
6,1,0.7079843831959438,-0.7575266052221915,1.776642332130892,0.03679276781220011,-0.5786246452040126,-1.0611939163688877
6,2,-0.24806394457078806,-0.39080440186023996,0.12399253136611572,1.633176206183005,-0.7151385179682702,-0.34805030116185515
6,3,-0.523705772096137,0.947265253767763,-1.0085139368667777,-0.4712502212964041,0.1457191689779152,1.0178667768840046
6,4,2.2662588091637135,-0.4754523369832124,-0.24666419619172217,0.665095476834029,-1.5447611359738656,-0.505922499593848
6,5,-1.4724650874045113,0.3092344131129847,-0.7908543270407766,-0.9742427302524592,2.671603302668137,0.3999731547521662
6,Aggregated,0.01513080079627951,0.1222700874192346,-0.2281322026260038,0.06514583099794181,0.023537448147433422,0.11697034674344857
6,Centralized,0.015130800817382495,0.12227008720568407,-0.22813220203276177,0.06514583071094461,0.023537448550253113,0.11697034769127185
7,0,-0.6791403485151712,1.1558487536123718,-1.2514935990567868,-0.46531314512273475,0.18183419558159622,1.2324736514487824
7,1,0.7399751922390545,-0.8683286464501572,1.8772741771352488,0.0220060442091057,-0.5765089412184927,-1.195456369546509
7,2,-0.3143032953444971,-0.3215477014876642,0.1339713708415333,1.6217509294819072,-0.7232808844863323,-0.3275549619781054
7,3,-0.5587410414840044,0.9952470428242819,-1.0273109048858173,-0.43930176705433543,0.14774194776366256,1.0410777380279486
7,4,2.3385181781577957,-0.43379562103257135,-0.26845215235367276,0.7005686048111119,-1.6606540769346947,-0.4459371936794053
7,5,-1.687964300053251,0.396480273736522,-0.6920424244052876,-1.2069351045995218,2.727268211486051,0.5042801626903789
7,Aggregated,-0.026790798372011516,0.15493484712322902,-0.2044494581181196,0.03939409709593856,0.013426114846148578,0.1355754447315024
7,Centralized,-0.026790798129825107,0.15493484796204227,-0.20444945795927497,0.03939409629659869,0.013426115392830134,0.13557544452556358
8,0,-0.6464570723741454,1.1068660359163887,-1.2832924713374696,-0.38427656121351483,0.14292367671918435,1.2104938764040918
8,1,0.7501257110859691,-0.8767607651291078,1.9474457524156732,-0.03153735446220501,-0.5593947339122107,-1.274395450277896
8,2,-0.38266904683649666,-0.2914839908263178,0.1714621568991399,1.5816865991723692,-0.7080133177014353,-0.2590833958239566
8,3,-0.5274088674569146,0.9462903004843539,-1.0500236742449727,-0.36542340464585993,0.112825612281308,1.015225530859018
8,4,2.267734380402779,-0.3394096723624963,-0.24930145456594516,0.6295414175299131,-1.7293887095450096,-0.3962924961343932
8,5,-1.8919628632978691,0.42328162853764517,-0.5879734613384395,-1.3038289330505832,2.8144601766171258,0.45558122727947636
8,Aggregated,-0.0712527590550012,0.16224178620482152,-0.17521408152645654,0.021892238100853112,0.009474895440606389,0.12598401156453498
8,Centralized,-0.07125275938944094,0.16224178605042697,-0.17521408102431085,0.02189223767378893,0.009474895602323823,0.1259840123096365
9,0,-0.6073776107855502,1.0823112461775883,-1.3624018890956788,-0.32283940223402097,0.07571958152246022,1.171066112511531
9,1,0.8156058978968469,-0.8964002614243425,1.9590190168088688,0.008333563991498667,-0.5374636959503082,-1.2835005982453749
9,2,-0.4831173029402871,-0.20271196319580587,0.17500035268007372,1.4919534994270347,-0.6787488830965752,-0.17599111349556934
9,3,-0.48543275583425305,0.9230082571330395,-1.122883553768162,-0.3019951837567986,0.05117465351495751,0.9760912006300351
9,4,2.08916792209962,-0.14141221744834806,-0.3217237935082142,0.5296806425060407,-1.857309131579292,-0.14060105889467478
9,5,-1.997905508478431,0.3224029063664423,-0.5233066997657624,-1.314276375181751,2.9653345845179127,0.34535596128657714
9,Aggregated,-0.11064864122872975,0.18194706324312168,-0.19946515560046732,0.01619312270389693,0.00015125886716539484,0.14939113958941647
9,Centralized,-0.11064864113624193,0.1819470633920822,-0.1994651560468141,0.016193123412025324,0.00015125938642073726,0.1493911407000278
10,0,-0.5615794550067739,1.0551623186622912,-1.4723831762578485,-0.2590969350258988,0.07459712005572838,1.1773365611413422
10,1,0.8392993217079853,-0.8212807749024255,1.8648082385960258,0.05359817148622341,-0.5289486605355231,-1.2722813154102441
10,2,-0.5931270761252112,-0.12485919375453453,0.14795910814893912,1.4062508341485995,-0.6581991705498629,-0.09164799397642115
10,3,-0.44022382555320166,0.9004985708316059,-1.234038578460404,-0.23589199241200434,0.0499380781362995,0.9829804426623495
10,4,1.9295253988313867,0.03655373140873693,-0.38533554285016347,0.42421401029805117,-2.0003643319044473,0.07599608370282027
10,5,-1.9834046696892245,0.26483457438374786,-0.49955185205190134,-1.2505336957903856,3.0897625515938856,0.2917088082657117
10,Aggregated,-0.1339016423308206,0.2191943889592411,-0.2633724705317393,0.024235597948918386,0.0014251649278707811,0.19462237546732075
10,Centralized,-0.1339016421706807,0.21919438891999543,-0.26337247022007687,0.024235597652363147,0.0014251646722683716,0.194622375377591
11,0,-0.5366563271033056,1.089168974245702,-1.5318819674469557,-0.20293894391950376,0.04951871069414688,1.1810575602013305
11,1,0.8314684587545983,-0.8805539348806272,1.7877804790987328,0.10026209319069888,-0.5333162711815534,-1.2806418478387707
11,2,-0.6801145414215003,-0.06741544964766896,0.14010770264577055,1.3727250945398362,-0.6658295042375304,-0.03807923997317911
11,3,-0.4177748331032224,0.9297932638149691,-1.2964865944757513,-0.1789527936600739,0.02611873983569424,0.9852331076381483
11,4,1.924850566193461,0.07650045556020411,-0.39070358873698274,0.39215934195406654,-2.1450931658941377,0.1474927933538481
11,5,-1.9149349457476783,0.27807383466054214,-0.5008426979035194,-1.1642446751021487,3.164245472726833,0.2786829180107233
11,Aggregated,-0.13123911701305216,0.2382860975302847,-0.29907386803845654,0.05432184287860939,-0.020477832740244825,0.2128730821999913
11,Centralized,-0.13123911672577265,0.2382860972412955,-0.29907386810321707,0.054321842521219806,-0.02047783306637476,0.21287308182538303
12,0,-0.5204475880730723,1.0649544065529681,-1.5643949073358974,-0.12856690412230717,0.02307405024296624,1.189808390937545
12,1,0.8248158698353404,-0.8493802524216707,1.730197431598868,0.1371520401499125,-0.556337684189694,-1.3199752080626324
12,2,-0.7587006886069028,-0.050698753004334955,0.17282553981267282,1.3596250464350008,-0.687250519851279,-0.004386478424345031
12,3,-0.40401099617437103,0.9075766716816127,-1.3304074236407564,-0.10592725724560209,0.0009119584397024387,0.9905083358774646
12,4,1.9577861520695534,0.0795037691716861,-0.31883601017220253,0.43703926692632733,-2.2749410210322227,0.13288837614736948
12,5,-1.9076562990646848,0.26165822134727557,-0.5209486922409805,-1.1319709044121913,3.1840387434388724,0.26156186983698426
12,Aggregated,-0.13376414463719227,0.2362932059761397,-0.3057553114766715,0.09576569677794886,-0.054828510123678245,0.20901082659081982
12,Centralized,-0.13376414506776327,0.23629320603433754,-0.3057553117381216,0.09576569612788456,-0.05482850962585264,0.20901082610474672
13,0,-0.5288347257961422,1.0556284480946363,-1.6148192387558553,-0.024463261545664236,-0.008526277476950197,1.1824157331415857
13,1,0.8399061839540541,-0.8873950513998654,1.7212537424335579,0.13553129631142177,-0.5551273764673196,-1.3230583644225156
13,2,-0.8727805529547906,-0.022085636950967057,0.2467304113211148,1.3160946190628289,-0.6768197972343404,0.009314195609109024
13,3,-0.41209784495658186,0.8968705777855307,-1.3762597681425546,-0.010132806179655562,-0.026923477537014788,0.9832655740556148
13,4,1.9024026390730606,0.10080396364272905,-0.24615639429530098,0.5253881050046018,-2.3300955098048246,0.14375367718666962
13,5,-1.9628924516632473,0.2172265232868111,-0.49504301743675067,-1.2012645538739817,3.21180791140703,0.21229828542247825
13,Aggregated,-0.17134763598155076,0.22754879702617722,-0.29469625684745776,0.1249149933457357,-0.067403164300265,0.20198921606404519
13,Centralized,-0.17134763617690052,0.2275487963280993,-0.2946962558158833,0.12491499328222877,-0.06740316493166897,0.201989215646976
14,0,-0.5500685781232565,1.080529386704691,-1.825184724940825,0.06507552689777706,-0.004204953728658428,1.2325083303208848
14,1,0.889491115739793,-0.8291734893296347,1.7162421476476684,0.1160434014136246,-0.542468006070649,-1.299477643304995
14,2,-0.8951403459906027,-0.0011345720773324275,0.2859309466425287,1.3296956893301046,-0.6874968441307281,0.02672549304429309
14,3,-0.43084369125256256,0.9248107643631709,-1.571891197924915,0.0702865415052214,-0.02036720771357043,1.0331155455701468
14,4,1.9127823651735074,0.11195352109852554,-0.17624848131558896,0.4663669693162277,-2.3871788571685992,0.09990404166800503
14,5,-1.9736134870798177,0.21079827765024356,-0.45421543668378594,-1.101906403994001,3.207302331950615,0.22036097922844297
14,Aggregated,-0.1735330693388275,0.2504057687020901,-0.33861160480336505,0.15900620896908513,-0.07546825419644075,0.21961778867100593
14,Centralized,-0.17353306948543848,0.2504057685999382,-0.3386116040929967,0.15900620873796545,-0.0754682538916591,0.2196177886978354
15,0,-0.5540119748615445,1.1330451612653625,-2.0044663887137473,0.0772867168637036,-0.008685817773884155,1.3118350230438065
15,1,0.8831374777429782,-0.7914494566277668,1.674452612516433,0.1041329358585418,-0.4767785668248494,-1.2481006165642388
15,2,-0.9290219433682422,0.030894719607585965,0.27917521224438185,1.327690187713104,-0.7118863284549429,0.04474882681646183
15,3,-0.43776651397908195,0.97784093591876,-1.7425453517650291,0.08001354655205808,-0.01861469879066896,1.1110974854097173
15,4,1.884134287590115,0.07071853241777565,-0.10823141988299219,0.5173945370793906,-2.3794709514565766,0.05448504388805542
15,5,-1.9833716859161585,0.23870119777330967,-0.449955970271469,-1.1405725370430109,3.1702237694745445,0.23118865796285706
15,Aggregated,-0.18843335326315902,0.2774870637329247,-0.39330913773255327,0.16243349252463668,-0.0738642484111909,0.25179331411284356
15,Centralized,-0.18843335305888184,0.2774870637616373,-0.3933091386997721,0.16243349221610096,-0.07386424911030771,0.25179331471435723
16,0,-0.5715511243608967,1.1934050822469666,-2.0362538465068796,0.11146760206838506,-0.07139918013363007,1.3627685717030482
16,1,0.8422454915478064,-0.8315329246226512,1.6003706575766696,0.07820196891626578,-0.325598306990743,-1.2876939470371185
16,2,-0.9443315302307227,0.05643081784541965,0.25772151694345286,1.3208089225512891,-0.7244704963402688,0.06362078425112166
16,3,-0.45984519730073115,1.0309353715289267,-1.7792225330166553,0.10753688079055516,-0.06245312401332829,1.1548671806963642
16,4,1.8585481467965679,0.036773747929368626,-0.03748815093436399,0.5259000395084344,-2.3684917419831573,0.006638643953963998
16,5,-1.989761894339105,0.2449386696708102,-0.4351412839573917,-1.126741213144473,3.1310945618973514,0.2256522302257317
16,Aggregated,-0.20975694671369396,0.2894359386739626,-0.40653369192716077,0.1709811127816369,-0.07318284949651836,0.25531912434527104
16,Centralized,-0.20975694625969182,0.2894359387530904,-0.4065336917906717,0.1709811128940654,-0.07318284884583857,0.25531912403911
17,0,-0.6019956075767297,1.1867097068589751,-1.9347031713834115,0.15262018349374587,-0.10602527079401936,1.3394115691457915
17,1,0.8355824025063926,-0.8853657050342736,1.5801673643460519,0.04017536241102923,-0.22535024126861805,-1.3785209008163375
17,2,-0.9401475857264572,0.07124599935099687,0.24001635273797722,1.3076679839887333,-0.7237723391654494,0.09013429404101421
17,3,-0.4912475554663087,1.0211013811469587,-1.6858257784972228,0.14247712711992144,-0.08577488143637828,1.1278064254889986
17,4,1.8587710776280164,0.0371352072364392,-0.004132786694271845,0.5172180556530656,-2.4146727204246767,-0.0023373223596310226
17,5,-1.9946509540705253,0.21456882268113692,-0.3633628927234763,-1.108422652637558,3.098446151006154,0.20947239355719502
17,Aggregated,-0.22129905229751123,0.27518249324471017,-0.36282019280451194,0.1767617093507387,-0.0790800483709942,0.23195688419353327
17,Centralized,-0.22129905244108813,0.27518249295141717,-0.3628201930145225,0.17676170907410158,-0.07908004929282354,0.23195688382790414
18,0,-0.6552500577697711,1.154413402560486,-1.840079273951724,0.17500459721237874,-0.09854436627351046,1.2919765572842692
18,1,0.8681060604602411,-0.9195325049973173,1.6063549278208935,0.020045759361262017,-0.18075045564728603,-1.4250794348942153
18,2,-1.0106813060464879,0.109431497053809,0.21703982167052718,1.280857475553413,-0.7056709462169165,0.12569172337816867
18,3,-0.5405115555460399,0.9906325017740231,-1.595259791069025,0.16205153658272292,-0.07342028046756634,1.0812338438536733
18,4,1.8114638944028516,0.04405462291940971,-0.024055981550828182,0.5354578189570679,-2.374757984255286,0.05895121596698911
18,5,-2.0556264242560687,0.23132514067679305,-0.29350363107491534,-1.1569878126021083,3.092532371782194,0.17079221614418333
18,Aggregated,-0.26272246767795165,0.2692515205645006,-0.323029744859812,0.1709519809528121,-0.059638718214869574,0.21814792389633217
18,Centralized,-0.2627224674699784,0.2692515207577188,-0.32302974485709507,0.17095198094610417,-0.05963871799558434,0.21814792349423798
19,0,-0.6364184729917116,1.0988813728853128,-1.7835478981779858,0.22040451491568314,-0.08791184811408609,1.228278926693538
19,1,0.8443896116352123,-0.9299376165496078,1.6365267836723842,-0.011235445572036302,-0.16041138512242553,-1.419722964539246
19,2,-1.0920626388231673,0.15127965928928586,0.20500057647072822,1.2573613713002822,-0.6790118820302105,0.1549536077826672
19,3,-0.5245563416958997,0.9369470850702254,-1.54111535786558,0.20346081117842083,-0.05970531886419772,1.021315078143839
19,4,1.7371051096269363,0.08091094600848275,-0.03767654468264107,0.5405524062151079,-2.3763995574605983,0.09751470246526571
19,5,-2.114058003236023,0.21909177737620517,-0.1985109019912274,-1.169482492316536,3.1117386671596208,0.1645807440713887
19,Aggregated,-0.29643524936748183,0.2603014662857059,-0.2880237129566786,0.17512124618362637,-0.04481562788652102,0.208601682610971
19,Centralized,-0.2964352499891038,0.2603014657048279,-0.2880237133366346,0.1751212461671016,-0.044815628044511,0.20860168242721827
20,0,-0.6335698030977742,1.0656558619966643,-1.7618764231143649,0.25258882636564944,-0.09311837749862947,1.176653671627364
20,1,0.8436691752769928,-0.9200356699453927,1.624196709876756,0.0037814762324055846,-0.1400173193443424,-1.4014656035377437
20,2,-1.0759632584895382,0.18035450931295827,0.17172950140386478,1.2744199245220327,-0.7052274219924742,0.18680198839119525
20,3,-0.5218749640784631,0.907166708060589,-1.52081606787952,0.2345015047330251,-0.06235178064908813,0.9723320103208255
20,4,1.7573102819432393,0.1000230139425421,-0.08726172026659809,0.5155356945304905,-2.459608719918431,0.13912057237310188
20,5,-2.074780920134852,0.22596803163232787,-0.13368934576636338,-1.0853381437771152,3.074763489499813,0.1505848833979938
20,Aggregated,-0.2830977639449241,0.2605655030841248,-0.28612024791952634,0.2008169762165419,-0.0670203893509821,0.20471206621367505
20,Centralized,-0.2830977643563039,0.26056550327050476,-0.28612024859880575,0.20081697654950995,-0.06702038885710374,0.20471206704820336
21,0,-0.6449430321489916,1.0429054263130118,-1.7663434397330768,0.2594792253550978,-0.073634705873252,1.157954216815004
21,1,0.8323682394103731,-0.8963781845950916,1.586951634134236,0.025268346616693964,-0.11035079245803721,-1.3695987570246653
21,2,-1.0934122927372718,0.20133138863184483,0.1363849182767653,1.279918662759381,-0.7249084123783984,0.20565250781071084
21,3,-0.5336376847814706,0.8855117144259362,-1.52633357622141,0.2431926826859846,-0.04225738820803389,0.95696354402675
21,4,1.7688641564017225,0.11826848408066015,-0.16584046147738907,0.5507128151994864,-2.4133609875462736,0.15299831424321014
21,5,-2.1267309621122745,0.20229686002294364,-0.0653290859349975,-1.1111722633974703,2.9975887049532375,0.14652564166686513
21,Aggregated,-0.2984390280435939,0.25969701305525084,-0.30165238696792007,0.20950239976213747,-0.06379890899448418,0.20910933449533423
21,Centralized,-0.2984390272706214,0.2596970127112203,-0.30165238709761405,0.20950240009471813,-0.06379890929670308,0.20910933474881765
22,0,-0.6656226245284212,1.0359391506003925,-1.7430687503167615,0.2437123874143838,-0.05457522368354418,1.1625231906108036
22,1,0.8337246270624435,-0.9081689309261356,1.5354233414489387,0.06684373872093216,-0.08136246652251594,-1.3873239632794288
22,2,-1.1195108042136563,0.2265390699699726,0.10087944912234824,1.2798594663192597,-0.7271158534163519,0.23527185500386946
22,3,-0.5532026053647788,0.8782414688500334,-1.5080732751440407,0.23077616025851472,-0.02320649394365509,0.959691369834097
22,4,1.707248799323005,0.14872006123348208,-0.20424027401814465,0.5769657990497199,-2.3757761640833976,0.180203170304776
22,5,-2.133284589259205,0.1782187395380972,-0.013532172706106071,-1.1233554256897276,2.9881606664657347,0.11457909397695513
22,Aggregated,-0.3206143501653089,0.26062117241027605,-0.3070409985124532,0.21406577205906893,-0.048261680141104386,0.21154239766043356
22,Centralized,-0.3206143500946768,0.2606211723297547,-0.30704099784112476,0.21406577193357748,-0.04826168018906271,0.21154239721601725
23,0,-0.604208273350586,0.9935677850260571,-1.662653569801322,0.2365429254154961,-0.05386147876243845,1.1222394308771526
23,1,0.8226484219283108,-0.9303724668159025,1.518368079940686,0.06244631626120377,-0.09149636311127342,-1.4152081701641577
23,2,-1.1476176510230418,0.23807697032648664,0.08739928534838215,1.2679266015578767,-0.688009202709542,0.25450347759949543
23,3,-0.494073957291148,0.8349356015811815,-1.433456397510077,0.2235925940999431,-0.023440316413586817,0.9187513473233134
23,4,1.635568771585142,0.19660019175860124,-0.20542215205395706,0.5631381601704447,-2.3501734470002913,0.19702759475957066
23,5,-2.163680006792768,0.10046411115237679,0.06971007892678129,-1.1120085207067354,3.0154115309201948,0.054108708746764954
23,Aggregated,-0.3238952191427664,0.23958484976606056,-0.2726179787258693,0.20851864207287538,-0.03459894160489015,0.18928691825928068
23,Centralized,-0.32389521917367414,0.2395848500212071,-0.2726179792220843,0.20851864252461294,-0.03459894152610115,0.18928691838624237
24,0,-0.5604683379704256,0.9388208420500131,-1.582960511471573,0.23745158601922,-0.05541589886772478,1.0642629491391244
24,1,0.8566010748262116,-0.9485748193973953,1.5526772810476548,0.035774160803397535,-0.11714708056920292,-1.4412349184975612
24,2,-1.1352834475027707,0.2681179913514922,0.06627784029621268,1.2578280608865675,-0.6899406742182893,0.2760691013269846
24,3,-0.4494637624607274,0.7836548547089732,-1.3564976622687575,0.22213857938690929,-0.027709025302000256,0.861470566425478
24,4,1.613439385552953,0.1802184610083498,-0.18912878515108492,0.546333652513042,-2.381938544435418,0.2270368303364617
24,5,-2.139202095427807,0.11634346236300949,0.12093000362736621,-1.077834362136102,3.0184901348484163,-0.0004971877070146824
24,Aggregated,-0.30100087429155387,0.223707011602465,-0.23300758503809205,0.2051463174546137,-0.0449472764353709,0.165191766165751
24,Centralized,-0.301000874944173,0.22370701176753005,-0.23300758484258866,0.20514631763209895,-0.04494727617098527,0.16519176697555804
25,0,-0.6047566153299662,0.9175100879045232,-1.5820633412688716,0.23738362673367394,-0.04241771105267915,1.058142085794712
25,1,0.8958618353916012,-0.8697853080360206,1.541191795728945,0.054339054817912374,-0.1614326932493748,-1.399889136486528
25,2,-1.0867720910370586,0.28750117293976607,0.02740960333738143,1.2568521321187471,-0.771698447198679,0.317047405437139
25,3,-0.48966069695980213,0.7677050649276135,-1.3568064706282095,0.22478597853996365,-0.015919365734254894,0.858303948858542
25,4,1.6163525334311193,0.14633152515411962,-0.22913290944268916,0.5676925900529605,-2.372952829538041,0.2514924269122998
25,5,-2.07830432519075,0.17828552173438797,0.15027163483280498,-1.070600781800864,2.9304220372781478,-0.0002717596478658516
25,Aggregated,-0.28994561617829684,0.23848029678272842,-0.24309958343705715,0.21326012066827138,-0.07489537399143871,0.18147529945352522
25,Centralized,-0.28994561554772014,0.23848029671628707,-0.24309958377609833,0.2132601203221115,-0.07489537364974647,0.18147529952176425
26,0,-0.7027311307912331,0.9655219074557749,-1.601589625727809,0.22507592306102,-0.01745313619608524,1.0940920683423303
26,1,0.9364950461619841,-0.8800127729902605,1.5041371879735723,0.05788801247532828,-0.17960992854990893,-1.3555469263140572
26,2,-1.1104567877901819,0.3155682609828517,-0.007531444371109653,1.255797536338867,-0.79555787245423,0.3421717924778018
26,3,-0.5781325116437065,0.8128327039456751,-1.378306762110573,0.21482741626347568,0.007526883360020086,0.8945280535808665
26,4,1.599891516999351,0.17293126508069187,-0.253188204624975,0.5846900531118641,-2.345116816003705,0.2706421352713288
26,5,-2.1293009016304754,0.1831278615226044,0.14561592483848695,-1.1045583875898557,2.9425235241970817,-0.0070768678202669695
26,Aggregated,-0.3294821790722409,0.2622607987429927,-0.26674915722177256,0.2071581476368183,-0.06718351423716681,0.20721095959426455
26,Centralized,-0.3294821794840682,0.2622607991447446,-0.2667491567738873,0.20715814749514302,-0.06718351341477141,0.2072109597519275
27,0,-0.7220691373470233,0.9966578447627786,-1.5932727339432016,0.21621030173207686,-0.01219148313758976,1.1199964279788965
27,1,0.9327540226554661,-0.906772943653624,1.4898330282565044,0.0727077174740236,-0.20118439155350956,-1.3767376148086345
27,2,-1.1281157149884709,0.3454933039160484,-0.02405927007876193,1.242553248172933,-0.8028207065852636,0.3737350268781529
27,3,-0.5962079463191142,0.8392218097064857,-1.370468186257927,0.2063336733902263,0.011958164738721225,0.917598246603611
27,4,1.5596414800854732,0.14190769616398893,-0.18554572628377572,0.5617743313754461,-2.295401670373667,0.2496905992016217
27,5,-2.18316852410656,0.20866539161531306,0.11002887450808024,-1.1263801651058016,2.9643560179510415,0.0019503555956382874
27,Aggregated,-0.3549028825296598,0.27147992174944335,-0.2638430238204579,0.19710756998263587,-0.05851318177173185,0.21514551267834636
27,Centralized,-0.3549028828826394,0.27147992150249883,-0.26384302370800966,0.197107570443505,-0.05851318164485126,0.21514551243843516
28,0,-0.6543075516574566,0.9916232159279056,-1.5461196254952234,0.21197355456130246,-0.029251015780729337,1.0911646340969647
28,1,0.95399455421993,-0.9752012838258665,1.5494755417069392,0.055326293520686055,-0.23681199482358686,-1.4355434016432485
28,2,-1.0972781043771545,0.3743348377658671,-0.016688525949862882,1.2175288060326004,-0.8346513106228667,0.39618748024530365
28,3,-0.5309333936416282,0.8272378326534988,-1.3205606151365519,0.2007568249614417,-0.00606019142877664,0.8847464540895129
28,4,1.5529042626010876,0.08162652279808041,-0.07612546208739286,0.5696049588282198,-2.3247527777498522,0.1910024272452144
28,5,-2.1617551029190163,0.1999765415049011,0.0899172081384815,-1.1463273741061633,2.994627885725286,0.02116136036206278
28,Aggregated,-0.32151814172855375,0.25055944821341886,-0.22155631670017384,0.18639018083742584,-0.07551437935961185,0.19216732665384018
28,Centralized,-0.3215181420967849,0.25055944835952465,-0.2215563161467274,0.18639018109965572,-0.07551437918930956,0.1921673263408316
29,0,-0.6403855486525654,0.9681207697907191,-1.5566056323415796,0.2002593886944988,-0.031054128798069083,1.0686373780434777
29,1,0.9829362210277531,-0.9421077463245274,1.5897547851361105,0.06120236079796724,-0.2593978507215003,-1.4293473516641662
29,2,-1.0711107177268069,0.38815326713393716,-0.031698945348708055,1.211272472338451,-0.8854920119011312,0.4010141263755887
29,3,-0.5139850678992192,0.8085021272336657,-1.3264546483845512,0.18966283506759837,-0.009919060674328208,0.8635328664448004
29,4,1.5585524212843465,0.07559077814060255,-0.05732574793574731,0.5909116192080899,-2.316623402669176,0.14783397102703444
29,5,-2.1614232191730056,0.2053094370222544,0.08404343183353041,-1.1652007697389815,2.989044165540919,0.08005020570451762
29,Aggregated,-0.3061577305329811,0.25120189567364076,-0.21791995318296545,0.18292758358015485,-0.08828649575269498,0.18925292661572043
29,Centralized,-0.30615773003685764,0.25120189593770986,-0.217919953762082,0.18292758379835958,-0.08828649537296432,0.18925292714966244
30,0,-0.6884451283440669,0.9948658760593349,-1.6005328000823327,0.20711030622700394,-0.02562257573241461,1.093308334506978
30,1,0.997899095742513,-0.9361635669732004,1.5873750637065196,0.1007479883400528,-0.27061699208779616,-1.4177810170289578
30,2,-1.045396817685047,0.3987004569482354,-0.04457032152935716,1.226931083460807,-0.9436297482720045,0.40941579586810306
30,3,-0.5589748540623719,0.8348743659335724,-1.3671222706131874,0.19779782047284727,-0.0049605412056857754,0.8877588035760264
30,4,1.5787564386894084,0.0709981814001864,-0.008443209570143433,0.5812120571261644,-2.370948830658622,0.1364574265238973
30,5,-2.1216759449496325,0.2267020799815209,0.0653988171761976,-1.144336237298783,2.9768914862083995,0.09354357378350693
30,Aggregated,-0.3050231501339908,0.2656208433012437,-0.22959256785929208,0.1964938948040612,-0.1091429309600948,0.20111463680732217
30,Centralized,-0.30502314966229027,0.2656208428666668,-0.22959256792548435,0.19649389439163495,-0.10914293094056136,0.2011146368726298
31,0,-0.7254172562097695,1.023246596226426,-1.6464521816945303,0.1873548700247323,-0.0040042617734461,1.136626229481047
31,1,0.9680576063911858,-0.8810724926046664,1.5437992777482887,0.10993479155104935,-0.26802776520388977,-1.4033509499829389
31,2,-1.1011802300735993,0.42057038375277905,-0.07438274284477066,1.225795172060648,-0.9438651718702826,0.4495099014156827
31,3,-0.5953153287801215,0.8641947682994496,-1.4141881544552823,0.18135051656232107,0.015048402921633801,0.9292756316606352
31,4,1.545497842776746,0.04014063078139523,0.0032889339436939775,0.6510592559686469,-2.31844213179598,0.11711721261093248
31,5,-2.185625416631957,0.24966003476407114,0.10015337733055356,-1.2785433544724223,3.0044477393653746,0.09101450398773253
31,Aggregated,-0.3476776487735192,0.2868049489600363,-0.24971871410362792,0.18118822066420776,-0.08850765460914913,0.22078422642700235
31,Centralized,-0.34767764794449724,0.28680494890611535,-0.24971871375496354,0.18118822087045044,-0.08850765480521362,0.2207842258540014
32,0,-0.7179001002922248,1.0300770680968934,-1.6102534320619895,0.1972287768388225,0.0002817213818881649,1.1408995449910089
32,1,0.9730262026342344,-0.9350253885271993,1.5590619269969102,0.10284456325176619,-0.28042866119803245,-1.457397063505322
32,2,-1.0583211019688477,0.4208706180531096,-0.08089905318689271,1.2478789907948715,-0.9566787370060287,0.4572198681187425
32,3,-0.5867509237476412,0.8646194971559857,-1.3795193299125088,0.18983616902000636,0.018129846061180163,0.9276674787782219
32,4,1.5903231226223353,-0.008466840561747221,0.07479032705306604,0.5957970573437781,-2.358562206531175,0.09191456875991491
32,5,-2.1584827610412165,0.2540865214767964,0.11964217460811805,-1.247351873510363,2.980006962254907,0.06090990806576614
32,Aggregated,-0.325079671366035,0.2717150574660691,-0.22129770355788383,0.18274074938661783,-0.10218424762383123,0.20432286104668063
32,Centralized,-0.32507967230249,0.27171505748016017,-0.22129770349122302,0.18274074911268134,-0.10218424741568963,0.2043228601242777
33,0,-0.7122377128589557,1.0148948205857913,-1.6054222810190308,0.18370124904791899,-0.0028970630968065216,1.1494543816776766
33,1,1.0067303935573098,-0.9815410394533133,1.6310390575941207,0.1157028781346958,-0.26583631663269747,-1.530911921811362
33,2,-1.0851183203328043,0.4552306733251588,-0.10328208417630491,1.2165843664203768,-0.9645236458233682,0.4866863952550554
33,3,-0.5780945873294461,0.8489443392327763,-1.3686038193170762,0.1791868186726102,0.01477950233196252,0.9294798982668908
33,4,1.5677530143928642,-0.00048320977263831624,0.0628316988010662,0.6636055656998404,-2.3349060621959947,0.05550216574080456
33,5,-2.1538980773955956,0.2246795055510335,0.15462745423449117,-1.3153216116061959,2.9888435621395724,0.06357955561183558
33,Aggregated,-0.32450709636175545,0.2609694112649559,-0.20656690259397067,0.17564555683524416,-0.0967590270458505,0.19308253250356672
33,Centralized,-0.32450709568509306,0.2609694118735924,-0.20656690227915112,0.1756455567298006,-0.0967590274219295,0.19308253225001765
34,0,-0.7268403771792464,0.9907223889880596,-1.6143641806532298,0.1725677934507406,-0.0027514002168164946,1.170246982901811
34,1,1.0078479825158901,-0.9301230788666847,1.6360280426192597,0.13514931670775263,-0.2795148042223339,-1.5340854932169334
34,2,-1.086365548820603,0.456430566226859,-0.11762800240610789,1.2318092470574213,-0.9943837373276867,0.4996493231479677
34,3,-0.5892150002368997,0.828297976829833,-1.3745688149517497,0.17053090132869747,0.013801156448701961,0.9464880293712636
34,4,1.5297350999389068,0.04962416566961,0.06364990592097136,0.65308485002528,-2.3306256266945122,0.04478812063896131
34,5,-2.1165362298008175,0.21865434649712323,0.17770851970573995,-1.3208927034935924,2.9897009532458356,0.0668077427112779
34,Aggregated,-0.32896898828636945,0.269580432103215,-0.2066683320856394,0.17545285304995045,-0.1033102169915489,0.19979599982590185
34,Centralized,-0.32896898879762637,0.26958043193578385,-0.20666833125311054,0.17545285329888805,-0.10331021698995661,0.19979599940198856
35,0,-0.7631895673424185,0.9994286925277504,-1.6126561289230128,0.20936112199153653,-0.028695309922287013,1.1838966793901344
35,1,1.0234201801789342,-0.944768703907522,1.6404113494653378,0.13351578622416646,-0.2982472994777416,-1.5225870922889007
35,2,-1.054665620365511,0.46381519411040606,-0.15248615206503047,1.2845575184932168,-1.055152348824934,0.5074913122742659
35,3,-0.6220306088299767,0.8358583206542298,-1.371222092773075,0.20263677319948953,-0.010843592527969138,0.95935610154918
35,4,1.567461048108837,0.06055101220618182,0.06148817366912282,0.6114913645365396,-2.391173805459358,0.0761160065633399
35,5,-2.0633719886910518,0.2415673543729317,0.23063912319291366,-1.3079154375309525,2.9388569823823465,0.05747445674425713
35,Aggregated,-0.3176083397340039,0.2766898918011831,-0.20250918372373078,0.19074828063636934,-0.14349907205153192,0.21112225116250388
35,Centralized,-0.317608339637275,0.2766898917117072,-0.2025091831297365,0.19074828059335733,-0.14349907314332572,0.21112225065752582
36,0,-0.7560592848935929,0.9985274558506894,-1.5976730778001256,0.2019269144989956,-0.02027999151442585,1.1833129095258759
36,1,0.9932848276526911,-0.9440256550477882,1.643505698132855,0.12535635326388533,-0.2930206966927976,-1.5233945774609277
36,2,-1.091214946830911,0.4572480807307092,-0.1659076526687936,1.3149601703154894,-1.0498633990325361,0.5045908670469004
36,3,-0.617968235793428,0.8340303452110422,-1.3582679287845834,0.19636474144881927,-0.0026513210864005606,0.9574768997683833
36,4,1.5625892121911702,0.02750427492543063,0.017904580694893514,0.6813143263364665,-2.3365798693594666,0.06743327634532627
36,5,-2.1425471922039674,0.34500251445420876,0.2048502173121398,-1.4310481646887536,2.909270207044707,0.12490079261355472
36,Aggregated,-0.3407622282422791,0.286875362192982,-0.21105249514764154,0.18339531539356502,-0.13479100887868029,0.21979640541656742
36,Centralized,-0.34076222812094953,0.28687536117733003,-0.2110524954087231,0.18339531531524927,-0.13479100900718274,0.2197964053565904
37,0,-0.7605748947609225,0.9838040433303968,-1.5745961251314295,0.22059146157971826,-0.0006777741543712995,1.1670560290377807
37,1,1.0051419587919552,-0.9832779882123777,1.6802850910206728,0.11457294965432546,-0.27750081623198597,-1.5792613688203734
37,2,-1.1212108953356155,0.46966365977352037,-0.16575167493413362,1.345837368814947,-1.0153541050701913,0.4804648341661252
37,3,-0.6219506804835113,0.815920716113402,-1.3355952745960191,0.21257947521749804,0.01723965293753323,0.9402732874310745
37,4,1.509103822026351,0.05434958249482666,0.05628212535435466,0.6382616930610755,-2.314243873082942,0.07121803261000959
37,5,-2.1234780887905873,0.3061585614211602,0.1797448951665273,-1.4664855177109657,2.9296739793922035,0.1424515061729334
37,Aggregated,-0.3509321692097801,0.2749241059600654,-0.1950008242089462,0.179574272047909,-0.11275063618904965,0.2043673129927831
37,Centralized,-0.3509321697185991,0.27492410626241864,-0.19500082440625002,0.17957427205339455,-0.11275063583696056,0.204367313074684
38,0,-0.7620006998270928,0.9571786127741388,-1.5977690238301892,0.2091503665056791,0.017880297178121295,1.1668817301103518
38,1,1.0228649115368234,-0.9732222510628523,1.7044177752122835,0.13171717030303215,-0.2860453878162173,-1.569901947473789
38,2,-1.1308186357119248,0.4568069894605647,-0.17182418165611596,1.359136832807947,-0.9956145911254044,0.49553500196360084
38,3,-0.6217952450934389,0.7949866042434868,-1.3554826865804135,0.20376732633976316,0.03518403296706036,0.9386110394090781
38,4,1.4799548633684325,0.06361474072105287,0.033266264648622174,0.6773691375467512,-2.3242261157731496,0.07944362150394992
38,5,-2.072329936977285,0.3540888259214797,0.14610321849204486,-1.5380736263556174,2.9535484107973495,0.1366718820111898
38,Aggregated,-0.34616860803335325,0.27596200574475266,-0.20857242742213655,0.17592370977228672,-0.10248620478946893,0.20854575946082593
38,Centralized,-0.346168606770342,0.2759620058303066,-0.2085724273807945,0.1759237102881316,-0.10248620481965424,0.2085457591324421
39,0,-0.7641597378159506,0.9631717330189352,-1.6135292395452,0.25114118731782203,0.012678090830549025,1.1411595502173408
39,1,1.0318650378769683,-0.9653514082201125,1.6881512552519973,0.09395250298010707,-0.2954090835418946,-1.53205444809583
39,2,-1.0798401022167707,0.4832541595268905,-0.20046818341578398,1.3660483184125134,-1.0386621063055077,0.4934138617275134
39,3,-0.6206793410579402,0.7979373296570941,-1.3717475935937884,0.23861720318861326,0.030968419716519355,0.9176872330314159
39,4,1.5056654139522452,0.07725913435793871,-0.010315566593007669,0.7226925348708502,-2.374605997191775,0.060889672055157794
39,5,-1.982627775925667,0.36903667408094554,0.07138465474414303,-1.5523047949458142,2.9365101874774924,0.2076696457145237
39,Aggregated,-0.31724078357711366,0.2879193008069606,-0.2410160575633206,0.18880118691693562,-0.12398521824185223,0.21536445360935524
39,Centralized,-0.31724078311134224,0.2879193006480928,-0.24101605716799324,0.18880118696436435,-0.12398521880112799,0.21536445411556804
40,0,-0.6978552831280056,0.9489248904330903,-1.619355956426036,0.24439846350631836,-0.013640862630348414,1.1402831910726834
40,1,0.9906134579954975,-0.9584814361495482,1.6934273521574985,0.10638535170976174,-0.30387374418900015,-1.5256811200976135
40,2,-1.0818605772930234,0.4781338519118399,-0.21356901133548306,1.355913738297276,-1.0427265512037867,0.5293072000734113
40,3,-0.5587681704088804,0.7859622618632053,-1.3765619112488006,0.23242263366119284,0.005796663773018611,0.9153710974335183
40,4,1.5166753910068878,0.0840095692683071,-0.03541023884608351,0.7519597934003034,-2.381105849299353,0.06566777490931142
40,5,-2.003657361134276,0.4269646433284987,0.005383173234088426,-1.612919517591167,2.955054240034393,0.21370749822883717
40,Aggregated,-0.304653290832115,0.2945214104385162,-0.2591777669266558,0.18186101443208594,-0.132711049156441,0.2236700525061815
40,Centralized,-0.30465329118446793,0.294521410474578,-0.2591777662084799,0.1818610142143906,-0.13271104886606908,0.22367005193293513
41,0,-0.7102696674465919,0.9607013139978909,-1.6138716607948538,0.24652858638379488,-0.014802843514620889,1.1409257810732087
41,1,0.9928561521761612,-0.9713691773068226,1.6907166115355434,0.0977733983496434,-0.30695134154110987,-1.5103165973517059
41,2,-1.092169533907923,0.49004534064148486,-0.2204772215669955,1.3451697677158467,-1.0611131663845876,0.5412264168365248
41,3,-0.5714228114791672,0.7952648596789373,-1.3722031870499287,0.23393071671923227,0.004488860483490795,0.9176484665937027
41,4,1.4757745345184943,0.09984376077295416,-0.06960618870199511,0.7785224556894775,-2.3502034519637944,0.07531513374273437
41,5,-2.0075475352603567,0.4467182305997196,-0.03726201326723225,-1.6459214377769977,2.975695298538151,0.2584368728221749
41,Aggregated,-0.3176282906431769,0.30377698218822874,-0.27186231751720613,0.1781938895535599,-0.12816139627079853,0.23771018316606984
41,Centralized,-0.3176282913712504,0.303776982304831,-0.27186231661901084,0.1781938895710378,-0.12816139653275369,0.23771018301323465
42,0,-0.7161013919649357,0.9623185239857929,-1.6175638122893214,0.22530277730168172,-0.007951784406325522,1.1482678526449974
42,1,0.9691759098618904,-0.9493939870807212,1.6610832632082233,0.15507445858070876,-0.3014664280935844,-1.520360379947757
42,2,-1.1042898346499783,0.5014498770614,-0.2232992392039068,1.347869623470663,-1.0776597068263727,0.549237965884262
42,3,-0.5799244852938467,0.7985864147432254,-1.3771851820081216,0.2180941064628857,0.01134046655759406,0.9242596124825416
42,4,1.4438684128171926,0.10339277486723292,-0.05385823373310292,0.7344391949982673,-2.319572686764084,0.10113078027995821
42,5,-2.018435168519198,0.47133904853559677,-0.07436432367830885,-1.6064590379472816,2.992405614129669,0.2371867796605504
42,Aggregated,-0.33310330292041435,0.31483697851551723,-0.282255857491255,0.1812194281077061,-0.11986153859680121,0.2404766296448246
42,Centralized,-0.33310330228857865,0.31483697886252865,-0.28225585739128334,0.18121942858857246,-0.11986153851850945,0.24047662935278677
43,0,-0.7337323046456149,0.9640595757462838,-1.6019956681037786,0.22740046559857832,-0.0075213592148999885,1.1724219164373118
43,1,0.994391184227299,-0.9763549241691358,1.6906500002092442,0.16023115672198823,-0.2856495111913398,-1.6061795236831986
43,2,-1.0963062635917715,0.5272156974028928,-0.21075371477817997,1.3338119205129755,-1.1006707977603396,0.5676755712881273
43,3,-0.5953454471233539,0.7974458216944782,-1.3607025541481281,0.22138869202517972,0.012108420469066404,0.9415371371975817
43,4,1.431590681565974,0.10598065842768493,-0.030013388606681426,0.7238515165630871,-2.3227194031257645,0.08891625404366278
43,5,-1.9720634655232427,0.41509854465140855,-0.04780190784372501,-1.5988838447344977,2.9852835412799847,0.19895553258708532
43,Aggregated,-0.3274645391824913,0.3058596838027947,-0.2615076885663706,0.18013498972294706,-0.12255453422286501,0.2277983400857965
43,Centralized,-0.3274645392880216,0.3058596832809843,-0.26150768798520196,0.18013498989022475,-0.1225545340715955,0.22779834007323801
44,0,-0.7280763254067151,0.9509540948868287,-1.58398483228547,0.2248183011864336,-0.0029366808866098304,1.149439036551532
44,1,0.9974427031335166,-0.9662530847776577,1.701894626571503,0.14355566377316256,-0.28132617319953424,-1.6059542504059094
44,2,-1.0663803487922532,0.5408144924074947,-0.21151143017777752,1.3336314238826397,-1.144502081633677,0.5715769937657482
44,3,-0.5884756359077296,0.7872633124714175,-1.3426573323048352,0.21860700183624718,0.015256946136912943,0.9178409742058221
44,4,1.4276819773620169,0.11068485823715221,-0.0818450162550358,0.7476868128215722,-2.327859541697147,0.11180623804621997
44,5,-1.91810168147205,0.40667030653564457,0.024906887089341693,-1.6255526529083493,2.9393558815878382,0.17061681613315274
44,Aggregated,-0.3115956267193248,0.30530434552170055,-0.2503034822623945,0.1759689868331059,-0.13629193754385163,0.21978613089119442
44,Centralized,-0.3115956270186562,0.3053043455978832,-0.25030348249396334,0.1759689872703301,-0.1362919374473964,0.2197861313596024
45,0,-0.7324060900543718,0.9526281684414096,-1.6178259853312744,0.22295906426185894,-0.003022853856198791,1.161559167030463
45,1,0.9835706855960021,-0.9332340616159212,1.6790187616113375,0.17292711208381886,-0.27529873953988465,-1.5905293195837829
45,2,-1.104489780165955,0.543220377021259,-0.20567921886788657,1.328338740308509,-1.1611092003758274,0.5883494680423365
45,3,-0.5930437793406494,0.7910025575011516,-1.376182487388997,0.218726065755038,0.015863949746128717,0.9317737407536181
45,4,1.3989877402067388,0.14357178063633483,-0.09420319527255264,0.7153843463202042,-2.2850910605258905,0.13928607918893587
45,5,-1.9825895929382003,0.42145186922556604,-0.007526594361014766,-1.6010770592640187,2.9802674857649745,0.19101969800265814
45,Aggregated,-0.3371820715275409,0.32003291648501575,-0.27184564188586235,0.1783865503383995,-0.12410216444010082,0.23745758020378302
45,Centralized,-0.33718207153533725,0.32003291661735794,-0.27184564162767294,0.17838655063606074,-0.1241021647963568,0.2374575797299673
46,0,-0.7209517825097111,0.9539148080699349,-1.6280167542252906,0.22188720745256307,0.0036010146182712155,1.1796307684181278
46,1,0.9542777588646607,-0.9258070333981082,1.6687698890474063,0.17196592601702892,-0.2546204343004706,-1.6186517794608932
46,2,-1.1048512096592475,0.5613000675012914,-0.21135220976287208,1.326249683681046,-1.166314842525613,0.5829664563948213
46,3,-0.5845650314185001,0.794046456742429,-1.3869376040392558,0.21837660176404966,0.02328635805445168,0.9447356349908699
46,4,1.3509514565106326,0.15521469076741343,-0.0927001357844677,0.7254416796024012,-2.26300127743503,0.13352251310455956
46,5,-1.9846124905635756,0.42993611121683534,-0.023957857602555373,-1.5888170657526441,2.985109128700473,0.20701050916097305
46,Aggregated,-0.34710975394424326,0.3283494195317287,-0.2804778158475441,0.1813365333119252,-0.11469537361432569,0.23874229468939828
46,Centralized,-0.34710975405820116,0.32834941915179616,-0.28047781621266554,0.18133653322798543,-0.11469537409830388,0.2387422952783774
47,0,-0.7671138877085244,0.9639731267160647,-1.6428673290528346,0.2548963155812925,0.031001525878788606,1.1590559546187984
47,1,0.9687040910787251,-0.9318424884561627,1.652481569964136,0.13608872522818286,-0.22072336858834235,-1.5911312269063485
47,2,-1.0771255688845507,0.5776576756093323,-0.20477966379477594,1.3166516579605085,-1.1799443109571846,0.5773147945899394
47,3,-0.6271553545524001,0.8022344430787526,-1.40176214121574,0.24499119640264477,0.05184238451065333,0.9291107360719446
47,4,1.3220896618066234,0.15170452502026113,-0.08056464268184751,0.6972241244952541,-2.2400305200017874,0.15029875354843905
47,5,-1.9649608705764188,0.39215789285869573,-0.019638273760332003,-1.5731550762347477,2.9680419860687026,0.1903432243959298
47,Aggregated,-0.3564781073706423,0.3262942265317015,-0.28434291613180046,0.18162694939161242,-0.10094318903502872,0.2363687605414647
47,Centralized,-0.35647810739351105,0.32629422636069644,-0.2843429156838572,0.18162694900252052,-0.10094318956590852,0.23636876027189843
48,0,-0.792127795913619,0.9694008134240019,-1.656209573412439,0.2444765220772592,0.05841824422460069,1.173143098674756
48,1,0.9688450479454066,-0.9435165438325855,1.6287089293966965,0.15486507414955186,-0.18356591353131158,-1.6047304100851256
48,2,-1.0863114898212343,0.5748185064810001,-0.17070571412978008,1.3079798299045169,-1.1745722487928938,0.5628432106594592
48,3,-0.6500848515076316,0.805895762208991,-1.415455951579543,0.2373245977513477,0.07929028930981485,0.9425433710875238
48,4,1.3121131264959838,0.13365479465042368,-0.05826514405434022,0.7181521170022522,-2.253105467466867,0.1543887762843189
48,5,-2.0002832195982343,0.400902233493308,-0.013296591513005357,-1.6307749982768263,2.9987301945240845,0.2043137500038957
48,Aggregated,-0.37350824581143266,0.32384048686728056,-0.2824098186586481,0.17423976970425847,-0.08175090030449633,0.2392798749196436
48,Centralized,-0.373508244831743,0.3238404870841748,-0.2824098183786858,0.17423976934101765,-0.0817509007068005,0.23927987484951446
49,0,-0.7640111944512759,0.9567835414452711,-1.6672981177181962,0.2692061162649014,0.06824345324167928,1.1636655416082449
49,1,0.9454356128292105,-0.9608337938450184,1.6560244528899044,0.11214946646288454,-0.15082644013632915,-1.6280150798931805
49,2,-1.070684750108859,0.5687756489485565,-0.1851420635343649,1.3264411294012273,-1.1991432569345197,0.5761292677428348
49,3,-0.6247784200664778,0.7948290921247403,-1.4235150780598314,0.2556002428847254,0.08972062126778522,0.9306629704614664
49,4,1.3305154012937332,0.13221981906613034,-0.03673167868077747,0.6549256658829569,-2.2505412944309593,0.16197353363616632
49,5,-1.9709163420521008,0.4028071978275693,0.03774704998617699,-1.6119717262448927,2.974441285852896,0.16138019293429062
49,Aggregated,-0.3579603826746875,0.3160515913439704,-0.2714440770172737,0.16999047625279012,-0.08057573831831437,0.22818935560433815
49,Centralized,-0.3579603831852992,0.3160515913057124,-0.27144407667599413,0.16999047611058973,-0.08057573884651226,0.22818935639032878
50,0,-0.7490368951992059,0.9785209076461434,-1.7039059394048015,0.23835976436308756,0.06046212024941985,1.1598586281878989
50,1,0.9141779860449453,-0.9052641828618995,1.6319895879942077,0.16352278814232551,-0.18243778533704533,-1.589322435461196
50,2,-1.0702173666390973,0.557849889769028,-0.19954786375962705,1.3198745125170201,-1.2262685354704044,0.597360586995468
50,3,-0.6131820584070724,0.8182433863046635,-1.4610130140742068,0.23231295882711428,0.08146290370204795,0.9302796952731509
50,4,1.249961498058886,0.1171429442438944,-0.051607877664330636,0.683107738897964,-2.125267314953077,0.14390844437946665
50,5,-1.9264011302169897,0.4563772963473803,0.027297431515935593,-1.656112104055688,2.940654833072238,0.1611459823000396
50,Aggregated,-0.3646719050824617,0.3374277137585817,-0.29446650585326795,0.1657996638280202,-0.07785248036375923,0.23445547657287832
50,Centralized,-0.36467190482915574,0.3374277139742149,-0.29446650559226045,0.16579966400032567,-0.07785248041564456,0.23445547632450056
