,BeforeLocalTraining,AfterLocalTraining,BeforeLocalPartialEvaluations,AfterLocalPartialEvaluations,BeforeEvaluation,AfterEvaluation
1,1786795809.369364,1786795809.3901997,1786795810.3189616,1786795810.5158486,1786795810.5442214,1786795810.5481727
2,1786795810.6159003,1786795810.6364412,1786795811.5276072,1786795811.7242415,1786795811.7511325,1786795811.7547154
3,1786795811.8160799,1786795811.8342392,1786795812.8028495,1786795812.9981084,1786795813.024621,1786795813.0280097
4,1786795813.0866356,1786795813.1049771,1786795814.0714705,1786795814.3763666,1786795814.4030306,1786795814.4063926
5,1786795814.4596782,1786795814.4782298,1786795815.3683152,1786795815.568038,1786795815.595105,1786795815.599304
6,1786795815.7293587,1786795815.7567472,1786795816.645545,1786795816.846437,1786795816.8733413,1786795816.876808
7,1786795816.9301653,1786795816.9488032,1786795817.9142928,1786795818.1120062,1786795818.1406903,1786795818.1442614
8,1786795818.1995878,1786795818.2187748,1786795819.1788254,1786795819.3758633,1786795819.4029827,1786795819.4063506
9,1786795819.4630818,1786795819.482609,1786795820.3670862,1786795820.5804148,1786795820.6070933,1786795820.6105878
10,1786795820.6648452,1786795820.6841865,1786795822.5748513,1786795822.9085627,1786795822.9534872,1786795822.9593923
11,1786795823.0765045,1786795823.1051588,1786795824.0361724,1786795824.2334032,1786795824.2607076,1786795824.2642174
12,1786795824.3314455,1786795824.354061,1786795825.3197289,1786795825.5199583,1786795825.5506675,1786795825.5551395
13,1786795825.6095798,1786795825.6320758,1786795826.58518,1786795826.779681,1786795826.8062072,1786795826.809642
14,1786795826.8705184,1786795826.8963993,1786795827.7766473,1786795827.97097,1786795827.997675,1786795828.001098
15,1786795828.0591674,1786795828.0789206,1786795829.036797,1786795829.2353818,1786795829.2631073,1786795829.266849
16,1786795829.3235762,1786795829.343146,1786795830.2991035,1786795830.4941552,1786795830.520765,1786795830.524235
17,1786795830.5822055,1786795830.6106737,1786795831.4937296,1786795831.689947,1786795831.7168062,1786795831.7203758
18,1786795831.7762918,1786795831.79557,1786795832.7527525,1786795832.9456003,1786795832.972253,1786795832.9757867
19,1786795833.0332167,1786795833.059915,1786795834.0087824,1786795834.2021675,1786795834.2291975,1786795834.2329104
20,1786795834.2935283,1786795834.3144438,1786795835.2027133,1786795835.3971686,1786795835.4257417,1786795835.429366
21,1786795835.4854543,1786795835.5052795,1786795837.331208,1786795837.7498891,1786795837.7905946,1786795837.7948577
22,1786795837.9501307,1786795837.9710166,1786795838.8828056,1786795839.078795,1786795839.1065397,1786795839.1102595
23,1786795839.1669257,1786795839.1870437,1786795840.1982694,1786795840.506164,1786795840.5333881,1786795840.5367775
24,1786795840.591172,1786795840.60952,1786795841.497731,1786795841.6923528,1786795841.7189999,1786795841.7225215
25,1786795841.7869556,1786795841.8061185,1786795842.7595518,1786795842.953717,1786795842.980902,1786795842.9843905
26,1786795843.1348324,1786795843.1623385,1786795844.037625,1786795844.2318525,1786795844.258693,1786795844.2623086
27,1786795844.3279252,1786795844.349064,1786795845.3052034,1786795845.5002317,1786795845.5274587,1786795845.5309741
28,1786795845.5879989,1786795845.607233,1786795846.4985452,1786795846.6929076,1786795846.7201824,1786795846.7236843
29,1786795846.7826817,1786795846.801807,1786795847.7600133,1786795847.9539168,1786795847.9807775,1786795847.9841702
30,1786795848.0429752,1786795848.0622895,1786795848.9470587,1786795849.142011,1786795849.169068,1786795849.1725557
31,1786795849.228964,1786795849.2480812,1786795850.2018855,1786795850.39864,1786795850.4255564,1786795850.429289
32,1786795850.4843755,1786795850.5028045,1786795851.8623421,1786795852.8233292,1786795852.8502607,1786795852.853754
33,1786795852.9311728,1786795852.9600136,1786795853.8638673,1786795854.0635467,1786795854.0913584,1786795854.0949671
34,1786795854.1687717,1786795854.1886556,1786795855.1608005,1786795855.3565571,1786795855.3838122,1786795855.3873622
35,1786795855.4425986,1786795855.461942,1786795856.34852,1786795856.5440414,1786795856.5709913,1786795856.5745006
36,1786795856.6365426,1786795856.6568303,1786795857.5434127,1786795857.7395265,1786795857.7668474,1786795857.770424
37,1786795857.8258154,1786795857.8445082,1786795858.802471,1786795858.9967127,1786795859.023481,1786795859.0269423
38,1786795859.087023,1786795859.1052053,1786795859.9974377,1786795860.1909618,1786795860.2179723,1786795860.2213736
39,1786795860.2801785,1786795860.30382,1786795861.2600327,1786795861.458557,1786795861.485863,1786795861.4898434
40,1786795861.547209,1786795861.5682497,1786795862.5294018,1786795862.722413,1786795862.7489839,1786795862.7523491
41,1786795862.8101633,1786795862.8285224,1786795863.713815,1786795863.9075994,1786795863.9343228,1786795863.9377317
42,1786795863.9965792,1786795864.0159135,1786795864.9663377,1786795865.1660051,1786795865.1927211,1786795865.196087
43,1786795865.250707,1786795865.2698317,1786795866.8336651,1786795867.768825,1786795867.797701,1786795867.803994
44,1786795867.8867323,1786795867.9132636,1786795868.9550915,1786795869.1512046,1786795869.1784139,1786795869.1818802
45,1786795869.2434642,1786795869.2639768,1786795870.2272131,1786795870.4215908,1786795870.4489233,1786795870.4525166
46,1786795870.5156815,1786795870.5347228,1786795871.488662,1786795871.6835008,1786795871.711083,1786795871.7145855
47,1786795871.7734675,1786795871.792177,1786795872.757117,1786795872.9546986,1786795872.9824047,1786795872.9858263
48,1786795873.0398228,1786795873.058526,1786795873.9451327,1786795874.1391368,1786795874.1713588,1786795874.17523
49,1786795874.2315266,1786795874.2504263,,,,
