,BeforeLocalTraining,AfterLocalTraining,BeforeLocalPartialEvaluations,AfterLocalPartialEvaluations,BeforeEvaluation,AfterEvaluation
1,1786956071.436883,1786956072.5617595,1786956106.2129672,1786956113.4818914,1786956113.4898632,1786956113.718915
2,1786956114.4788308,1786956115.5846286,1786956146.765514,1786956154.3465836,1786956154.354162,1786956154.5700266
3,1786956155.5104458,1786956156.544595,1786956186.7814968,1786956193.431181,1786956193.438717,1786956193.6527247
4,1786956194.2944176,1786956195.329501,1786956225.9943335,1786956232.6565533,1786956232.6639163,1786956232.8770814
5,1786956233.5211678,1786956234.5496604,1786956265.0265539,1786956272.5048482,1786956272.517141,1786956272.8143783
6,1786956273.5912733,1786956274.6312485,1786956304.7514994,1786956311.430268,1786956311.4374356,1786956311.6509364
7,1786956312.29427,1786956313.322793,1786956343.778322,1786956351.5454113,1786956351.552759,1786956351.7664678
8,1786956352.2593148,1786956353.2920568,1786956383.629309,1786956390.2906406,1786956390.297907,1786956390.5126536
9,1786956391.3431382,1786956393.3274586,1786956423.661892,1786956430.307257,1786956430.3144732,1786956430.529919
10,1786956431.2014008,1786956432.2470026,1786956462.6128993,1786956470.5793724,1786956470.5868134,1786956470.8022275
11,1786956471.1909714,1786956472.2354062,1786956502.5128772,1786956509.2883298,1786956509.2957966,1786956509.5104632
12,1786956510.1362987,1786956511.1710832,,,,
