Round,Evaluator,Classes,0,1,4,2,3
0,0,Backdoor,,,,,
0,0,DDoS_HTTP,,,,,
0,0,DDoS_ICMP,,,,,
0,0,DDoS_TCP,,,,,
0,0,DDoS_UDP,,,,,
0,0,Fingerprinting,,,,,
0,0,MITM,,,,,
0,0,Normal,,,,,
0,0,Password,,,,,
0,0,Port_Scanning,,,,,
0,0,Ransomware,,,,,
0,0,SQL_injection,,,,,
0,0,Uploading,,,,,
0,0,Vulnerability_scanner,,,,,
0,0,XSS,,,,,
0,1,Backdoor,,,,,
0,1,DDoS_HTTP,,,,,
0,1,DDoS_ICMP,,,,,
0,1,DDoS_TCP,,,,,
0,1,DDoS_UDP,,,,,
0,1,Fingerprinting,,,,,
0,1,MITM,,,,,
0,1,Normal,,,,,
0,1,Password,,,,,
0,1,Port_Scanning,,,,,
0,1,Ransomware,,,,,
0,1,SQL_injection,,,,,
0,1,Uploading,,,,,
0,1,Vulnerability_scanner,,,,,
0,1,XSS,,,,,
0,2,Backdoor,,,,,
0,2,DDoS_HTTP,,,,,
0,2,DDoS_ICMP,,,,,
0,2,DDoS_TCP,,,,,
0,2,DDoS_UDP,,,,,
0,2,Fingerprinting,,,,,
0,2,MITM,,,,,
0,2,Normal,,,,,
0,2,Password,,,,,
0,2,Port_Scanning,,,,,
0,2,Ransomware,,,,,
0,2,SQL_injection,,,,,
0,2,Uploading,,,,,
0,2,Vulnerability_scanner,,,,,
0,2,XSS,,,,,
0,3,Backdoor,,,,,
0,3,DDoS_HTTP,,,,,
0,3,DDoS_ICMP,,,,,
0,3,DDoS_TCP,,,,,
0,3,DDoS_UDP,,,,,
0,3,Fingerprinting,,,,,
0,3,MITM,,,,,
0,3,Normal,,,,,
0,3,Password,,,,,
0,3,Port_Scanning,,,,,
0,3,Ransomware,,,,,
0,3,SQL_injection,,,,,
0,3,Uploading,,,,,
0,3,Vulnerability_scanner,,,,,
0,3,XSS,,,,,
0,4,Backdoor,,,,,
0,4,DDoS_HTTP,,,,,
0,4,DDoS_ICMP,,,,,
0,4,DDoS_TCP,,,,,
0,4,DDoS_UDP,,,,,
0,4,Fingerprinting,,,,,
0,4,MITM,,,,,
0,4,Normal,,,,,
0,4,Password,,,,,
0,4,Port_Scanning,,,,,
0,4,Ransomware,,,,,
0,4,SQL_injection,,,,,
0,4,Uploading,,,,,
0,4,Vulnerability_scanner,,,,,
0,4,XSS,,,,,
0,Aggregated,Backdoor,,,,,
0,Aggregated,DDoS_HTTP,,,,,
0,Aggregated,DDoS_ICMP,,,,,
0,Aggregated,DDoS_TCP,,,,,
0,Aggregated,DDoS_UDP,,,,,
0,Aggregated,Fingerprinting,,,,,
0,Aggregated,MITM,,,,,
0,Aggregated,Normal,,,,,
0,Aggregated,Password,,,,,
0,Aggregated,Port_Scanning,,,,,
0,Aggregated,Ransomware,,,,,
0,Aggregated,SQL_injection,,,,,
0,Aggregated,Uploading,,,,,
0,Aggregated,Vulnerability_scanner,,,,,
0,Aggregated,XSS,,,,,
0,Centralized,Backdoor,,,,,
0,Centralized,DDoS_HTTP,,,,,
0,Centralized,DDoS_ICMP,,,,,
0,Centralized,DDoS_TCP,,,,,
0,Centralized,DDoS_UDP,,,,,
0,Centralized,Fingerprinting,,,,,
0,Centralized,MITM,,,,,
0,Centralized,Normal,,,,,
0,Centralized,Password,,,,,
0,Centralized,Port_Scanning,,,,,
0,Centralized,Ransomware,,,,,
0,Centralized,SQL_injection,,,,,
0,Centralized,Uploading,,,,,
0,Centralized,Vulnerability_scanner,,,,,
0,Centralized,XSS,,,,,
1,0,Backdoor,-1.54320987654321e-05,-1.54320987654321e-05,6.17283950617284e-05,-1.54320987654321e-05,-1.54320987654321e-05
1,0,DDoS_HTTP,0.0,0.0,0.0,0.0,0.0
1,0,DDoS_ICMP,-0.17010288065843623,-0.08676954732510288,0.246820987654321,-0.08676954732510288,0.096820987654321
1,0,DDoS_TCP,-0.05,0.2,-0.05,-0.05,-0.05
1,0,DDoS_UDP,-0.0017857142857142857,-0.0017857142857142857,0.007142857142857143,-0.0017857142857142857,-0.0017857142857142857
1,0,Fingerprinting,0.0,0.0,0.0,0.0,0.0
1,0,MITM,0.0,0.0,0.0,0.0,0.0
1,0,Normal,0.25056875985347965,0.2500048538708794,-0.0009091319276908297,0.2505702140604757,0.24962568321367892
1,0,Password,0.0,0.0,0.0,0.0,0.0
1,0,Port_Scanning,0.0,0.0,0.0,0.0,0.0
1,0,Ransomware,0.0,0.0,0.0,0.0,0.0
1,0,SQL_injection,0.0,0.0,0.0,0.0,0.0
1,0,Uploading,0.0,0.0,0.0,0.0,0.0
1,0,Vulnerability_scanner,0.0,0.0,0.0,0.0,0.0
1,0,XSS,0.0,0.0,0.0,0.0,0.0
1,1,Backdoor,-3.347840642785404e-05,-3.347840642785404e-05,0.00013391362571141616,-3.347840642785404e-05,-3.347840642785404e-05
1,1,DDoS_HTTP,-1.2396181975951409e-05,-1.2396181975951409e-05,4.9584727903805636e-05,-1.2396181975951409e-05,-1.2396181975951409e-05
1,1,DDoS_ICMP,-0.1537212679793325,-0.11205460131266583,0.26954294093003767,-0.1537212679793325,0.14995419634129312
1,1,DDoS_TCP,-0.0718793782656711,0.23152104039954507,-0.01588290560253177,-0.0718793782656711,-0.0718793782656711
1,1,DDoS_UDP,-0.03383458646616541,0.037593984962406006,0.06390977443609022,-0.03383458646616541,-0.03383458646616541
1,1,Fingerprinting,0.0,0.0,0.0,0.0,0.0
1,1,MITM,0.0,0.0,0.0,0.0,0.0
1,1,Normal,0.23345283706461173,0.24848548108077104,-0.001956145148391619,0.2334528370646118,0.2326734349712171
1,1,Password,-9.989012086704625e-06,-9.989012086704625e-06,3.99560483468185e-05,-9.989012086704625e-06,-9.989012086704625e-06
1,1,Port_Scanning,0.0,0.0,0.0,0.0,0.0
1,1,Ransomware,0.0,0.0,0.0,0.0,0.0
1,1,SQL_injection,0.0,0.0,0.0,0.0,0.0
1,1,Uploading,0.0,0.0,0.0,0.0,0.0
1,1,Vulnerability_scanner,0.0,0.0,0.0,0.0,0.0
1,1,XSS,0.0,0.0,0.0,0.0,0.0
1,2,Backdoor,0.0,0.0,0.0,0.0,0.0
1,2,DDoS_HTTP,0.0,0.0,0.0,0.0,0.0
1,2,DDoS_ICMP,-0.11259803921568627,-0.02926470588235294,0.22098039215686274,-0.11259803921568627,0.03348039215686274
1,2,DDoS_TCP,0.0,0.0,0.0,0.0,0.0
1,2,DDoS_UDP,-0.0015873015873015873,-0.0015873015873015873,0.006349206349206349,-0.0015873015873015873,-0.0015873015873015873
1,2,Fingerprinting,0.0,0.0,0.0,0.0,0.0
1,2,MITM,0.0,0.0,0.0,0.0,0.0
1,2,Normal,0.2505822344157497,0.2500301032711711,-0.0009286136722615301,0.2505822344157497,0.249576970765563
1,2,Password,-8.332178265897631e-05,-8.332178265897631e-05,-3.894439737451726e-05,-8.332178265897631e-05,-8.332178265897631e-05
1,2,Port_Scanning,-0.05,-0.05,0.2,-0.05,-0.05
1,2,Ransomware,0.0,0.0,0.0,0.0,0.0
1,2,SQL_injection,0.0,0.0,0.0,0.0,0.0
1,2,Uploading,0.0,0.0,0.0,0.0,0.0
1,2,Vulnerability_scanner,-0.0002898550724637681,-0.0002898550724637681,0.0011594202898550724,-0.0002898550724637681,-0.0002898550724637681
1,2,XSS,0.0,0.0,0.0,0.0,0.0
1,3,Backdoor,-9.66183574879227e-05,-9.66183574879227e-05,0.0003864734299516908,-9.66183574879227e-05,-9.66183574879227e-05
1,3,DDoS_HTTP,-1.786033220217896e-05,-1.786033220217896e-05,7.144132880871585e-05,-1.786033220217896e-05,-1.786033220217896e-05
1,3,DDoS_ICMP,-0.19695005428940995,-0.15182359274708265,0.27076846914442493,-0.1955291673145681,0.27353434520663567
1,3,DDoS_TCP,0.0,0.0,0.0,0.0,0.0
1,3,DDoS_UDP,-0.029004798018882522,0.042423773409688906,0.044590620646958665,-0.029004798018882522,-0.029004798018882522
1,3,Fingerprinting,0.0,0.0,0.0,0.0,0.0
1,3,MITM,0.0,0.0,0.0,0.0,0.0
1,3,Normal,0.16200871291125593,0.17597570142901744,0.014650622756728068,0.16234399347135492,0.26069514354164836
1,3,Password,0.0,0.0,0.0,0.0,0.0
1,3,Port_Scanning,0.0,0.0,0.0,0.0,0.0
1,3,Ransomware,0.0,0.0,0.0,0.0,0.0
1,3,SQL_injection,0.0,0.0,0.0,0.0,0.0
1,3,Uploading,0.0,0.0,0.0,0.0,0.0
1,3,Vulnerability_scanner,0.0,0.0,0.0,0.0,0.0
1,3,XSS,0.0,0.0,0.0,0.0,0.0
1,4,Backdoor,-0.03134357762017336,-0.03134357762017336,0.12537431048069345,-0.03134357762017336,-0.03134357762017336
1,4,DDoS_HTTP,-0.02031299399304458,-0.02031299399304458,0.08125197597217831,-0.02031299399304458,-0.02031299399304458
1,4,DDoS_ICMP,-0.11426764210754797,-0.09038093822208332,0.2597191012877328,-0.11230000573074564,0.05722948477264411
1,4,DDoS_TCP,0.0,0.0,0.0,0.0,0.0
1,4,DDoS_UDP,-0.07186515492404998,-0.017325242564077616,0.2323648865194028,-0.07122339022857797,-0.07195109880269723
1,4,Fingerprinting,0.0,0.0,0.0,0.0,0.0
1,4,MITM,-0.03563727377743551,-0.03563727377743551,0.1378321139776665,-0.03563727377743551,-0.03563727377743551
1,4,Normal,0.0,0.0,0.0,0.0,0.0
1,4,Password,-0.06066697627004671,-0.06066697627004671,0.04250001029425272,-0.06066697627004671,-0.06066697627004671
1,4,Port_Scanning,-0.045074264928766296,-0.045074264928766296,0.18029705971506518,-0.045074264928766296,-0.045074264928766296
1,4,Ransomware,0.0,0.0,0.0,0.0,0.0
1,4,SQL_injection,-0.026815305681376203,-0.026815305681376203,-0.023798208799042982,-0.026815305681376203,-0.026815305681376203
1,4,Uploading,-0.0067311134980307915,-0.0067311134980307915,0.026924453992123166,-0.0067311134980307915,-0.0067311134980307915
1,4,Vulnerability_scanner,-0.11940308210916521,-0.11940308210916521,0.07581270912536137,-0.11940308210916521,-0.11940308210916521
1,4,XSS,0.0,0.0,0.0,0.0,0.0
1,Aggregated,Backdoor,-0.005704087096198465,-0.005704087096198465,0.02281634838479386,-0.005704087096198465,-0.005704087096198465
1,Aggregated,DDoS_HTTP,-0.003392287619599884,-0.003392287619599884,0.013569150478399536,-0.003392287619599884,-0.003392287619599884
1,Aggregated,DDoS_ICMP,-0.17429217486152082,-0.13066639876366012,0.2659285043399945,-0.1728344435459696,0.21186451283115612
1,Aggregated,DDoS_TCP,-0.047912249536798276,0.16405506847745116,-0.02031831986705633,-0.047912249536798276,-0.047912249536798276
1,Aggregated,DDoS_UDP,-0.06864267249707354,-0.014091751687665974,0.21946458925628207,-0.0680016482959902,-0.06872851677555238
1,Aggregated,Fingerprinting,0.0,0.0,0.0,0.0,0.0
1,Aggregated,MITM,-0.03482756100769265,-0.03482756100769265,0.1386418267474094,-0.03482756100769265,-0.03482756100769265
1,Aggregated,Normal,0.19762804772537676,0.2060711217762069,0.002941866940872116,0.19769873699066848,0.22356925870350772
1,Aggregated,Password,-0.018352089735192208,-0.018352089735192208,0.0013834117523572082,-0.018352089735192208,-0.018352089735192208
1,Aggregated,Port_Scanning,-0.024489795918367346,-0.024489795918367346,0.09795918367346938,-0.024489795918367346,-0.024489795918367346
1,Aggregated,Ransomware,0.0,0.0,0.0,0.0,0.0
1,Aggregated,SQL_injection,-0.006553278814080231,-0.006553278814080231,-0.0040216332444599785,-0.006553278814080231,-0.006553278814080231
1,Aggregated,Uploading,-0.0023621057921849476,-0.0023621057921849476,0.00944842316873979,-0.0023621057921849476,-0.0023621057921849476
1,Aggregated,Vulnerability_scanner,-0.09087192648926552,-0.09087192648926552,0.0816573867435653,-0.09087192648926552,-0.09087192648926552
1,Aggregated,XSS,0.0,0.0,0.0,0.0,0.0
1,Centralized,Backdoor,-0.005704087096198465,-0.005704087096198465,0.02281634838479386,-0.005704087096198465,-0.005704087096198465
1,Centralized,DDoS_HTTP,-0.003392287619599884,-0.003392287619599884,0.013569150478399536,-0.003392287619599884,-0.003392287619599884
1,Centralized,DDoS_ICMP,-0.17429217486152082,-0.13066639876366012,0.2659285043399945,-0.1728344435459696,0.21186451283115612
1,Centralized,DDoS_TCP,-0.047912249536798276,0.16405506847745116,-0.02031831986705633,-0.047912249536798276,-0.047912249536798276
1,Centralized,DDoS_UDP,-0.06864267249707354,-0.014091751687665974,0.21946458925628207,-0.0680016482959902,-0.06872851677555238
1,Centralized,Fingerprinting,0.0,0.0,0.0,0.0,0.0
1,Centralized,MITM,-0.03482756100769265,-0.03482756100769265,0.1386418267474094,-0.03482756100769265,-0.03482756100769265
1,Centralized,Normal,0.19762804772537676,0.2060711217762069,0.002941866940872116,0.19769873699066848,0.22356925870350772
1,Centralized,Password,-0.018352089735192208,-0.018352089735192208,0.0013834117523572082,-0.018352089735192208,-0.018352089735192208
1,Centralized,Port_Scanning,-0.024489795918367346,-0.024489795918367346,0.09795918367346938,-0.024489795918367346,-0.024489795918367346
1,Centralized,Ransomware,0.0,0.0,0.0,0.0,0.0
1,Centralized,SQL_injection,-0.006553278814080231,-0.006553278814080231,-0.0040216332444599785,-0.006553278814080231,-0.006553278814080231
1,Centralized,Uploading,-0.0023621057921849476,-0.0023621057921849476,0.00944842316873979,-0.0023621057921849476,-0.0023621057921849476
1,Centralized,Vulnerability_scanner,-0.09087192648926552,-0.09087192648926552,0.0816573867435653,-0.09087192648926552,-0.09087192648926552
1,Centralized,XSS,0.0,0.0,0.0,0.0,0.0
2,0,Backdoor,0.0,0.0,0.0,0.0,0.0
2,0,DDoS_HTTP,0.0,0.0,0.0,0.0,0.0
2,0,DDoS_ICMP,-0.0531100192248983,0.01662733676026084,0.5725741286225455,0.058001091886212844,0.4059074619558789
2,0,DDoS_TCP,-0.05,0.2,-0.05,-0.05,-0.05
2,0,DDoS_UDP,0.07291574216305399,-0.1632451499118166,0.10701214655515727,0.07237810775445186,-0.08906084656084653
2,0,Fingerprinting,0.0,0.0,0.0,0.0,0.0
2,0,MITM,0.0,0.0,0.0,0.0,0.0
2,0,Normal,0.08184350338352092,0.0646068489782108,-0.3493923460526316,0.10802574023253132,0.09493370394232163
2,0,Password,-1.0812340192919212e-05,-3.8105633199810924e-06,4.186611979874341e-05,-8.674248054264861e-06,-1.856896823157825e-05
2,0,Port_Scanning,-0.033300231906243156,-0.0333003954508434,0.05019811792874034,0.04986792138083977,-0.03346541195249356
2,0,Ransomware,0.0,0.0,0.0,0.0,0.0
2,0,SQL_injection,0.0,0.0,0.0,0.0,0.0
2,0,Uploading,0.0,0.0,0.0,0.0,0.0
2,0,Vulnerability_scanner,0.0,0.0,0.0,0.0,0.0
2,0,XSS,0.0,0.0,0.0,0.0,0.0
2,1,Backdoor,-6.033182503770739e-05,-6.033182503770739e-05,0.00024132730015082957,-6.033182503770739e-05,-6.033182503770739e-05
2,1,DDoS_HTTP,0.0,0.0,0.0,0.0,0.0
2,1,DDoS_ICMP,0.07319713088330107,0.035013240305793496,0.44875331967087256,0.10791935310552324,0.1922598131773664
2,1,DDoS_TCP,-0.05687668989851147,0.22071459257762013,-0.022509624247441466,-0.0534806063902986,-0.08784767204136863
2,1,DDoS_UDP,0.15297573862589534,-0.05566304583525759,0.2927936115439122,0.15110751649557638,-0.04121382083012633
2,1,Fingerprinting,0.0,0.0,0.0,0.0,0.0
2,1,MITM,0.0,0.0,0.0,0.0,0.0
2,1,Normal,0.0732499670893536,0.07231896933726369,-0.32851521816049495,0.09782900070495597,0.08520426830826365
2,1,Password,-5.572030160710931e-06,-1.3943453470101996e-05,3.65460417782429e-05,-3.0871046773279804e-06,-1.3943453470101996e-05
2,1,Port_Scanning,0.0,0.0,0.0,0.0,0.0
2,1,Ransomware,0.0,0.0,0.0,0.0,0.0
2,1,SQL_injection,0.0,0.0,0.0,0.0,0.0
2,1,Uploading,0.0,0.0,0.0,0.0,0.0
2,1,Vulnerability_scanner,0.0,0.0,0.0,0.0,0.0
2,1,XSS,0.0,0.0,0.0,0.0,0.0
2,2,Backdoor,0.0,0.0,0.0,0.0,0.0
2,2,DDoS_HTTP,0.0,0.0,0.0,0.0,0.0
2,2,DDoS_ICMP,-0.07459967529693241,0.07568718643571247,0.5331846535076475,0.015876515179258033,0.4498513201743142
2,2,DDoS_TCP,0.0,0.0,0.0,0.0,0.0
2,2,DDoS_UDP,0.07144906729043664,-0.16587471468136852,0.10812119681454295,0.07094932193775011,-0.08464487136136122
2,2,Fingerprinting,0.0,0.0,0.0,0.0,0.0
2,2,MITM,0.0,0.0,0.0,0.0,0.0
2,2,Normal,0.08210719995234511,0.06462618339696147,-0.3494196160331557,0.10773459434630249,0.09496908821239751
2,2,Password,-1.0664510121414577e-05,-3.940670996088962e-06,4.1712360084640765e-05,-8.630779149605163e-06,-1.8476399817532066e-05
2,2,Port_Scanning,-0.09996609020006783,-0.09996609020006783,0.23353679213292639,-0.016802305866395396,-0.016802305866395396
2,2,Ransomware,0.0,0.0,0.0,0.0,0.0
2,2,SQL_injection,-5.018946523124796e-06,-5.018946523124796e-06,7.528419784687194e-06,-5.018946523124796e-06,7.528419784687194e-06
2,2,Uploading,0.0,0.0,0.0,0.0,0.0
2,2,Vulnerability_scanner,-0.05541732879050778,-0.05567394922656606,0.16686517067493917,-0.00013233600551499595,-0.05564155665235033
2,2,XSS,0.0,0.0,0.0,0.0,0.0
2,3,Backdoor,-8.688097306689835e-05,-8.688097306689835e-05,0.0003475238922675934,-8.688097306689835e-05,-8.688097306689835e-05
2,3,DDoS_HTTP,-0.00013731656184486375,-0.00013731656184486375,0.00027148846960167717,0.00014046121593291406,-0.00013731656184486375
2,3,DDoS_ICMP,-0.08123167285059799,-0.03436039134819018,0.6763604750609221,-0.1088508737333272,0.5344063405109741
2,3,DDoS_TCP,0.0,0.0,0.0,0.0,0.0
2,3,DDoS_UDP,-0.034821695352774136,-0.14994489908489975,0.11820356736444829,-0.04685815865305265,0.11342118572627816
2,3,Fingerprinting,0.0,0.0,0.0,0.0,0.0
2,3,MITM,0.0,0.0,0.0,0.0,0.0
2,3,Normal,0.06017345932939791,0.0535201132809705,-0.17861744469177773,0.07940241543480392,0.20184028666307305
2,3,Password,0.0,0.0,0.0,0.0,0.0
2,3,Port_Scanning,0.0,0.0,0.0,0.0,0.0
2,3,Ransomware,0.0,0.0,0.0,0.0,0.0
2,3,SQL_injection,0.0,0.0,0.0,0.0,0.0
2,3,Uploading,0.0,0.0,0.0,0.0,0.0
2,3,Vulnerability_scanner,0.0,0.0,0.0,0.0,0.0
2,3,XSS,0.0,0.0,0.0,0.0,0.0
2,4,Backdoor,-0.02444515921518173,-0.02444515921518173,0.09778063686072692,-0.02444515921518173,-0.02444515921518173
2,4,DDoS_HTTP,-0.03391809709390439,-0.02870597588178318,0.10693861405292263,-0.010396443983330643,-0.03391809709390439
2,4,DDoS_ICMP,0.042653729609878885,0.02920315593264586,0.5176115952994028,0.055409623696607485,0.0926926947062727
2,4,DDoS_TCP,0.0,0.0,0.0,0.0,0.0
2,4,DDoS_UDP,-0.11086388867691217,-0.08073535656549674,0.7953946356453301,-0.09993780653345927,-0.15378309993671005
2,4,Fingerprinting,0.0,0.0,0.0,0.0,0.0
2,4,MITM,-0.01111111111111111,-0.01111111111111111,0.04444444444444444,-0.01111111111111111,-0.01111111111111111
2,4,Normal,0.0,0.0,0.0,0.0,0.0
2,4,Password,-0.036067706663915705,-0.031889735184433374,0.1441098477709155,-0.033881412911067506,-0.04227099301149892
2,4,Port_Scanning,-0.09344237624597679,-0.03762708187808539,0.3024520002723255,-0.06791808929422785,-0.10346445285403535
2,4,Ransomware,0.0,0.0,0.0,0.0,0.0
2,4,SQL_injection,-0.010966930385864682,-0.007885657566250112,0.029608290315639125,-0.01531137929439555,0.004555676930871216
2,4,Uploading,-0.010826691602677348,-0.017078592019092023,0.039478440130463595,-0.017081053503159926,0.005507896994465713
2,4,Vulnerability_scanner,-0.07168674597337592,-0.08643435392513626,0.3029799599015181,-0.07168674597337592,-0.07317211402962998
2,4,XSS,-0.002289518900343643,-0.0017740549828178694,0.008642611683848798,-0.002289518900343643,-0.002289518900343643
2,Aggregated,Backdoor,-0.004803822937625755,-0.004803822937625755,0.01921529175050302,-0.004803822937625755,-0.004803822937625755
2,Aggregated,DDoS_HTTP,-0.011576578571997365,-0.00686011482295711,0.028282180519494753,0.0017310914474570835,-0.011576578571997365
2,Aggregated,DDoS_ICMP,-0.04923104227747539,-0.016175777666553995,0.6552825911447041,-0.0700057915160293,0.44868517215673964
2,Aggregated,DDoS_TCP,-0.04365438066774428,0.168905783945677,-0.012453261049731611,-0.04079851130509424,-0.07199963092310689
2,Aggregated,DDoS_UDP,-0.10712033066262977,-0.08019023542794658,0.7374920339894039,-0.1023146103991552,-0.09795189151327785
2,Aggregated,Fingerprinting,0.0,0.0,0.0,0.0,0.0
2,Aggregated,MITM,-0.01111111111111111,-0.01111111111111111,0.04444444444444444,-0.01111111111111111,-0.01111111111111111
2,Aggregated,Normal,0.06062109550696831,0.05302002166814135,-0.25608893232806706,0.08392348368777815,0.10448967902268098
2,Aggregated,Password,-0.00868627377423193,-0.005546450632711601,0.02705420017910491,-0.00785047934916831,-0.004970996422993068
2,Aggregated,Port_Scanning,-0.058101806244846815,-0.022745786532859833,0.16721712987391865,-0.03669846999407808,-0.04967106710213391
2,Aggregated,Ransomware,0.0,0.0,0.0,0.0,0.0
2,Aggregated,SQL_injection,-0.0015529697911728332,-0.0021923293764641778,0.007426644629712978,-0.002892899116756843,-0.0007884463453191247
2,Aggregated,Uploading,-0.005284821243330035,-0.007588479955953111,0.020193364818698992,-0.007771606961848485,0.00045154334243264344
2,Aggregated,Vulnerability_scanner,-0.04862447515778968,-0.09032619599920697,0.25015191027516276,-0.03647447256900977,-0.07472676654915637
2,Aggregated,XSS,-0.0009305972672377999,-0.0005393609605085355,0.0033311527622219357,-0.0009305972672378,-0.0009305972672378
2,Centralized,Backdoor,-0.004803822937625755,-0.004803822937625755,0.01921529175050302,-0.004803822937625755,-0.004803822937625755
2,Centralized,DDoS_HTTP,-0.011576578571997365,-0.00686011482295711,0.028282180519494753,0.0017310914474570835,-0.011576578571997365
2,Centralized,DDoS_ICMP,-0.04923104227747539,-0.016175777666553995,0.6552825911447041,-0.0700057915160293,0.44868517215673964
2,Centralized,DDoS_TCP,-0.04365438066774428,0.168905783945677,-0.012453261049731611,-0.04079851130509424,-0.07199963092310689
2,Centralized,DDoS_UDP,-0.10712033066262977,-0.08019023542794658,0.7374920339894039,-0.1023146103991552,-0.09795189151327785
2,Centralized,Fingerprinting,0.0,0.0,0.0,0.0,0.0
2,Centralized,MITM,-0.01111111111111111,-0.01111111111111111,0.04444444444444444,-0.01111111111111111,-0.01111111111111111
2,Centralized,Normal,0.06062109550696831,0.05302002166814135,-0.25608893232806706,0.08392348368777815,0.10448967902268098
2,Centralized,Password,-0.00868627377423193,-0.005546450632711601,0.02705420017910491,-0.00785047934916831,-0.004970996422993068
2,Centralized,Port_Scanning,-0.058101806244846815,-0.022745786532859833,0.16721712987391865,-0.03669846999407808,-0.04967106710213391
2,Centralized,Ransomware,0.0,0.0,0.0,0.0,0.0
2,Centralized,SQL_injection,-0.0015529697911728332,-0.0021923293764641778,0.007426644629712978,-0.002892899116756843,-0.0007884463453191247
2,Centralized,Uploading,-0.005284821243330035,-0.007588479955953111,0.020193364818698992,-0.007771606961848485,0.00045154334243264344
2,Centralized,Vulnerability_scanner,-0.04862447515778968,-0.09032619599920697,0.25015191027516276,-0.03647447256900977,-0.07472676654915637
2,Centralized,XSS,-0.0009305972672377999,-0.0005393609605085355,0.0033311527622219357,-0.0009305972672378,-0.0009305972672378
3,0,Backdoor,-1.4943159110979465e-05,-5.449728564917339e-06,5.027920589785573e-05,-1.4943159110979465e-05,-1.4943159110979465e-05
3,0,DDoS_HTTP,0.0,0.0,0.0,0.0,0.0
3,0,DDoS_ICMP,-0.15602840114334363,-0.10664568509396087,0.5110487745545217,-0.21775679620507205,-0.03061789211214503
3,0,DDoS_TCP,-0.1,0.31666666666666665,0.06666666666666667,-0.18333333333333332,-0.1
3,0,DDoS_UDP,-0.04225169466548776,-0.07943118184497494,0.2467524525283146,-0.029636436360574274,-0.09543313965727755
3,0,Fingerprinting,0.0,0.0,0.0,0.0,0.0
3,0,MITM,0.0,0.0,0.0,0.0,0.0
3,0,Normal,0.11458507031889403,0.07822701146520723,-0.359881265309329,0.09337471698759676,0.07369446653763075
3,0,Password,-7.135212272565108e-06,-7.135212272565108e-06,2.854084909026043e-05,-7.135212272565108e-06,-7.135212272565108e-06
3,0,Port_Scanning,-8.839141950972877e-05,-0.00014164737151182785,0.0004602411266433612,-8.839141950972877e-05,-0.0001418109161120758
3,0,Ransomware,0.0,0.0,0.0,0.0,0.0
3,0,SQL_injection,0.0,0.0,0.0,0.0,0.0
3,0,Uploading,0.0,0.0,0.0,0.0,0.0
3,0,Vulnerability_scanner,0.0,0.0,0.0,0.0,0.0
3,0,XSS,0.0,0.0,0.0,0.0,0.0
3,1,Backdoor,-6.951246794652397e-05,-4.832288474562553e-05,0.0001645241851687616,-6.951246794652397e-05,2.282363546991186e-05
3,1,DDoS_HTTP,0.0,0.0,0.0,0.0,0.0
3,1,DDoS_ICMP,-0.14346260623434542,-0.09774141920881056,0.23851132261458322,-0.0810567150241063,0.08374941785267888
3,1,DDoS_TCP,-0.15725590055607241,0.3494901146410283,0.07558507519475254,-0.1790446530786,-0.08877463620110822
3,1,DDoS_UDP,0.020520945876421275,-0.01783132685085147,0.4398846272572928,0.02954770540721306,0.027878048309924384
3,1,Fingerprinting,0.0,0.0,0.0,0.0,0.0
3,1,MITM,0.0,0.0,0.0,0.0,0.0
3,1,Normal,0.1017872176484504,0.08889548320554583,-0.33698569754738644,0.08129336198579566,0.0650444340982643
3,1,Password,-8.061265618702136e-06,-8.061265618702136e-06,3.2245062474808544e-05,-8.061265618702136e-06,-8.061265618702136e-06
3,1,Port_Scanning,0.0,0.0,0.0,0.0,0.0
3,1,Ransomware,0.0,0.0,0.0,0.0,0.0
3,1,SQL_injection,0.0,0.0,0.0,0.0,0.0
3,1,Uploading,0.0,0.0,0.0,0.0,0.0
3,1,Vulnerability_scanner,0.0,0.0,0.0,0.0,0.0
3,1,XSS,0.0,0.0,0.0,0.0,0.0
3,2,Backdoor,0.0,0.0,0.0,0.0,0.0
3,2,DDoS_HTTP,0.0,0.0,0.0,0.0,0.0
3,2,DDoS_ICMP,-0.18009762423487904,-0.07962143375868859,0.44407500778089004,-0.17009762423487906,-0.014258325552443196
3,2,DDoS_TCP,0.0,0.0,0.0,0.0,0.0
3,2,DDoS_UDP,0.13389960773581466,0.11504355956942165,0.4616044061302682,0.1338500045612115,0.15560242200328403
3,2,Fingerprinting,0.0,0.0,0.0,0.0,0.0
3,2,MITM,0.0,0.0,0.0,0.0,0.0
3,2,Normal,0.11435106416185334,0.07810722284438049,-0.35941977126861535,0.09356506465807707,0.07341387008825788
3,2,Password,0.0,0.0,0.0,0.0,0.0
3,2,Port_Scanning,-0.050020303608905865,-0.05025275363215087,0.20037913044822628,-0.0500228685746796,-0.05008320463248996
3,2,Ransomware,0.0,0.0,0.0,0.0,0.0
3,2,SQL_injection,-1.8518200675377633e-05,1.7175668100233273e-05,4.13325794384853e-05,-2.0161774927376543e-05,-1.98282719359644e-05
3,2,Uploading,0.0,0.0,0.0,0.0,0.0
3,2,Vulnerability_scanner,-0.03348788003980941,-0.03339419444865333,0.189120708948603,-0.08884502289695224,-0.03339361156318799
3,2,XSS,0.0,0.0,0.0,0.0,0.0
3,3,Backdoor,-0.00014691838747775152,-8.694477586686033e-05,0.00039350777512244445,-0.00014691838747775152,-1.2726224300081097e-05
3,3,DDoS_HTTP,-3.581661891117478e-05,-3.581661891117478e-05,0.00014326647564469913,-3.581661891117478e-05,-3.581661891117478e-05
3,3,DDoS_ICMP,-0.22895441974747058,-0.24163254871288292,0.4749246787214007,-0.2529787923617857,0.24608737063507652
3,3,DDoS_TCP,0.0,0.0,0.0,0.0,0.0
3,3,DDoS_UDP,0.06635687733088243,0.04627118588697279,0.45945818211398354,0.04853364813152486,0.23652296367949316
3,3,Fingerprinting,0.0,0.0,0.0,0.0,0.0
3,3,MITM,0.0,0.0,0.0,0.0,0.0
3,3,Normal,0.058190966204318934,0.01985512277388293,-0.23297572200188385,0.032051246504123436,0.12155183073105909
3,3,Password,0.0,0.0,0.0,0.0,0.0
3,3,Port_Scanning,0.0,0.0,0.0,0.0,0.0
3,3,Ransomware,0.0,0.0,0.0,0.0,0.0
3,3,SQL_injection,0.0,0.0,0.0,0.0,0.0
3,3,Uploading,0.0,0.0,0.0,0.0,0.0
3,3,Vulnerability_scanner,0.0,0.0,0.0,0.0,0.0
3,3,XSS,0.0,0.0,0.0,0.0,0.0
3,4,Backdoor,-0.04875528777613261,-0.02024030473476753,0.14762976356878335,-0.04875528777613261,-0.029878883281750587
3,4,DDoS_HTTP,-0.018979003705228488,-0.018979003705228488,0.07591601482091395,-0.018979003705228488,-0.018979003705228488
3,4,DDoS_ICMP,-0.13715344345576877,-0.05918458229377743,0.33443870831482114,-0.07736499376218994,-0.08463389454697283
3,4,DDoS_TCP,0.0,0.0,0.0,0.0,0.0
3,4,DDoS_UDP,-0.1239649231010234,-0.0999736312778776,0.82176147294583,-0.11139736071481113,-0.1310400317665024
3,4,Fingerprinting,0.0,0.0,0.0,0.0,0.0
3,4,MITM,-0.03191489361702128,-0.03191489361702128,0.12765957446808512,-0.03191489361702128,-0.03191489361702128
3,4,Normal,0.0,0.0,0.0,0.0,0.0
3,4,Password,-0.030686661890614152,-0.017447306450333395,0.10485611387105352,-0.028153330221104587,-0.028568815309001395
3,4,Port_Scanning,-0.07466740490651542,-0.06724489762918563,0.2700022704506127,-0.07471576088798065,-0.05337420702693103
3,4,Ransomware,-0.004211002805613658,-0.0027717397083194726,0.006316504208420487,-0.004211002805613658,0.004877241111126302
3,4,SQL_injection,-0.015454870979584086,-0.021376222033004863,0.06581627254821029,-0.01551752415003303,-0.013467655385588313
3,4,Uploading,-0.01566512296970608,-0.01566512296970608,0.03817535137704568,-0.0053666155070195105,-0.0014784899306140209
3,4,Vulnerability_scanner,-0.11316319191238562,-0.057657562304752004,0.34164150843427527,-0.12152855478826173,-0.049292199428875895
3,4,XSS,0.0,0.0,0.0,0.0,0.0
3,Aggregated,Backdoor,-0.007680181309070325,-0.0038505910611990445,0.022265046764900747,-0.007680181309070325,-0.0030540930855610547
3,Aggregated,DDoS_HTTP,-0.004422828118261537,-0.004422828118261537,0.017691312473046148,-0.004422828118261537,-0.004422828118261537
3,Aggregated,DDoS_ICMP,-0.21040092246736158,-0.20641448594732603,0.46375071388208144,-0.22243979441297956,0.17091289676851812
3,Aggregated,DDoS_TCP,-0.12677110734951277,0.2712312353440203,0.06194346751437598,-0.14222827186238524,-0.06417532364649828
3,Aggregated,DDoS_UDP,-0.11716914756991594,-0.09782536025795524,0.7960629335787793,-0.10866052373457911,-0.1166366915811786
3,Aggregated,Fingerprinting,0.0,0.0,0.0,0.0,0.0
3,Aggregated,MITM,-0.03191489361702128,-0.03191489361702128,0.12765957446808512,-0.03191489361702128,-0.03191489361702128
3,Aggregated,Normal,0.08492996836792423,0.058198671604012125,-0.2722984270166034,0.06312808798488706,0.07587342035139519
3,Aggregated,Password,-0.007349790755217906,-0.005744106881343369,0.025857692245790986,-0.0064280276525781515,-0.006335766956651556
3,Aggregated,Port_Scanning,-0.03890032146341181,-0.0338386809582892,0.13955145709408295,-0.03893874914128971,-0.02787370553109222
3,Aggregated,Ransomware,-0.0007486368976843818,-0.0004954210565013573,0.0011229553465265728,-0.0007486368976843818,0.0008697395053435482
3,Aggregated,SQL_injection,-0.003579215564418036,-0.0024880700823075638,0.014013457319498475,-0.004085020270494529,-0.00386115140227835
3,Aggregated,Uploading,-0.013559908751787631,-0.013559908751787631,0.03470875869492412,-0.0058555764605862,-0.0017333647307626605
3,Aggregated,Vulnerability_scanner,-0.0856207001303829,-0.056712625042325444,0.30031766969621854,-0.10978278110874627,-0.048201563414763914
3,Aggregated,XSS,0.0,0.0,0.0,0.0,0.0
3,Centralized,Backdoor,-0.007680181309070325,-0.0038505910611990445,0.022265046764900747,-0.007680181309070325,-0.0030540930855610547
3,Centralized,DDoS_HTTP,-0.004422828118261537,-0.004422828118261537,0.017691312473046148,-0.004422828118261537,-0.004422828118261537
3,Centralized,DDoS_ICMP,-0.21040092246736158,-0.20641448594732603,0.46375071388208144,-0.22243979441297956,0.17091289676851812
3,Centralized,DDoS_TCP,-0.12677110734951277,0.2712312353440203,0.06194346751437598,-0.14222827186238524,-0.06417532364649828
3,Centralized,DDoS_UDP,-0.11716914756991594,-0.09782536025795524,0.7960629335787793,-0.10866052373457911,-0.1166366915811786
3,Centralized,Fingerprinting,0.0,0.0,0.0,0.0,0.0
3,Centralized,MITM,-0.03191489361702128,-0.03191489361702128,0.12765957446808512,-0.03191489361702128,-0.03191489361702128
3,Centralized,Normal,0.08492996836792423,0.058198671604012125,-0.2722984270166034,0.06312808798488706,0.07587342035139519
3,Centralized,Password,-0.007349790755217906,-0.005744106881343369,0.025857692245790986,-0.0064280276525781515,-0.006335766956651556
3,Centralized,Port_Scanning,-0.03890032146341181,-0.0338386809582892,0.13955145709408295,-0.03893874914128971,-0.02787370553109222
3,Centralized,Ransomware,-0.0007486368976843818,-0.0004954210565013573,0.0011229553465265728,-0.0007486368976843818,0.0008697395053435482
3,Centralized,SQL_injection,-0.003579215564418036,-0.0024880700823075638,0.014013457319498475,-0.004085020270494529,-0.00386115140227835
3,Centralized,Uploading,-0.013559908751787631,-0.013559908751787631,0.03470875869492412,-0.0058555764605862,-0.0017333647307626605
3,Centralized,Vulnerability_scanner,-0.0856207001303829,-0.056712625042325444,0.30031766969621854,-0.10978278110874627,-0.048201563414763914
3,Centralized,XSS,0.0,0.0,0.0,0.0,0.0
4,0,Backdoor,-2.0751535197493215e-05,-1.4159961461611689e-05,7.367939434843566e-05,-2.6735889305692804e-05,-1.2032008383637947e-05
4,0,DDoS_HTTP,0.0,0.0,0.0,0.0,0.0
4,0,DDoS_ICMP,0.061111111111111116,0.1111111111111111,0.038888888888888896,-0.11111111111111112,-0.1
4,0,DDoS_TCP,-0.33320586360739324,0.41679413639260676,0.16679413639260676,-0.25019120458891014,-0.00019120458891013213
4,0,DDoS_UDP,0.01283880063060878,0.012670337018748952,0.0733092288313602,0.01317436927681346,0.01300726424246862
4,0,Fingerprinting,0.0,0.0,0.0,0.0,0.0
4,0,MITM,0.0,0.0,0.0,0.0,0.0
4,0,Normal,0.12278242346023154,0.08490255043789856,-0.41231587206120623,0.12272681841143293,0.08167710037667926
4,0,Password,-8.056719303899452e-06,-8.056719303899452e-06,3.222687721559781e-05,-8.056719303899452e-06,-8.056719303899452e-06
4,0,Port_Scanning,-0.05008136632224224,0.06157087032999442,0.11712642588554997,-0.02291186105054718,-0.10570406884275499
4,0,Ransomware,0.0,0.0,0.0,0.0,0.0
4,0,SQL_injection,0.0,0.0,0.0,0.0,0.0
4,0,Uploading,0.0,0.0,0.0,0.0,0.0
4,0,Vulnerability_scanner,0.0,0.0,0.0,0.0,0.0
4,0,XSS,0.0,0.0,0.0,0.0,0.0
4,1,Backdoor,-4.599126264006029e-05,-3.0857061965020666e-05,0.00016186979122662887,-5.8876486124705604e-05,-2.614498049684231e-05
4,1,DDoS_HTTP,0.0,0.0,0.0,0.0,0.0
4,1,DDoS_ICMP,0.06642857142857143,0.08785714285714287,-0.026428571428571437,-0.03714285714285713,-0.09071428571428573
4,1,DDoS_TCP,-0.1460922521457566,0.5547914581637059,0.2281629014804378,-0.16757003100242435,-0.14678560912028055
4,1,DDoS_UDP,-0.15287925696594445,-0.1546270906023228,-0.06880796763149703,-0.23669991973397556,0.013014234933739587
4,1,Fingerprinting,0.0,0.0,0.0,0.0,0.0
4,1,MITM,0.0,0.0,0.0,0.0,0.0
4,1,Normal,0.1086161295979673,0.10179361348140259,-0.3778164460189691,0.1070035154085112,0.07009192999662611
4,1,Password,-9.05961224859576e-06,-9.05961224859576e-06,3.623844899438304e-05,-9.05961224859576e-06,-9.05961224859576e-06
4,1,Port_Scanning,0.0,0.0,0.0,0.0,0.0
4,1,Ransomware,0.0,0.0,0.0,0.0,0.0
4,1,SQL_injection,0.0,0.0,0.0,0.0,0.0
4,1,Uploading,0.0,0.0,0.0,0.0,0.0
4,1,Vulnerability_scanner,0.0,0.0,0.0,0.0,0.0
4,1,XSS,0.0,0.0,0.0,0.0,0.0
4,2,Backdoor,0.0,0.0,0.0,0.0,0.0
4,2,DDoS_HTTP,0.0,0.0,0.0,0.0,0.0
4,2,DDoS_ICMP,0.06878306878306878,0.12830687830687829,0.003968253968253969,-0.12169312169312169,-0.07936507936507937
4,2,DDoS_TCP,0.0,0.0,0.0,0.0,0.0
4,2,DDoS_UDP,-0.189104198969364,-0.18933225954225205,-0.13819461291271912,-0.18933225954225213,-0.18877351113867613
4,2,Fingerprinting,0.0,0.0,0.0,0.0,0.0
4,2,MITM,0.0,0.0,0.0,0.0,0.0
4,2,Normal,0.12257541395619667,0.08514948223876946,-0.411920857116534,0.12228586461784725,0.08163072342591199
4,2,Password,-2.4212529526784953e-05,1.620130817124285e-05,5.6436280409112006e-05,-2.4212529526784953e-05,-2.4212529526784953e-05
4,2,Port_Scanning,-0.10005798018131985,-0.18351869421603767,0.40048668212804833,-0.017396689858739194,-0.09951331787195165
4,2,Ransomware,0.0,0.0,0.0,0.0,0.0
4,2,SQL_injection,-3.6435588238360324e-05,1.2251047580825717e-05,4.294302637220023e-05,-4.906855016261308e-05,3.0310064447947473e-05
4,2,Uploading,0.0,0.0,0.0,0.0,0.0
4,2,Vulnerability_scanner,-0.06682694857527004,-0.0668270602775094,0.26711183973432195,-0.0667842372422361,-0.0666735936393064
4,2,XSS,0.0,0.0,0.0,0.0,0.0
4,3,Backdoor,-0.00012977661659523314,-8.811012744713251e-05,0.00045973147433694646,-0.00016719554927821474,-7.464918101636609e-05
4,3,DDoS_HTTP,-0.000189052711877477,-4.297493469918015e-06,0.0004375168578431219,-0.00026564020715314727,2.147355465742031e-05
4,3,DDoS_ICMP,0.013882547642858796,-0.04105191497892161,0.10519260000778072,-0.17004020695493238,0.10810376705631293
4,3,DDoS_TCP,0.0,0.0,0.0,0.0,0.0
4,3,DDoS_UDP,-0.1263832133443517,-0.1362266176097867,0.012299870900817557,-0.15894088043323368,0.022696218637814798
4,3,Fingerprinting,0.0,0.0,0.0,0.0,0.0
4,3,MITM,0.0,0.0,0.0,0.0,0.0
4,3,Normal,0.1179151912048069,0.06523017605783393,-0.37015950486834376,0.0807893896517546,0.11511752826611328
4,3,Password,0.0,0.0,0.0,0.0,0.0
4,3,Port_Scanning,0.0,0.0,0.0,0.0,0.0
4,3,Ransomware,0.0,0.0,0.0,0.0,0.0
4,3,SQL_injection,0.0,0.0,0.0,0.0,0.0
4,3,Uploading,0.0,0.0,0.0,0.0,0.0
4,3,Vulnerability_scanner,0.0,0.0,0.0,0.0,0.0
4,3,XSS,0.0,0.0,0.0,0.0,0.0
4,4,Backdoor,-0.06061647168636389,-0.03972564429008438,0.20704874153443564,-0.07248765811891945,-0.0342189674390679
4,4,DDoS_HTTP,-0.05374865483629474,-0.028246913916200014,0.16913061221330017,-0.05126964138898318,-0.035865402071822254
4,4,DDoS_ICMP,0.0385533929182044,0.04793752747643692,0.1720793921414962,-0.06239553152721524,-0.17201965915403683
4,4,DDoS_TCP,0.0,0.0,0.0,0.0,0.0
4,4,DDoS_UDP,-0.14229812113939053,-0.12885632230831232,0.7492617069167983,-0.2055012867956266,-0.003273852601826528
4,4,Fingerprinting,0.0,0.0,0.0,0.0,0.0
4,4,MITM,-0.03962264150943396,-0.03962264150943396,0.15849056603773584,-0.03962264150943396,-0.03962264150943396
4,4,Normal,0.0,0.0,0.0,0.0,0.0
4,4,Password,-0.03198403316620881,-0.0054839842486250935,0.11642227490993062,-0.0424434818874984,-0.036510775607598314
4,4,Port_Scanning,-0.11613208341452745,-0.15812353454615158,0.4302284061163833,-0.09199546255131567,-0.06397732560438855
4,4,Ransomware,-0.002109181141439206,0.0014061207609594706,0.0014061207609594706,-0.002109181141439206,0.0014061207609594706
4,4,SQL_injection,-0.014666694473792609,-0.028295654658494596,0.06383319079430524,-0.02422978149028513,0.003358939828267086
4,4,Uploading,-0.003423063423499223,-0.015606810654465762,0.03637317894466161,-0.008569188975960105,-0.008774115890736515
4,4,Vulnerability_scanner,-0.11743666795567384,-0.11689395110263737,0.4685154936582598,-0.11721505876369048,-0.11696981583625812
4,4,XSS,0.0,0.0,0.0,0.0,0.0
4,Aggregated,Backdoor,-0.008239090864354093,-0.005518473108984869,0.028870763054038198,-0.01043742267896667,-0.0046757764017325695
4,Aggregated,DDoS_HTTP,-0.017215106552880905,-0.0041358173008898946,0.04813054825194364,-0.01610490402154997,-0.01067472037662287
4,Aggregated,DDoS_ICMP,0.022952432686974212,-0.026843193797818906,0.11752194143049012,-0.15413353167217453,0.05776610064065923
4,Aggregated,DDoS_TCP,-0.10158825008967468,0.42733908167922185,0.17754051826673364,-0.10723844102302889,-0.09701239710617303
4,Aggregated,DDoS_UDP,-0.13905596176797944,-0.1287674521747644,0.7304566076519681,-0.2046893627859452,0.008053850483177713
4,Aggregated,Fingerprinting,0.0,0.0,0.0,0.0,0.0
4,Aggregated,MITM,-0.011931818181818182,-0.011931818181818182,0.04772727272727273,-0.011931818181818182,-0.011931818181818182
4,Aggregated,Normal,0.10075103076795004,0.07663827576173264,-0.3306051433572561,0.09105428026277121,0.07890069155412034
4,Aggregated,Password,-0.008182706788554917,-0.0001864405239601136,0.03223968750719706,-0.01382837334181499,-0.01004216685286704
4,Aggregated,Port_Scanning,-0.06713665285681443,-0.0868782235639101,0.23924108704031147,-0.04469568713252999,-0.04053052348705694
4,Aggregated,Ransomware,-0.0007674943566591422,0.0005116629044394282,0.0005116629044394282,-0.0007674943566591422,0.0005116629044394282
4,Aggregated,SQL_injection,-0.005153265044669838,-0.006319154001783348,0.01641505071157009,-0.007122895263765996,0.002180263598649089
4,Aggregated,Uploading,-0.002889688149075017,-0.014043493251006922,0.03402315102226252,-0.007028019870466663,-0.010061949751713923
4,Aggregated,Vulnerability_scanner,-0.11008500143139453,-0.10959592481277507,0.4261821912111671,-0.1061123246082054,-0.10038894035879219
4,Aggregated,XSS,0.0,0.0,0.0,0.0,0.0
4,Centralized,Backdoor,-0.008239090864354093,-0.005518473108984869,0.028870763054038198,-0.01043742267896667,-0.0046757764017325695
4,Centralized,DDoS_HTTP,-0.017215106552880905,-0.0041358173008898946,0.04813054825194364,-0.01610490402154997,-0.01067472037662287
4,Centralized,DDoS_ICMP,0.022952432686974212,-0.026843193797818906,0.11752194143049012,-0.15413353167217453,0.05776610064065923
4,Centralized,DDoS_TCP,-0.10158825008967468,0.42733908167922185,0.17754051826673364,-0.10723844102302889,-0.09701239710617303
4,Centralized,DDoS_UDP,-0.13905596176797944,-0.1287674521747644,0.7304566076519681,-0.2046893627859452,0.008053850483177713
4,Centralized,Fingerprinting,0.0,0.0,0.0,0.0,0.0
4,Centralized,MITM,-0.011931818181818182,-0.011931818181818182,0.04772727272727273,-0.011931818181818182,-0.011931818181818182
4,Centralized,Normal,0.10075103076795004,0.07663827576173264,-0.3306051433572561,0.09105428026277121,0.07890069155412034
4,Centralized,Password,-0.008182706788554917,-0.0001864405239601136,0.03223968750719706,-0.01382837334181499,-0.01004216685286704
4,Centralized,Port_Scanning,-0.06713665285681443,-0.0868782235639101,0.23924108704031147,-0.04469568713252999,-0.04053052348705694
4,Centralized,Ransomware,-0.0007674943566591422,0.0005116629044394282,0.0005116629044394282,-0.0007674943566591422,0.0005116629044394282
4,Centralized,SQL_injection,-0.005153265044669838,-0.006319154001783348,0.01641505071157009,-0.007122895263765996,0.002180263598649089
4,Centralized,Uploading,-0.002889688149075017,-0.014043493251006922,0.03402315102226252,-0.007028019870466663,-0.010061949751713923
4,Centralized,Vulnerability_scanner,-0.11008500143139453,-0.10959592481277507,0.4261821912111671,-0.1061123246082054,-0.10038894035879219
4,Centralized,XSS,0.0,0.0,0.0,0.0,0.0
5,0,Backdoor,-8.23899726476683e-05,2.2225478892621293e-05,0.00011328537251587651,-8.23899726476683e-05,2.9269093886838795e-05
5,0,DDoS_HTTP,-5.371146202599636e-06,-5.371146202599636e-06,8.056719303899452e-06,-5.371146202599636e-06,8.056719303899452e-06
5,0,DDoS_ICMP,0.0512987012987013,0.09170274170274169,0.06320346320346322,-0.10274170274170275,-0.10346320346320347
5,0,DDoS_TCP,-0.3,0.45,0.2,-0.3,-0.05
5,0,DDoS_UDP,0.03860021786492374,0.0018549642079053851,0.48450255540812814,0.30599439775910386,0.04404786475993906
5,0,Fingerprinting,0.0,0.0,0.0,0.0,0.0
5,0,MITM,0.0,0.0,0.0,0.0,0.0
5,0,Normal,0.11052277281793042,0.07623764671760629,-0.37652471459446624,0.1137696235355518,0.07623910199142886
5,0,Password,-6.566850538481745e-06,9.850275807722615e-06,9.850275807722615e-06,-6.566850538481745e-06,-6.566850538481745e-06
5,0,Port_Scanning,0.0,0.0,0.0,0.0,0.0
5,0,Ransomware,0.0,0.0,0.0,0.0,0.0
5,0,SQL_injection,0.0,0.0,0.0,0.0,0.0
5,0,Uploading,0.0,0.0,0.0,0.0,0.0
5,0,Vulnerability_scanner,0.0,0.0,0.0,0.0,0.0
5,0,XSS,0.0,0.0,0.0,0.0,0.0
5,1,Backdoor,-4.31144626665784e-05,-9.314692505015501e-06,0.0001386580805047507,-4.31144626665784e-05,-4.31144626665784e-05
5,1,DDoS_HTTP,-6.159642371705738e-05,-2.7308429409741116e-05,0.00015002595302161375,-6.362248387564234e-05,2.5013839808270597e-06
5,1,DDoS_ICMP,0.12369047619047627,0.12091269841269847,-0.08365079365079367,-0.08444444444444446,-0.07650793650793648
5,1,DDoS_TCP,-0.3039817542270335,0.390408252332719,0.10470096866688935,-0.3383015636944886,-0.17533237045376873
5,1,DDoS_UDP,0.08477519087995751,0.20801369655391497,0.274890021982872,-0.11940272185058684,0.1517238124338422
5,1,Fingerprinting,0.0,0.0,0.0,0.0,0.0
5,1,MITM,0.0,0.0,0.0,0.0,0.0
5,1,Normal,0.09273063405019598,0.08746500398102117,-0.3488524643571989,0.09269654253055946,0.06627154132988387
5,1,Password,0.0,0.0,0.0,0.0,0.0
5,1,Port_Scanning,0.0,0.0,0.0,0.0,0.0
5,1,Ransomware,0.0,0.0,0.0,0.0,0.0
5,1,SQL_injection,0.0,0.0,0.0,0.0,0.0
5,1,Uploading,0.0,0.0,0.0,0.0,0.0
5,1,Vulnerability_scanner,0.0,0.0,0.0,0.0,0.0
5,1,XSS,0.0,0.0,0.0,0.0,0.0
5,2,Backdoor,0.0,0.0,0.0,0.0,0.0
5,2,DDoS_HTTP,-3.7051445932677524e-06,-3.7051445932677524e-06,5.557716889901628e-06,5.557716889901628e-06,-3.7051445932677524e-06
5,2,DDoS_ICMP,0.07653846153846153,0.08764957264957265,-0.007863247863247868,-0.06512820512820511,-0.09119658119658117
5,2,DDoS_TCP,0.0,0.0,0.0,0.0,0.0
5,2,DDoS_UDP,-0.03030806267495817,0.27080440510417625,0.3789688332686044,0.18975732282520996,0.08551434358223069
5,2,Fingerprinting,0.0,0.0,0.0,0.0,0.0
5,2,MITM,0.0,0.0,0.0,0.0,0.0
5,2,Normal,0.110253904651422,0.07602897746410932,-0.37561979697433306,0.11358294099846093,0.07603334673814911
5,2,Password,-6.5034305596202e-06,9.7551458394303e-06,9.7551458394303e-06,-6.5034305596202e-06,-6.5034305596202e-06
5,2,Port_Scanning,-0.0611111111111111,-0.2,0.3,-0.0611111111111111,0.022222222222222223
5,2,Ransomware,0.0,0.0,0.0,0.0,0.0
5,2,SQL_injection,-4.345279079586022e-06,-1.4587193088476002e-05,2.1880789632714003e-05,-1.4587193088476002e-05,1.1638875623824026e-05
5,2,Uploading,0.0,0.0,0.0,0.0,0.0
5,2,Vulnerability_scanner,-0.09486032440782695,-0.09468868005492619,0.3228460421672961,-0.06708254663004923,-0.06621449107449366
5,2,XSS,0.0,0.0,0.0,0.0,0.0
5,3,Backdoor,-0.0001522476319589824,-5.5783058573558206e-05,0.0004423209558546054,-0.0001522476319589824,-8.204263336308237e-05
5,3,DDoS_HTTP,-2.9080897281239218e-05,-1.19816374194195e-05,9.189321307768043e-05,-3.2281674886656236e-05,-1.8549003490365452e-05
5,3,DDoS_ICMP,0.033380896642791445,0.0168100417617673,0.12306013579365739,-0.26592649743243374,0.09272310813175978
5,3,DDoS_TCP,0.0,0.0,0.0,0.0,0.0
5,3,DDoS_UDP,-0.04838227141723187,0.1896393344534801,0.20801053990063495,-0.1634560003123407,0.3436001620813398
5,3,Fingerprinting,0.0,0.0,0.0,0.0,0.0
5,3,MITM,0.0,0.0,0.0,0.0,0.0
5,3,Normal,0.11172031471839844,0.07476548420536178,-0.3315911830716059,0.04615489752548136,0.09917092085643921
5,3,Password,0.0,0.0,0.0,0.0,0.0
5,3,Port_Scanning,0.0,0.0,0.0,0.0,0.0
5,3,Ransomware,0.0,0.0,0.0,0.0,0.0
5,3,SQL_injection,0.0,0.0,0.0,0.0,0.0
5,3,Uploading,0.0,0.0,0.0,0.0,0.0
5,3,Vulnerability_scanner,0.0,0.0,0.0,0.0,0.0
5,3,XSS,0.0,0.0,0.0,0.0,0.0
5,4,Backdoor,-0.07524688106082734,-0.0152755775588077,0.1870676845422743,-0.07524688106082734,-0.02129834486181188
5,4,DDoS_HTTP,-0.05175506761456294,-0.03126541448311498,0.1695984407535644,-0.058566595251976404,-0.02801136340391009
5,4,DDoS_ICMP,0.05788481112321386,0.10563306538223864,0.13867410923146753,-0.09785420917430555,-0.21027694702677888
5,4,DDoS_TCP,0.0,0.0,0.0,0.0,0.0
5,4,DDoS_UDP,-0.12156872728618921,-0.027111202349574263,0.6050627773696431,-0.35837532984632803,-0.1299308218712068
5,4,Fingerprinting,0.0,0.0,0.0,0.0,0.0
5,4,MITM,-0.03689126559714795,-0.032137849079025546,0.15291265597147952,-0.041941770647653004,-0.041941770647653004
5,4,Normal,0.0,0.0,0.0,0.0,0.0
5,4,Password,-0.03189561619840099,-0.002901122177845496,0.10171178004105487,-0.034267356044149835,-0.03264768562065855
5,4,Port_Scanning,-0.09003381994736509,-0.14341739099163778,0.3687323510991728,-0.10027160360455536,-0.03500953655561466
5,4,Ransomware,-0.0010869565217391304,0.0007246376811594203,0.0007246376811594203,-0.0010869565217391304,0.0007246376811594203
5,4,SQL_injection,-0.026231750411991012,-0.039202424546779246,0.10889067687086655,-0.03039116271389295,-0.013065339198203352
5,4,Uploading,-0.014598131150502626,-0.016585521501379822,0.05711098665458546,-0.010172722347604862,-0.01575461165509814
5,4,Vulnerability_scanner,-0.13048696266712154,-0.0651041978774731,0.4327436026826013,-0.15101128643409903,-0.08614115570390761
5,4,XSS,-0.0011434511434511435,-0.0011434511434511435,0.004573804573804574,-0.0011434511434511435,-0.0011434511434511435
5,Aggregated,Backdoor,-0.013300981359146672,-0.0016406229378247092,0.030210535045121993,-0.013300981359146674,-0.001967949389003931
5,Aggregated,DDoS_HTTP,-0.008701429940546053,-0.003911387389439457,0.02930490779814367,-0.011163396167294145,-0.005528694300864016
5,Aggregated,DDoS_ICMP,0.04391274311256936,0.032883359363963464,0.12947505660593991,-0.24255837070110087,0.035767867267949637
5,Aggregated,DDoS_TCP,-0.24184692230686713,0.2825201058907145,0.07098385429301761,-0.2615120886774189,-0.1491854609265251
5,Aggregated,DDoS_UDP,-0.11876567798513267,-0.02597310273599137,0.5939721433389732,-0.3557120500422791,-0.122266317073869
5,Aggregated,Fingerprinting,0.0,0.0,0.0,0.0,0.0
5,Aggregated,MITM,-0.01094713151893566,-0.00619371500081326,0.04913611965863034,-0.01599763656944071,-0.01599763656944071
5,Aggregated,Normal,0.08767771433911138,0.07077747703170852,-0.30392445092720055,0.07128501486858285,0.06921330879150804
5,Aggregated,Password,-0.007293516493624004,-0.0038915298113109367,0.02620569816465896,-0.008154049000232595,-0.006866602859491426
5,Aggregated,Port_Scanning,-0.05553275969917821,-0.08069462424662735,0.2113946330225248,-0.06008373913336452,-0.01508350994335473
5,Aggregated,Ransomware,-0.00021728633510381456,0.0001448575567358764,0.0001448575567358764,-0.00021728633510381456,0.0001448575567358764
5,Aggregated,SQL_injection,-0.009069768203386069,-0.006777060904612875,0.024679528847300954,-0.008154033095023945,-0.0006786666442780618
5,Aggregated,Uploading,-0.008896236544156456,-0.010882810047376077,0.03430892493445551,-0.004477633079600061,-0.010052245263322922
5,Aggregated,Vulnerability_scanner,-0.12179269833084798,-0.07405681977288502,0.419683641662533,-0.14230167200505175,-0.08153245155374833
5,Aggregated,XSS,-0.0011434511434511435,-0.0011434511434511435,0.004573804573804574,-0.0011434511434511435,-0.0011434511434511435
5,Centralized,Backdoor,-0.013300981359146672,-0.0016406229378247092,0.030210535045121993,-0.013300981359146674,-0.001967949389003931
5,Centralized,DDoS_HTTP,-0.008701429940546053,-0.003911387389439457,0.02930490779814367,-0.011163396167294145,-0.005528694300864016
5,Centralized,DDoS_ICMP,0.04391274311256936,0.032883359363963464,0.12947505660593991,-0.24255837070110087,0.035767867267949637
5,Centralized,DDoS_TCP,-0.24184692230686713,0.2825201058907145,0.07098385429301761,-0.2615120886774189,-0.1491854609265251
5,Centralized,DDoS_UDP,-0.11876567798513267,-0.02597310273599137,0.5939721433389732,-0.3557120500422791,-0.122266317073869
5,Centralized,Fingerprinting,0.0,0.0,0.0,0.0,0.0
5,Centralized,MITM,-0.01094713151893566,-0.00619371500081326,0.04913611965863034,-0.01599763656944071,-0.01599763656944071
5,Centralized,Normal,0.08767771433911138,0.07077747703170852,-0.30392445092720055,0.07128501486858285,0.06921330879150804
5,Centralized,Password,-0.007293516493624004,-0.0038915298113109367,0.02620569816465896,-0.008154049000232595,-0.006866602859491426
5,Centralized,Port_Scanning,-0.05553275969917821,-0.08069462424662735,0.2113946330225248,-0.06008373913336452,-0.01508350994335473
5,Centralized,Ransomware,-0.00021728633510381456,0.0001448575567358764,0.0001448575567358764,-0.00021728633510381456,0.0001448575567358764
5,Centralized,SQL_injection,-0.009069768203386069,-0.006777060904612875,0.024679528847300954,-0.008154033095023945,-0.0006786666442780618
5,Centralized,Uploading,-0.008896236544156456,-0.010882810047376077,0.03430892493445551,-0.004477633079600061,-0.010052245263322922
5,Centralized,Vulnerability_scanner,-0.12179269833084798,-0.07405681977288502,0.419683641662533,-0.14230167200505175,-0.08153245155374833
5,Centralized,XSS,-0.0011434511434511435,-0.0011434511434511435,0.004573804573804574,-0.0011434511434511435,-0.0011434511434511435
6,0,Backdoor,-2.024507436514325e-05,-0.00012598958544070453,0.0001467473678217691,1.9890395265292398e-05,-2.040310328121373e-05
6,0,DDoS_HTTP,-3.5956618619963833e-06,-3.081500667185863e-05,3.475204457088628e-05,-7.4931446914341975e-06,7.151768654402935e-06
6,0,DDoS_ICMP,0.044444444444444446,0.044444444444444446,0.15555555555555556,-0.06666666666666667,-0.17777777777777776
6,0,DDoS_TCP,-0.03333333333333333,0.8,0.3,-0.03333333333333333,-0.03333333333333333
6,0,DDoS_UDP,-0.1503043051186798,0.1713718582241502,-0.22156112821760834,-0.148735865593251,-0.31743722596127816
6,0,Fingerprinting,0.0,0.0,0.0,0.0,0.0
6,0,MITM,0.0,0.0,0.0,0.0,0.0
6,0,Normal,0.13705977848026032,0.13340067825314847,-0.5120961766686619,0.1310003553474215,0.11058299120288856
6,0,Password,-3.68125068469106e-05,4.933409804310208e-05,4.933409804310208e-05,-3.617544457440452e-05,-2.5680244664889034e-05
6,0,Port_Scanning,-0.03888888888888888,0.1,0.1,-0.12222222222222222,-0.03888888888888888
6,0,Ransomware,0.0,0.0,0.0,0.0,0.0
6,0,SQL_injection,0.0,0.0,0.0,0.0,0.0
6,0,Uploading,0.0,0.0,0.0,0.0,0.0
6,0,Vulnerability_scanner,0.0,0.0,0.0,0.0,0.0
6,0,XSS,0.0,0.0,0.0,0.0,0.0
6,1,Backdoor,-0.00012959535001544388,6.755209995612386e-05,0.0003193195323674414,-0.00012591355008870138,-0.00013136273221942
6,1,DDoS_HTTP,-9.37453892885891e-06,-2.0943785810951536e-05,8.858437431951572e-05,-2.0014784865912475e-05,-3.825126471379277e-05
6,1,DDoS_ICMP,0.061706349206349195,0.04682539682539684,-0.03253968253968254,-0.016666666666666666,-0.05932539682539682
6,1,DDoS_TCP,0.04597120455320221,0.7565741651526118,0.1654963452553426,-0.005777947690655429,-0.02412694048738624
6,1,DDoS_UDP,0.008080613830613832,0.04129129204129205,-0.6168805361305361,0.08003137140637141,0.08747725885225886
6,1,Fingerprinting,0.0,0.0,0.0,0.0,0.0
6,1,MITM,0.0,0.0,0.0,0.0,0.0
6,1,Normal,0.13175296059551383,0.1530368780120136,-0.46994251538678833,0.12545308640785965,0.10671234102309977
6,1,Password,-1.5482272797646694e-05,-1.5482272797646694e-05,6.192909119058678e-05,-1.5482272797646694e-05,-1.5482272797646694e-05
6,1,Port_Scanning,0.0,0.0,0.0,0.0,0.0
6,1,Ransomware,0.0,0.0,0.0,0.0,0.0
6,1,SQL_injection,0.0,0.0,0.0,0.0,0.0
6,1,Uploading,0.0,0.0,0.0,0.0,0.0
6,1,Vulnerability_scanner,0.0,0.0,0.0,0.0,0.0
6,1,XSS,0.0,0.0,0.0,0.0,0.0
6,2,Backdoor,0.0,0.0,0.0,0.0,0.0
6,2,DDoS_HTTP,-1.2592112693740279e-05,7.61077047193462e-06,2.0249480312434098e-05,-2.956196535553361e-07,-1.4972518437073104e-05
6,2,DDoS_ICMP,0.06666666666666667,0.15000000000000002,-0.04444444444444444,-0.01666666666666667,-0.15555555555555556
6,2,DDoS_TCP,0.0,0.0,0.0,0.0,0.0
6,2,DDoS_UDP,-0.08374192746005,0.23825413301643733,-0.6610846004680454,-0.16452352167654005,-0.07890408341180133
6,2,Fingerprinting,0.0,0.0,0.0,0.0,0.0
6,2,MITM,0.0,0.0,0.0,0.0,0.0
6,2,Normal,0.1371898683008207,0.1333977283659201,-0.5118833942259583,0.13102511554140028,0.11018339182418617
6,2,Password,-6.821515058494492e-06,1.0232272587741737e-05,1.0232272587741737e-05,-6.821515058494492e-06,-6.821515058494492e-06
6,2,Port_Scanning,-0.10555555555555556,-0.3,0.45000000000000007,-0.022222222222222216,-0.022222222222222216
6,2,Ransomware,0.0,0.0,0.0,0.0,0.0
6,2,SQL_injection,0.0,0.0,0.0,0.0,0.0
6,2,Uploading,0.0,0.0,0.0,0.0,0.0
6,2,Vulnerability_scanner,-0.045732137956317497,-0.2370562113315798,0.40267238704289304,-0.046253097445178054,-0.07363094030981783
6,2,XSS,0.0,0.0,0.0,0.0,0.0
6,3,Backdoor,-0.00015462011313587397,-0.0001284121069710097,0.0008157475338445834,-0.0002702834918393907,-0.0002624318218983091
6,3,DDoS_HTTP,-4.6766223717287574e-05,-8.267431767709122e-05,0.0002322426398670428,-5.989648587359191e-05,-4.290561259907203e-05
6,3,DDoS_ICMP,-0.01751395334050653,-0.0008697871053572818,-0.0014129039662487796,0.0064012809473699955,0.01339536346474259
6,3,DDoS_TCP,0.0,0.0,0.0,0.0,0.0
6,3,DDoS_UDP,-0.06867764154905039,0.02205171534507279,-0.5740144097378461,0.10690756336275638,0.24100549985179498
6,3,Fingerprinting,0.0,0.0,0.0,0.0,0.0
6,3,MITM,0.0,0.0,0.0,0.0,0.0
6,3,Normal,0.12769553611603895,0.13256053201124274,-0.5076200235902224,0.1325561111035897,0.11472519290607068
6,3,Password,0.0,0.0,0.0,0.0,0.0
6,3,Port_Scanning,0.0,0.0,0.0,0.0,0.0
6,3,Ransomware,0.0,0.0,0.0,0.0,0.0
6,3,SQL_injection,0.0,0.0,0.0,0.0,0.0
6,3,Uploading,0.0,0.0,0.0,0.0,0.0
6,3,Vulnerability_scanner,0.0,0.0,0.0,0.0,0.0
6,3,XSS,0.0,0.0,0.0,0.0,0.0
6,4,Backdoor,-0.0458008688572086,-0.12165581174743902,0.272572617715049,-0.0573125670170744,-0.047803370093326844
6,4,DDoS_HTTP,-0.06134452574150865,-0.06272641911506649,0.24381602212969217,-0.06183850717599275,-0.057906570097124174
6,4,DDoS_ICMP,0.08764202852232046,0.07995190985808932,0.18549060598376751,-0.052394587067337656,-0.25134915651762807
6,4,DDoS_TCP,0.0,0.0,0.0,0.0,0.0
6,4,DDoS_UDP,-0.08386967813957694,0.047163868351810086,0.2007410441020589,-0.0556081828477104,-0.0697998185808095
6,4,Fingerprinting,0.0,0.0,0.0,0.0,0.0
6,4,MITM,-0.06400744887885262,-0.040836777101369716,0.22058289674449155,-0.053737872498878306,-0.06200079826539088
6,4,Normal,0.0,0.0,0.0,0.0,0.0
6,4,Password,-0.053869749299517614,0.010443111179353757,0.13980081805970623,-0.05103224464713656,-0.04534193529240576
6,4,Port_Scanning,-0.1750127703989045,-0.26686631364549407,0.5761557999459913,-0.10675865523325509,-0.02751806066833778
6,4,Ransomware,0.0,0.0,0.0,0.0,0.0
6,4,SQL_injection,-0.02786161899177066,-0.06528458402658008,0.14539397574678076,-0.02719848945383558,-0.025049283274594457
6,4,Uploading,-0.005218403476268281,-0.005980704238569043,0.02218944716245126,-0.005218403476268281,-0.005771935971345662
6,4,Vulnerability_scanner,-0.1657635802524928,-0.14343394867964238,0.611692814522029,-0.16535517925420284,-0.13714010633569107
6,4,XSS,-0.002366043672998109,-0.002366043672998109,0.008950300077398398,-0.002366043672998109,-0.0018521690584040703
6,Aggregated,Backdoor,-0.012053155552836538,-0.014259305802394878,0.05330010593407133,-0.014446879212247759,-0.012540765366592144
6,Aggregated,DDoS_HTTP,-0.010092170784511809,-0.011561314311507373,0.04342997798057344,-0.01115821832158813,-0.010618274562966127
6,Aggregated,DDoS_ICMP,0.0031968402355380897,0.01186615085037785,0.025096678885991302,0.0030957404361077892,-0.038809139077702094
6,Aggregated,DDoS_TCP,0.03273566079190083,0.5771755599412313,0.11154410377631946,-0.0031398313802205612,-0.016737691170580538
6,Aggregated,DDoS_UDP,-0.08189719303585229,0.047906191696210694,0.18281164575220912,-0.05015649682605366,-0.061177469001321934
6,Aggregated,Fingerprinting,0.0,0.0,0.0,0.0,0.0
6,Aggregated,MITM,-0.03256155523507589,-0.011194635261344765,0.10912834199311212,-0.02887734470876009,-0.036494806787931384
6,Aggregated,Normal,0.11441760241337559,0.12850306043715512,-0.4363046182284316,0.1129588294534905,0.10020368287215418
6,Aggregated,Password,-0.012628281622448766,-0.00490631114894729,0.0395015815098574,-0.01238390046851011,-0.009583088269951237
6,Aggregated,Port_Scanning,-0.10242128085259801,-0.1444345590336093,0.32758329642761375,-0.06969787337905674,-0.011029583162349673
6,Aggregated,Ransomware,0.0,0.0,0.0,0.0,0.0
6,Aggregated,SQL_injection,-0.008633461375565112,-0.015372995552631915,0.04066352987457324,-0.008717699193345205,-0.007939373753031016
6,Aggregated,Uploading,-0.005040357790120786,-0.005802025149212325,0.02147608474344085,-0.005040357790120787,-0.00559334401398695
6,Aggregated,Vulnerability_scanner,-0.15965424333602204,-0.14935347411182065,0.5888371331873495,-0.158649367848693,-0.12118004789081398
6,Aggregated,XSS,-0.0023077692321678577,-0.0023077692321678577,0.00886288841615302,-0.0023077692321678577,-0.001939580719649448
6,Centralized,Backdoor,-0.012053155552836538,-0.014259305802394878,0.05330010593407133,-0.014446879212247759,-0.012540765366592144
6,Centralized,DDoS_HTTP,-0.010092170784511809,-0.011561314311507373,0.04342997798057344,-0.01115821832158813,-0.010618274562966127
6,Centralized,DDoS_ICMP,0.0031968402355380897,0.01186615085037785,0.025096678885991302,0.0030957404361077892,-0.038809139077702094
6,Centralized,DDoS_TCP,0.03273566079190083,0.5771755599412313,0.11154410377631946,-0.0031398313802205612,-0.016737691170580538
6,Centralized,DDoS_UDP,-0.08189719303585229,0.047906191696210694,0.18281164575220912,-0.05015649682605366,-0.061177469001321934
6,Centralized,Fingerprinting,0.0,0.0,0.0,0.0,0.0
6,Centralized,MITM,-0.03256155523507589,-0.011194635261344765,0.10912834199311212,-0.02887734470876009,-0.036494806787931384
6,Centralized,Normal,0.11441760241337559,0.12850306043715512,-0.4363046182284316,0.1129588294534905,0.10020368287215418
6,Centralized,Password,-0.012628281622448766,-0.00490631114894729,0.0395015815098574,-0.01238390046851011,-0.009583088269951237
6,Centralized,Port_Scanning,-0.10242128085259801,-0.1444345590336093,0.32758329642761375,-0.06969787337905674,-0.011029583162349673
6,Centralized,Ransomware,0.0,0.0,0.0,0.0,0.0
6,Centralized,SQL_injection,-0.008633461375565112,-0.015372995552631915,0.04066352987457324,-0.008717699193345205,-0.007939373753031016
6,Centralized,Uploading,-0.005040357790120786,-0.005802025149212325,0.02147608474344085,-0.005040357790120787,-0.00559334401398695
6,Centralized,Vulnerability_scanner,-0.15965424333602204,-0.14935347411182065,0.5888371331873495,-0.158649367848693,-0.12118004789081398
6,Centralized,XSS,-0.0023077692321678577,-0.0023077692321678577,0.00886288841615302,-0.0023077692321678577,-0.001939580719649448
7,0,Backdoor,-2.127289699537797e-05,-7.603851914867295e-06,7.142254290100121e-05,-2.127289699537797e-05,-2.127289699537797e-05
7,0,DDoS_HTTP,-3.3460483169376966e-06,-3.3460483169376966e-06,5.0190724754065455e-06,-3.3460483169376966e-06,5.0190724754065455e-06
7,0,DDoS_ICMP,0.08838383838383838,0.060606060606060594,0.047979797979797935,0.08838383838383838,-0.28535353535353536
7,0,DDoS_TCP,-0.4667326732673267,0.2000990099009901,-0.04990099009900988,-0.4667326732673267,-0.21673267326732673
7,0,DDoS_UDP,-0.000578015086024238,0.1549775404695313,0.4617365878464277,0.012058649038054056,0.03847190439867787
7,0,Fingerprinting,0.0,0.0,0.0,0.0,0.0
7,0,MITM,0.0,0.0,0.0,0.0,0.0
7,0,Normal,0.09601698149953045,0.05196802826001939,-0.31038245120975944,0.09995395657587615,0.062495858259276095
7,0,Password,0.0,0.0,0.0,0.0,0.0
7,0,Port_Scanning,0.0,0.0,0.0,0.0,0.0
7,0,Ransomware,0.0,0.0,0.0,0.0,0.0
7,0,SQL_injection,0.0,0.0,0.0,0.0,0.0
7,0,Uploading,0.0,0.0,0.0,0.0,0.0
7,0,Vulnerability_scanner,0.0,0.0,0.0,0.0,0.0
7,0,XSS,0.0,0.0,0.0,0.0,0.0
7,1,Backdoor,-1.2193263222069807e-05,1.828989483310471e-05,1.828989483310471e-05,-1.2193263222069807e-05,-1.2193263222069807e-05
7,1,DDoS_HTTP,-9.612239181140172e-06,-7.339588505433829e-05,0.00014257401466738503,-4.780542663779756e-06,-5.478534776812683e-05
7,1,DDoS_ICMP,0.053928571428571444,0.018809523809523818,-0.09587301587301585,0.059484126984126966,-0.1434920634920635
7,1,DDoS_TCP,-0.3906860920912141,0.34963718107835107,0.05828368392461277,-0.3960268999263488,-0.24118908017197394
7,1,DDoS_UDP,0.04121212121212121,0.2203787878787879,-0.07058441558441561,-0.08270562770562769,0.2916991341991341
7,1,Fingerprinting,0.0,0.0,0.0,0.0,0.0
7,1,MITM,0.0,0.0,0.0,0.0,0.0
7,1,Normal,0.07092562982483588,0.05884471168592668,-0.2890499432020892,0.07402777953477219,0.04792315789517395
7,1,Password,0.0,0.0,0.0,0.0,0.0
7,1,Port_Scanning,0.0,0.0,0.0,0.0,0.0
7,1,Ransomware,0.0,0.0,0.0,0.0,0.0
7,1,SQL_injection,0.0,0.0,0.0,0.0,0.0
7,1,Uploading,0.0,0.0,0.0,0.0,0.0
7,1,Vulnerability_scanner,0.0,0.0,0.0,0.0,0.0
7,1,XSS,0.0,0.0,0.0,0.0,0.0
7,2,Backdoor,0.0,0.0,0.0,0.0,0.0
7,2,DDoS_HTTP,-3.39097999321804e-06,-3.39097999321804e-06,5.08646998982706e-06,-3.39097999321804e-06,5.08646998982706e-06
7,2,DDoS_ICMP,0.12849206349206346,0.12432539682539684,-0.15047619047619046,0.15924603174603172,-0.2615873015873016
7,2,DDoS_TCP,0.0,0.0,0.0,0.0,0.0
7,2,DDoS_UDP,-0.04156426906426906,0.3086341436341436,0.3315848040848041,-0.04103008103008103,0.19237540237540243
7,2,Fingerprinting,0.0,0.0,0.0,0.0,0.0
7,2,MITM,0.0,0.0,0.0,0.0,0.0
7,2,Normal,0.09585468825664063,0.0516393731066378,-0.30960876835371803,0.09967499289496141,0.06254445538219654
7,2,Password,0.0,0.0,0.0,0.0,0.0
7,2,Port_Scanning,-0.05555555555555555,-0.22222222222222224,0.3333333333333333,-0.05555555555555555,0.0
7,2,Ransomware,0.0,0.0,0.0,0.0,0.0
7,2,SQL_injection,-7.34861845972957e-06,-7.34861845972957e-06,2.939447383891828e-05,-7.34861845972957e-06,-7.34861845972957e-06
7,2,Uploading,0.0,0.0,0.0,0.0,0.0
7,2,Vulnerability_scanner,-0.1,-0.04444444444444444,0.28888888888888886,-0.1,-0.04444444444444444
7,2,XSS,0.0,0.0,0.0,0.0,0.0
7,3,Backdoor,-0.00023374757445705638,-0.00014743650937851333,0.0005348060375205551,-0.00023374757445705638,8.012562077207103e-05
7,3,DDoS_HTTP,-4.4818624990277186e-05,-6.679799666097173e-06,0.00011451373283249352,-4.4818624990277186e-05,-1.8196683185841975e-05
7,3,DDoS_ICMP,-0.010118260177146992,0.0028703019339376876,0.007851329422125075,-0.01383514029163643,0.01323176911272066
7,3,DDoS_TCP,0.0,0.0,0.0,0.0,0.0
7,3,DDoS_UDP,-0.02323452536435835,0.17932351972267865,-0.05478783153902016,-0.09580910993148797,0.2672352198394604
7,3,Fingerprinting,0.0,0.0,0.0,0.0,0.0
7,3,MITM,0.0,0.0,0.0,0.0,0.0
7,3,Normal,0.08957111012484856,0.053163866136040044,-0.3025089014719945,0.09145364773413169,0.06840292893025464
7,3,Password,0.0,0.0,0.0,0.0,0.0
7,3,Port_Scanning,0.0,0.0,0.0,0.0,0.0
7,3,Ransomware,0.0,0.0,0.0,0.0,0.0
7,3,SQL_injection,0.0,0.0,0.0,0.0,0.0
7,3,Uploading,0.0,0.0,0.0,0.0,0.0
7,3,Vulnerability_scanner,0.0,0.0,0.0,0.0,0.0
7,3,XSS,0.0,0.0,0.0,0.0,0.0
7,4,Backdoor,-0.052731249968003935,-0.01626166753459861,0.1454223287299713,-0.052731249968003935,-0.02369816125936482
7,4,DDoS_HTTP,-0.03653521228170395,-0.045980884338746905,0.15654306507546634,-0.03793752865511859,-0.036089439799896886
7,4,DDoS_ICMP,-0.03310419218149623,0.049985847535125125,0.05709282768200739,-0.03515466788665974,-0.36385464132928486
7,4,DDoS_TCP,0.0,0.0,0.0,0.0,0.0
7,4,DDoS_UDP,-0.16261705147408223,0.07958134674811351,0.339125390885205,-0.25402038388791853,-0.07869920239883446
7,4,Fingerprinting,0.0,0.0,0.0,0.0,0.0
7,4,MITM,-0.06562276562276562,-0.025940225940225936,0.20028600028600027,-0.06562276562276562,-0.043100243100243095
7,4,Normal,0.0,0.0,0.0,0.0,0.0
7,4,Password,-0.015133341894891432,0.011500123370255914,0.03709945787404962,-0.01831375366827902,-0.015152485681135081
7,4,Port_Scanning,-0.06859949416316925,-0.1766941508409844,0.33966090653407655,-0.06877872771426766,-0.025588533815655293
7,4,Ransomware,0.0,0.0,0.0,0.0,0.0
7,4,SQL_injection,-0.02375803725170663,-0.04553183443103456,0.11972609331701675,-0.023966146738292567,-0.02647007489598302
7,4,Uploading,-0.0061562139284340135,-0.0061562139284340135,0.024624855713736054,-0.0061562139284340135,-0.0061562139284340135
7,4,Vulnerability_scanner,-0.11838621087113545,-0.04478889473697709,0.3461694052854171,-0.1197543106960464,-0.06323998898125814
7,4,XSS,-0.002561475409836066,-0.002561475409836066,0.010245901639344263,-0.002561475409836066,-0.002561475409836066
7,Aggregated,Backdoor,-0.012359170364534648,-0.006953908534714071,0.030122015393950707,-0.012359170364534648,0.0015502338698326578
7,Aggregated,DDoS_HTTP,-0.004792795550545333,-0.011034441050702016,0.030053621609769272,-0.004846997262311353,-0.009379387746210572
7,Aggregated,DDoS_ICMP,-0.007057959194275347,0.015238667805565995,0.014971001036750725,-0.01041662966969337,-0.05782060487849296
7,Aggregated,DDoS_TCP,-0.2748023537523567,0.26956048299769486,0.046980556144230606,-0.2777277351726129,-0.17063817777004936
7,Aggregated,DDoS_UDP,-0.15995144429070815,0.08062851861613082,0.3290268559473936,-0.25090143716850966,-0.07424107432441232
7,Aggregated,Fingerprinting,0.0,0.0,0.0,0.0,0.0
7,Aggregated,MITM,-0.021694580965194072,-0.007920476281998481,0.05812326679662831,-0.021694580965194072,-0.006813628584241691
7,Aggregated,Normal,0.06970568850952817,0.048928444697655414,-0.2580908816381304,0.07076538643952295,0.054053651273580035
7,Aggregated,Password,-0.005941810657628577,-0.0011681788431338774,0.020560734445546323,-0.008319486119275776,-0.00513125882550809
7,Aggregated,Port_Scanning,-0.03800812520088148,-0.10368535910260088,0.1901539790556073,-0.03803249751692393,-0.010427997235201021
7,Aggregated,Ransomware,0.0,0.0,0.0,0.0,0.0
7,Aggregated,SQL_injection,-0.006283669850980409,-0.007917131744761803,0.024351999216640753,-0.006126048526189638,-0.004025149094708902
7,Aggregated,Uploading,-0.006146753745678064,-0.006146753745678064,0.024587014982712256,-0.006146753745678064,-0.006146753745678064
7,Aggregated,Vulnerability_scanner,-0.11838015773556008,-0.04478795523463844,0.34615103688981763,-0.11974797851145438,-0.06323494540816474
7,Aggregated,XSS,-0.002561475409836066,-0.002561475409836066,0.010245901639344263,-0.002561475409836066,-0.002561475409836066
7,Centralized,Backdoor,-0.012359170364534648,-0.006953908534714071,0.030122015393950707,-0.012359170364534648,0.0015502338698326578
7,Centralized,DDoS_HTTP,-0.004792795550545333,-0.011034441050702016,0.030053621609769272,-0.004846997262311353,-0.009379387746210572
7,Centralized,DDoS_ICMP,-0.007057959194275347,0.015238667805565995,0.014971001036750725,-0.01041662966969337,-0.05782060487849296
7,Centralized,DDoS_TCP,-0.2748023537523567,0.26956048299769486,0.046980556144230606,-0.2777277351726129,-0.17063817777004936
7,Centralized,DDoS_UDP,-0.15995144429070815,0.08062851861613082,0.3290268559473936,-0.25090143716850966,-0.07424107432441232
7,Centralized,Fingerprinting,0.0,0.0,0.0,0.0,0.0
7,Centralized,MITM,-0.021694580965194072,-0.007920476281998481,0.05812326679662831,-0.021694580965194072,-0.006813628584241691
7,Centralized,Normal,0.06970568850952817,0.048928444697655414,-0.2580908816381304,0.07076538643952295,0.054053651273580035
7,Centralized,Password,-0.005941810657628577,-0.0011681788431338774,0.020560734445546323,-0.008319486119275776,-0.00513125882550809
7,Centralized,Port_Scanning,-0.03800812520088148,-0.10368535910260088,0.1901539790556073,-0.03803249751692393,-0.010427997235201021
7,Centralized,Ransomware,0.0,0.0,0.0,0.0,0.0
7,Centralized,SQL_injection,-0.006283669850980409,-0.007917131744761803,0.024351999216640753,-0.006126048526189638,-0.004025149094708902
7,Centralized,Uploading,-0.006146753745678064,-0.006146753745678064,0.024587014982712256,-0.006146753745678064,-0.006146753745678064
7,Centralized,Vulnerability_scanner,-0.11838015773556008,-0.04478795523463844,0.34615103688981763,-0.11974797851145438,-0.06323494540816474
7,Centralized,XSS,-0.002561475409836066,-0.002561475409836066,0.010245901639344263,-0.002561475409836066,-0.002561475409836066
8,0,Backdoor,2.9515474227448436e-05,-0.00024823823825034086,0.00016070047939323247,3.0083942184497874e-05,2.7938342445162104e-05
8,0,DDoS_HTTP,5.140854530220272e-07,-4.89225328452114e-05,4.5872340090190944e-05,1.6728266652043037e-06,8.632806367941327e-07
8,0,DDoS_ICMP,0.0,0.05555555555555555,0.05555555555555555,0.0,-0.1111111111111111
8,0,DDoS_TCP,0.05,0.8,0.05,0.05,0.05
8,0,DDoS_UDP,-0.11814973282078547,0.34965815373710135,-0.45132936994779105,0.08946478959636854,-0.2029771738982263
8,0,Fingerprinting,0.0,0.0,0.0,0.0,0.0
8,0,MITM,0.0,0.0,0.0,0.0,0.0
8,0,Normal,0.14370239897308884,0.13349327562688107,-0.5409747988409247,0.14756620862732225,0.11621291195812417
8,0,Password,-9.429422647196914e-06,4.118298751577505e-05,4.118298751577505e-05,-1.116207111069061e-05,-6.177448127366257e-05
8,0,Port_Scanning,0.0,0.05555555555555555,0.05555555555555555,-0.05555555555555555,-0.05555555555555556
8,0,Ransomware,0.0,0.0,0.0,0.0,0.0
8,0,SQL_injection,0.0,0.0,0.0,0.0,0.0
8,0,Uploading,0.0,0.0,0.0,0.0,0.0
8,0,Vulnerability_scanner,0.0,0.0,0.0,0.0,0.0
8,0,XSS,0.0,0.0,0.0,0.0,0.0
8,1,Backdoor,-0.0008275954849999202,0.00036507672374712905,0.0011499241955497614,-0.0006399281056418841,-4.747732865508603e-05
8,1,DDoS_HTTP,-0.000252840108926037,9.335013407152457e-05,0.0002665001567866211,-0.00020190712842032375,9.489694648821518e-05
8,1,DDoS_ICMP,0.07559523809523809,0.030952380952380946,0.02202380952380951,0.02202380952380951,-0.04345238095238095
8,1,DDoS_TCP,0.03920699383816725,0.666422187732865,-0.18837252111799152,0.013518550921928479,-0.01141589668238299
8,1,DDoS_UDP,0.08404000411353353,0.07441005073358017,-0.4503448512272042,0.028239064856711925,0.013655731523378583
8,1,Fingerprinting,0.0,0.0,0.0,0.0,0.0
8,1,MITM,0.0,0.0,0.0,0.0,0.0
8,1,Normal,0.13886927472337415,0.1537516757001476,-0.507389614912545,0.1423690375245547,0.111938535145866
8,1,Password,0.0,0.0,0.0,0.0,0.0
8,1,Port_Scanning,0.0,0.0,0.0,0.0,0.0
8,1,Ransomware,0.0,0.0,0.0,0.0,0.0
8,1,SQL_injection,0.0,0.0,0.0,0.0,0.0
8,1,Uploading,0.0,0.0,0.0,0.0,0.0
8,1,Vulnerability_scanner,0.0,0.0,0.0,0.0,0.0
8,1,XSS,0.0,0.0,0.0,0.0,0.0
8,2,Backdoor,0.0,0.0,0.0,0.0,0.0
8,2,DDoS_HTTP,-1.0403642122265704e-05,1.6518265854889793e-05,1.6518265854889793e-05,-1.0755091716327891e-05,-1.1877797871185995e-05
8,2,DDoS_ICMP,0.016666666666666666,0.016666666666666666,0.016666666666666666,0.016666666666666666,-0.06666666666666667
8,2,DDoS_TCP,0.0,0.0,0.0,0.0,0.0
8,2,DDoS_UDP,0.08661796536796539,0.08810606060606063,-0.7233567821067819,0.06548701298701294,-0.1835209235209237
8,2,Fingerprinting,0.0,0.0,0.0,0.0,0.0
8,2,MITM,0.0,0.0,0.0,0.0,0.0
8,2,Normal,0.14339077576631193,0.1328264735804931,-0.5399955440047278,0.14708000667650828,0.11666336690764753
8,2,Password,-2.7445254930513374e-05,-2.7445254930513374e-05,4.1167882395770066e-05,5.961573425202536e-06,7.76105404005415e-06
8,2,Port_Scanning,-0.2888888888888889,-0.14999999999999997,0.5166666666666667,-0.03888888888888888,-0.03888888888888888
8,2,Ransomware,0.0,0.0,0.0,0.0,0.0
8,2,SQL_injection,-7.99488327470419e-06,-7.99488327470419e-06,3.197953309881676e-05,-7.99488327470419e-06,-7.99488327470419e-06
8,2,Uploading,0.0,0.0,0.0,0.0,0.0
8,2,Vulnerability_scanner,0.03017301330585585,-0.04304391149317533,0.5108320574990727,0.04695542071326328,0.12175008664165012
8,2,XSS,0.0,0.0,0.0,0.0,0.0
8,3,Backdoor,-0.0009638577227699811,0.00016668477458164322,0.0016173500109898757,-0.000894869626856636,7.469256405509873e-05
8,3,DDoS_HTTP,-4.8671306423944814e-05,-5.890644752028423e-05,0.00019118333768072343,-4.723309131489772e-05,-3.637249242159668e-05
8,3,DDoS_ICMP,-0.01059105793580003,-0.0018278036031108464,-0.0042103151371722936,0.005135141379336276,0.011112428750469942
8,3,DDoS_TCP,0.0,0.0,0.0,0.0,0.0
8,3,DDoS_UDP,-0.07023016690905982,-0.05734153190182925,-0.6818492422260759,0.06488566743954824,0.188979718041861
8,3,Fingerprinting,0.0,0.0,0.0,0.0,0.0
8,3,MITM,0.0,0.0,0.0,0.0,0.0
8,3,Normal,0.13765632396640531,0.13233005243386622,-0.5373794593793166,0.14875164905978744,0.1185863344680862
8,3,Password,0.0,0.0,0.0,0.0,0.0
8,3,Port_Scanning,0.0,0.0,0.0,0.0,0.0
8,3,Ransomware,0.0,0.0,0.0,0.0,0.0
8,3,SQL_injection,0.0,0.0,0.0,0.0,0.0
8,3,Uploading,0.0,0.0,0.0,0.0,0.0
8,3,Vulnerability_scanner,0.0,0.0,0.0,0.0,0.0
8,3,XSS,0.0,0.0,0.0,0.0,0.0
8,4,Backdoor,-0.06534658480534432,-0.15518491947290367,0.34716150585733035,-0.09672472669785312,-0.029905274881229318
8,4,DDoS_HTTP,-0.09440208751362952,-0.04351498204789658,0.26284512476301464,-0.08589202276688349,-0.039036032434604996
8,4,DDoS_ICMP,0.15843026600634877,0.11313102074900497,0.24395694232000684,0.033048591670285433,-0.17876553310830764
8,4,DDoS_TCP,0.0,0.0,0.0,0.0,0.0
8,4,DDoS_UDP,-0.011469838940539358,0.026386592029746962,0.14682084189272981,-0.00745026362038696,-0.0725999694219817
8,4,Fingerprinting,0.0,0.0,0.0,0.0,0.0
8,4,MITM,-0.09902975177653985,-0.12844914140132097,0.43240018104712113,-0.1237401764869645,-0.0811811113822958
8,4,Normal,0.0,0.0,0.0,0.0,0.0
8,4,Password,-0.03293751969433588,-0.03580016995859574,0.13159815216943826,-0.026064860475204343,-0.03679560204130232
8,4,Port_Scanning,-0.10929876352776755,-0.15730331426121294,0.7084664277798838,-0.09425868561469561,-0.05665619186093797
8,4,Ransomware,0.0,0.0,0.0,0.0,0.0
8,4,SQL_injection,-0.04776103995162743,-0.012874568595757172,0.1493550010088748,-0.05167435442548172,-0.03704503803600847
8,4,Uploading,-0.007356591657084998,-0.00857669637401176,0.03173332879347292,-0.00701906133403992,-0.00878097942833624
8,4,Vulnerability_scanner,-0.01417335112197205,-0.014357386097097757,0.767751491823441,-0.014155637587679949,-0.014136359090544314
8,4,XSS,-0.005451160920101142,-0.0063228485072699,0.01895396973060182,-0.0040752689775326945,-0.0031046913256980845
8,Aggregated,Backdoor,-0.02620259488726109,-0.013178285089192774,0.08563534961220838,-0.0326303604711059,-0.01362410916464858
8,Aggregated,DDoS_HTTP,-0.01875760696201908,-0.007584110800049886,0.045248596229506215,-0.015150285429511799,-0.003756593037925462
8,Aggregated,DDoS_ICMP,0.017809537692393438,0.01682571381501289,0.03001034502366134,0.013129800942829369,-0.029447107434788917
8,Aggregated,DDoS_TCP,0.020872748322695873,0.4945443869532171,-0.16256291233745168,0.0017389053864833276,-0.017332164268963144
8,Aggregated,DDoS_UDP,-0.01027269563280104,0.02727361736819332,0.13200367476836367,-0.003702286357839161,-0.0648122175323355
8,Aggregated,Fingerprinting,0.0,0.0,0.0,0.0,0.0
8,Aggregated,MITM,-0.05689540624361651,-0.08728677985924957,0.25889371221953467,-0.07786944088168032,-0.036842085234988366
8,Aggregated,Normal,0.1258729220017998,0.12984814217549281,-0.46446952381805,0.1325228424714577,0.10804539453881737
8,Aggregated,Password,-0.01167734282788693,-0.012996935588088817,0.0479935500095061,-0.011304166742175019,-0.012015104851355334
8,Aggregated,Port_Scanning,-0.04868246047621342,-0.07020419588008633,0.40648695773926474,-0.042604124827848804,-0.025932631404614333
8,Aggregated,Ransomware,0.0,0.0,0.0,0.0,0.0
8,Aggregated,SQL_injection,-0.013915058891952718,-0.00395701026654118,0.046016638496385626,-0.017049457664772356,-0.011095111673119365
8,Aggregated,Uploading,-0.007089716973535942,-0.008307535582658898,0.03065952090838053,-0.006750533123713794,-0.008511735228471902
8,Aggregated,Vulnerability_scanner,-0.009859400738236579,-0.02318748869814408,0.7574467037677829,-0.00876403999349482,-0.00472351980149198
8,Aggregated,XSS,-0.003069722558361541,-0.0039414101455303,0.010044346623254128,-0.0016938306157930935,-0.0013393833035691932
8,Centralized,Backdoor,-0.02620259488726109,-0.013178285089192774,0.08563534961220838,-0.0326303604711059,-0.01362410916464858
8,Centralized,DDoS_HTTP,-0.01875760696201908,-0.007584110800049886,0.045248596229506215,-0.015150285429511799,-0.003756593037925462
8,Centralized,DDoS_ICMP,0.017809537692393438,0.01682571381501289,0.03001034502366134,0.013129800942829369,-0.029447107434788917
8,Centralized,DDoS_TCP,0.020872748322695873,0.4945443869532171,-0.16256291233745168,0.0017389053864833276,-0.017332164268963144
8,Centralized,DDoS_UDP,-0.01027269563280104,0.02727361736819332,0.13200367476836367,-0.003702286357839161,-0.0648122175323355
8,Centralized,Fingerprinting,0.0,0.0,0.0,0.0,0.0
8,Centralized,MITM,-0.05689540624361651,-0.08728677985924957,0.25889371221953467,-0.07786944088168032,-0.036842085234988366
8,Centralized,Normal,0.1258729220017998,0.12984814217549281,-0.46446952381805,0.1325228424714577,0.10804539453881737
8,Centralized,Password,-0.01167734282788693,-0.012996935588088817,0.0479935500095061,-0.011304166742175019,-0.012015104851355334
8,Centralized,Port_Scanning,-0.04868246047621342,-0.07020419588008633,0.40648695773926474,-0.042604124827848804,-0.025932631404614333
8,Centralized,Ransomware,0.0,0.0,0.0,0.0,0.0
8,Centralized,SQL_injection,-0.013915058891952718,-0.00395701026654118,0.046016638496385626,-0.017049457664772356,-0.011095111673119365
8,Centralized,Uploading,-0.007089716973535942,-0.008307535582658898,0.03065952090838053,-0.006750533123713794,-0.008511735228471902
8,Centralized,Vulnerability_scanner,-0.009859400738236579,-0.02318748869814408,0.7574467037677829,-0.00876403999349482,-0.00472351980149198
8,Centralized,XSS,-0.003069722558361541,-0.0039414101455303,0.010044346623254128,-0.0016938306157930935,-0.0013393833035691932
