Round,Evaluator,5,4,0,1,3,2
0,0,,,,,,
0,1,,,,,,
0,2,,,,,,
0,3,,,,,,
0,4,,,,,,
0,5,,,,,,
0,Aggregated,,,,,,
0,Centralized,,,,,,
1,0,7.569472423749743,7.451561694849987,6.664672757322437,5.584830737542985,6.449323036413815,6.704255674591375
1,1,6.678371573834951,6.542639240734844,6.369332339269871,5.489179394766015,6.225273670552165,6.4547673626904665
1,2,7.042466205009491,6.776405046518513,8.135542220563316,7.222679449015401,10.092582247500866,10.258895727767138
1,3,7.000546944300974,6.7391450207559025,8.063263257050657,7.170305062515656,9.933883805366575,10.099967003181963
1,4,7.711621944415813,7.589563723112923,6.384287268424282,5.311948646223385,6.396631151943164,6.685929753734944
1,5,8.220396108041083,8.156453465278558,5.882015368701538,4.756626890120966,6.072102579316323,6.383282373322374
1,Aggregated,7.075939127194113,6.88936283686401,7.091235425777793,6.168045780557236,7.845601638473968,8.053437843830515
1,Centralized,7.0759391258856,6.889362836010221,7.091235424770107,6.1680457795146655,7.84560163730775,8.053437843266696
2,0,0.7966145815589194,0.9074921444970954,1.4136379944228659,0.8608583927892499,-0.1271271299706935,0.4527426567203072
2,1,0.39167526300063854,0.5493248239741225,1.1785530246445117,0.8331918034527542,0.06322551974132122,0.5456563570773587
2,2,-1.975397073562539,-1.2661201984054293,0.9790455341813239,1.0995213835662299,2.0195412319451753,1.6580692568266442
2,3,-1.92866138649163,-1.2262148004961198,0.9687550441437139,1.0998163578554543,1.9225439336726018,1.5560692289420854
2,4,1.0587443229153715,1.1541616015862068,1.2469576301844634,0.7457136425926655,-0.08182392576987808,0.4043446330666348
2,5,1.5789946953055056,1.535779397078372,1.2274251958374764,0.5681091750341369,-0.14983568040208953,0.5657811408977536
2,Aggregated,-0.43628395390373226,-0.05618378841436969,1.1073044964206256,0.8993120390225212,0.810273476742612,0.9582792044887735
2,Centralized,-0.4362839535937585,-0.05618378769289158,1.1073044962355556,0.8993120395377413,0.8102734774642926,0.9582792036491321
3,0,-0.06605187743845325,-0.38019764719599447,1.6772374238265526,1.2448129778347679,-0.8046222856889471,-0.7986911622228408
3,1,-0.10512729638985997,-0.3543850587120071,1.360461970028588,1.0870476608507817,-0.49381465210017583,-0.46459012262609145
3,2,0.06668351170992169,0.12870493652510673,-0.7530285554714707,-0.5432400451117572,1.0850649530290788,1.0443269886062612
3,3,0.07137099864867302,0.13909653947043982,-0.7348322690174031,-0.511536207814859,1.0236046771673506,0.9823068149574122
3,4,0.26860094854628475,-0.019024520125069225,1.2825232857739985,0.9693646152172236,-0.722803591648356,-0.6915182033060652
3,5,0.22006729138029218,-0.15304728091781877,1.5580356763373964,1.098111221049276,-0.8025875849540076,-0.6690535559574505
3,Aggregated,0.04041391990948391,-0.09142579243397961,0.4785651553669687,0.3792989644671012,0.07257751014782071,0.07725610944465575
3,Centralized,0.040413920758010494,-0.09142579197697144,0.4785651557036757,0.3792989653336712,0.07257751175428381,0.07725611013359869
4,0,-0.06360002258517182,0.2573909637960538,2.0610845970908276,1.8437754360638403,-0.3420477388876521,-0.648416148904633
4,1,-0.4778008600741224,-0.12707298361408473,1.851521853301571,1.7632090574667996,0.15836208629165902,-0.039317965199462415
4,2,-5.412501511192204,-4.104187628593642,-0.7922006644220131,0.05347335131609567,4.895681556627628,5.107150932682733
4,3,-5.330814120190246,-4.028101249242017,-0.7552411574224995,0.09328646650333623,4.756291360049354,4.95546719947573
4,4,-0.1292252313923276,0.2341699949378064,1.1508797270692201,1.2353408858204076,0.257145759498067,0.01891241932688577
4,5,0.7326428464618607,0.8959834744620356,1.41675414748181,1.2509206680995195,-0.4461055142918711,-0.606384735146397
4,Aggregated,-2.589294948824519,-1.7630863889157995,0.6388528880464197,0.9657841341856772,2.157005745094793,2.1202307884930476
4,Centralized,-2.5892949493466033,-1.7630863899696445,0.6388528877404677,0.9657841321226234,2.1570057429793152,2.1202307867887673
5,0,0.41218581378702535,0.4380567321527803,1.6129458666639889,1.8520347604006133,-1.5474938724498621,-0.6657472965053486
5,1,0.11529570569405223,0.1671336250831209,1.6595427722139078,1.8134109804569594,-0.9699892347805794,-0.15628684048129837
5,2,-2.738118645031679,-1.9019548863110975,0.5795139039629891,-1.901127748210581,4.078511125727198,3.258947213376132
5,3,-2.6914825179140487,-1.8514559845399556,0.5809580379811149,-1.793494316997426,3.919741249624866,3.111359900573469
5,4,0.5768114200917497,0.6363011163414991,0.95119359903461,0.653554688977342,-0.5915025066450498,-0.031494633685715694
5,5,0.9949538997869459,0.9056327638425652,1.0262088736681008,0.9198237037745568,-1.2273052071245891,-0.3320017650131309
5,Aggregated,-1.020626163406656,-0.6021934926970441,1.0441722746508273,-0.03606559229260918,1.1578939183491896,1.24840154456568
5,Centralized,-1.0206261644534136,-0.6021934923497028,1.0441722753165203,-0.03606559056405278,1.157893919108603,1.2484015457485114
6,0,0.7521412610188869,0.7804715002294675,2.5966389082204917,2.160993289151188,-3.043382348388814,-2.244703081477037
6,1,0.43063165469023545,0.4870997180534083,2.555045788621267,2.2890757070473247,-2.4330994265533983,-1.620511460084112
6,2,-3.2565007997128603,-1.8618206059786881,-0.4370801283813103,-0.6804257395170885,4.19863353078443,4.0469900927582465
6,3,-3.219996983787735,-1.8194777886401012,-0.4017692177570362,-0.6078343923136414,4.066943507071393,3.893148039848421
6,4,0.806502179279671,0.926467665028894,1.076816578326059,1.0741953386574943,-1.2303968609148486,-0.7845849860784228
6,5,1.3126008008591816,1.214170916788822,1.3942958493667499,1.26856233257143,-2.094640282998168,-1.395058448406418
6,Aggregated,-1.1516422811604492,-0.4312083737181963,0.9766553409962047,0.7284847380476722,0.5813501673669808,0.9049406094836717
6,Centralized,-1.151642281282872,-0.431208372339177,0.976655340330826,0.728484737589111,0.5813501679758959,0.9049406088471817
7,0,1.0388542797485714,1.0714116308045123,1.883427891801524,1.4578167638921402,-1.2670061747087937,-2.330056393507202
7,1,0.7356407212436757,0.7493589947287145,2.0438837462837633,1.6809285510131775,-1.021499033004045,-1.8576864757212446
7,2,-3.263884899668404,-2.5597449817604168,0.8475150648643942,0.4558998227352256,2.196366583909364,2.7220246228880023
7,3,-3.238578107249116,-2.5006323004417945,0.8769176749420899,0.5454018263927396,2.084860630983339,2.588175416332753
7,4,0.9763141221484628,0.8751309091492367,1.1588562037096195,0.8588629310592222,-0.4972977847942219,-0.9714391125304745
7,5,1.4848036074689213,1.2813291078634996,1.1911884301754223,0.9236607470716417,-0.9456667792398192,-1.4087640315212038
7,Aggregated,-1.0085561776507648,-0.6545140468883098,1.3328056453824966,0.9840262710152474,0.44520005941862956,0.2355423566122356
7,Centralized,-1.008556178195523,-0.6545140475074026,1.3328056447741974,0.9840262690512567,0.4452000587673992,0.23554235631394757
8,0,0.9220936616536173,0.9289730686063364,2.4947622861475964,1.6659640578924284,-3.1444226787912917,-1.5815779937231778
8,1,0.6937783842864689,0.6835345726192605,2.4494124790421683,1.8414046740938166,-2.8065655003188748,-1.233838954715773
8,2,-2.5040474726746247,-1.7622619351182023,-0.7758220450968905,-0.5146841460643887,3.179427941003983,2.646698829840837
8,3,-2.4954781892875184,-1.720353906150595,-0.7131527783786292,-0.4275201762442892,3.079954430872772,2.5337976992311786
8,4,1.118062684228462,1.0497124976616814,0.7647222582249856,0.854693897341516,-1.469673669988864,-0.5079149770383372
8,5,1.5005439408041459,1.304539750328467,1.143652027273372,0.9922533974234449,-2.15895401068797,-0.8811338126248949
8,Aggregated,-0.6756879645536782,-0.3155200430972975,0.7346490338938537,0.5999986796051188,0.03829418175061395,0.5676801366863928
8,Centralized,-0.6756879660555982,-0.31552004233089964,0.7346490353152736,0.5999986789015627,0.038294181794966145,0.567680135568702
9,0,0.8568889031272445,0.7326527603798418,2.3561370734585227,2.03681888064788,-1.4206772501490081,-2.37189485154744
9,1,0.6671224793245829,0.5777951958378962,2.1666073632764453,2.1758655085542435,-1.2389201818907505,-1.9771418132306091
9,2,-2.466721973805824,-0.6418465605871699,-4.3878185634647116,-1.2387754983385764,3.408733697945916,4.470700574760565
9,3,-2.4615687753130944,-0.6121915543331021,-4.252853349210077,-1.1090137126403437,3.275001388686106,4.34456964321952
9,4,1.221256777527328,1.3291140935076426,-1.191385480919041,0.5581052473901745,0.06742145161639847,-0.019559447705609224
9,5,1.5461492324402994,1.3503830438449564,-0.18346317332216858,0.8913803941438132,-0.5424490025305961,-0.7299989705930956
9,Aggregated,-0.6814002070775134,0.18966205868381006,-1.3627524523034482,0.3518251024725675,1.0861860402262606,1.2309281387815523
9,Centralized,-0.6814002083745572,0.18966205773085518,-1.3627524512804414,0.35182510159214375,1.0861860418389153,1.2309281383886088
10,0,0.669104253826904,0.7401131811602237,1.102104988642907,1.8818791060211049,-1.6131854368497125,-3.037121344551833
10,1,0.49830499413106893,0.5706986934037663,1.1187165914823356,2.087655210352226,-1.491081479085852,-2.636103820847871
10,2,-2.1278256427005036,-1.3607135546908677,0.7935387507894635,-0.9955296327770756,2.1499351961661617,3.0105776298983593
10,3,-2.128505519013417,-1.3278991665031075,0.8303669217868692,-0.8794130816040111,2.0534458962403384,2.9165999720136173
10,4,1.0729907982165348,1.0100904361615743,0.5439316524551286,0.5022266837835765,-0.7915807020901671,-1.208094038345658
10,5,1.344426487667379,1.1712142290576497,0.5425498788605723,0.8595642334888681,-1.2044662930603285,-1.7414761971605452
10,Aggregated,-0.6219848514886636,-0.2197959196678727,0.8899336534772768,0.4011579388748228,0.25689413517893006,0.08292277978290312
10,Centralized,-0.6219848504367473,-0.21979591973881946,0.8899336528851329,0.40115793929397237,0.25689413654989846,0.0829227785047501
11,0,0.7123442475847596,0.36544640727713457,1.9616027084562508,1.8505458886743145,-1.349757440020332,-2.2512426898242905
11,1,0.5694873320369577,0.26141950145050175,1.8746375973813665,1.9342409700786134,-1.2479078532941141,-1.8358754291172255
11,2,-1.932876682524206,-0.15638385689050752,-1.1119326395755478,-1.9127300827568685,2.2620363107111,2.842690676032899
11,3,-1.950085070437808,-0.1390227924553405,-1.0292935495689441,-1.7551285271398651,2.1898632945088172,2.741072428938752
11,4,1.2461602469354272,1.2496244078143437,0.11286300430501986,0.2798034158067365,-0.5733536740821437,-0.64628361981728
11,5,1.4730917034155235,1.1681125360605937,0.4914359813829919,0.7025028887072085,-1.0584280998346296,-1.0086917303001108
11,Aggregated,-0.4762987575626605,0.25728252098631443,0.2558320235842666,-0.09982069795676804,0.4452917269800033,0.4211807741285686
11,Centralized,-0.476298758074459,0.2572825187334129,0.25583202458994314,-0.09982069728895247,0.44529172770754855,0.42118077323409303
12,0,0.016512649396021574,0.33927148765467374,1.592026737072218,2.393160713305951,-1.720452290092521,-2.388102026277768
12,1,-0.060794264729395545,0.24108237458062898,1.596450977119819,2.419623078862646,-1.5734628616057404,-2.0643701942961346
12,2,-0.4641062457759285,-0.25074074605983293,-0.09262470564846,-2.2735969815487787,1.8470893661575989,2.056519741808863
12,3,-0.5016037565322261,-0.22747728517969176,-0.01786605574126126,-2.145910441778253,1.7945268892212707,2.004894044259627
12,4,1.302172117572988,1.1925791303720898,0.4984316648528895,0.07595263788483335,-0.9566788613291253,-1.0324963848664548
12,5,1.2791817562182766,1.1344039613079047,0.7081149316413478,0.7108555431883151,-1.4641732696142729,-1.3910534583993621
12,Aggregated,-0.016449007098510767,0.18881718792661142,0.6615737719499083,-0.12591709918269822,0.04688767781094598,-0.07147438534873937
12,Centralized,-0.016449007110810616,0.18881718713429588,0.6615737728868294,-0.12591709653801383,0.04688767548210697,-0.07147438598332875
13,0,0.665009496858956,0.21912210859111733,1.8194225724482516,2.4014351093547566,-2.7452893771507183,-2.9382303504175766
13,1,0.5263858411963963,0.14325306036943303,1.7320440693816528,2.4672391390985657,-2.494591360703958,-2.5901630592106906
13,2,-1.1615957499236222,0.10894040337397974,-0.06101123534535288,-2.025971623786688,1.9085376327622505,1.7111698202484649
13,3,-1.1939417072091159,0.1139897035117492,7.72599178332377e-05,-1.9275595134515944,1.8745036428699589,1.6962347212352855
13,4,1.3083473711749039,1.2001301212833508,0.7648240343844728,0.43362954232917683,-1.4528402355665098,-1.148305673313983
13,5,1.4715415242332233,1.0794016820388068,0.884116895200897,1.0329121341895993,-1.9570721789079177,-1.5379954865627727
13,Aggregated,-0.11808151318829932,0.31302873517021457,0.779714671180657,0.034477709902202135,-0.34553775408610504,-0.4189075009923474
13,Centralized,-0.11808151257091101,0.31302873275201165,0.779714668033503,0.034477710800208075,-0.3455377541093093,-0.4189075033078686
14,0,0.9037623118297944,-0.4526711247603615,1.945744127230277,2.5441452534822173,-1.8778533862496836,-0.9789841056059564
14,1,0.7592313654396758,-0.4648622919285294,1.8738566729349855,2.5157415506400156,-1.7684831235527425,-0.7044063312065245
14,2,-1.5961396366611391,0.5200117746329845,-0.33529582888309245,-3.0559577441413595,2.3031966986051065,2.0562775118106122
14,3,-1.6134092557110842,0.5285778602183234,-0.2607841399781786,-2.924044435186608,2.257619411628573,2.02076306689648
14,4,1.1746058738278307,1.0460204124850174,0.46439763988493854,-0.2944688437341754,-0.5539216635069808,-0.1519546621981612
14,5,1.4314905349598575,0.8100881034653967,0.7206377224332225,0.4639566703452869,-1.2066474814394932,-0.42896296205267515
14,Aggregated,-0.25464580068035736,0.2452889028425003,0.6736115272514109,-0.5234393588890983,0.27540331630238923,0.6223250726752808
14,Centralized,-0.25464580160086625,0.2452889012870205,0.6736115254801021,-0.5234393594596161,0.27540331637923454,0.6223250717061887
15,0,0.28860783883418395,0.13360679529593114,1.8468841591162908,0.5589498710745652,-1.1364637228747125,-1.3969834897765077
15,1,0.20675558529911556,0.08408900893070269,1.7176257531763286,0.8039351476544327,-1.099804519344465,-1.1608774037666576
15,2,-0.8602787201724179,-0.004044547292033269,-1.5924445091360424,-0.5327944370018027,1.5281759181727366,1.7098641076168728
15,3,-0.8787078680216805,0.00582569950297154,-1.5392717914250877,-0.43614196423110463,1.4878863963296827,1.655169678441006
15,4,1.1311403984870554,1.0801965450854456,-0.2573273921676159,0.3844658989292143,-0.8432969361705198,-0.4560677056554738
15,5,1.2092650025055998,0.9729625949509507,0.27798038074142123,0.5189738353605451,-1.2639784321447773,-0.6794176520708343
15,Aggregated,-0.13151466653811786,0.20693018778529262,-0.09966835815622438,0.1028900355606673,0.1313042779713376,0.22601104098503855
15,Centralized,-0.13151466561768424,0.20693018946329636,-0.09966835501004276,0.10289003788378347,0.13130428081258663,0.22601104439697245
16,0,0.04706977278379441,0.6152575407455214,1.3247482590958914,1.2373856453789311,-2.2497580053586037,-1.8670763914758728
16,1,-0.021384802341585286,0.5459447995585267,1.1993645782242544,1.3825076855537974,-2.141549371761148,-1.5533262586428749
16,2,-0.507205831301498,-0.5887021071033284,-0.21495110827229347,-0.8424990880651992,1.263849079021562,1.311540185422102
16,3,-0.5152415666268384,-0.5604324614391247,-0.15554274333663792,-0.7467375580968612,1.2011451992582272,1.2914132778211398
16,4,1.0142975658306501,0.9220246412390065,0.35208231080836316,0.4108937645528999,-1.4092496985453784,-0.9809193382539948
16,5,1.0684695791280825,0.9839589331020979,0.43377464674250993,0.6255555913911921,-1.7934029392683724,-1.1991223486996863
16,Aggregated,-0.06488416623735145,0.09100950913457914,0.4403614461177627,0.18496445685150112,-0.48748225741440215,-0.19886756932313265
16,Centralized,-0.06488416794030523,0.09100951016262394,0.4403614438548651,0.1849644574416135,-0.4874822583680556,-0.19886756876210043
17,0,0.5129085965304275,0.7519923850814163,2.257702900819416,1.3959530180360562,-1.258161997966186,-2.936036255689823
17,1,0.43202258351802214,0.6518249806613847,2.0688736255226825,1.5330162402439662,-1.166553667547735,-2.6586744332984384
17,2,-0.5920006865166062,-0.4737404091779469,-1.7059982439148649,-0.7338524601137136,1.6980082117899866,1.8314211765831756
17,3,-0.6063500397832404,-0.45137786427078175,-1.6463581818270194,-0.6411768688592274,1.6428406007100225,1.8009761908958375
17,4,1.0907446977584014,1.0098940714073699,-0.18867869411692711,0.5877813625062529,-0.17992304003663737,-1.2222730373262587
17,5,1.1792532186123372,1.0683277124328816,0.3633764088121241,0.8144683269111341,-0.5899617659357358,-1.7077074009055735
17,Aggregated,0.0745629286859374,0.20595817768736646,-0.0030281645641664235,0.3253286241692097,0.2854584622054638,-0.39732331947647553
17,Centralized,0.07456292768569833,0.20595817751294881,-0.0030281632513154792,0.32532862476890945,0.2854584617204527,-0.3973233194440611
18,0,-0.2606326256876257,-0.3274253522054692,2.294374718693937,1.1146273159164106,-2.172902630656708,-0.9875996556203865
18,1,-0.29934030549383406,-0.32701162933427336,2.127362603617333,1.2998331521936495,-2.115628017129832,-0.7916022299951171
18,2,-0.14131705596955021,0.06775043723333692,-1.291435230887916,-0.6923403005599427,1.121127396980595,0.9933842945185999
18,3,-0.14482214447993566,0.08802324413385808,-1.200961559184966,-0.5915413621575649,1.0782853383187203,0.9638367942937627
18,4,0.81067613136271,0.6531506719054042,0.10569212078896786,0.484249671831683,-1.319711899631642,-0.719128979019491
18,5,0.7839640902587948,0.5176221218898617,0.5515212394394297,0.6334658398238009,-1.8053109902917532,-0.9135605026468065
18,Aggregated,-0.03799969506823058,0.01257350023296174,0.2671087584596534,0.23130169071775994,-0.5228774012302584,0.0026923384393556424
18,Centralized,-0.03799969470599874,0.012573500555084275,0.26710875755826663,0.23130169043202792,-0.5228774003610168,0.0026923388478065154
19,0,0.794483584125231,0.49863164378601593,2.151062056776732,1.346861993931737,-2.69897584477116,-2.2187307146872723
19,1,0.6857871786412044,0.44969180672821335,2.0373536091939397,1.5008580304302417,-2.5781140896098975,-2.0083699105710244
19,2,-0.6189197224757796,-0.1092083936371217,-0.9093509497477656,-0.41985016484873633,0.990111263948559,1.0323681562764322
19,3,-0.6210802940384802,-0.1015328417322341,-0.8599689850808174,-0.3591445849937515,0.949619258061364,1.0182000977197603
19,4,1.0132545673499136,0.9073053048076619,0.28223390404387466,0.6479693107049861,-1.2665406162410628,-0.791949493878975
19,5,1.1704907018515844,0.9213169960767134,0.6824111167034916,0.8754745247068403,-1.7895448317012825,-1.1448532737248291
19,Aggregated,0.147693619860232,0.27130227390273504,0.4148844832075478,0.45677110348992866,-0.7448700957187508,-0.4395700930430436
19,Centralized,0.14769361826381985,0.27130227196911216,0.41488448465177014,0.45677110325290315,-0.7448700960473039,-0.43957009099299077
20,0,-0.2094984628085215,0.42487654960384863,2.23432444217949,1.184946929768811,0.8533387433193187,-2.0510510400147712
20,1,-0.23188362774658822,0.4221890777618071,1.9732716029727329,1.384196250275079,0.7153104184103592,-1.8212441781524642
20,2,0.18941324346077085,0.2445468995302846,-2.682705272848846,-0.3150580335217319,0.18268954375516894,2.1402623689214493
20,3,0.17999086106297832,0.26046681261018567,-2.617274026724665,-0.25638754124345,0.12358200749970129,2.088293384995823
20,4,0.8375975188976098,0.8841038845726761,-0.848263710504709,0.47385203645043456,0.17891302458825128,-0.23631207589491282
20,5,0.8099473284804132,0.8173417053925635,-0.0810641870770295,0.6379545446935786,0.06809188519372743,-0.7089913062581225
20,Aggregated,0.14448331196111322,0.41223007896557107,-0.5915471566990758,0.4241610996581562,0.3991442146920898,0.2189984945910888
20,Centralized,0.1444833148987253,0.41223007928771116,-0.5915471571550365,0.4241610987998798,0.3991442166778655,0.2189984951663385
21,0,-0.1423497268349738,0.5928459148614413,1.348363124189673,0.9417393211292447,-2.905614642826343,0.03635726989985848
21,1,-0.14792459916179057,0.543054983513046,1.2228346035622653,1.0832528470700642,-2.86893665284207,0.046124657797802095
21,2,0.18511140160165368,-1.002557339928366,-2.9654198966356566,-1.1720787186297434,3.479462949423301,1.3666517896259431
21,3,0.18700993680220096,-0.9678269185548146,-2.862142009606942,-1.0621187356028874,3.313710939288236,1.26789715097659
21,4,0.8622210485056415,0.4030841857443664,-1.1466669785526928,0.10264031778625053,-0.7636763894997187,0.22831579147301484
21,5,0.7923849951116845,0.5602723349786158,-0.46554340919712,0.34552474535140676,-1.6832601556671136,0.03303676130694316
21,Aggregated,0.1795931054300072,-0.19929376103450547,-1.0914077013431578,-0.14528544195055149,0.38873118770797455,0.7129816857292682
21,Centralized,0.17959310540186152,-0.19929376069541582,-1.0914077017203365,-0.1452854433180722,0.3887311882564016,0.7129816858978005
22,0,0.6244071816986964,0.2878409745347906,1.352949981978558,1.1691946622907683,-2.3328758306258917,-1.5634911915475072
22,1,0.47743720541422247,0.30975148824437965,1.2927582195092033,1.312851739325977,-2.1823521427192034,-1.31643667073998
22,2,-1.879528369837592,0.33885054868665854,-1.2773763919785017,-1.9435027831528806,2.6985673644325163,2.5457105603214147
22,3,-1.8507694273982382,0.37880352053356997,-1.1851065992402516,-1.8096425638704778,2.589484316305655,2.464312241412221
22,4,0.35800821379269315,0.8565022199188058,-0.2237962637466394,-0.20368039212723738,-0.3014119015989531,-0.02898779189243482
22,5,0.6372759658321594,0.7727159833725056,0.17716838471858032,0.23274313906911506,-1.027311224574201,-0.5216680041976244
22,Aggregated,-0.6446013794301916,0.42006474917880515,-0.10929511174746946,-0.4742369988308234,0.3481517596565294,0.6485533494996536
22,Centralized,-0.6446013778200326,0.4200647490934303,-0.10929511247871394,-0.4742369996563995,0.34815176179753815,0.6485533481151516
23,0,0.17913949924066472,-0.9984952016062477,1.862673810469378,1.2349094144139852,-1.495567096589918,-1.54868661989305
23,1,0.1159394450411035,-0.9486616228488784,1.8076747916359257,1.3658527489146743,-1.4884573930582785,-1.5041037246575468
23,2,-0.3509507512721035,-0.07028088876406792,-0.9265498489987939,-0.5578931684638349,1.0516325676051965,1.033639869410596
23,3,-0.3412941487426082,-0.05700358379940509,-0.8588525684185548,-0.4746442869909998,0.931115254007295,0.9630500159821364
23,4,0.6579108324774755,0.014064123021443248,0.43435397009686927,0.62136292361573,-0.9774660658659365,-0.9225723342183858
23,5,0.7531505407137463,-0.09620229979943223,0.7399016277315378,0.75137040197384,-1.248879448974251,-1.2027221403421997
23,Aggregated,0.005746067637453913,-0.3801418614553657,0.33165468248879243,0.3360600931364699,-0.25704824239903173,-0.2582072507197542
23,Centralized,0.0057460675330899,-0.3801418609920437,0.3316546828937902,0.33606009348655047,-0.25704824194828535,-0.2582072519317568
24,0,0.49373921283969013,-0.795504333178448,1.7053860926994409,0.18376178939645083,-0.9477504599306722,0.026446147203166445
24,1,0.4145497250477454,-0.7435976363436112,1.5846113423250174,0.38995492758567496,-0.922926907434643,0.011186944189853934
24,2,-0.5963830010807971,-0.04247669276380464,-0.5697484669876499,-0.03191151538457109,0.7940938408441415,0.38095207198878056
24,3,-0.5766643458158803,-0.02012946105968953,-0.4929567671444673,0.037654781265035235,0.7350326113762138,0.3079554279345687
24,4,0.698978554768733,0.016849854440210994,0.6226315718258304,0.295647018788453,-0.6524236856331114,-0.28286708121361914
24,5,0.8471443828099202,-0.11123359110074546,0.7827508059701712,0.33903959737441175,-0.9133974453660788,-0.31208305260876457
24,Aggregated,0.012601989988371306,-0.2970426466052494,0.4578000349016977,0.15849789690363122,-0.11492095371183625,0.12374722084551748
24,Centralized,0.012601990681429835,-0.29704264588777335,0.4578000345722338,0.158497897008164,-0.11492095333504469,0.12374722026792774
25,0,-0.7643033059053337,0.2674419903183361,1.7849772457817779,0.5662610748386346,1.374752747879044,-1.7152847406322274
25,1,-0.7570362742683004,0.2826259810456392,1.5791190721406967,0.7839293386176965,1.1171204223883289,-1.5718581429051013
25,2,0.2708623347561275,0.33049370440517106,-2.3137056681160937,0.4735219145447236,-1.3782566527852511,1.9951883672961268
25,3,0.2815220105103185,0.3629611394366924,-2.217539199265014,0.5588514837432417,-1.4821264670488539,1.8821935189922234
25,4,0.3079514500429639,0.7045390927545548,-0.795603661120178,0.6237876514052036,0.27263463774937957,-0.555480992562436
25,5,0.2552084527669747,0.5834198487769319,-0.0775618808934283,0.5900747729362875,0.32152017320874904,-1.012250651781354
25,Aggregated,-0.09194758701732207,0.36686933562560614,-0.5439746539139267,0.5893296551017911,-0.16829536516080265,0.19774534332599505
25,Centralized,-0.09194758707879809,0.3668693357308463,-0.543974653300514,0.5893296556965205,-0.16829536494398295,0.1977453417291499
26,0,0.18194617113982597,-0.028024020062666466,0.6920254086222438,0.894143683003856,-1.3418192372545648,-1.387486935234175
26,1,0.1159163856196548,-0.027899972544384137,0.7181271036755561,1.0417897669902845,-1.3579998229447086,-1.2424095281746195
26,2,-0.3624176767547386,0.14306385274780226,-0.12328214162662504,-0.7015262687788706,0.8830584104646069,0.8553823545160617
26,3,-0.3388712826074025,0.175600417005253,-0.046341534417287014,-0.5904278372521863,0.7849248320693601,0.786387650153068
26,4,0.5150256926791412,0.4056579288631004,0.2702858657654058,0.22694454828425145,-0.7705980055044733,-0.7136907986209121
26,5,0.5887418413996655,0.3090373723246393,0.41254053607204355,0.48436807258850767,-1.1840233609384803,-0.8480057798614132
26,Aggregated,-0.024003713597700007,0.11954620937666384,0.26990722649082044,0.09928013388503144,-0.25738992114635106,-0.2179327636307714
26,Centralized,-0.02400371298001159,0.11954620929291529,0.2699072251783373,0.09928013439974528,-0.2573899202048268,-0.2179327653318837
27,0,-0.5864201675007839,0.26063445418765535,1.3568074830154373,1.0868154903633138,0.01448739505189914,-2.1759664144513593
27,1,-0.5973564690474086,0.2638874993842934,1.2670085721528115,1.2683047084078605,-0.12523395069754423,-2.1338544780506696
27,2,0.04609853488320244,0.0395285890700147,-1.1494896470240812,-0.7653243594056636,0.5479646945105476,1.266726840647731
27,3,0.05946176859554227,0.0714553561613564,-1.0716497486637435,-0.6597951621520194,0.4212452358917447,1.1417693611750406
27,4,0.20558466328296324,0.5317967017815208,0.12064580403254266,0.43255966309184246,-0.07672230569263547,-1.2657210428920023
27,5,0.2232736099524118,0.5188559321538176,0.4716364822407923,0.6203730859296025,-0.4421379631839455,-1.5389021361754125
27,Aggregated,-0.14985156685285356,0.20540108260123258,-0.010852990047372816,0.17192522496624435,0.17605146872472183,-0.4387926913932453
27,Centralized,-0.1498515666692282,0.20540108203640872,-0.010852988855363479,0.1719252253166699,0.17605146873514277,-0.43879269078856725
28,0,0.1360179455397209,0.6111733892873196,1.2290728383590104,0.502470600932653,-0.6013368041104958,-2.4576996227547587
28,1,0.08090265124409798,0.5844765393819754,1.1561754220152298,0.6789440526929247,-0.6444684464581428,-2.3260949512289137
28,2,-0.19953615114933593,-0.39766816615688816,-0.30570038919116393,-0.345602988052834,0.5184105180694043,0.7591044456021849
28,3,-0.17368919292372306,-0.3588911447405871,-0.23485307394606433,-0.2552712969786893,0.3918673077487074,0.6942277204316837
28,4,0.5324091327755998,0.5751904225772458,0.397452548283032,0.3438655527102597,-0.5881413030996787,-1.5259506172417394
28,5,0.5717344899510035,0.6108171349573598,0.615132017528978,0.45996183210306507,-0.8237379937587317,-1.8521151653072292
28,Aggregated,0.04122320187894045,0.13077090252151688,0.38533770316790833,0.13639251769989302,-0.1210207214094039,-0.7981502494396953
28,Centralized,0.041223201675980786,0.13077090306295452,0.3853377055657513,0.13639251689830878,-0.12102072244372432,-0.7981502496976736
29,0,0.5082372678249752,0.2683778981239445,1.5136767172044294,1.200373579953755,-0.8752035793964672,-2.1578418786541746
29,1,0.4431343378464921,0.29909257385881494,1.484258768611905,1.338015676231405,-0.9635726102291791,-2.0736406703706476
29,2,-0.3345334477831696,0.09321157431847722,-0.7239053719551669,-0.8763806881247761,0.9281494358854504,0.9790443390523932
29,3,-0.3016817149709441,0.13587540428116054,-0.6355352145821631,-0.7831453679274366,0.8014016899284826,0.8843967286477403
29,4,0.705564765407196,0.5262551339117081,0.4401738979544206,0.34878840895840496,-0.4245283373474881,-1.1065161045781056
29,5,0.8165651171920953,0.5264217134681517,0.754601964735954,0.6697203987250308,-0.8447514377158475,-1.4490498941007341
29,Aggregated,0.1452790876300166,0.24138549897434405,0.31586529626144516,0.14379673961329464,-0.025964490843274863,-0.5305494865155109
29,Centralized,0.1452790865623012,0.24138550070367737,0.31586529549278264,0.1437967408414146,-0.025964492917164014,-0.5305494863219988
30,0,0.23427033944417838,-0.18654924806991946,1.658058402649251,0.7014610834644432,-2.1631657908317363,-0.20278794474503062
30,1,0.17412775170175754,-0.16086941721937204,1.6206456905189532,0.8476040407792731,-2.1562638996176315,-0.17153553384124315
30,2,-0.0826935036226446,0.10021912767026137,-1.0722313096397165,-0.26769407521254796,0.7522186779183159,0.5906499676370333
30,3,-0.05610672860420362,0.12285346939867788,-0.9976620856895939,-0.19877001054937316,0.6679193110645386,0.4996856449810361
30,4,0.505233790022362,0.23241416443697968,0.32094198760764914,0.43254938440460766,-1.286164830811443,-0.04068501683668655
30,5,0.6018620330396974,0.18337020117002767,0.6895719376711027,0.5505193836481511,-1.6981563467311516,-0.18068808285770568
30,Aggregated,0.1310816224256746,0.024267515369663664,0.18065222973857978,0.2495992796337427,-0.686048989074986,0.171911639284192
30,Centralized,0.13108162325483372,0.024267513465435306,0.18065222813712714,0.2495992804242163,-0.6860489899227201,0.17191163685270475
31,0,0.6221528788883041,0.13921947505202933,1.3581746884348562,0.906943679905576,-1.289056290007527,-1.4394515354080426
31,1,0.5277322664539004,0.14206921068554093,1.2333686786284277,1.0574359202219252,-1.2888150759709174,-1.269540535568693
31,2,-0.6528692867154839,0.0995187495421935,-0.6123594512187197,-0.37375396738231176,0.7640429546874714,0.743821975668102
31,3,-0.6276261954808873,0.12298906826773516,-0.5309645213128044,-0.28032891493532786,0.6501015813857077,0.680546377309101
31,4,0.5805073330231187,0.4292323412873716,0.2804244971821781,0.3648576451190235,-0.7286046755124626,-0.6231817837940467
31,5,0.7136031622882423,0.3409226384162684,0.6136083151197134,0.5725580412707635,-1.0827440663308452,-0.8435064190063296
31,Aggregated,0.008315193381157944,0.1643131843266781,0.27368453079487426,0.27844126084807386,-0.27996374747814984,-0.2743637756451142
31,Centralized,0.008315191715740274,0.1643131844122443,0.27368453221109534,0.27844126049716034,-0.2799637473595234,-0.2743637737535496
32,0,0.1812998972320009,0.6172476604789898,1.025841227634694,1.000893060556773,-1.243944082392972,-0.5380248610826543
32,1,0.14003544955625452,0.5824491483073554,0.9561218751743543,1.0426877679414686,-1.3316808879011512,-0.5194790591202856
32,2,0.10804420204113505,-0.5228112498700761,-1.2956601909817482,-1.9293006251225964,1.513127573979862,1.3209514706837806
32,3,0.1412358185473919,-0.47797280375533635,-1.219033540721003,-1.8206634163655384,1.339408432738033,1.2058577322775588
32,4,0.5447053440851618,0.42051358112119064,-0.15653306746056672,-0.22806949429151954,-0.4093372974449194,0.19037476203434772
32,5,0.5682023967011386,0.49929476348942864,0.16248614577949452,0.2125815010875822,-1.0268478781645998,-0.1584584690532426
32,Aggregated,0.21000561056821127,0.05486578853992988,-0.23500770792204548,-0.5394471347464413,0.11080620411954077,0.42079677767185886
32,Centralized,0.21000561205108353,0.05486579109340137,-0.23500770726025277,-0.5394471337471848,0.11080620578445806,0.4207967777875037
33,0,0.44046945762160106,0.35012135696499413,0.7248953553181625,0.8762247316505898,-1.5505407713284114,-0.9272330904725247
33,1,0.33497622977420366,0.3413991549807227,0.7931568415964275,0.9461925874609229,-1.5514104097596784,-0.7729243551819839
33,2,-1.2217169935104895,-0.057333793254188525,0.20631012538950866,-1.3520084565238788,1.6648239710045862,1.3946011370770541
33,3,-1.1796585233237589,-0.03302036570637709,0.2562163997500361,-1.2521124229769287,1.5332177357209282,1.3163687793606063
33,4,0.26077425922414893,0.48467796562196713,0.3000166936017163,-0.13707514013881572,-0.6120501629373046,-0.17513085735586212
33,5,0.5063804205398874,0.4376392581865771,0.4848648821037074,0.2637392246307831,-1.027343892416264,-0.37554669201364055
33,Aggregated,-0.3803094822504436,0.17939712405402064,0.45290959180813783,-0.28850051475089494,0.06581242364666867,0.29383455271804204
33,Centralized,-0.38030948300866546,0.1793971216683605,0.45290959229518635,-0.2885005137577773,0.06581242105118823,0.2938345508022755
