,BeforeEvaluation,BeforeSV,AfterSV,BeforeGradientRewards,AfterGradientRewards,AfterEvaluation
0,1786170057.6047766,,,,,
1,1786170065.4631126,1786170059.614418,1786170065.38194,1786170065.382327,1786170065.4625258,1786170065.5536578
2,1786170073.9177017,1786170068.0563436,1786170073.8386552,1786170073.8388193,1786170073.917292,1786170074.0807133
3,1786170082.3871934,1786170076.6040022,1786170082.3080614,1786170082.3082345,1786170082.386773,1786170082.4781327
4,1786170090.8208237,1786170084.9754004,1786170090.7418041,1786170090.74198,1786170090.8204043,1786170090.9117205
5,1786170099.3313718,1786170093.4136446,1786170099.2527823,1786170099.252954,1786170099.3309765,1786170099.4227705
6,1786170107.7459075,1786170101.9704785,1786170107.6667752,1786170107.666945,1786170107.745481,1786170107.8370678
7,1786170116.2427573,1786170110.345942,1786170116.1578066,1786170116.1579893,1786170116.24226,1786170116.334342
8,1786170124.5542397,1786170118.8218718,1786170124.4754455,1786170124.4756114,1786170124.5538127,1786170124.6446908
9,1786170133.063992,1786170127.1641183,1786170132.915634,1786170132.9158006,1786170133.0634992,1786170133.155278
10,1786170141.4120295,1786170135.6555672,1786170141.333134,1786170141.3333087,1786170141.4115956,1786170141.5021763
11,1786170149.7986593,1786170144.0201895,1786170149.7199538,1786170149.7201393,1786170149.798252,1786170149.8891244
12,1786170158.180095,1786170152.383237,1786170158.1014593,1786170158.1016273,1786170158.1796513,1786170158.2710752
13,1786170166.6302748,1786170160.8653648,1786170166.550914,1786170166.5510795,1786170166.6298387,1786170166.7209163
14,1786170175.0657978,1786170169.2503374,1786170174.9869444,1786170174.987119,1786170175.0653844,1786170175.1565793
15,1786170183.500506,1786170177.7531896,1786170183.420921,1786170183.4210875,1786170183.500069,1786170183.5912154
16,1786170191.9148252,1786170186.0776725,1786170191.7682216,1786170191.7683916,1786170191.9143345,1786170192.0062673
17,1786170200.236523,1786170194.5066967,1786170200.1579828,1786170200.15815,1786170200.236036,1786170200.3299193
18,1786170208.5960267,1786170202.808824,1786170208.517261,1786170208.517445,1786170208.5955946,1786170208.6865659
19,1786170217.0753572,1786170211.2759955,1786170216.9967287,1786170216.9968927,1786170217.0749278,1786170217.166879
