,BeforeLocalTraining,AfterLocalTraining,BeforeLocalPartialEvaluations,AfterLocalPartialEvaluations,BeforeEvaluation,AfterEvaluation
1,1791302564.2326257,1791302566.0608487,1791302594.6176162,1791302604.4738777,1791302604.4817338,1791302604.7852054
2,1791302604.9872565,1791302606.8058746,1791302634.4864857,1791302643.7323594,1791302643.7397954,1791302644.0407434
3,1791302644.113312,1791302645.9121344,1791302673.7790377,1791302683.885239,1791302683.8927946,1791302684.185299
4,1791302684.2278254,1791302686.0342565,1791302713.6887484,1791302722.8807404,1791302722.888201,1791302723.1907284
5,1791302723.2569532,1791302725.72201,1791302753.2004333,1791302762.4603338,1791302762.4676116,1791302762.7656634
6,1791302762.9703424,1791302764.771434,1791302792.3442223,1791302802.1571188,1791302802.1643739,1791302802.4603531
7,1791302802.7467952,1791302804.5499394,1791302832.157039,1791302841.3566465,1791302841.363984,1791302841.6596816
8,1791302841.7168005,1791302843.5158477,1791302871.223944,1791302881.1560044,1791302881.163279,1791302881.4623764
9,1791302881.5655165,1791302883.380013,1791302911.0184608,1791302921.1419225,1791302921.14922,1791302921.4416676
10,1791302921.4861436,1791302923.3012252,1791302951.0669014,1791302960.3736415,1791302960.380816,1791302960.6741645
11,1791302960.7183402,1791302962.5146253,1791302990.4315019,1791303000.2745779,1791303000.2819297,1791303000.5793242
12,1791303000.7181377,1791303002.5181642,1791303030.055541,1791303040.2773542,1791303040.2845056,1791303040.5779707
13,1791303040.619546,1791303042.4273357,1791303070.0449367,1791303079.2666311,1791303079.2738135,1791303079.5730107
14,1791303079.61683,1791303081.4174662,1791303109.0313935,1791303118.978743,1791303118.9858816,1791303119.283201
15,1791303119.3709064,1791303121.2717102,1791303148.968259,1791303158.1577816,1791303158.165011,1791303158.4778585
16,1791303158.5679328,1791303161.074858,1791303188.6081407,1791303197.833077,1791303197.840331,1791303198.13629
17,1791303198.1879053,1791303199.9948015,1791303227.7395623,1791303237.7673643,1791303237.774581,1791303238.0725348
18,1791303238.1163046,1791303239.9142118,1791303267.644028,1791303276.9286103,1791303276.935758,1791303277.2319024
19,1791303277.2755225,1791303279.0711815,1791303306.7431755,1791303316.6921337,1791303316.6996264,1791303316.9959984
20,1791303317.1055636,1791303318.9007726,1791303346.533802,1791303356.5167737,1791303356.524067,1791303356.8219297
21,1791303356.8673766,1791303358.667586,1791303386.2829003,1791303395.49314,1791303395.5005841,1791303395.7965856
22,1791303395.8817022,1791303397.6796057,1791303425.6966374,1791303435.4381046,1791303435.4456942,1791303435.7423122
23,1791303436.0573547,1791303437.8775833,1791303465.535142,1791303475.362918,1791303475.370264,1791303475.6688733
24,1791303475.8810048,1791303477.6793993,1791303505.3719556,1791303514.6257749,1791303514.6330621,1791303514.93181
25,1791303515.0032032,1791303516.807631,1791303544.2385917,1791303554.2906084,1791303554.2978103,1791303554.5955513
26,1791303554.6382034,1791303556.447118,1791303584.1054714,1791303593.3020172,1791303593.3093364,1791303593.6423373
27,1791303593.729554,1791303595.9783735,1791303623.7646272,1791303632.996246,1791303633.0035923,1791303633.302054
28,1791303633.412655,1791303635.212554,1791303662.8990817,1791303672.8381891,1791303672.8453367,1791303673.1426249
29,1791303673.328363,1791303675.1515014,1791303702.8282747,1791303712.2384477,1791303712.2457516,1791303712.5357506
30,1791303712.5781064,1791303714.3802042,1791303741.7722566,1791303751.8720999,1791303751.8793254,1791303752.1741514
31,1791303752.2164896,1791303754.0200517,1791303781.6620493,1791303791.3900452,1791303791.3973587,1791303791.6954594
32,1791303792.076701,1791303793.874676,1791303821.5394807,1791303830.7404041,1791303830.7476432,1791303831.046734
33,1791303831.090712,1791303832.8922646,1791303861.0590627,1791303871.0751007,1791303871.0823486,1791303871.3776243
34,1791303871.419977,1791303873.3195975,1791303900.8874388,1791303910.8513496,1791303910.8585865,1791303911.1551495
35,1791303911.1999857,1791303913.0064268,1791303940.7090418,1791303949.9979892,1791303950.0052319,1791303950.3026187
36,1791303950.3489923,1791303952.151913,1791303979.737184,1791303989.6915567,1791303989.6989057,1791303989.994471
37,1791303990.0391936,1791303991.847963,1791304019.6035829,1791304028.9454236,1791304028.9609163,1791304029.7346158
38,1791304030.0658374,1791304031.8767195,1791304059.7129562,1791304068.9936414,1791304069.0009952,1791304069.3010578
39,1791304069.3445058,1791304071.1522224,1791304098.7082531,1791304108.7090278,1791304108.7163007,1791304109.015358
40,1791304109.0628495,1791304110.864694,1791304138.5349905,1791304147.8552837,1791304147.8624911,1791304148.158821
41,1791304148.203374,1791304150.011048,1791304177.6183283,1791304187.5587525,1791304187.5660236,1791304187.8654559
42,1791304187.908954,1791304189.7029314,1791304217.4085565,1791304227.3774161,1791304227.384648,1791304227.6872253
43,1791304227.8531175,1791304229.6552224,1791304257.3041093,1791304266.5290895,1791304266.5363262,1791304266.8351
44,1791304266.8775713,1791304268.6796339,1791304296.3717241,1791304306.3402126,1791304306.3474815,1791304306.6447575
45,1791304306.687375,1791304308.4856136,1791304336.1640036,1791304346.0593908,1791304346.0664945,1791304346.3691692
46,1791304346.5378952,1791304348.3554215,1791304375.8323379,1791304385.0396898,1791304385.046845,1791304385.343585
47,1791304385.3882515,1791304387.202024,1791304415.2532923,1791304425.3989952,1791304425.4063625,1791304425.7054179
48,1791304425.834294,1791304427.8091438,1791304455.5935693,1791304465.6988792,1791304465.7063043,1791304466.0078206
49,1791304466.1726184,1791304468.0470908,1791304496.4575295,1791304505.8671472,1791304505.8743818,1791304506.1734176
50,1791304506.2188203,1791304508.029167,1791304536.8568707,1791304547.3519394,1791304547.359427,1791304547.673303
