Round,Evaluator,0,1,2,3
0,0,,,,
0,1,,,,
0,2,,,,
0,3,,,,
0,Aggregated,,,,
0,Centralized,,,,
1,0,0.1400623783829591,0.09048683872131251,-0.026821578048486835,-0.0019437111720621892
1,1,0.10284989732114069,0.11608016253971166,-0.04275640675548497,-0.021103040888904977
1,2,-0.020629697096379716,-0.13557536580047122,0.2652380785791909,0.20861290196959884
1,3,0.039851840615492094,-0.0074847673579011564,0.10302601636244618,0.17445166843547236
1,Aggregated,0.08488733577589644,0.047079773313549705,0.035432160369205684,0.05851594556710564
1,Centralized,0.08493548900610458,0.04729266487647555,0.03519594915466765,0.05823369958778709
2,0,0.11451574743011948,0.07492026233920462,-0.038424176548790955,-0.020662690068972738
2,1,0.08952557300556112,0.10192393538387161,-0.05254284985952274,-0.033237284682238466
2,2,-0.016401076540659466,-0.1233327153743581,0.20152610867022824,0.16096588286435484
2,3,0.026270950162253743,-0.0077354808316977275,0.06570109742733383,0.1102228921882155
2,Aggregated,0.06982507210193495,0.03901698527367431,0.011838552621960381,0.02811840929736171
2,Centralized,0.06988494716677318,0.039211278868875515,0.011644864508317485,0.027908617749876907
3,0,0.0918304495623546,0.061952763269527145,-0.04276990115094673,-0.028221163966226856
3,1,0.0773066930990834,0.09080534780013745,-0.05742050706782462,-0.037755040321524394
3,2,-0.023567824799698295,-0.11205123229693086,0.15085695881243125,0.12144486968210792
3,3,0.013457842722274052,-0.008935036299381305,0.0342581279847044,0.05808307073480554
3,Aggregated,0.054701698974923156,0.03244443398556532,-0.004772296449731027,0.007547773979442399
3,Centralized,0.05477376399855239,0.03262590591085177,-0.004928849303694166,0.007401130206783069
4,0,0.06425522989918782,0.04273797563344367,-0.03915447072881142,-0.014809830315455116
4,1,0.057246358121487075,0.06810285588835163,-0.055570208835514,-0.0175347782056797
4,2,-0.021634833463797774,-0.09273869973515832,0.12136292790128127,0.056934089669665726
4,3,0.0071512599828757835,-0.004388242229056927,0.013271499364207054,0.020417000340069696
4,Aggregated,0.038099833395410065,0.022444252258336794,-0.011504539495006556,0.0015869334372631203
4,Centralized,0.03816145768096011,0.022583683600005126,-0.01163210311564812,0.0015281034856315888
5,0,0.04343827371534024,0.027936201604700114,-0.030082220327808107,-0.010786008825319741
5,1,0.042825810172083666,0.05079636730900802,-0.0476835445757736,-0.01310475917235808
5,2,-0.02529657848568352,-0.07803587769477548,0.10082909526364203,0.04834691430181668
5,3,0.0037795164916874977,0.001821928729549736,0.0020127756877804936,0.010256666505999906
5,Aggregated,0.02541497927215669,0.015365030449345788,-0.011196682050647624,0.0009652541827294392
5,Centralized,0.025469988650972494,0.015469545206545863,-0.011299154376508887,0.0009256403674406041
6,0,0.030888601197760792,0.017742356798377424,-0.02325250722584088,-0.008874908460009533
6,1,0.032419687898941556,0.03827071658198966,-0.041777937603919936,-0.010178639000149167
6,2,-0.02493711247606752,-0.060129450533757796,0.08407780499054124,0.03964097060917714
6,3,0.0035502038496130115,0.007217769190512212,-0.0056864926507729325,0.00276686356346457
6,Aggregated,0.017957785908572818,0.011580453314669416,-0.010978890330643106,-0.00026690080447640176
6,Centralized,0.018001981451631618,0.011656737930056053,-0.011063260244416654,-0.0002916781766504108
7,0,0.02408726205337931,0.012327176756464248,-0.019434051704874788,-0.007467553367666913
7,1,0.02650725248351409,0.030719486356994407,-0.038111020658753436,-0.008078274485096848
7,2,-0.023834341752496515,-0.0481286889713485,0.07052531233828833,0.032155996355293155
7,3,0.0034712919837623277,0.011389054501594803,-0.011001873402652415,-0.0017962013080487043
7,Aggregated,0.013960674652330992,0.009900865558696074,-0.011520783222016256,-0.001127869486721379
7,Centralized,0.013998165612772307,0.009958090010237996,-0.011592265976707983,-0.0011426502421540325
8,0,0.01982065911878378,0.01032799267546069,-0.01781806434000095,-0.0065616137962087985
8,1,0.021898446499863087,0.028042321103203167,-0.0370558453481997,-0.006206034957592703
8,2,-0.020488262990574952,-0.0447304151258597,0.06124808862058332,0.026737439700883714
8,3,0.003521789296757514,0.014320340464660733,-0.014562205034518596,-0.003827467440666541
8,Aggregated,0.011543112208414774,0.00948093660588318,-0.012667575458668087,-0.0013992611485537888
8,Centralized,0.011573593108021897,0.009529982759073045,-0.012732738872140126,-0.001407203103459621
9,0,0.017958185905016594,0.00832968704568201,-0.01702066015299569,-0.0058783486564219665
9,1,0.01977396180498302,0.02479861537731512,-0.03645746828459099,-0.004757430358993435
9,2,-0.02063412352648485,-0.03950239890611668,0.05418067323867488,0.02323778211802956
9,3,0.0033659434006824787,0.016805464304860452,-0.01675609448498593,-0.00472011447956978
9,Aggregated,0.01019828154697183,0.009028255836374205,-0.013636821586544683,-0.0013745721675650674
9,Centralized,0.010225887539215649,0.009067936016495333,-0.013697743967655648,-0.0013781606372024145
10,0,0.017260572694979878,0.007089791550483481,-0.016473553283072012,-0.005397570737092794
10,1,0.018745694972717705,0.02311304267712486,-0.036311471943339314,-0.003380494138264296
10,2,-0.020394617504078307,-0.037464081200025146,0.049346555922841595,0.020417403069471683
10,3,0.0035690569064531588,0.018176264381592894,-0.018803979924519477,-0.004347948674809078
10,Aggregated,0.009716702554114418,0.00865315021420519,-0.01450233036464102,-0.0010732541914565464
10,Centralized,0.009742313703148299,0.008688187788911096,-0.014560415571727207,-0.0010739388081981323
11,0,0.016389377709185166,0.006676472705215565,-0.015806523876784318,-0.004768264049388217
11,1,0.01768117237619513,0.023862242991275442,-0.035508399345430396,-0.0027309579467203146
11,2,-0.020508364509624077,-0.03914042245801409,0.04659269586869819,0.01949372035313852
11,3,0.0041900172578206996,0.019092631646740004,-0.019721496125797416,-0.003974671360203186
11,Aggregated,0.009210064509695932,0.008731048407265248,-0.014594467403724883,-0.0007009524068530323
11,Centralized,0.009233395821768462,0.008767734902584421,-0.014649821982908836,-0.0007010084363883498
12,0,0.016301911530110763,0.0064681519557378735,-0.01472862923040918,-0.006404431872415651
12,1,0.01716738721181689,0.023403358122026045,-0.034143186794814394,-0.0036897200032949226
12,2,-0.023068979459799507,-0.03907527467516286,0.04428077730213977,0.02365200980923035
12,3,0.00517478304661347,0.02068644176811703,-0.019826317392410697,-0.006638118596919411
12,Aggregated,0.008889357722844592,0.00887179604215264,-0.014135863571908516,-0.001569822577919883
12,Centralized,0.008910862721887404,0.008905799727792908,-0.014188576034514337,-0.001568038266789554
13,0,0.016014752572105547,0.005937433316686082,-0.01393833873180389,-0.008051658878983728
13,1,0.016509800196407062,0.021428226253449787,-0.0327966070159653,-0.0040018919126704605
13,2,-0.02453185441431954,-0.03623532150184918,0.04193672003165289,0.02577616756072489
13,3,0.006087483613397809,0.021520140248578668,-0.020233770099290477,-0.008923574962430061
13,Aggregated,0.008588094575107367,0.008628466921829923,-0.013848214837626485,-0.002425955845971793
13,Centralized,0.00860753237408094,0.008656740937608673,-0.013897661966920853,-0.002420814212737004
14,0,0.015330179488583876,0.005801072102260764,-0.013957235020268641,-0.007597640695802395
14,1,0.015244874244566858,0.020749976646357082,-0.03256957531788373,-0.002347859557442914
14,2,-0.02301814352647032,-0.036322597548822416,0.040621652189466964,0.023469689657431108
14,3,0.006088113022371065,0.022337508681062646,-0.021408788197197964,-0.008371289131495235
14,Aggregated,0.008161699458120513,0.00853356193519833,-0.01421378697321411,-0.0019371667257483095
14,Centralized,0.008178503750448351,0.008559397397640424,-0.014261090426451474,-0.0019287116919370975
15,0,0.016103148494461834,0.004607969129089178,-0.014085262765756314,-0.007320079675516416
15,1,0.015334450218499865,0.018194936527446248,-0.0321788780439739,-0.0010306819525778093
15,2,-0.023374349472378365,-0.03273225528619905,0.038953641298002134,0.021382573318858743
15,3,0.006423849233084894,0.022169068563278316,-0.022045845121958906,-0.008256513587876222
15,Aggregated,0.008470567050739855,0.007769124553249196,-0.014493236190981418,-0.0016798713660478232
15,Centralized,0.008486399255430398,0.007789609917064966,-0.014538424924908781,-0.0016682168548106783
16,0,0.018005267942423644,0.0036240820042143657,-0.014007767326517989,-0.007915118744123534
16,1,0.015988858463193797,0.017609811894195346,-0.031596422820613715,-0.0007470824476863563
16,2,-0.02588821913977243,-0.029751022369270286,0.03764314564476499,0.02113864376172307
16,3,0.007500752676807017,0.022595870304244186,-0.022350124738525618,-0.008633918486182427
16,Aggregated,0.009204589918322076,0.007749845633033332,-0.014523515224558978,-0.0019004390359055182
16,Centralized,0.009219011290694532,0.007769014011084555,-0.014566784826280767,-0.0018869182712697187
17,0,0.017169520894270804,0.0025835356311914117,-0.01343430651391188,-0.005792119940786884
17,1,0.014838738316964533,0.01665154192306473,-0.030291119698560895,0.00043121759572187685
17,2,-0.0254189443477888,-0.02940200880883388,0.03720343437091956,0.018705869438554856
17,3,0.0066946682576243715,0.022358701869826813,-0.02303705697392878,-0.006217735153461514
17,Aggregated,0.008449617615428796,0.007096300392312425,-0.014126664291765553,-0.0006241181494443687
17,Centralized,0.00846301392257442,0.007114566081211779,-0.014166526620850238,-0.0006124614835243102
18,0,0.017665744304385306,0.0017198646389495937,-0.013062012164458875,-0.007367684590004382
18,1,0.01495004996966661,0.01437014045386692,-0.02981463726899632,0.0008406203813215996
18,2,-0.026558668097485527,-0.025257691466750953,0.036036785209195336,0.0205205543472441
18,3,0.007815719349594713,0.021338722161766455,-0.02322725894422183,-0.008212794580823829
18,Aggregated,0.008740362813173943,0.006416407049777223,-0.014049455588195623,-0.001204736426691049
18,Centralized,0.008752334396554727,0.006430412846361637,-0.01408820055700532,-0.001188321435741042
19,0,0.017251637091033615,0.002172386331622459,-0.012820194085830976,-0.006976426233378488
19,1,0.013494575070244944,0.014836465074781957,-0.029190839579269632,0.002112317272891115
19,2,-0.02487324529750479,-0.025113565189914044,0.03456051413393836,0.018906596262549643
19,3,0.007088836139324724,0.022265689327875926,-0.023951488934965088,-0.006980840692599799
19,Aggregated,0.00820695632444695,0.006935382802806042,-0.014125983663021549,-0.0006179280543052308
19,Centralized,0.008216367330028071,0.0069489948271509215,-0.014162378496956085,-0.0005998611474283729
20,0,0.016838615993573655,0.0016586331276174278,-0.012467472617688359,-0.006713679123729302
20,1,0.01262573233986474,0.012662270855807475,-0.028215655271516888,0.0029774649927555388
20,2,-0.023392575661874155,-0.02309471422823174,0.03282115831898784,0.017981395066407488
20,3,0.007049202729143139,0.022249864556395448,-0.024205662104386322,-0.007301103907690963
20,Aggregated,0.007983185996063373,0.006339395587500561,-0.013986759883035809,-0.0004489490234547706
20,Centralized,0.007990711837258413,0.006347867965732609,-0.014020540342343806,-0.000428540662898239
21,0,0.016512180643056165,0.0012811265957758204,-0.01250119107956517,-0.0063566192563786
21,1,0.012818246667526845,0.011001202665751738,-0.028235873564337228,0.003890282475406783
21,2,-0.02187449557831055,-0.0200786733483794,0.030703641702162592,0.016253664074575208
21,3,0.0072178784276440144,0.022003411648572974,-0.025081095101388794,-0.006808559243735792
21,Aggregated,0.008176701746977242,0.006035081038294195,-0.014478144194969511,-0.00016404130420437845
21,Centralized,0.008184667312222603,0.0060396906380660725,-0.014510572981243258,-0.00014209528025970844
22,0,0.01745984987103226,0.0006870348328899128,-0.012629255455002686,-0.006702203326662294
22,1,0.013404655950917638,0.010533701397729004,-0.028779747142896685,0.004390156158078214
22,2,-0.021958322221005088,-0.018294673284061615,0.028934401488970158,0.015783167760617788
22,3,0.008265848607891193,0.021968631576904107,-0.026458811452823295,-0.006517003278189391
22,Aggregated,0.008893072685373694,0.005921192363055029,-0.015230366090354925,-0.00011806084662481725
22,Centralized,0.00890017709559747,0.00592502923183294,-0.015262160938852014,-9.46510540341695e-05
23,0,0.01810967248070069,0.0008753375520699861,-0.012703082567917011,-0.006696234069662898
23,1,0.013221866022305101,0.010923970104000655,-0.0286583095269959,0.005011264116249192
23,2,-0.020878036577261044,-0.01788709417629329,0.027605290020472947,0.014437339385066512
23,3,0.008734554709030895,0.022168116565087197,-0.0267398542746962,-0.005647968884842536
23,Aggregated,0.00929558260357849,0.006205647981819527,-0.01545494807796168,9.114006889629077e-05
23,Centralized,0.009300741681044168,0.006209927669231559,-0.015485812259089834,0.00011530565966112276
24,0,0.017792159562323842,0.0007705887635345854,-0.012383873330389046,-0.006598030026927139
24,1,0.01303807590784215,0.010543507425684157,-0.028272410321770244,0.005201918630699885
24,2,-0.020752130035320896,-0.016213107423692377,0.02639009911479299,0.014004460835315355
24,3,0.009278845480623382,0.022521632916658808,-0.02759941535907622,-0.005346092408375108
24,Aggregated,0.009267649413017064,0.006350676842969321,-0.015576352859103968,0.00019213320101015311
24,Centralized,0.009272116706726652,0.006353467083317986,-0.01560543894461171,0.0002164539433429022
25,0,0.01794707270557502,-0.0004871948502832892,-0.01178610216163368,-0.005625039878305547
25,1,0.012630657885483135,0.0098734765089176,-0.027833683222244703,0.006310730864375266
25,2,-0.019541778809782275,-0.016220181837020783,0.025420869408817253,0.012661711252593558
25,3,0.008845858681357982,0.022500845149358528,-0.028309599823978265,-0.003955150758765911
25,Aggregated,0.009256440929789719,0.005716889671842079,-0.015523651516368865,0.0009897005202052442
25,Centralized,0.009259968400848459,0.005719537631766465,-0.015551398760321954,0.0010142684850012254
26,0,0.016390508997990657,0.0012793783372502393,-0.011874594545638282,-0.005827502747945468
26,1,0.011630040603156496,0.008824672145026571,-0.028059951517220846,0.00698189872742198
26,2,-0.018478006237559897,-0.00973467616816645,0.022931343049868824,0.010343943467724678
26,3,0.008603007778686009,0.018711043222281055,-0.029011112408471013,-0.002673197910818853
26,Aggregated,0.008513621747755818,0.006007231567472054,-0.016110675489273425,0.001106049902436625
26,Centralized,0.008516623219543606,0.006008300217091827,-0.01613765743905117,0.0011314806810208133
27,0,0.016684724437205565,0.0012480613734564873,-0.011920270946015263,-0.005890689417908347
27,1,0.012117504709940871,0.010607942448198973,-0.02741129818287005,0.005492585838260368
27,2,-0.01798465632983936,-0.011236781163371573,0.020977600127050355,0.010811980519771613
27,3,0.008463616191129794,0.02282334620815482,-0.02940724547930143,-0.004105729926848499
27,Aggregated,0.00880167320158234,0.007259910578764051,-0.0162664919505746,0.00036109187432095636
27,Centralized,0.00880562009620154,0.007261090761368746,-0.01629102408065716,0.0003844099348213499
28,0,0.016474524184270613,0.0020566159669131493,-0.011791245957650243,-0.006281138111612655
28,1,0.01219360854000986,0.009358529923320901,-0.02632795064458819,0.005372656876610302
28,2,-0.018264243006189996,-0.008116313862260914,0.019097410400677493,0.009893435437453878
28,3,0.009598764685826692,0.019954062254181115,-0.029327427933700374,-0.0035494827125853354
28,Aggregated,0.008966393522940574,0.0069207884023286,-0.016112654185726622,0.00019238141197871757
28,Centralized,0.008969540512157497,0.006920586942325634,-0.016134426156530948,0.000215437197333306
29,0,0.016238655814417483,0.0006051420723682625,-0.011293045738216477,-0.006061187465709085
29,1,0.011105216764279252,0.008483842358738383,-0.02534972761189415,0.00607465597305933
29,2,-0.015900933216910284,-0.009175072456126754,0.01776054172298444,0.009040378071008473
29,3,0.0066203910351718505,0.02228792411836265,-0.028871331421253494,-0.0021915911945900035
29,Aggregated,0.008209236325977493,0.006529908162095351,-0.01571601814578386,0.0006702682404525114
29,Centralized,0.008212890823498915,0.006526785796430419,-0.015736212984208804,0.0006934442724670064
30,0,0.015900015081869234,0.0010304992212400814,-0.011398733388013551,-0.005975916810119053
30,1,0.010268146179997032,0.006971056550963278,-0.02523688413064218,0.007352321490643955
30,2,-0.015147034915965274,-0.0054720858132814715,0.016291401569402664,0.007249051456111035
30,3,0.007026430100862152,0.018417709430670625,-0.028904730211498947,-0.00047059986114296
30,Aggregated,0.008019950817423571,0.00584045469393787,-0.01591865384087363,0.001240849123642778
30,Centralized,0.008021382938646618,0.005836789125382556,-0.01593816400910159,0.0012654155992446205
