,BeforeEvaluation,AfterEvaluation
0,1784826374.4553928,
1,1784826379.3871832,1784826379.4006166
2,1784826379.4427767,1784826379.4574525
3,1784826379.4992461,1784826379.513506
4,1784826379.5574923,1784826379.5717947
5,1784826379.6138608,1784826379.6290386
6,1784826379.6684616,1784826379.682719
7,1784826379.724322,1784826379.738918
8,1784826379.7820423,1784826379.7962756
9,1784826379.8364973,1784826379.8512633
10,1784826379.8920383,1784826379.9065318
11,1784826379.9459558,1784826379.9605408
12,1784826380.0038693,1784826380.0179996
13,1784826380.0583284,1784826380.0732963
14,1784826380.118022,1784826380.1325665
15,1784826380.1716888,1784826380.1864464
16,1784826380.2301066,1784826380.2448592
17,1784826380.2808793,1784826380.2954319
18,1784826380.333374,1784826380.3490207
19,1784826380.392155,1784826380.406519
20,1784826380.4422514,1784826380.456563
21,1784826380.4973264,1784826380.512535
22,1784826380.55417,1784826380.5686011
23,1784826380.6051116,1784826380.6199822
24,1784826380.6588774,1784826380.6730535
25,1784826380.7143323,1784826380.7286181
26,1784826380.767717,1784826380.7824774
27,1784826380.820394,1784826380.8349514
28,1784826380.8754225,1784826380.8895903
29,1784826380.9254804,1784826380.9398837
30,1784826380.9785323,1784826380.9939811
31,1784826381.0309181,1784826381.0451987
32,1784826381.0806537,1784826381.0949502
