,BeforeLocalTraining,AfterLocalTraining,BeforeLocalPartialEvaluations,AfterLocalPartialEvaluations,BeforeEvaluation,AfterEvaluation
1,1786795340.18444,1786795340.2112188,1786795342.586837,1786795342.939575,1786795342.9771967,1786795342.9822454
2,1786795343.2543805,1786795343.295786,1786795344.695587,1786795344.9390917,1786795344.965088,1786795344.9694953
3,1786795345.3166277,1786795345.341389,1786795346.637196,1786795346.8809507,1786795346.907454,1786795346.9117804
4,1786795347.1630375,1786795347.1871452,1786795348.5518243,1786795348.9066036,1786795348.933132,1786795348.9373634
5,1786795349.0833557,1786795349.108151,1786795350.397795,1786795350.638724,1786795350.6681082,1786795350.6727526
6,1786795350.9251542,1786795350.9492517,1786795352.3701003,1786795352.608319,1786795352.635168,1786795352.6395562
7,1786795352.8944542,1786795352.9235246,1786795354.213896,1786795354.4548516,1786795354.481275,1786795354.4855108
8,1786795354.7450418,1786795354.769188,1786795356.671258,1786795357.6486917,1786795357.6827967,1786795357.6874425
9,1786795357.774444,1786795357.8157609,1786795359.172131,1786795359.4370873,1786795359.463522,1786795359.4681218
10,1786795359.797236,1786795359.8220584,1786795361.1924708,1786795361.4324265,1786795361.459313,1786795361.4636936
11,1786795361.720967,1786795361.746068,1786795363.0512695,1786795363.2945695,1786795363.323127,1786795363.3279002
12,1786795363.579577,1786795363.6052866,1786795364.969755,1786795365.212124,1786795365.2392476,1786795365.243785
13,1786795365.495482,1786795365.5198631,1786795366.8194344,1786795367.0635073,1786795367.0902483,1786795367.0946383
14,1786795367.3526757,1786795367.3779917,1786795368.7437637,1786795368.9857142,1786795369.0123672,1786795369.0166428
15,1786795369.2702043,1786795369.2953753,1786795370.5859942,1786795370.960073,1786795371.4727225,1786795371.4806945
16,1786795372.0705743,1786795372.209907,1786795373.8173556,1786795374.0665686,1786795374.093399,1786795374.098224
17,1786795374.4511425,1786795374.4771852,1786795375.7919588,1786795376.0308528,1786795376.0578344,1786795376.0622811
18,1786795376.3204181,1786795376.348068,1786795377.7076828,1786795377.945172,1786795377.971761,1786795377.9762785
19,1786795378.2413619,1786795378.2666,1786795379.5596662,1786795379.7978816,1786795379.8243423,1786795379.8286984
20,1786795380.0834363,1786795380.1074493,1786795381.4690764,1786795381.7130864,1786795381.741683,1786795381.7465005
21,1786795381.9918444,1786795382.015488,1786795383.3078547,1786795383.5492325,1786795383.575832,1786795383.5802445
22,1786795383.8339229,1786795383.8586643,1786795385.2155151,1786795385.4657779,1786795385.4924908,1786795385.4968674
23,1786795385.8795984,1786795386.054301,1786795388.0642965,1786795388.5257132,1786795388.5521247,1786795388.5562131
24,1786795388.7135293,1786795388.7380338,1786795390.1124673,1786795390.35479,1786795390.3818066,1786795390.386354
25,1786795390.6405933,1786795390.6648612,1786795391.950113,1786795392.1903036,1786795392.2171202,1786795392.2217476
26,1786795392.481056,1786795392.5058253,1786795393.7859616,1786795394.0279806,1786795394.054469,1786795394.0590165
27,1786795394.3113577,1786795394.3363912,1786795395.6955144,1786795395.939662,1786795395.9663877,1786795395.970795
28,1786795396.2242954,1786795396.2494676,1786795397.5347867,1786795397.7783284,1786795397.8049877,1786795397.8094196
29,1786795398.0593793,1786795398.0837557,1786795399.4413047,1786795399.6863391,1786795399.7128808,1786795399.7171793
30,1786795399.970907,1786795399.996403,1786795401.754188,1786795402.6511998,1786795402.6785278,1786795402.6834555
31,1786795403.0260239,1786795403.0508726,1786795404.4440691,1786795404.6864562,1786795404.713261,1786795404.7178059
32,1786795404.9741366,1786795404.9999661,1786795406.2852848,1786795406.527824,1786795406.5556617,1786795406.5604987
33,1786795406.817505,1786795406.841978,1786795408.208469,1786795408.4600074,1786795408.4869525,1786795408.4912858
34,1786795408.7422953,1786795408.7733314,1786795410.0699534,1786795410.3135085,1786795410.3404756,1786795410.344949
35,1786795410.5949738,1786795410.619391,1786795411.9738286,1786795412.2151551,1786795412.242611,1786795412.2473135
36,1786795412.5066905,1786795412.530787,,,,
