,BeforeLocalTraining,AfterLocalTraining,BeforeLocalPartialEvaluations,AfterLocalPartialEvaluations,BeforeEvaluation,AfterEvaluation
1,1786795340.1751754,1786795340.2017121,1786795342.5876265,1786795342.9223921,1786795342.95096,1786795342.9564285
2,1786795343.2554657,1786795343.2812924,1786795344.6963184,1786795344.9417164,1786795344.968328,1786795344.9727466
3,1786795345.316316,1786795345.340651,1786795346.6386688,1786795346.8861177,1786795346.9130037,1786795346.917509
4,1786795347.162646,1786795347.1871326,1786795348.5519025,1786795348.9028327,1786795348.929053,1786795348.9332936
5,1786795349.0822487,1786795349.1064453,1786795350.3978112,1786795350.6415732,1786795350.6682348,1786795350.6725595
6,1786795350.9255285,1786795350.9498518,1786795352.3714569,1786795352.6131477,1786795352.6402466,1786795352.6446834
7,1786795352.893184,1786795352.917813,1786795354.2144895,1786795354.4590697,1786795354.4861596,1786795354.4905784
8,1786795354.7453675,1786795354.7701828,1786795356.6711547,1786795357.6404405,1786795357.6774108,1786795357.6829667
9,1786795357.7737494,1786795357.8117123,1786795359.1702564,1786795359.420853,1786795359.448298,1786795359.4531755
10,1786795359.7959251,1786795359.8202462,1786795361.1937766,1786795361.4387162,1786795361.4679842,1786795361.47238
11,1786795361.722278,1786795361.754223,1786795363.0502276,1786795363.295793,1786795363.3226154,1786795363.3270473
12,1786795363.5783577,1786795363.6028101,1786795364.9696026,1786795365.2127156,1786795365.2394676,1786795365.2440038
13,1786795365.496238,1786795365.5209682,1786795366.8197253,1786795367.064392,1786795367.0910707,1786795367.0954192
14,1786795367.3535712,1786795367.377987,1786795368.7461076,1786795368.9920652,1786795369.019586,1786795369.0243678
15,1786795369.268407,1786795369.2932007,1786795370.5848048,1786795371.4856558,1786795371.935859,1786795371.947968
16,1786795372.090667,1786795372.2227988,1786795373.8160727,1786795374.0765505,1786795374.1031141,1786795374.1079206
17,1786795374.4519613,1786795374.4829717,1786795375.7921515,1786795376.0354588,1786795376.0647895,1786795376.0696836
18,1786795376.321015,1786795376.3457885,1786795377.7074127,1786795377.950041,1786795377.9771574,1786795377.9816456
19,1786795378.2393577,1786795378.264342,1786795379.5600257,1786795379.8025367,1786795379.829425,1786795379.8339536
20,1786795380.0823019,1786795380.106142,1786795381.470525,1786795381.7169285,1786795381.7438965,1786795381.748235
21,1786795381.9927177,1786795382.0214677,1786795383.3075404,1786795383.553554,1786795383.5804377,1786795383.5847864
22,1786795383.8326302,1786795383.8571718,1786795385.2134385,1786795385.4646256,1786795385.4920285,1786795385.4966197
23,1786795385.894155,1786795385.967579,1786795388.0627656,1786795388.4326553,1786795388.4599748,1786795388.4645376
24,1786795388.715772,1786795388.745903,1786795390.1114693,1786795390.3565004,1786795390.3835812,1786795390.388009
25,1786795390.6423635,1786795390.6668205,1786795391.949936,1786795392.1955254,1786795392.2228746,1786795392.227461
26,1786795392.4786541,1786795392.5038683,1786795393.7849922,1786795394.0365202,1786795394.0640218,1786795394.068361
27,1786795394.3110666,1786795394.3436108,1786795395.6963117,1786795395.9444466,1786795395.973077,1786795395.9777915
28,1786795396.2231274,1786795396.247784,1786795397.5355732,1786795397.7825027,1786795397.8096216,1786795397.8139958
29,1786795398.060369,1786795398.0852938,1786795399.4429357,1786795399.6883037,1786795399.714945,1786795399.7193851
30,1786795399.9700866,1786795399.9943874,1786795401.7345493,1786795402.3299062,1786795402.41278,1786795402.425961
31,1786795403.0272655,1786795403.0671277,1786795404.4448915,1786795404.6948478,1786795404.72236,1786795404.7268803
32,1786795404.9735398,1786795404.998187,1786795406.2862597,1786795406.5339956,1786795406.561103,1786795406.5656512
33,1786795406.8174555,1786795406.846616,1786795408.2032912,1786795408.4582949,1786795408.4859207,1786795408.4904802
34,1786795408.7427225,1786795408.771989,1786795410.0707715,1786795410.3161824,1786795410.3430471,1786795410.3475504
35,1786795410.5951777,1786795410.6198177,1786795411.9735706,1786795412.215361,1786795412.2422712,1786795412.2467608
36,1786795412.505628,1786795412.5299356,,,,
