,BeforeLocalTraining,AfterLocalTraining,BeforeLocalPartialEvaluations,AfterLocalPartialEvaluations,BeforeEvaluation,AfterEvaluation
1,1791252626.732804,1791252626.9508579,1791252635.3954706,1791252638.0096498,1791252638.8977597,1791252638.9419353
2,1791252640.3831608,1791252640.5937457,1791252648.8995066,1791252651.4982877,1791252652.3986092,1791252652.4423165
3,1791252653.6387107,1791252653.850222,1791252662.0575886,1791252664.673714,1791252665.565506,1791252665.608893
4,1791252666.7922611,1791252667.0085008,1791252675.1476295,1791252677.7472327,1791252678.6525216,1791252678.695794
5,1791252679.9224858,1791252680.1316373,1791252688.4586883,1791252691.066617,1791252691.9800537,1791252692.0232706
6,1791252693.2104537,1791252693.4447114,1791252701.5341675,1791252704.485307,1791252705.384337,1791252705.4271321
7,1791252706.6458335,1791252706.8584073,1791252715.121613,1791252717.7127216,1791252718.7635515,1791252718.8083029
8,1791252720.0421789,1791252720.2555575,1791252728.4633088,1791252731.0730078,1791252731.9536314,1791252731.9969234
9,1791252733.3150346,1791252733.533078,1791252741.816103,1791252744.399433,1791252745.1397703,1791252745.1831532
10,1791252746.5332437,1791252746.7426164,1791252755.1667244,1791252757.767901,1791252758.6455436,1791252758.688853
11,1791252759.9188936,1791252760.1335888,1791252768.4849656,1791252771.0809605,1791252771.9849296,1791252772.0291088
12,1791252773.2482424,1791252773.463918,1791252781.982155,1791252784.5757835,1791252785.4676437,1791252785.5107658
13,1791252786.79501,1791252787.0092342,1791252795.411029,1791252798.0033426,1791252798.9142327,1791252798.958075
14,1791252800.168973,1791252800.3813102,1791252808.6444163,1791252811.2329834,1791252812.0487995,1791252812.0922048
15,1791252813.457474,1791252813.6678097,1791252821.778098,1791252824.6359808,1791252825.5502734,1791252825.5948768
16,1791252827.0285947,1791252827.2403965,1791252835.2766473,1791252837.8963196,1791252838.9373584,1791252838.9815123
17,1791252840.2359252,1791252840.4491205,1791252848.6003184,1791252851.1962664,1791252852.1276312,1791252852.1706398
18,1791252853.5125086,1791252853.729832,1791252861.80694,1791252864.4043028,1791252865.1923041,1791252865.236157
19,1791252866.5923533,1791252866.8091688,1791252874.9251919,1791252877.5386713,1791252878.49372,1791252878.5375202
20,1791252879.7780766,1791252879.995657,1791252888.2037373,1791252890.8220685,1791252891.761787,1791252891.8053463
21,1791252893.0591333,1791252893.2686386,1791252901.4340703,1791252904.0319445,1791252904.8627095,1791252904.9063215
22,1791252906.158896,1791252906.369478,1791252914.8270257,1791252917.5395086,1791252918.3425426,1791252918.3868678
23,1791252919.6229017,1791252919.8339262,1791252928.0327618,1791252930.855945,1791252931.8096874,1791252931.853663
24,1791252933.04064,1791252933.2505233,1791252941.513535,1791252944.4412167,1791252945.365184,1791252945.4078927
25,1791252946.736146,1791252946.9470236,1791252955.2915761,1791252957.8728566,1791252958.8635743,1791252958.9076607
26,1791252960.1974049,1791252960.4079406,1791252968.5099082,1791252971.1083663,1791252972.040012,1791252972.0839283
27,1791252973.5380921,1791252973.7498078,1791252982.015992,1791252984.6224296,1791252985.573161,1791252985.6166027
28,1791252986.8577685,1791252987.0698154,1791252995.312667,1791252997.8932116,1791252998.7434695,1791252998.7873893
29,1791253000.212307,1791253000.4234757,1791253008.703889,1791253011.3423073,1791253012.2841237,1791253012.3268116
30,1791253013.5352166,1791253013.7474074,1791253022.1920958,1791253024.777136,1791253025.618134,1791253025.66295
31,1791253027.1236477,1791253027.3339972,1791253035.5624683,1791253038.1928535,1791253039.0649807,1791253039.1084313
32,1791253040.4001877,1791253040.614736,1791253048.8703496,1791253051.4943113,1791253052.4487932,1791253052.4924693
33,1791253053.7065327,1791253053.920924,1791253062.3050213,1791253065.1631355,1791253066.0151947,1791253066.0593593
34,1791253067.5804057,1791253067.7916024,1791253076.0310187,1791253078.789641,1791253079.7238908,1791253079.7674928
35,1791253081.0773048,1791253081.289322,1791253089.72489,1791253092.3230112,1791253093.213824,1791253093.3523064
36,1791253094.6940045,1791253094.9036055,1791253103.3372922,1791253105.9601765,1791253106.8727622,1791253106.916075
37,1791253108.2958298,1791253108.5360548,1791253116.791913,1791253119.3964777,1791253120.2144148,1791253120.2586696
