Round,Evaluator,5,3,2,4,1,0
0,0,,,,,,
0,1,,,,,,
0,2,,,,,,
0,3,,,,,,
0,4,,,,,,
0,5,,,,,,
0,Aggregated,,,,,,
0,Centralized,,,,,,
1,0,0.0063045021519213635,0.06330059246653665,0.15457193268761546,0.0779664005229427,0.05088507327600321,0.06253205074542016
1,1,0.010526355290707633,0.047867255763899844,0.14155022761958855,0.06400658166757564,0.06436249755570775,0.06028311994634602
1,2,0.003947124295356251,0.061146532745732736,0.1408394222157632,0.08509148946274571,0.046199444969446,0.07944102744410146
1,3,-0.0013541624501244875,0.0737386507670727,0.137686946470072,0.08784260983236823,0.052962052225426395,0.053357354149663465
1,4,-0.0065145640320904445,0.05897745123732193,0.17571678234684857,0.08327150641036513,0.07359070742383589,0.0493246464536674
1,5,-0.020326995498566054,0.046360020145354,0.13332820003267,0.084156910665982,0.07149737320549872,0.04748238342501102
1,Aggregated,-0.0009235428340726412,0.05876237736575026,0.14718282798155255,0.08038572107843388,0.05995696514188957,0.0588409894247909
1,Centralized,-0.0009235428340726412,0.05876237736575026,0.14718282798155255,0.08038572107843388,0.05995696514188957,0.0588409894247909
2,0,0.062317613929237785,0.04300292375197551,0.05979753136631762,0.0357203679733624,0.04355059579162622,0.05602957816426039
2,1,0.06031992794466443,0.051132977651237296,0.04163814761604835,0.037057395648565285,0.0567927459793742,0.045022918472109166
2,2,0.06513175741970094,0.041520427538882784,0.05561020451689607,0.03613621296958546,0.04361126744019149,0.04775551609022797
2,3,0.06360270097086447,0.053286663323708496,0.05440302745780641,0.043157607991307786,0.06095678592819825,0.03812639400828469
2,4,0.0574957879115505,0.045922062155856855,0.05081580654720727,0.02539359882559374,0.05538386263428036,0.04760174700581711
2,5,0.07311714712798326,0.0603734288754892,0.061166372185609025,0.05978062017703049,0.06724172266214865,0.03997147967872159
2,Aggregated,0.06363342037221621,0.04920296188730312,0.05388318626919543,0.03948400382868929,0.05445157896871013,0.04579829142512408
2,Centralized,0.06363342037221621,0.04920296188730312,0.05388318626919543,0.03948400382868929,0.05445157896871013,0.04579829142512408
3,0,-0.02016538749064368,-0.006184462767765654,-0.009698826574372956,0.03112104391011426,0.008236281877253915,0.020020160457686446
3,1,-0.027267438230854403,-0.010534207795371304,-0.00496231437570742,0.03282740606931265,0.0029545158730296278,0.03776055202306381
3,2,-0.016950812221446072,-0.017269827324319958,-0.006924584817165025,0.03141622252405688,0.007087902519790477,0.018169093397193376
3,3,-0.016214516408246536,1.0411588765112883e-05,0.0006048745067835519,0.009746506931676436,0.012182938730671106,0.009103777785405867
3,4,-0.01459789826693065,-0.003688765551230158,-0.0009692737518695316,0.02711785162644824,-0.002660880605151651,0.020769082529193586
3,5,-0.013680009963052518,-0.016676513178106176,-0.0064860638546410335,0.02091218231366506,0.013095962255600576,-0.0003421450881262176
3,Aggregated,-0.018226179771568138,-0.008979678767637566,-0.004837812083753553,0.025733804441039756,0.006699567587649678,0.017805752563151585
3,Centralized,-0.018226179771568138,-0.008979678767637566,-0.004837812083753553,0.025733804441039756,0.006699567587649678,0.017805752563151585
4,0,0.003216903274163783,0.010311027551092018,0.0028693084215634696,0.005900249324668108,-0.000439037291044406,-0.00792309571391894
4,1,-0.015733632285364254,0.014386200518250252,0.0069348426356490005,0.005882909481589043,0.0012786458960127559,0.0022708655022982004
4,2,-0.0005728265835178923,0.013381094325909358,0.004033544221218631,0.0012131267175464718,-0.003767766907791064,-0.004873069649952289
4,3,0.00020207232744801784,-0.008084083100995844,-0.007957765739268197,0.00928483627243673,0.005351066397513312,-0.007400698133769026
4,4,-0.005104049774044763,0.00545642639680767,0.007642501396270172,0.009261694379807247,0.002120060359712213,0.005679619511722447
4,5,0.008644982445164207,-0.004441825489961117,-0.0084025190847303,0.008775870622601607,0.005574497913147161,-0.012650250640069657
4,Aggregated,-0.0016945370791500774,0.005286668027811049,0.0009802750764100828,0.006689207618674168,0.0015505905628743963,-0.003972218301046739
4,Centralized,-0.0016945370791500774,0.005286668027811049,0.0009802750764100828,0.006689207618674168,0.0015505905628743963,-0.003972218301046739
5,0,-0.008586055920803217,0.0017840488572804618,-0.00022672675890671455,0.01207389669697781,0.016738225254907618,-0.0042749681195727255
5,1,-0.010628403085666212,-0.004897670891044399,0.005094108977533153,0.015508409632433716,0.022418751947968177,-0.002170069668601979
5,2,-0.01251765474042979,0.002161575314359318,0.0011832604456758656,0.012009713414804694,0.019403769903325208,-0.0022962586240566183
5,3,0.003329871358969832,-0.006807044293483883,-0.0008513783079805875,0.01831706898333844,0.017688427699707757,0.006174803028380708
5,4,-0.014191778720608807,0.0034794099947745216,0.00316641072135097,0.008802882757188569,0.012316193477939972,-0.0012340457088354428
5,5,-0.00422810205459488,0.0012664413638950286,-0.004918800416275008,0.00966735291360533,0.014989399085947826,0.007365617878554125
5,Aggregated,-0.007924712948715806,-0.0004660330248969206,0.0006086521863796599,0.012761430348672546,0.017290254713668213,0.0004909025798911855
5,Centralized,-0.007924712948715806,-0.0004660330248969206,0.0006086521863796599,0.012761430348672546,0.017290254713668213,0.0004909025798911855
6,0,-0.0074405547682122744,0.01001078015976184,-0.0036155764720308724,0.024552335683943872,0.0055327253530888425,-0.011160010880520608
6,1,-0.005322453367317433,0.006543055463491058,-0.017217913563768204,0.020742239834090643,0.00363973736695553,-0.0170363966689119
6,2,-0.005447430056730527,0.0013236593886045136,-0.007335806872492703,0.025763972378209567,0.0032735870162455506,-0.006718868636418617
6,3,0.0038045909203300817,0.01348122654474792,-0.01390800171490269,0.014723024262830394,-0.004500588332168612,-8.406463293340003e-05
6,4,-0.008723687159286795,0.002915333083038238,-0.008829829955306928,0.01640011338278961,0.0020906994691349454,-0.016181927341397354
6,5,-0.0015118653808386322,0.009939895213744698,-0.01056449651214143,0.013026305444530515,-0.0020733111115462844,0.0017230759460291716
6,Aggregated,-0.004169211733887831,0.007323129419046818,-0.010242444495697622,0.01932034413706526,0.0013644059775459276,-0.008397615430049458
6,Centralized,-0.004169211733887831,0.007323129419046818,-0.010242444495697622,0.01932034413706526,0.0013644059775459276,-0.008397615430049458
7,0,0.006146884227843269,0.0042459136714365475,-0.004738185692637314,0.012715522481080998,0.005479080156361022,0.00703893732991028
7,1,0.00527824997036789,-0.0056532183373506975,-0.011144218346371249,0.012552319610960505,0.005920829093529817,0.0048333021971310435
7,2,0.011977412922388384,-0.004016370692732716,-0.009712536163637249,0.014917211140924742,0.007072221475402025,0.006593147746329572
7,3,0.005405372619914687,-0.0011420104677581978,-0.004248610570098157,0.01090887617073721,0.0012284121597496275,0.006519423120284884
7,4,0.010603400660573234,-0.0006873236537290482,-0.010477663120094547,0.01099996960515625,0.004784852130111258,-0.002924261859395417
7,5,0.008024870052256952,0.0016470203542770629,-0.0022611154452249625,0.005711777786532558,-0.0011068361561241166,0.008608331835559955
7,Aggregated,0.007952783487721214,-0.0009135844428856972,-0.007217509727944494,0.011363794492086646,0.003951945654660059,0.005044323166206853
7,Centralized,0.007952783487721214,-0.0009135844428856972,-0.007217509727944494,0.011363794492086646,0.003951945654660059,0.005044323166206853
8,0,-7.702498978654493e-05,-0.0005510296367908527,0.006939120444931697,-0.0032368787732592933,-0.008252024330094188,0.015218357532199661
8,1,-0.0036944449386859244,-0.004784229405747884,0.00803307974132768,-0.001493674923482648,-0.00048579389115561636,0.02056801114574648
8,2,0.0051796130966042615,-0.0008428303188833731,0.009795199692044053,-0.0059786158092717786,-0.007061395787638718,0.019219290590015294
8,3,-0.001994894975007306,-0.0064496821734298885,0.004334112245182084,0.0009589915699063035,-0.0009845557967861425,0.011726493988141844
8,4,-0.0035336444227994875,-0.003595964207034245,0.007725634460952176,-0.009112086297885407,-0.004374396331431059,0.015393442818896002
8,5,0.0026834033319300932,-0.006523375993762894,0.007395730328988224,0.005287399307672133,-0.00467916845470619,0.008881408948655434
8,Aggregated,-0.00028126947672060993,-0.003729669943903506,0.0073072411484848086,-0.0023260833326806643,-0.004316548151088462,0.01526265173695171
8,Centralized,-0.00028126947672060993,-0.003729669943903506,0.0073072411484848086,-0.0023260833326806643,-0.004316548151088462,0.01526265173695171
9,0,-0.00030999686693707523,0.0014958737651358872,0.006597478377518292,0.006342248135097746,-0.01638952281320668,0.004243303240313486
9,1,-0.00866373588674434,0.009692518071672212,-0.00032302610075456986,0.018148278286686966,-0.017995691872336708,0.008306991586473586
9,2,-0.0007929420500561132,0.005808780004364186,0.0018924670150888149,0.008516855291717949,-0.0139433486953519,0.006309659632790125
9,3,0.002163684783824779,-0.0022426356340895584,-0.0004615036168542789,0.0065900033893813775,0.0010801217623860116,0.002858510265600996
9,4,-0.0002032997994623235,0.006503317799070801,-0.0005447211187546245,0.015057363442402308,-0.006398668265969438,0.00591294256451295
9,5,0.0024815528918184326,0.0013153405188524915,0.0028883495043708603,0.007688524240040939,-0.00913916383446681,0.0036453025845728255
9,Aggregated,-0.0009520110547891832,0.0038197365242001297,0.0016715486646020304,0.010467485145540028,-0.010572373397481186,0.005233088151498862
9,Centralized,-0.0009520110547891832,0.0038197365242001297,0.0016715486646020304,0.010467485145540028,-0.010572373397481186,0.005233088151498862
10,0,-0.028133545765693428,-0.0010617157205510023,0.0009221337244186111,0.00867743950426425,0.0037942202362159197,-0.006767508237905044
10,1,-0.02415303447745386,-0.002760007152502422,-0.0010464976711546355,0.004505609271851797,0.008793376814039007,-0.00815247883180846
10,2,-0.023084413223075723,-0.005000276518386245,0.001636082409355667,0.005390910460198549,-0.0010079569349661088,-0.005679571583823553
10,3,-0.021504018201191518,0.0017671131544269355,0.003813654674636732,0.008888823408012149,0.008061606600530109,0.0012645131093666489
10,4,-0.020523501060081537,-0.003991581991159043,0.0007544105501959941,0.004695478918843205,0.012093786877171487,-0.006464767732790323
10,5,-0.008851766583086786,0.001048047265743024,-0.0023467484418224984,0.008361184119534688,0.0015055517224277933,-0.00854646836969944
10,Aggregated,-0.02114450178623451,-0.0016799418572141993,0.0006261873447735803,0.006750540749411023,0.005584918864130124,-0.0057222961174145
10,Centralized,-0.02114450178623451,-0.0016799418572141993,0.0006261873447735803,0.006750540749411023,0.005584918864130124,-0.0057222961174145
11,0,-0.018616467752306756,0.011916396085309526,0.00996344987246246,0.00531741807482786,-0.0026533572011318406,0.016714579277139853
11,1,-0.03158008380136554,0.013138500086095168,0.008133326703517072,-0.000660423197031489,0.002002432401969143,0.02809424650234452
11,2,-0.011939535516656526,0.009110536710317203,0.007085213067440108,0.00522170914804381,-0.002819826094668867,0.018476817557974205
11,3,-0.021975218956921658,0.011886960999077198,0.004747634658342752,0.000331999718694121,-0.002234153872999397,0.012530941102765362
11,4,-0.0264119443675763,0.009538519157598813,0.00590663677424399,-0.000812375346217539,-0.0013862120423332412,0.01118983183027417
11,5,-0.00982110107456798,0.008902199475859511,-8.254913044140673e-05,0.002852741630468213,-0.0014076672802026664,0.015521413889024453
11,Aggregated,-0.020145897086367413,0.010793166879301534,0.0060034540204270915,0.0020242041965125458,-0.0014196625283275036,0.017132613513612227
11,Centralized,-0.020145897086367413,0.010793166879301534,0.0060034540204270915,0.0020242041965125458,-0.0014196625283275036,0.017132613513612227
12,0,0.010045597517097734,0.00145711979374611,0.004280655307304846,0.007527019463359286,0.00510946672088663,-0.011408309330421463
12,1,0.004717382171011045,0.003132829820569565,0.0034735951177884464,0.009386903996954804,0.013179643599326418,-0.007348853623626546
12,2,0.0027903812615609667,-0.0031552183292708753,0.0019428877434663886,0.010066951732523869,0.01042071065333048,-0.009380300227770559
12,3,0.01422248431435041,-0.003654027306345682,0.0004792420114002623,0.005505926298592339,0.006834682494241089,-0.018499845854050987
12,4,0.006737241682102916,0.0008374438884325905,-0.001602974414598135,0.00854468441040174,0.012010573185558555,-0.00590056106230287
12,5,0.012579872095478943,-0.0020708457048383227,-0.0018315406275463797,0.004659171172281209,0.004967243621353722,-0.022927917575004474
12,Aggregated,0.008443417921641912,-0.0004955661485726366,0.0011518446625374175,0.0076344320288509815,0.008744557355092315,-0.012423082454654214
12,Centralized,0.008443417921641912,-0.0004955661485726366,0.0011518446625374175,0.0076344320288509815,0.008744557355092315,-0.012423082454654214
13,0,0.01205676274081544,-0.009928183251229353,-0.0073305277744157155,0.009024272095645793,-0.019053994220817435,-0.006153020122414213
13,1,0.005738045146851292,-0.014163336216040543,-0.009205702486548083,0.007950910610984454,-0.020961171191928755,-0.009159265088949216
13,2,0.013004878523176357,-0.014655648211458781,-0.00786835445829675,0.010932963312200259,-0.02011538518742199,-0.005765741262189968
13,3,0.013758714885781537,-0.006228288623668128,-0.005350668167755632,0.011961841567588989,-0.014228370836166014,-0.000829347944141046
13,4,0.010643489038773778,-0.012865600200345084,-0.0047031074318878326,0.01179853840653958,-0.02070354822853367,-0.006537354797725034
13,5,0.012598598657993784,-0.002770303339982173,-0.004784682164052688,0.011007894367645037,-0.011574870714978269,-0.0005876550089789786
13,Aggregated,0.011252619441148614,-0.010145668276608961,-0.006553103707637809,0.010390742095288672,-0.017796716966895464,-0.004872081920809913
13,Centralized,0.011252619441148614,-0.010145668276608961,-0.006553103707637809,0.010390742095288672,-0.017796716966895464,-0.004872081920809913
14,0,0.006304922129949889,0.002942803081036327,0.00728296877468808,0.0037813686753156977,0.0034948530173047497,0.002632006163892643
14,1,0.0054328836932057475,0.008218082346200932,0.006476658016262065,0.0017034800740377183,0.0037117722250693663,0.011817195069374386
14,2,0.00659344637228805,0.008312132981498488,0.006409083215862952,0.004113685173456568,0.0019314671976075914,0.002143916967563876
14,3,0.007291436372575693,0.007157497773549422,-6.193418460902304e-05,-0.002416670651921234,0.0010471720872317516,0.0029255704955436805
14,4,0.005900391891154637,0.008406308541871974,0.0022446798515276577,-0.00017385568089173427,0.005051365076110074,0.010888126312470561
14,5,0.007188570421993676,0.008273714611503153,0.002242723917648659,-0.007519560394373418,-0.0010101830100099445,0.004946448460296936
14,Aggregated,0.006425055726502588,0.007213380675361329,0.004113718278896413,8.245293404968158e-06,0.002406691035469103,0.005909887832489027
14,Centralized,0.006425055726502588,0.007213380675361329,0.004113718278896413,8.245293404968158e-06,0.002406691035469103,0.005909887832489027
15,0,-0.005877838982451635,0.010195165326424593,-0.01999529195266217,0.005545403637025276,-0.012759356619254023,-0.006062408683921769
15,1,-0.0033339841438227934,0.007224058125456357,-0.022867115392865317,0.003943411593670338,-0.01715705762034932,-0.002860876704824204
15,2,-0.0010074735277558274,0.009385996794336784,-0.015353217228999879,0.009338763173441494,-0.014955696426019174,0.00045861042647665957
15,3,-0.004618488753366697,0.012178850639444882,-0.02172653373639035,0.008789644922157384,-0.013155185875887862,-0.0024529165071579826
15,4,0.0004063101901926917,0.010232677999240773,-0.01884792476652599,0.004711164708567213,-0.016667404516949966,-0.0020236886500640343
15,5,0.00043058411132444556,0.007627575043452008,-0.01713328783068835,0.005366634660125473,-0.010435261661033441,2.665471334013699e-05
15,Aggregated,-0.002385160445484656,0.009482020070063261,-0.01936794763992907,0.006284883809999952,-0.014193593934135744,-0.0021688448847753104
15,Centralized,-0.002385160445484656,0.009482020070063261,-0.01936794763992907,0.006284883809999952,-0.014193593934135744,-0.0021688448847753104
16,0,0.001484216821377353,0.006182723527448873,0.005891128533448156,0.011191994322100477,-0.002686169181687734,0.0044122752887924615
16,1,0.0033125544330750395,0.006034212922633871,0.01031132553294904,0.014452083646467282,0.0020620302710611447,0.0014000265861968287
16,2,0.0025526069692767693,0.004585819199106226,0.006044363061532607,0.008060560048239601,-0.002065218793945701,-0.007204017943898644
16,3,0.008176201398584746,0.004835869574851408,0.003596393866420633,0.00982750577016358,-0.00453084706016365,-0.0033193694334201027
16,4,0.00519079386312264,0.001221642029834271,0.006499113382052462,0.010746247205741462,-0.0003649174448908906,0.004008774766104081
16,5,0.008735427344929849,0.005631323602241498,0.0077863184878333705,0.00919180558722824,-0.010376618464486145,-0.012016563700570606
16,Aggregated,0.004854268216303862,0.0047615293883392,0.006667405136700704,0.010588227099334378,-0.0028939791572632173,-0.001999030772715527
16,Centralized,0.004854268216303862,0.0047615293883392,0.006667405136700704,0.010588227099334378,-0.0028939791572632173,-0.001999030772715527
17,0,0.009471551162313756,-0.012592527733705087,-0.0010524075339601307,0.00012878385901533192,-0.0033646819784515156,-0.011242586209177712
17,1,0.00714435201163772,-0.015538518672494919,-0.0005424697086153522,0.003730502182383323,-0.002504809525617697,-0.011854147317318105
17,2,0.010147018642767722,-0.008278947011828804,0.005134657961093095,0.0014757759843456878,-0.0038835171011202462,-0.013445203180387437
17,3,0.01428173573997044,-0.010988277680312068,-0.0043673079295526935,0.000996421686991623,-0.0014276432859761604,-0.018990438156743374
17,4,0.012311016369571584,-0.014240783418473592,0.0008483468351054418,-0.0041084628429291035,-0.0038493615108877327,-0.015343294593623134
17,5,0.005927302070500426,-0.005243877548326613,-0.0017526455413340166,0.007109186993304756,0.0028051027471090303,-0.004235522565244002
17,Aggregated,0.009898358009188861,-0.011200782829637733,-0.00030415920397539167,0.0015062830769436856,-0.0020905869041331904,-0.012563771600115447
17,Centralized,0.009898358009188861,-0.011200782829637733,-0.00030415920397539167,0.0015062830769436856,-0.0020905869041331904,-0.012563771600115447
18,0,0.005150122821171694,0.0034898922974477037,0.0036191939280452523,0.007858202240770468,-0.001060675004641104,0.009597473057284043
18,1,0.0011006776589085783,-0.004022254824549792,0.00527341554666516,0.011801976317306423,0.009317393698028401,0.011052055336772598
18,2,0.006446521014710383,-0.0011469568775178533,0.0019340931511498583,0.008532062909741159,0.0057650160815648655,0.007589210316005121
18,3,0.005182508767040346,0.0033986820591926053,0.0065726775419778635,0.007801425484543585,0.0024480015791918646,0.0025807943037589633
18,4,0.002480523274707706,0.005407687518036019,0.006115932130220804,0.009783411518964795,0.0012761457741890842,0.00929331238359161
18,5,-0.004781230066500787,-0.009441522545692877,0.002739849193541801,0.0066956452654328225,0.011174662170834614,-0.0003010573960172902
18,Aggregated,0.002630614744987099,-0.00025867335377035563,0.004364528649115944,0.008764629640425368,0.004747338627794993,0.006717982657380442
18,Centralized,0.002630614744987099,-0.00025867335377035563,0.004364528649115944,0.008764629640425368,0.004747338627794993,0.006717982657380442
19,0,0.008183005341582665,-0.004483841781470525,-0.004228566548177156,0.008101744228551928,0.0014431608207005234,-0.008813940502036337
19,1,0.013458805912942573,-0.008308122308023198,-0.011512376665680077,0.014017421375640028,0.005096229306183111,-0.017362172779752213
19,2,0.006551333725273596,-0.010961620385435503,-0.004233235820428314,0.010928904521062264,0.0001493894816933236,-0.010087205956643235
19,3,0.0036708328850951037,-0.006027089398305121,-0.00650015188806747,0.006904993628897418,0.0016972959277123808,-0.009674500031233784
19,4,0.009233544674293636,-0.004789455105417854,-0.011002062350140803,0.004480104538559435,0.0027411476595072684,-0.01119228350900955
19,5,0.004954962733532719,0.00033326324637954853,-0.008538764265483874,0.0034644648874552248,0.004054803260353874,-0.004841302931585946
19,Aggregated,0.00769315074223435,-0.005745064615834215,-0.007667531409364305,0.00802423097216099,0.0025230015966463963,-0.010366627749962122
19,Centralized,0.00769315074223435,-0.005745064615834215,-0.007667531409364305,0.00802423097216099,0.0025230015966463963,-0.010366627749962122
20,0,-0.005506427191593196,-0.010038497006584247,0.009758487150879116,0.0028711467867655375,-0.012216496985008053,0.00021566910595321515
20,1,-0.006829938006932741,-0.007279963935033533,0.010661069608017631,0.003115098158095844,-0.008111785357124932,0.0010643993265000789
20,2,-0.001865451738737044,-0.004444610227352024,0.006828317913669569,0.006433730418181434,-0.007686589113431943,-0.004163970533643708
20,3,-0.005771364500324843,-0.0036134944322175062,0.0071616207779264755,0.007901993288347951,-0.005983632217315723,0.0003131951880154992
20,4,-0.003167803800931198,-0.007010042843779601,0.00865137793279527,0.003182511957891803,-0.011910184675678701,0.005376295890699699
20,5,-0.014141625851494394,0.005362203500546248,0.0087145129078231,0.007602928005422537,-0.0002263477608287795,-0.009875224666658418
20,Aggregated,-0.006154218155035401,-0.004574551978116165,0.008611868151025832,0.0051667470060513115,-0.007759104879028584,-0.0011065807454066407
20,Centralized,-0.006154218155035401,-0.004574551978116165,0.008611868151025832,0.0051667470060513115,-0.007759104879028584,-0.0011065807454066407
21,0,0.005096036636392331,0.0016501457124238098,0.0009766691120177287,0.003336866055097028,0.0035981247057224972,0.0028316218502406104
21,1,0.006251591858238928,0.002578530419054267,-0.008592450825639374,-0.0024180673235107883,0.010406538976621775,0.004225028246725584
21,2,0.001409145915985649,-0.0008624205278960184,-0.0040591426052370705,-0.0027647822306823572,0.004276575092393285,-0.0008586493824077076
21,3,7.221708684737779e-05,0.0015876944482976028,-0.0007835847413646661,0.002367563592332818,0.000853062926141542,0.0009678478492521995
21,4,-0.0019182103283015986,-0.001515463764794211,-0.002777789688061343,0.005413651905945068,0.006222005132227975,0.004496145478244106
21,5,0.007163637541921745,0.0016007324299742217,-0.0036899932840477236,-0.0016050615125039044,0.0060751437597213786,0.0009275505052421418
21,Aggregated,0.002958197793600992,0.0008195660273054405,-0.0031676022150166584,0.0007738206534517196,0.005226315934627072,0.002117354749500205
21,Centralized,0.002958197793600992,0.0008195660273054405,-0.0031676022150166584,0.0007738206534517196,0.005226315934627072,0.002117354749500205
22,0,6.26663632970037e-05,-0.0007482792604907713,0.0034632694322168016,0.004476221755076551,-0.010163997256004935,0.00038170031375175386
22,1,-0.004995321523999415,-0.0013020266459622231,0.0058148342305927615,0.01251408117204466,-0.017110080859932295,-0.002356761470549808
22,2,0.002588666602478535,0.0016029799515894104,0.004043337248818837,0.008450185446192363,-0.005815232831290238,-0.0005066778274085582
22,3,0.0010531084647108114,0.000920880478190019,0.001985370492458971,0.0032630949474499807,-0.00804200824934058,0.0034481229594752107
22,4,-0.0025204154746805087,0.0012402606540287426,0.0003362911118333164,0.00996275739606452,-0.004813935513106048,-0.0016650610361517392
22,5,-0.001725987734835421,-0.0016738929968506554,0.005031627318767908,0.004571072779561465,-0.003405817998844052,-0.0029432251428569223
22,Aggregated,-0.0009124116605845278,6.483624135856791e-05,0.003363735408954958,0.007227130104910385,-0.008243714465849076,-0.0005518913349534749
22,Centralized,-0.0009124116605845278,6.483624135856791e-05,0.003363735408954958,0.007227130104910385,-0.008243714465849076,-0.0005518913349534749
23,0,0.004238079640135058,6.3194537880303e-05,-0.0005826963474186819,-0.001972486756653436,-0.002263437958602411,-0.0022322729559265753
23,1,0.007861280607512993,0.001324616073873895,-0.000992062965662129,-0.0037882299091562283,-0.0007410030749940054,0.0011568905009402978
23,2,0.0027498822925816208,-0.0018416266804647807,-0.0016698711656406944,-0.0019401750789504735,-0.0004156303056583155,0.0004286536329312427
23,3,0.0028162281707896164,0.002242859807743061,0.0010493454316121567,-0.0028304518242204934,-0.0033774726042413088,-0.00022471474188869362
23,4,0.0015317406025340805,0.005308430584904355,-0.0021643246804446087,-0.0005538975763105298,-0.002635469907999133,-0.0014442344922258586
23,5,0.001236923590437683,0.0027455385241172228,-0.0033563952278637104,0.0015325275473730626,0.006330202397704981,-0.010878488817843224
23,Aggregated,0.0034073833137950984,0.0016264523394925279,-0.0012919790435389007,-0.0015935085011944353,-0.0005590399951213554,-0.002128469859348438
23,Centralized,0.0034073833137950984,0.0016264523394925279,-0.0012919790435389007,-0.0015935085011944353,-0.0005590399951213554,-0.002128469859348438
24,0,0.005350237303979455,-0.003315396715868895,0.00518252156419814,0.0031784913578917565,0.0015270480896633829,-0.00659816178885069
24,1,0.005271569149745523,-0.011469797483556279,0.003798899082331471,0.00320027772653074,0.005847999970495797,-0.011552429647165543
24,2,0.0030884463548809644,-0.0020804560301749433,-0.002897358184454255,0.0008097958770077389,0.0038481945038961666,-0.0027167151595142935
24,3,0.0021557374163604925,-0.006921117757302946,0.00219063162032409,0.004080944192098964,0.003707092717466548,-0.007553698419748126
24,4,0.004688132168724762,-0.005710866577049958,0.002427475001083238,0.004367128601713811,0.006334033680590087,-0.012167328715037496
24,5,0.0031207017032273423,-0.0005321744474681849,-0.001041088821419036,0.0006522241072939787,-0.004079936690077718,-0.006317297948826604
24,Aggregated,0.003927024240089653,-0.0050020340174882294,0.0015955584090339525,0.0027635119683783104,0.0029080008328691517,-0.007802092267635046
24,Centralized,0.003927024240089653,-0.0050020340174882294,0.0015955584090339525,0.0027635119683783104,0.0029080008328691517,-0.007802092267635046
25,0,0.0019374339905819345,-0.0005025193413319844,-2.793196635747508e-06,0.00046812452965129813,-0.00300723520344764,-0.0013970079115637123
25,1,0.0022503812760959877,-0.0010429098516206196,0.0015175702039435357,0.005350106551470628,-0.00788443345481578,-0.0027001352600795566
25,2,-0.0017449349968407062,-0.0027198129921432086,0.005499651129907595,-0.0009898403430386783,-0.0028338153412577356,0.0028217664438617666
25,3,-0.0017811738958370602,0.0020487437611761525,0.0009876427346038176,0.001832915594206633,-0.0006526878777798269,0.0025707103078824217
25,4,0.0022392677607271263,0.0007906232103813708,-0.001734443827114,0.0062040697613711315,-0.0027426661458126705,0.0003407318208710689
25,5,-0.003523036795881115,0.0016496559904231084,0.0033411654175589333,0.00011167764871382232,0.006668779598388694,-0.0028264172704633673
25,Aggregated,-0.00013024035373179939,2.4920145705503715e-05,0.0015648210799061022,0.0021830957380197685,-0.001788992522724982,-0.00015816687981794474
25,Centralized,-0.00013024035373179939,2.4920145705503715e-05,0.0015648210799061022,0.0021830957380197685,-0.001788992522724982,-0.00015816687981794474
26,0,0.0021543631768585593,0.0028954009265202787,0.001009425848081454,0.0024932350054489346,-0.006424964447052687,0.00010532303166291279
26,1,0.00490100802399759,0.006211173664520286,-0.0007548747658641608,0.0024721059952894277,-0.005791781227234526,0.005317274389141925
26,2,0.0009359453936975737,0.004020868559862707,0.0011649725152547141,0.0029873231620006677,-0.007438453960363821,0.0033915911791666123
26,3,-0.0027048994672816593,0.002997743248978731,0.0010431837686790467,0.004130507331811514,-0.007353579468173931,0.0043463190393562435
26,4,0.0024189847389470345,0.00394624164156213,-0.0034867921472100582,0.002129072761317944,-0.007617120095532097,0.000459367536527833
26,5,-0.00030735070345360886,0.007365533309806298,0.001701169518261112,0.008244061616680256,-0.01855044089600301,0.0019199460276102384
26,Aggregated,0.001233133905541292,0.004543701250637971,7.467781266041196e-05,0.0037046480986228634,-0.008776045410082629,0.0025926320011904467
26,Centralized,0.001233133905541292,0.004543701250637971,7.467781266041196e-05,0.0037046480986228634,-0.008776045410082629,0.0025926320011904467
27,0,-0.018593122019143152,0.003251410003290816,-0.0004573977533229856,0.003804523907311791,-0.005129847649101057,0.009929698352408738
27,1,-0.026920554083870715,0.0015025208674344392,-0.003348706997601679,0.006303278635798876,-0.008023550949780975,0.010840168896548683
27,2,-0.019615496096674734,0.0032489853244521065,-0.0008261078854999882,0.0067294411332833115,0.0006769350579529719,0.009961536819953777
27,3,-0.019811964086828473,0.0034993887684809863,-0.0008806170138069693,0.006731300365118507,-0.009532540767406124,0.013168496472789096
27,4,-0.024597662102556653,0.005200776497803222,-0.0034067000567911477,0.005629281552801504,-0.008386899122242986,0.012683134145842573
27,5,-0.010605916743152565,0.0011123003425385627,0.007543771661907632,0.0002464331244941291,-0.003567851784399068,-0.0004768504188655635
27,Aggregated,-0.020054216628064073,0.0029921769362522567,-0.00029050048316142446,0.004971928843006928,-0.005663475073538471,0.009442842587383163
27,Centralized,-0.020054216628064073,0.0029921769362522567,-0.00029050048316142446,0.004971928843006928,-0.005663475073538471,0.009442842587383163
28,0,0.003532966202180327,0.005275987532248875,0.0012130130983327456,0.0018786405660883563,-0.00035698873726134,-0.0017987592166803104
28,1,-0.0022486024511211206,0.004900666314499942,0.007974051817015474,0.006829976349474378,0.001237352041672198,0.0009533995599305175
28,2,0.0001258281411612565,0.004023639152201116,0.0010009741362050526,0.0029740898348744925,-0.007405554100380407,-0.0034420113698436275
28,3,0.0033846587948789734,0.008412023822296097,-0.002945556471683122,0.0021004758560901845,-0.0022221205044781656,-0.0019035452354509914
28,4,0.0021203000740576084,0.004569392229959659,0.0025867297277715343,0.0066382862584932105,0.0034429877480266846,-0.008945501497918038
28,5,0.00516172302941962,0.007922492897324584,-0.006734045007248122,-0.0027202872348787285,-0.005846935061210281,0.0024764242488287402
28,Aggregated,0.0019725034587038106,0.00582173582054309,0.0005557891973162674,0.0029800357573998323,-0.0018369647043889616,-0.002171929526317541
28,Centralized,0.0019725034587038106,0.00582173582054309,0.0005557891973162674,0.0029800357573998323,-0.0018369647043889616,-0.002171929526317541
29,0,0.0016101379920644735,-0.0013208672998338907,0.0018129480195195706,0.0033855173466992255,-0.00011852888511913092,-0.002597740591799978
29,1,0.004261698569344965,-0.005815929103672022,-0.0032028627077194953,0.0021357910444070663,-0.003433022738076698,-0.0037911606091285705
29,2,0.001127935700056267,-0.002558237109473824,0.0003701273156369626,-0.00022334719817209135,0.0020955608986583186,-0.0034071803683455503
29,3,1.0695753287295268e-05,-0.0018348321048505941,-0.00011918216191456548,0.00261686647463061,-0.0006815752820652406,-0.002451247132457528
29,4,0.004622376460352911,-0.0020026908880611182,-0.0016435966710779287,0.002238627108793586,0.005902639007415381,-0.004476436662731596
29,5,0.007718597048385751,0.0018055848981167132,0.00356490952005403,0.005472136005713342,-0.0009143974589855663,-0.00209629603804659
29,Aggregated,0.003140532198034878,-0.0019369327531649032,0.00010263683565820229,0.0026028184111959157,0.0005148494035521145,-0.0031114566000301452
29,Centralized,0.003140532198034878,-0.0019369327531649032,0.00010263683565820229,0.0026028184111959157,0.0005148494035521145,-0.0031114566000301452
