Round,Evaluator,4,1,0,3,2,5
0,0,,,,,,
0,1,,,,,,
0,2,,,,,,
0,3,,,,,,
0,4,,,,,,
0,5,,,,,,
0,Aggregated,,,,,,
0,Centralized,,,,,,
1,0,0.03204413798771248,0.08364295907655422,0.15216360994528066,0.01135646960670068,-0.05769610071974175,-0.08192442215922119
1,1,0.06025489700771621,0.10277345602819822,0.05070228740475276,0.07003732375400645,-0.052270061911002724,-0.037586799486048546
1,2,-0.008590269608396832,0.032145066203737443,0.06257007250396368,0.015611538574912579,0.0220591676603511,0.004365920309289877
1,3,0.05159672491437005,0.09609955408453287,0.02162095858741407,0.08714363211959268,-0.049699498707309636,-0.027991504405444397
1,4,0.06667529201861608,0.11284109292074421,0.07205890643024958,0.06963466000231752,-0.05430943618649895,-0.04036126059121253
1,5,-0.04112693781776845,-0.027143470245742343,-0.07119943232365206,-0.05094232291848792,0.022410185150374254,0.0789733009961826
1,Aggregated,0.031189458174139192,0.07801975754460586,0.052746272239660046,0.04560954870772248,-0.032013505489817844,-0.0240093740706433
1,Centralized,0.031189458174139192,0.07801975754460586,0.052746272239660046,0.04560954870772248,-0.032013505489817844,-0.0240093740706433
2,0,0.04616399760794799,0.042896631109310045,0.0885273954258615,0.00849241924982549,0.04158410609169169,-0.03814114810487885
2,1,0.03464264440936806,0.038007695754170165,-0.037577000307909086,0.06815039857154055,0.008626287816502088,-0.01339972098438886
2,2,-0.033989438745480424,-0.026966694127535194,-0.012663968458510758,-0.015217257828874006,0.07596331685659215,0.08864670073568787
2,3,0.04181350019383852,0.03949319044419019,-0.07400459263200798,0.09137421152810961,0.010916089892992685,-0.000757208711006013
2,4,0.0420207818361208,0.035306295691053334,-0.02604520795775113,0.05352939947174717,0.005808071543532444,-0.024859418884365752
2,5,-0.06676126297705175,-0.06547561979313982,-0.07764610966558971,-0.03181154146611339,0.07545464436947123,0.16423205328081877
2,Aggregated,0.014792076658607356,0.015551802786283623,-0.02998279965481955,0.03334918856296205,0.03677390955383442,0.03381707720503323
2,Centralized,0.014792076658607356,0.015551802786283623,-0.02998279965481955,0.03334918856296205,0.03677390955383442,0.03381707720503323
3,0,0.07400062402425192,0.04511483415099823,0.08943122720118263,-0.011390564356374129,-0.03424264509268822,-0.15923867516062604
3,1,0.07668462932222436,0.051887038447458414,0.01607050664757989,0.0559587896350729,-0.04841963310256571,-0.09736635653963772
3,2,0.04551170857001926,0.034260679584090695,0.03094064850903214,0.03321896116040467,0.05466265447264662,0.0531047602904083
3,3,0.056189937926724255,0.04475764936032092,-0.011545327086425416,0.08113382884989889,-0.03510994547002083,-0.08360001739968628
3,4,0.07294638358322016,0.05250284230986525,0.02733270980113695,0.06687516188136405,-0.04979353823188821,-0.1164107230939168
3,5,-0.03859757737840955,-0.015143724256462295,-0.05361393451978537,0.010575041497738143,0.0860528393277673,0.2020479710222402
3,Aggregated,0.05885408509347785,0.0433533254284493,0.019759909724945315,0.047198081135222655,-0.011622657869322038,-0.042287849470166755
3,Centralized,0.05885408509347785,0.0433533254284493,0.019759909724945315,0.047198081135222655,-0.011622657869322038,-0.042287849470166755
4,0,0.04348032137034178,0.04893600173829329,0.07165346523368234,0.046858337365558375,0.06329719521186092,-0.11657402316686848
4,1,0.07061507168414971,0.06882976758573271,-0.0014002194461582931,0.11012438160473662,0.02749541970173118,-0.06914319424504538
4,2,-0.002135569250027726,-0.017215747003928673,-0.028539330312331766,0.006683349270473678,0.08901728800868186,0.027474191675764086
4,3,0.08538235758378444,0.07227694029683422,-0.035008166427764956,0.12502916067998526,0.03082109971079929,-0.06125865928280721
4,4,0.08112689157007291,0.06488062168570756,0.0060541110140609105,0.08622845037934804,0.031680589808485975,-0.09364044762926957
4,5,-0.06680775282093078,-0.05748639356506507,-0.08806654439220954,-0.01935152239422455,0.09647729109839667,0.1614577793420828
4,Aggregated,0.04619581003250978,0.03998818568323068,-0.011861124204304798,0.06894899646277965,0.06172990683964785,-0.03072343250450118
4,Centralized,0.04619581003250978,0.03998818568323068,-0.011861124204304798,0.06894899646277965,0.06172990683964785,-0.03072343250450118
5,0,0.06465595409270383,0.03400641807559517,0.04061271052820931,0.05666638456930358,0.057553695813421624,-0.10130809768199925
5,1,0.09333774209234619,0.052311036179221365,-0.02841560191020136,0.10308599739059747,0.03743893822088347,-0.08953927511038544
5,2,0.018786364369330733,-0.007402820099330462,-0.05805593468037835,0.02583253300059027,0.10713655892772131,0.0507188864694694
5,3,0.10207103564851595,0.04885179279904655,-0.07333081944543432,0.11785765353339092,0.035339736869845845,-0.09197350320511859
5,4,0.08085509277111724,0.06178388266152744,-0.030168388431945036,0.08625883918222207,0.03858899909606893,-0.09356488228320387
5,5,-0.03132743331178862,-0.03348141139216582,-0.07930773103901875,-0.012155112730167193,0.080065724015685,0.17429799782203168
5,Aggregated,0.06093106750702432,0.028225326705038103,-0.04613632525832829,0.06835695576809815,0.05933584372029569,-0.033423197593175025
5,Centralized,0.06093106750702432,0.028225326705038103,-0.04613632525832829,0.06835695576809815,0.05933584372029569,-0.033423197593175025
6,0,0.056630015512320574,0.06519188930703208,0.06628166402589444,0.02639837837768872,0.034647048620036265,-0.21857639118014432
6,1,0.07119314274909593,0.07313961058907982,0.027961888446838223,0.05341428327829518,-0.01483179957055783,-0.2202945835339289
6,2,0.012275858175623208,0.02159870114910866,0.003206206593160539,0.0023859365888362046,0.061175482624217965,-0.04783574795225106
6,3,0.0648446748500193,0.06477207225156703,-0.0019416563964276446,0.08689340699235279,0.00668546994848632,-0.20479582809727812
6,4,0.0636433931737136,0.06099840742651922,0.03229468335286256,0.055477143292554015,0.011649471238066318,-0.21564549611005776
6,5,-0.026820955509807246,-0.008122385860800656,-0.034836108013053015,-0.03524557718917669,0.048437939262509826,0.08286030712558295
6,Aggregated,0.046993114755753435,0.053252431000234544,0.01644896344140955,0.03940950097754227,0.024041404332901747,-0.15588120436743572
6,Centralized,0.046993114755753435,0.053252431000234544,0.01644896344140955,0.03940950097754227,0.024041404332901747,-0.15588120436743572
7,0,0.004672744455890468,0.03899840894496264,0.08231903260876927,0.013629456740859731,0.052703115942173244,-0.21993948236114286
7,1,0.04441313903407585,0.05858229722735392,0.0628016959034733,0.04412283043622163,0.023455088349941207,-0.18582880375491284
7,2,-0.03195441460751114,-0.002413116956312943,0.02001208359786158,-0.006021694512529023,0.07220197976179853,-0.04213452443595036
7,3,0.04128711835173794,0.05353345077898579,0.043369068759465196,0.08591959193960307,0.03234243424945899,-0.17744635986462293
7,4,0.03134459381416791,0.05133347544701351,0.06305262252365038,0.04874768566335606,0.023350150115126474,-0.19807411621582546
7,5,-0.04196701906841962,-0.011649138487967161,-0.02979856687791932,-0.029068718223249062,0.042238394296138786,0.07748936548280563
7,Aggregated,0.01106535869656505,0.035032056685416646,0.04019867415083571,0.028423160061517745,0.042339367787383786,-0.13738007798410629
7,Centralized,0.01106535869656505,0.035032056685416646,0.04019867415083571,0.028423160061517745,0.042339367787383786,-0.13738007798410629
8,0,0.03870820575669815,0.08004683671231463,0.07312741488551427,-0.000406666771185149,0.03638376096236679,-0.16110026394237187
8,1,0.05731622498747306,0.07229649582408144,0.0328019167282145,0.016193732002204465,-0.0009094268034616957,-0.167216758979336
8,2,0.0039046271178308765,0.029561708057841887,-0.0001531633177963639,-0.027229649787311565,0.04234149098114802,-0.016364302714679296
8,3,0.07219665526564659,0.0773632442126818,0.007147823722551615,0.03353071328656112,-0.027214031503212225,-0.15826620307329795
8,4,0.05151274678524073,0.0804087790069834,0.0427037728660297,0.01909607987938875,-0.01200317533253071,-0.16004762072594014
8,5,-0.014161766995039788,0.008942439131365713,-0.04149763144387712,-0.05043884104254522,0.009733695399517423,0.0672988186594375
8,Aggregated,0.036963908992480254,0.062272059822706054,0.018122772762701182,0.0016529412447205056,0.010122561642145953,-0.11001182668764044
8,Centralized,0.036963908992480254,0.062272059822706054,0.018122772762701182,0.0016529412447205056,0.010122561642145953,-0.11001182668764044
9,0,0.04146389922733178,0.05302915387765828,0.059926594291214344,0.02812717560313727,0.02563348298656144,-0.20171514218097886
9,1,0.06928951645294737,0.05239064692792077,0.058035117067247725,0.046824787958380396,0.0047831434880444305,-0.21441814289464728
9,2,0.0012222880954687416,0.006572885570884941,0.005633885319816933,0.0037042794180937896,0.058489154166614515,-0.06494630290401357
9,3,0.06817010621879789,0.05569347033762068,0.03743108454490488,0.06310066040591367,-0.011335374888260943,-0.20301614655983494
9,4,0.061743380048010624,0.055354656353423445,0.05508228532458596,0.05235828445894858,-0.006196838290807326,-0.20175955674403853
9,5,0.008301308748827563,-0.01725383018515253,-0.0026100952183231267,-0.005684339810629355,0.0028805927100125912,0.0389192528137851
9,Aggregated,0.046547775251030654,0.03845864930032697,0.03531062958784252,0.034600222304340796,0.016491373642949517,-0.15519367275167287
9,Centralized,0.046547775251030654,0.03845864930032697,0.03531062958784252,0.034600222304340796,0.016491373642949517,-0.15519367275167287
10,0,0.005099930718322549,0.05865630403051743,0.07760304839608241,-0.012709305288185943,0.021454723225416184,-0.14600762856232544
10,1,0.023388941304860047,0.05682811083517824,0.048155654758159715,-6.623189810689666e-05,0.011651282451604881,-0.1316907558464979
10,2,-0.04320179295886683,0.000552913312203467,-2.409858138595252e-05,-0.04711568606282242,0.03404924009484205,0.004700420971840576
10,3,0.03378198611011001,0.05748480282674296,0.026886463775739347,0.01848660753963597,-0.0033869240536606154,-0.1167078215903507
10,4,0.031081203165034006,0.06358125969225845,0.04952187324539073,0.00983599164563866,0.0011493721015887553,-0.12809889577944716
10,5,-0.01664450892936298,0.003796404211887005,-0.014844069125458721,-0.03706446277295212,-0.014673434931169859,0.06392658270256896
10,Aggregated,0.0033378696389889636,0.03940720756685568,0.029909238245091303,-0.011517900093535798,0.015985685080184116,-0.08203386682224374
10,Centralized,0.0033378696389889636,0.03940720756685568,0.029909238245091303,-0.011517900093535798,0.015985685080184116,-0.08203386682224374
11,0,0.04096659071726949,0.04148557555782978,0.0802004618985075,0.009127314733784465,0.02521409672903222,-0.19523280524874947
11,1,0.04496913111374313,0.04751455495783973,0.0678736097218572,0.033236945164607797,0.0031150169269896165,-0.19461626342278737
11,2,0.0023641338613004164,0.013539715883568147,0.04184307668169603,-0.0024288760138940647,0.050002705715228114,-0.051879312735635334
11,3,0.04586353216232705,0.04837257305086535,0.05067448819891503,0.0461827929621757,-0.011083281585102302,-0.1836036263910872
11,4,0.03840793461934289,0.05502931102220944,0.06316149467824626,0.03670085500345841,-0.0017054462186350788,-0.20283546773653108
11,5,-0.014449377649446045,-0.0014555860234601351,0.006940296361210893,0.0039334129926271045,-0.0072230530709499275,0.03795970820474258
11,Aggregated,0.029669410472177762,0.03643000680827392,0.0508360359864355,0.024213235236054467,0.016570523900127532,-0.14510859657577066
11,Centralized,0.029669410472177762,0.03643000680827392,0.0508360359864355,0.024213235236054467,0.016570523900127532,-0.14510859657577066
12,0,0.04894145120398606,0.02803222202342977,0.07378887618846001,0.011779579393636469,0.032503374584137074,-0.1500867062982365
12,1,0.06935886226373095,0.04644412486294126,0.043454278932317125,0.03280180768997414,0.011237629877721075,-0.16437776498808146
12,2,0.012505390099030466,-0.006929799646661756,0.019179616343220504,-0.017405023985365357,0.05162404230176772,-0.04205985026069369
12,3,0.050333192122942946,0.04628444984270741,0.030022901261833424,0.04469957739902122,0.005105919316153577,-0.15353111057807814
12,4,0.051428827652944424,0.043826923524054893,0.05440547220017951,0.03312088035581272,0.008235273466680336,-0.15830540754993713
12,5,0.0034377626238255984,-0.0015059015605999686,-0.012322279254317772,-0.004572148306616671,-0.005664643386366171,0.022743106379679256
12,Aggregated,0.04136442677286341,0.028428046136607196,0.02889282504551986,0.019214090614645414,0.022113714561965064,-0.11678551193803152
12,Centralized,0.04136442677286341,0.028428046136607196,0.02889282504551986,0.019214090614645414,0.022113714561965064,-0.11678551193803152
13,0,0.03698803305088537,0.009897588611093012,0.0698237009366074,-0.008722902723069498,0.035246861443644126,-0.19661167739097168
13,1,0.03750758742806581,0.03472047464245625,0.06178062792191742,0.015944202047729287,0.01848215619874069,-0.18000851739969997
13,2,-0.01064101715148192,-0.014049350203874234,0.03552776828422493,-0.028005258795490463,0.0459742112745894,-0.05101644519153726
13,3,0.03956850898158506,0.030996350605568553,0.047781695657324916,0.024138788315041296,0.012105727377559671,-0.15700531800311546
13,4,0.051475728169365936,0.024895985669787853,0.05638147207219606,0.01845708522392274,0.019970500287658555,-0.17521069738070094
13,5,-0.012922989158672715,8.49955070788592e-05,0.00372018572868521,-0.005246610548258842,-0.005634894711583708,0.023092912951521185
13,Aggregated,0.025502950745761494,0.018107738682699364,0.044683725159561635,0.006387956945711335,0.024150351316731565,-0.13073343576400323
13,Centralized,0.025502950745761494,0.018107738682699364,0.044683725159561635,0.006387956945711335,0.024150351316731565,-0.13073343576400323
14,0,0.03754438245131299,0.02159880995969725,0.07176546990898447,0.0067318541412432825,0.03772134607994343,-0.12731495891532527
14,1,0.02887723899719575,0.03210087745213272,0.029729152086917086,0.013107262174061026,0.021630583198155313,-0.11922535478509884
14,2,-0.019712799400832273,-0.015670858856843183,0.02010588383735331,-0.024965302953193488,0.04592381357297758,-0.005232757907204581
14,3,0.030842091370530345,0.03392512362506281,0.020407942420278952,0.015090335017206911,0.014995646578314552,-0.1043722508207236
14,4,0.03561802751642722,0.03136327506318762,0.036864145248832296,0.013324341273178166,0.014320024294993471,-0.12422208219659399
14,5,-0.011131965275216945,0.0059303898869037825,-0.01651936340354274,-0.023838998554048283,-0.0049877543080982575,0.0381820156611816
14,Aggregated,0.016928651070591973,0.021130802867285425,0.02112378587444627,0.003280412377663744,0.0246625269676695,-0.07967514394429889
14,Centralized,0.016928651070591973,0.021130802867285425,0.02112378587444627,0.003280412377663744,0.0246625269676695,-0.07967514394429889
15,0,0.04011317620631034,0.026802024094374082,0.05777227372775621,-0.002185528486798417,0.03929158581966012,-0.15076911958426764
15,1,0.04307274736020613,0.04090688139300531,0.0369719343735643,0.008712537687616213,0.015050075817754175,-0.14204564432022296
15,2,0.005977351639678497,0.006745298105472107,0.03202731265242062,-0.0305494018989599,0.04898871909227894,-0.030962931095169715
15,3,0.03696291475723793,0.03678111170130475,0.027912599889281225,0.017418307901117133,0.005973851610323354,-0.1316142194865491
15,4,0.04555293133400433,0.03564006004851702,0.04365270632669023,0.011653061204513428,0.019516242020811043,-0.14946495135233737
15,5,-0.001366408110196197,0.008726169493141657,-1.98718358054679e-05,-0.023426707078577216,-0.005708142753130054,0.02807555704325312
15,Aggregated,0.029586214239754983,0.029307815156363503,0.03023389830172024,-0.00102625216770827,0.020189701045728967,-0.10242725339107947
15,Centralized,0.029586214239754983,0.029307815156363503,0.03023389830172024,-0.00102625216770827,0.020189701045728967,-0.10242725339107947
16,0,0.02296033494513346,0.008017593395943504,0.06981887494578728,0.0013768015654765187,0.024882018739423698,-0.15160069248337085
16,1,0.031053613634392043,0.027196049991953405,0.045499060278731365,0.019107253854054387,0.02407598191978228,-0.13632490738418024
16,2,-0.018859412357654627,-0.014036076301315197,0.02865851042222457,-0.027089130507356726,0.030847108803695622,-0.028200213361021905
16,3,0.032076791386108666,0.022284646162635237,0.028785329012795232,0.02528719415351493,0.018528939099420095,-0.12746156241604178
16,4,0.03462226687684465,0.013748338535125934,0.05286094865004724,0.018273589021874922,0.01860478640363641,-0.1490408680506961
16,5,-0.0071745443686481725,-0.0010080670530406269,-0.0001649229102266307,-0.005725687638021225,0.00728323249748162,0.019166682333390025
16,Aggregated,0.01763654841893556,0.013371867916448755,0.0348304482400391,0.009329482618025605,0.02506310043154272,-0.10253148594762748
16,Centralized,0.01763654841893556,0.013371867916448755,0.0348304482400391,0.009329482618025605,0.02506310043154272,-0.10253148594762748
17,0,0.025879627015983155,0.023306542984090992,0.052048961855304034,0.006914473345030182,0.04431238757780046,-0.12073493472208473
17,1,0.027221578309177423,0.029421230951188652,0.035198468239827654,0.017796299240528304,0.024427731196435834,-0.11147986628448912
17,2,-0.008970010864388565,-0.008038618401751534,0.014669792433723572,-0.018100971931661682,0.05692002904772681,-0.009186885559982145
17,3,0.028532835685364327,0.030537252157113087,0.025369811529946922,0.02439736887583304,0.014796505753480554,-0.1035282735836363
17,4,0.030338469608717118,0.03175187354562811,0.03857385861251025,0.02048725387336382,0.02618556112356203,-0.12935152392992272
17,5,-0.006938219188800434,-0.0023751286538845062,-0.008697662569101991,-0.012216178522212042,0.010219842868559904,0.017821051535644377
17,Aggregated,0.01616875846629437,0.018486291289853306,0.021952412370721965,0.008050578862022576,0.029649791312758002,-0.08040816662824798
17,Centralized,0.01616875846629437,0.018486291289853306,0.021952412370721965,0.008050578862022576,0.029649791312758002,-0.08040816662824798
18,0,0.033435639594987354,0.041179371173238916,0.0570520922858124,0.002417846634453377,0.023320549667376636,-0.14404511314207352
18,1,0.03494291810929621,0.03559183777954684,0.028193347536186374,0.016633545650322254,0.011816905312715183,-0.13154209047930096
18,2,0.0016671173522577148,0.016145958160789196,0.015477310395148611,-0.026427917011510864,0.04195762434802548,-0.03522079364688143
18,3,0.03447371698093575,0.02950867769080185,0.017751518036890717,0.02491048769475479,0.0037923302425941405,-0.12106159984198805
18,4,0.02954453366547282,0.032660405599585635,0.03870853500158335,0.01640084920872392,0.010724180619408755,-0.1435813287825222
18,5,-0.005071716253299381,0.002169864828464109,-0.008860585401390893,-0.008365155931060278,0.00823583985512796,0.014341381717385058
18,Aggregated,0.02304160701050915,0.027049858295918532,0.020853251762054943,0.007208363588867456,0.019439260355215256,-0.09667457751404997
18,Centralized,0.02304160701050915,0.027049858295918532,0.020853251762054943,0.007208363588867456,0.019439260355215256,-0.09667457751404997
19,0,0.021685595713909503,-0.00023030715553154933,0.06354349343287805,-0.010790207548974843,0.031109124803634945,-0.1063774248971574
19,1,0.015817323938121977,0.02727134263565401,0.038068227697906847,0.004906450679536794,0.02439325582055353,-0.10257061758605057
19,2,-0.02327886555481796,-0.009896018611483518,0.026090815462994663,-0.03671407616235293,0.037070426515582705,-0.002075001363223262
19,3,0.018124143134326247,0.024797842994310492,0.020681856527023885,0.009850104637459691,0.017429601276286476,-0.09418558539334941
19,4,0.035361138831125585,0.014731231163534123,0.041202621940926124,0.013458307879661794,0.026703600393423562,-0.1084905166236804
19,5,-0.012927057105988177,0.003684975389409412,-0.0014038974077187087,-0.012928845165407559,0.010370471733114887,0.013157055854382992
19,Aggregated,0.008338468087345674,0.015252353824714874,0.026043239847847937,-0.002881982409444174,0.026787908702797614,-0.07177065692760942
19,Centralized,0.008338468087345674,0.015252353824714874,0.026043239847847937,-0.002881982409444174,0.026787908702797614,-0.07177065692760942
20,0,0.015628654687754866,0.013849147049613224,0.04299341288957375,-0.00566793228004555,0.033397300031523226,-0.10883090035330925
20,1,0.02457415690802375,0.023672501317383896,0.023791259075565355,0.007879649461869566,0.014208235346232619,-0.09165125399326228
20,2,-0.021772673442409612,-0.014662395111506816,0.014932574990391292,-0.03313503522993499,0.04003686769500836,0.006812386013676154
20,3,0.025657762162227173,0.026110811726339465,0.017602146848686776,0.008992775142841932,0.0020695216722868203,-0.07148608815592787
20,4,0.02720506948007072,0.018465722724145667,0.020172022798380762,0.01048334045047131,0.01691936659616429,-0.1051178744402908
20,5,-0.0026880355001624345,3.798267539888063e-05,-0.00268625984739155,-0.01152770626819418,0.004444420595576464,0.015191056576515479
20,Aggregated,0.01342128357686913,0.013132398490515992,0.01817580178174996,-0.0007832706528287322,0.018680403582401795,-0.06104021427346215
20,Centralized,0.01342128357686913,0.013132398490515992,0.01817580178174996,-0.0007832706528287322,0.018680403582401795,-0.06104021427346215
21,0,0.016142759727055343,0.027424827458102617,0.056070829399490554,0.00035031249674766614,0.015361484172342406,-0.0824316247403208
21,1,0.007812688748570829,0.027261860555418276,0.023315415946096592,0.0062345880276028325,-0.0009750306914831277,-0.08175748115247
21,2,-0.027495346547228076,0.005363512764939455,0.007497442505282451,-0.03212360264441215,0.027243234703896016,0.021745111099868392
21,3,0.013669255186108398,0.027288122099011512,0.011120382308399707,0.014701456222622205,-0.007927909132301875,-0.07346283648471762
21,4,0.02215619926787365,0.029580448680068056,0.03737060635519117,0.012088955163296002,-0.001662864442132802,-0.08438545648317522
21,5,-0.013514320989263074,0.011752342124765596,0.0077867693893547,-0.01057464002855015,-0.01260948401073317,0.008854763624496616
21,Aggregated,0.002559178324509554,0.02128088909751977,0.017467143443499866,-0.0009612866371499897,0.004828597630822667,-0.050315389258092716
21,Centralized,0.002559178324509554,0.02128088909751977,0.017467143443499866,-0.0009612866371499897,0.004828597630822667,-0.050315389258092716
22,0,0.01353093695150785,0.005113302489971125,0.00357457883804949,0.007873584443605046,0.02680314225872597,-0.08444199004641308
22,1,0.02899266035392013,0.009801759115532693,-0.025760785505864723,0.024830405420557686,0.022396454317214903,-0.07628697846346269
22,2,-0.01628687871770598,-0.02670942552032889,-0.032925740976657764,-0.016633898126445345,0.046772505815030604,0.025477600260991027
22,3,0.03832507493057435,0.003646466837043492,-0.04762482341220317,0.03092783741529877,0.0209907400336806,-0.06568843374522251
22,4,0.04224760596921228,0.009438145794095815,-0.021138923673467928,0.02438999837886824,0.021460519223399758,-0.08542793382175495
22,5,0.011721665692523928,-0.021078199027900264,-0.06539376118674806,0.004162266800850944,0.01739148009228328,0.022080723138861946
22,Aggregated,0.02169204630335887,-0.0016579094750410084,-0.03523822393759494,0.01494615110470648,0.02867585773371234,-0.04642467667803015
22,Centralized,0.02169204630335887,-0.0016579094750410084,-0.03523822393759494,0.01494615110470648,0.02867585773371234,-0.04642467667803015
23,0,0.026729343191817086,0.02031887585232929,0.051284632280061346,0.002956624815356553,0.023493261038670374,-0.11073085904138888
23,1,0.03552830212777331,0.014168015821245368,0.022633818371767353,0.025003138687982936,0.011311358946363594,-0.08869639446352237
23,2,0.00010622695545839389,0.005055526757671487,0.011145075016745384,-0.010494785728964093,0.03420406175306128,0.007871564891724466
23,3,0.03803780809148946,0.0064654629213474904,0.0139837873308763,0.028506874512693074,-0.0004935662202270726,-0.06936745803489994
23,4,0.03289357222208156,0.014161384491043084,0.032806603968764995,0.01780398427395917,0.009863101288943233,-0.10543790055037344
23,5,0.013385026902080993,-0.01145748464852625,-0.0069504999092272444,0.009307807934365264,0.0006334034500082926,0.0374877983021453
23,Aggregated,0.0256827374948407,0.00829059060373739,0.016592678485927277,0.015124598375403033,0.013889944859484108,-0.05714488012142723
23,Centralized,0.0256827374948407,0.00829059060373739,0.016592678485927277,0.015124598375403033,0.013889944859484108,-0.05714488012142723
24,0,0.031779768371919245,0.027352212874853333,0.042211684148126635,-0.019482076463001874,0.028649524691499062,-0.1052801808523068
24,1,0.022043162438372666,0.019612954578036378,0.030822287311105347,0.0012540541628831524,0.014005658898896534,-0.07602646166835048
24,2,-0.021117159669470142,-0.0037787276634446564,0.010481706369324308,-0.05370871594473857,0.030869709762404007,0.00789746605177287
24,3,0.019587549076416966,0.01877360270832693,0.020375468355817,0.010221420439650714,0.0036030325506627367,-0.05834239140876412
24,4,0.030973225757540395,0.025958573831158443,0.029249032743798586,0.0035983355900918315,0.015549561398000103,-0.09811548583032417
24,5,-0.0005762971344228833,-0.004279213605146607,0.002708100223103606,-0.012101591870629239,-0.0009388798651525109,0.01586004835364228
24,Aggregated,0.013414168321984232,0.014671724128458897,0.021179967207399168,-0.008909425197650638,0.016684295283731304,-0.050192829698618054
24,Centralized,0.013414168321984232,0.014671724128458897,0.021179967207399168,-0.008909425197650638,0.016684295283731304,-0.050192829698618054
25,0,0.0010082899982938283,0.023464532478728817,0.05544787535122493,0.004507393904589895,0.0267747299320777,-0.10739501724627447
25,1,0.01111599887533504,0.024842061980466564,0.02011844125298777,0.01399970280513024,0.013676013512679039,-0.08047736388592121
25,2,-0.031087531193835963,-0.00213444527980422,0.010189679015954052,-0.024716772909346766,0.03406945514409902,0.022751168545824083
25,3,0.013688832060090843,0.025252593099270765,0.007216142013247156,0.011065016893951226,0.0025296732386523814,-0.06298455481656032
25,4,0.020322049085202274,0.028362140467263437,0.03216514478105753,0.012276988052512233,0.01463487417048373,-0.10178607040339299
25,5,-0.008050949919891174,0.00400632599888595,-0.0048945252081496445,-0.007117198225666976,0.00020004794121473573,0.01742696960917416
25,Aggregated,0.0023758899667304057,0.01763553539121628,0.012671757685164896,0.004308520673889604,0.016070414469042824,-0.05151979528775866
25,Centralized,0.0023758899667304057,0.01763553539121628,0.012671757685164896,0.004308520673889604,0.016070414469042824,-0.05151979528775866
26,0,0.028138186115972876,0.024730427614789555,0.036321983557379284,-0.005386679937822659,0.018587804403997557,-0.10115994699313038
26,1,0.011860630317816792,0.024527535643867695,0.02304649712512951,0.007684278663977335,0.004454343775675314,-0.07314011824244127
26,2,-0.010826145312246068,0.0035341264632251365,0.023032764384284955,-0.03138571349261561,0.03416881801236392,0.015086794949456984
26,3,0.009517691677516895,0.02731898788383343,0.019289507157288523,0.014032483001709433,-0.009449432438001221,-0.05911640548810534
26,4,0.027389087668880464,0.02465447006796464,0.024668881833527386,0.007042272606875183,0.006707310008178028,-0.09465528635433612
26,5,-0.01291163315330017,0.0049764768801978335,0.005255147992726945,-0.009633217024648325,-0.004362282572238072,0.015998934797232887
26,Aggregated,0.00567895432324006,0.017745533106682625,0.019642138909897636,-0.0007967149539118657,0.00820890494644157,-0.04886811011101523
26,Centralized,0.00567895432324006,0.017745533106682625,0.019642138909897636,-0.0007967149539118657,0.00820890494644157,-0.04886811011101523
