,BeforeLocalTraining,AfterLocalTraining,BeforeLocalPartialEvaluations,AfterLocalPartialEvaluations,BeforeEvaluation,AfterEvaluation
1,1783530670.2936895,1783530670.536125,1783530677.5234241,1783530680.7324939,1783530680.7467036,1783530680.7840314
2,1783530680.8273094,1783530681.0570583,1783530687.5801787,1783530690.5983772,1783530690.6090503,1783530690.6410596
3,1783530690.7323394,1783530690.998122,1783530697.9942307,1783530700.8125534,1783530700.8244286,1783530700.8580253
4,1783530701.0017667,1783530701.22264,1783530708.1201842,1783530711.1522806,1783530711.1620104,1783530711.190639
5,1783530711.214117,1783530711.424812,1783530718.4468017,1783530721.2527282,1783530721.264529,1783530721.2999969
6,1783530721.5250876,1783530721.859064,1783530728.8664844,1783530731.6191454,1783530731.6315262,1783530731.6670275
7,1783530731.9286664,1783530732.144456,1783530739.1046026,1783530742.026286,1783530742.040077,1783530742.0761998
8,1783530742.2332838,1783530742.470064,1783530749.427469,1783530752.3873506,1783530752.3985136,1783530752.4285338
9,1783530752.454717,1783530752.6878119,1783530759.477273,1783530762.589803,1783530762.602792,1783530762.641626
10,1783530762.7269876,1783530762.9594026,1783530769.688246,1783530772.8926349,1783530772.9051676,1783530772.9418335
11,1783530773.0758681,1783530773.3114667,,,,
