,BeforeLocalTraining,AfterLocalTraining,BeforeLocalPartialEvaluations,AfterLocalPartialEvaluations,BeforeEvaluation,AfterEvaluation
1,1786795016.9459918,1786795016.9755065,1786795018.1591406,1786795018.4216852,1786795018.4496477,1786795018.4544785
2,1786795018.6953757,1786795018.7224107,1786795019.9384754,1786795020.1993117,1786795020.2262208,1786795020.2311337
3,1786795020.4723392,1786795020.4988952,1786795021.7010672,1786795021.962219,1786795021.9892354,1786795021.9939728
4,1786795022.2333262,1786795022.2603025,1786795023.3981435,1786795023.6619036,1786795023.6885762,1786795023.6935687
5,1786795023.9336536,1786795023.9626582,1786795025.1714282,1786795025.4365892,1786795025.463636,1786795025.4699173
6,1786795025.975343,1786795026.1937401,1786795027.9888418,1786795028.2712336,1786795028.2977338,1786795028.3035235
7,1786795028.5671682,1786795028.5940545,1786795029.8266647,1786795030.08802,1786795030.1148064,1786795030.1194193
8,1786795030.3593497,1786795030.3889832,1786795031.5955884,1786795031.85851,1786795031.8846617,1786795031.8898518
9,1786795032.123269,1786795032.1507802,1786795033.3663578,1786795033.6249723,1786795033.6537604,1786795033.6584299
10,1786795033.8956928,1786795033.9238658,1786795035.0685363,1786795035.327507,1786795035.3543282,1786795035.359201
11,1786795035.6088297,1786795035.6353054,1786795036.8432674,1786795037.1038477,1786795037.130643,1786795037.1355996
12,1786795037.3717887,1786795037.399551,1786795038.633784,1786795038.8941245,1786795038.9203944,1786795038.925483
13,1786795039.1660085,1786795039.1936076,1786795040.3384962,1786795040.6950512,1786795040.7387881,1786795040.7469718
14,1786795041.292458,1786795041.4703722,1786795043.2882738,1786795043.550369,1786795043.5764358,1786795043.581401
15,1786795043.8413742,1786795043.8693926,1786795045.0878248,1786795045.3444235,1786795045.3712692,1786795045.3758528
16,1786795045.6175754,1786795045.6446085,1786795046.8550293,1786795047.1216924,1786795047.1486492,1786795047.153665
17,1786795047.4255297,1786795047.4544754,1786795048.592649,1786795048.8535018,1786795048.8806334,1786795048.8852842
18,1786795049.1273775,1786795049.1545086,1786795050.364585,1786795050.6226623,1786795050.6499949,1786795050.65502
19,1786795050.900843,1786795050.9276562,1786795052.1354558,1786795052.3958313,1786795052.422536,1786795052.4273582
20,1786795052.671922,1786795052.7000577,1786795053.9100704,1786795054.1698053,1786795054.1954591,1786795054.2003849
21,1786795054.4481425,1786795054.5780485,,,,
