Round,Evaluator,1,2,5,4,3,0
0,0,,,,,,
0,1,,,,,,
0,2,,,,,,
0,3,,,,,,
0,4,,,,,,
0,5,,,,,,
0,Aggregated,,,,,,
0,Centralized,,,,,,
1,0,0.02417688940790855,0.012011677083513824,0.00180369221966946,0.00929298704639984,0.06451088955550305,0.057284177911449935
1,1,0.09728003056729369,-0.019661050596174647,-0.00820727759499703,0.042331571195476564,0.03935362807361021,0.0033000767493962424
1,2,0.019099282836109926,0.1250737916440797,0.09978890555767202,-0.014875311712534036,-0.018164519055323663,0.02223220114874315
1,3,0.0267703684045172,-0.02464175882294567,-0.01931761630976275,0.009473071010250068,0.08216339304429565,0.013047582066290704
1,4,0.07439533568282247,0.05491128406271058,0.051960734450436634,0.12659183664757315,0.05946564531971494,-0.014707734876106743
1,5,-0.005615018115257831,0.09582172008154699,0.09094010290845934,-0.038170181106188285,-0.008033417862318624,-0.010937144659163142
1,Aggregated,0.04075663730751671,0.03392693104721168,0.029737247390011143,0.018207807564539234,0.03495871925400339,0.015162783842733582
1,Centralized,0.04075663730751671,0.03392693104721168,0.029737247390011143,0.018207807564539234,0.03495871925400339,0.015162783842733582
2,0,0.024992909367088176,0.04770785244682671,-0.003920272075794889,-0.007747648350803859,0.004398783938051902,0.06340138288130684
2,1,0.11808711743421398,-0.027901043722490866,0.0968775859509504,0.07568990683501436,-0.005782754835658979,0.01244551678305278
2,2,-0.025252759791010663,0.11111737511002663,0.12592250447370312,0.07468838821092193,-0.10785302867211251,-0.0846144142213814
2,3,0.05494392385924233,0.038780216457022405,-0.009439225756286564,0.037861759442782535,0.07152460195984706,0.07673665789948604
2,4,0.001779215704663358,0.01616702070634762,0.19358513014429204,0.22836789296580765,-0.09601999366066259,-0.1334401790827842
2,5,-0.007694334151242337,0.08104588922111981,0.20911241183417423,0.17071252554690974,-0.061584634095708086,-0.1280100456101758
2,Aggregated,0.032007466053255,0.04487589597002611,0.08243048913476328,0.07734803366140218,-0.025973395717898334,-0.01537428941241132
2,Centralized,0.032007466053255,0.04487589597002611,0.08243048913476328,0.07734803366140218,-0.025973395717898334,-0.01537428941241132
3,0,0.10114858215900643,0.054476994712622864,-0.08856804780869308,-0.11400988397928202,0.052955741503929794,0.09247322052490373
3,1,0.11052809460721814,-0.0414782107938762,0.03576421462118723,0.022681335000794958,-0.005298537521012644,0.0021742352243519516
3,2,0.016189432179934238,0.14870874867397527,0.13712162272461764,-0.0483433611293012,-0.08541939248295137,-0.05636353400275631
3,3,0.10060378142927687,-0.04665820531106511,-0.07698817887812073,-0.02622674752081491,0.07697896620805014,0.08780742300113177
3,4,-0.05222355728684204,0.014944646802730497,0.11102204746992261,0.13472611543030588,-0.05197852096775816,-0.13915715119639246
3,5,-0.016797990125964574,0.08558633766075369,0.1672388106185862,0.009785157190067598,-0.10955488906021414,-0.13120251648314105
3,Aggregated,0.058168162265513405,0.03619468257201739,0.03979471079386009,-0.014532667803642513,-0.012024539861349017,-0.0025790991691460757
3,Centralized,0.058168162265513405,0.03619468257201739,0.03979471079386009,-0.014532667803642513,-0.012024539861349017,-0.0025790991691460757
4,0,0.09704441356664523,-0.015048094494098111,-0.18454968087051848,-0.06256552992337758,0.092201637713542,0.0536464339214003
4,1,0.07972272632491408,-0.05375749646133337,-0.012563869272787215,-0.04412952775343031,0.0366733053392853,-0.05652913474064565
4,2,0.037848003450850896,0.07827660656669143,0.10897991967889509,-0.002749367993217517,-0.036274791841100495,-0.0675529171362015
4,3,0.09582353990574927,-0.10249985764757406,-0.12363235495619206,-0.04072416863701233,0.105080800121279,-0.03286362856366315
4,4,0.014578620173514634,-0.03823682179342363,0.12444196431236121,0.13373903692175712,0.025699254207241444,-0.1316093901537711
4,5,0.031208453482019696,0.038012713996328835,0.19212966924369487,0.06960043710694569,-0.02176792691294697,-0.14720891906097033
4,Aggregated,0.06334140606180806,-0.018108623281965004,-0.0026602978321304243,-0.012647261643721232,0.033653727292073984,-0.05331506767104314
4,Centralized,0.06334140606180806,-0.018108623281965004,-0.0026602978321304243,-0.012647261643721232,0.033653727292073984,-0.05331506767104314
5,0,0.08720979583475014,-0.0036202637805657426,-0.1572460680397721,-0.10670976629599398,0.08906501116020353,0.12988672935921242
5,1,0.06613132914956667,-0.05931065132303392,-0.036090353995404466,-0.023701701543584815,0.01727194481726451,0.03271754464188064
5,2,0.020699712267599955,0.049085729872600084,0.0988734422737951,0.005224994838298684,-0.06482417769222096,-0.05069815452839859
5,3,0.08569296391471065,-0.08592210243666022,-0.10925260309652773,-0.010786131987842272,0.08512678395713193,0.07779892157986104
5,4,-0.01172137973333415,-0.050242501893364516,0.10937648700324244,0.13594972325331192,-0.029036995923006396,-0.10939376977970527
5,5,0.006755626456458663,0.00030647107602939556,0.16777344632729224,0.09211323509361423,-0.07919609544511362,-0.1199661183071849
5,Aggregated,0.04982945272877283,-0.021569565918946307,-0.0028085706983710366,-0.0015219949873007824,0.00896239016061866,0.009279644386483996
5,Centralized,0.04982945272877283,-0.021569565918946307,-0.0028085706983710366,-0.0015219949873007824,0.00896239016061866,0.009279644386483996
6,0,0.09645368919143252,-0.021316179364300927,-0.15875618530964372,-0.1016366429873682,0.08381443609287036,0.12865246964338825
6,1,0.0878367762920038,-0.066437761894876,-0.0065507128594111145,-0.04372468405688622,0.011086277621216795,0.055078248543563094
6,2,0.020424044224059575,0.039851294825597405,0.1026903794070673,-0.027895456736405415,-0.06805258168816558,-0.015490412215691057
6,3,0.09937148253560604,-0.09793576727361496,-0.08969370630176932,-0.03763526202745441,0.0697405837943964,0.08246087641645836
6,4,-0.003056616742482595,-0.05094253462126417,0.14053038168415186,0.08595941544143484,-0.049911693277685625,-0.07921535003915403
6,5,0.008478796895546935,0.004891241853312739,0.18366417412749092,0.037975630624530264,-0.08857982663820527,-0.07356941626630038
6,Aggregated,0.059343873764187635,-0.030085296623424733,0.01215640855872063,-0.028457774313244436,0.000931832745522858,0.031022559365506977
6,Centralized,0.059343873764187635,-0.030085296623424733,0.01215640855872063,-0.028457774313244436,0.000931832745522858,0.031022559365506977
7,0,0.10784020486768083,-0.0297127473384788,-0.13029268036583222,-0.09810701335917076,0.09358273122332997,0.15046825747405154
7,1,0.07422624479227935,-0.011514617920879822,0.011376738972062286,-0.04186635654027177,0.013270647942081179,0.04527824055470695
7,2,0.013136089579121152,0.059816081130740176,0.10110470820028916,-0.03013734554600872,-0.07456148399904483,-0.04338746318114647
7,3,0.08043221585624855,-0.0512592277204905,-0.05909884237517497,-0.04006529109461031,0.06537677071271182,0.08802619077088522
7,4,-0.03175540655753311,-0.027463184638820387,0.13461393669536645,0.09201115734200277,-0.05574180147386307,-0.10345738692560273
7,5,-0.0183092647239359,0.054186181371758374,0.18917380448375457,0.03545119489314541,-0.10878612414100222,-0.1154735850799443
7,Aggregated,0.049631143456646674,0.0003486448241705955,0.028944839028951334,-0.02494845431393317,-0.0002075276925959731,0.021531398419562288
7,Centralized,0.049631143456646674,0.0003486448241705955,0.028944839028951334,-0.02494845431393317,-0.0002075276925959731,0.021531398419562288
8,0,0.06692713732296658,-0.04135337228555296,-0.16087641860542806,-0.10166753303795946,0.0710035893051586,0.12740798234293413
8,1,0.03476246259539637,-0.034865376070062355,-0.0057759134927347685,-0.041852185023278775,0.008716931748049756,0.06158574794616199
8,2,0.004371851054230366,0.049015086785314584,0.1122543917854632,-0.04373268048075263,-0.07091916039390103,-0.007880975281031061
8,3,0.05190959085885117,-0.06012946796667631,-0.09001696577862442,-0.04342290528918402,0.06489812054642326,0.08243276800212886
8,4,-0.019986725874133252,-0.023635322686479165,0.1416883935077326,0.07142962002298849,-0.04066280898101166,-0.09540973285436062
8,5,-0.030196096158563678,0.03911863742971815,0.19179426073507205,0.011247730597412495,-0.10167353868311842,-0.07113930457851089
8,Aggregated,0.023601920365652375,-0.016371286078539476,0.013927782528781515,-0.040228041687471176,-0.005412990084147322,0.02916102555383151
8,Centralized,0.023601920365652375,-0.016371286078539476,0.013927782528781515,-0.040228041687471176,-0.005412990084147322,0.02916102555383151
9,0,0.10207464205942761,-0.008029437170458332,-0.10152042930899638,-0.05888396524458852,0.1252864228449506,0.18578946976327534
9,1,0.05095588958739244,0.0008032574492673497,0.0019120949898288866,-0.02490941231939984,0.016649605147973347,0.050642591586202865
9,2,0.01209151729797488,0.07353718592622946,0.11255961391470422,-0.025674961004567613,-0.08949562573806566,-0.04681925115800172
9,3,0.07649471816908467,-0.021929763248904895,-0.054322115493706156,-0.006034612628707928,0.0979307828018858,0.10541171879705978
9,4,-0.06584432985470261,-0.011383693811555361,0.11650322699067223,0.08946314796695397,-0.06588244598669477,-0.11316807788433728
9,5,-0.030864843369071568,0.05433350685104242,0.16790649610471173,0.0038716773534139457,-0.1411886948429674,-0.13945997997009044
9,Aggregated,0.03329623564324681,0.018958458714140983,0.030935716322979256,-0.011281202624799066,0.00046375391704817944,0.02712664917821143
9,Centralized,0.03329623564324681,0.018958458714140983,0.030935716322979256,-0.011281202624799066,0.00046375391704817944,0.02712664917821143
10,0,0.03150812868405601,-0.025344474626690046,-0.23103435511121367,-0.1342933021172769,0.02433998192086454,0.0722007420031033
10,1,0.011546195507846115,0.00465759916209084,-0.05123717122845089,-0.08142535098730484,-0.01737586971426282,0.014952484741953308
10,2,0.012736057879043979,0.061961467924934094,0.07058966078274378,-0.09151520343985696,-0.08799416973646348,-0.015254428673403429
10,3,0.007737047992994759,-0.03252865806395201,-0.1415813681749857,-0.08213340802369579,0.021363501103180797,0.012144917517052017
10,4,-0.012125656393560651,-0.0032965146220203115,0.12860741064686818,0.047079243444644,-0.014040313741322728,-0.08732375869284661
10,5,4.620324073637919e-05,0.06973631919091536,0.18718957412590534,-0.02160449560989574,-0.08967684348287715,-0.06265185639051926
10,Aggregated,0.011364228265336293,0.014286169131595675,-0.03017386137443189,-0.07937910644007588,-0.026823363464364213,-0.0036157505286674597
10,Centralized,0.011364228265336293,0.014286169131595675,-0.03017386137443189,-0.07937910644007588,-0.026823363464364213,-0.0036157505286674597
11,0,0.07948952463277748,2.1891224708578097e-05,-0.0482788410176274,-0.02072003419008362,0.09882395798393377,0.23466461003469113
11,1,0.043507594143594466,-0.00241790737580316,0.008163575312657377,-0.022048258953078513,0.013365787443268468,0.05215674817196985
11,2,0.01693929637575337,0.07282998075103504,0.09694031394821881,-0.03053844080293834,-0.07837164451684125,-0.08362715071469663
11,3,0.04692592149533632,-0.016881180000510355,-0.029815090688050272,-0.002900924258662199,0.051574496697336165,0.13580733769829845
11,4,-0.014527243338804108,0.0003904852354312445,0.08656697213929336,0.04199209021828418,-0.0923959105926969,-0.1426056674590982
11,5,-0.015575322339222958,0.05561935090311177,0.12714909384746637,-0.019091225149999374,-0.1139971318834658,-0.18929775388297648
11,Aggregated,0.03289771996576278,0.02007545267104238,0.03364421365610328,-0.011767670696075618,-0.012999804261728991,0.023707343210773724
11,Centralized,0.03289771996576278,0.02007545267104238,0.03364421365610328,-0.011767670696075618,-0.012999804261728991,0.023707343210773724
12,0,0.05067999076361143,0.008436540986360912,-0.1997357693824492,-0.1627349555568746,0.03926507924384899,0.08695313225188117
12,1,0.060432875285548575,0.02531408711954379,-0.01833260940772605,-0.0632714857718516,0.0008411650212220228,0.0045354702121749154
12,2,0.01921950671845146,0.06152764359794168,0.11512487741381325,-0.03142163214765847,-0.04866394482449569,-0.0256649734811477
12,3,0.047001274144960574,0.004244458587034938,-0.1091956159259799,-0.08224140893878998,0.039872338619417406,0.029203910577274853
12,4,-0.02107329149819006,0.007846547850058188,0.15426342024783288,0.08473881584846626,-0.028384776195366473,-0.0853516109739351
12,5,0.012684879498902391,0.05527504562559459,0.22075486886786236,0.033894064009309166,-0.07328118234969311,-0.08816769039170147
12,Aggregated,0.03512497842146871,0.02997181010798085,0.009443254820812572,-0.05110366431432597,-0.005357649255185431,0.0002288026429571044
12,Centralized,0.03512497842146871,0.02997181010798085,0.009443254820812572,-0.05110366431432597,-0.005357649255185431,0.0002288026429571044
13,0,0.054514949416284805,0.034147765305365924,-0.1999942847446054,-0.08915163424624468,0.07285609153291953,0.1044793736862242
13,1,0.04544145008589855,0.016768507963496156,-0.05120647243438314,-0.06105598486952396,0.011068453406625902,0.042171301010547654
13,2,0.0364235833217887,0.041683762390016546,0.06461910634321337,-0.053373353240899174,-0.056545888688701515,-0.03234779177274837
13,3,0.03594071116970894,0.016000078607847225,-0.12810886716148484,-0.06075112231521114,0.061898565143132314,0.06089292271244368
13,4,-0.00156197215328923,-0.008840832820932409,0.10435689000825854,0.02461100371316701,-0.02345517818773992,-0.08946655295042591
13,5,0.03369635163068946,0.026145453550071862,0.1558717645111545,-0.023138701649748766,-0.09039682019333001,-0.08165115393893933
13,Aggregated,0.03864808488822123,0.02420570535880178,-0.028494562875692617,-0.05403178291102375,0.0032712150124680687,0.012059600014369511
13,Centralized,0.03864808488822123,0.02420570535880178,-0.028494562875692617,-0.05403178291102375,0.0032712150124680687,0.012059600014369511
14,0,0.052918394218997,0.026558904932905806,-0.13770688470665612,-0.044558443616320935,0.09622300771813536,0.15160475047958996
14,1,0.03748701428679011,-0.006312015232243013,-0.011078419257672384,-0.023189741518195958,-0.0006641126595384947,0.03330827627559702
14,2,0.02510019644418114,0.03510099886886638,0.07121108588037713,-0.03140366199624931,-0.07246601317936632,-0.03414004710285243
14,3,0.0365334317004813,-0.0032175769886803695,-0.07330479468495771,-0.022772810356715745,0.06950538174769783,0.07279155679963047
14,4,-0.008119889534678227,-0.02152404719508804,0.1312985366001573,0.02232875869499831,-0.040157898160433844,-0.11713220734294423
14,5,0.024954759499019694,0.017245156632280354,0.15146218022952299,-0.012589260193416246,-0.11248735973384236,-0.11368312774309791
14,Aggregated,0.03205546002203441,0.011231311365481925,0.006226512427005028,-0.023455941682035655,-0.005078009896855306,0.013389105613749883
14,Centralized,0.03205546002203441,0.011231311365481925,0.006226512427005028,-0.023455941682035655,-0.005078009896855306,0.013389105613749883
15,0,0.03416799962088088,0.003477701951470264,-0.20033227477106538,-0.08539272679955,0.07821600443795268,0.09846993496798147
15,1,0.03720116525815287,-0.07599309543732084,-0.026648436841584147,-0.01964267806723826,0.033907502443696086,0.03866574017083836
15,2,0.04308397025432544,0.026426346773784613,0.08017096471224316,-0.030528059354837225,-0.04842007621873997,-0.03258290386795686
15,3,0.022781204328082266,-0.057045582614870916,-0.11735728165436347,-0.03597168829380058,0.07339825745887396,0.05843250872595029
15,4,0.008978201911594479,-0.06437040643940996,0.12945086971424838,0.04546993804337139,-0.0068851982335506375,-0.07917624135950295
15,5,0.04384367179691455,-0.03540674827086816,0.17845247894009908,0.009129676568715016,-0.07095195754357671,-0.08679956917451462
15,Aggregated,0.03467872271921111,-0.02910838769100279,-0.011578668050075045,-0.027948721141229482,0.015473424169978213,0.01129607327926557
15,Centralized,0.03467872271921111,-0.02910838769100279,-0.011578668050075045,-0.027948721141229482,0.015473424169978213,0.01129607327926557
16,0,0.04688670609719066,0.028215196449658732,-0.12606513586883666,-0.007040498200433895,0.03055408976507988,0.1503020803004249
16,1,0.02753978739780858,0.022970949182623192,-0.018822973506071084,-0.04443688649322694,-0.021586965533747456,0.04440767459599559
16,2,-0.00083938869487498,0.029519619752412126,0.09150379874278704,-0.05738532796488695,-0.08952573034603935,-0.0393501880404379
16,3,0.025142206956373432,0.025298293939685683,-0.08041577365797736,0.0038675163563098875,0.025390108259935065,0.071442782779364
16,4,-0.022549728202685977,0.005282455847729493,0.1026755216754202,0.016581214406192042,-0.0380057329293965,-0.1232882456018615
16,5,-0.021822200461521984,0.027143241482298578,0.15855571662939788,-0.059854662350870905,-0.11020440790280414,-0.11457811163813741
16,Aggregated,0.010546574062178175,0.024457265733553477,0.007256307803676712,-0.024452456519417007,-0.03333369043553346,0.010232133374107695
16,Centralized,0.010546574062178175,0.024457265733553477,0.007256307803676712,-0.024452456519417007,-0.03333369043553346,0.010232133374107695
17,0,0.038938591608495325,0.012246385408921902,-0.23828439412223365,-0.09270067688622478,0.04258747913717345,0.07569840850849936
17,1,0.03164516891916653,0.018529382966991303,-0.07068763605920175,-0.03940531787829014,0.010712350011444967,0.04620195240389384
17,2,0.0201673149615852,0.029746616264143377,0.06972062387062784,-0.019464766529538977,-0.046036430541362035,0.009774259852513931
17,3,0.030979333257118845,0.01782007625630542,-0.16097375165398142,-0.04547056162901096,0.04314399031515656,0.04593949000176362
17,4,0.0007828499529805824,0.023737088229561353,0.08186058968523342,0.0565953049378009,-0.029831418901471344,-0.054132636866309494
17,5,0.012916011204006662,0.03070239713964657,0.17489039128668157,0.013650352037623817,-0.06743085057807822,-0.016515026176287795
17,Aggregated,0.026518853602724744,0.02421036258869297,-0.042660712056703985,-0.02913843023259762,-0.0023641413827571543,0.028740789087071845
17,Centralized,0.026518853602724744,0.02421036258869297,-0.042660712056703985,-0.02913843023259762,-0.0023641413827571543,0.028740789087071845
18,0,0.060611730241679596,0.03339892877612047,-0.15836884515312397,-0.040973154441808476,0.08631556985921643,0.12806543456300795
18,1,0.03972068446360602,-0.0030611474192212638,-0.02686219570519675,-0.008112115512614001,-0.01023676912558887,0.029775751015762415
18,2,0.020599876306180834,0.039869746175121054,0.05726356559060412,-0.009270254390163787,-0.05339024554039217,-0.03566345022899987
18,3,0.040906318000940196,-0.0003105865498978193,-0.09123537178709162,-0.012706710193106317,0.06125875909748334,0.06782026688145772
18,4,-0.005681351863096714,-0.014263311564251192,0.09662804710192699,0.03419762430016344,-0.023334159196914485,-0.1015692357776707
18,5,0.014889193339753828,0.02044528062952917,0.14033568556484946,-0.0011643068439127053,-0.09442374556940128,-0.10033017267507616
18,Aggregated,0.032148003324923714,0.01599030834647137,-0.012334550582841405,-0.009791524264013638,-0.0007392977053383524,0.009071214791332036
18,Centralized,0.032148003324923714,0.01599030834647137,-0.012334550582841405,-0.009791524264013638,-0.0007392977053383524,0.009071214791332036
19,0,0.04067524027705884,0.0021275194926451044,-0.17845782551216974,-0.031627470035797335,0.07010073903056041,0.10571128735727853
19,1,0.008323235468836175,0.01764717006915044,-0.0327254454217644,-0.02489168674644016,-0.010314446505161012,0.034115508374918425
19,2,0.022334776621863502,0.04262141851846224,0.06330094425532524,-0.0445802087206836,-0.06688908612218615,-0.031235495970994027
19,3,0.010126006672707685,0.003017350525605567,-0.1032979643114719,-0.013263352482910084,0.04871541685673437,0.05459267566954735
19,4,-0.020148439604096378,0.010457105375142937,0.10888353295356876,0.027383193307141573,-0.0473129803700154,-0.07648701439856408
19,5,0.007736339556891756,0.04521769583313104,0.1634670378803797,-0.03486478493849846,-0.1080496305131502,-0.075645725548275
19,Aggregated,0.014961908753816946,0.021350728290433302,-0.012725751926302735,-0.022257756350251352,-0.014896881478592248,0.010804780384992238
19,Centralized,0.014961908753816946,0.021350728290433302,-0.012725751926302735,-0.022257756350251352,-0.014896881478592248,0.010804780384992238
20,0,0.0634212938049536,-0.03475610052779388,-0.22510891956899495,-0.05541989096008093,0.06482254949562932,0.09720099315058249
20,1,0.011400335938775107,-0.003990083077914707,-0.04018486118140594,-0.03374246056677694,0.00461054281520988,0.05072908875577057
20,2,-0.006876165064462253,0.024034960693436073,0.0469676550062714,-0.04355843777239583,-0.039906288649986243,0.005083363984902766
20,3,0.030265022333013647,-0.022585905003850642,-0.13976274065305305,-0.026725374225900836,0.04333846386040022,0.05747487363989547
20,4,-0.04162769379008798,0.022607576089762344,0.07218541305095169,0.02993510173775798,-0.012991446522488102,-0.05885633459907614
20,5,-0.04276458301108946,0.039700422460664145,0.15219965476802805,-0.026471695297882843,-0.06407511540366327,-0.03778849373006819
20,Aggregated,0.008185946662125947,0.0021251907293891314,-0.04067071013989765,-0.0298614034509492,0.004439305851622952,0.02941090836734531
20,Centralized,0.008185946662125947,0.0021251907293891314,-0.04067071013989765,-0.0298614034509492,0.004439305851622952,0.02941090836734531
21,0,0.026808277259934545,-0.008991333537918561,-0.12738922180612083,0.015517907275977022,0.06119930069395071,0.14395890947283146
21,1,0.01973104720641227,0.018338605623289858,-0.025320123353709492,-0.008315137279900684,-0.0009961048814728177,0.026216837930181213
21,2,-0.0038935045063037904,0.04059843468199672,0.06334750413803115,-0.006853225567935027,-0.04105752060312428,-0.030768892908475207
21,3,0.022760469432458484,-0.001072714624693902,-0.08168743359165681,0.013016224708725464,0.04343100121664142,0.0686036208307146
21,4,0.00790906935150286,0.012572213355277384,0.07824968757243571,0.002645958045247229,-0.011430613123597954,-0.10108805435629087
21,5,-0.00949652981343228,0.051108312869772396,0.12939217259951533,-0.02420725704851938,-0.06330493779230285,-0.1089658465264123
21,Aggregated,0.01194658915271997,0.01920727510945749,-0.006704555301290473,-8.784190420687627e-05,0.0007152878200418741,0.009422196994994992
21,Centralized,0.01194658915271997,0.01920727510945749,-0.006704555301290473,-8.784190420687627e-05,0.0007152878200418741,0.009422196994994992
22,0,0.051136754709601884,-0.02109806534466089,-0.20624868846568048,-0.03009997983578065,0.038924901074882695,0.09327746823939044
22,1,0.0278387588293266,-0.02907547487237285,-0.036379036847595324,-0.010700382720973203,-0.00402894243165951,0.04246321516648753
22,2,0.006910725470892674,0.03392121213726334,0.05026834162178181,-0.008816425774947845,-0.02836999774086292,-0.01998173204809796
22,3,0.038443969457263964,-0.03037070083969147,-0.11903181166971444,-0.0036908302483191647,0.03316169901770494,0.0613235276616206
22,4,-0.015674098279845138,-0.011441993700269012,0.09005740609690956,0.026700613684957266,-0.0011953574632573873,-0.08018325321881939
22,5,-0.006002865301020864,0.02899083072831268,0.15337522591864658,-0.0027677097980747817,-0.05167267142668227,-0.059543034714074176
22,Aggregated,0.019874659080547242,-0.003677251122844525,-0.02776312666026639,-0.005864145065999605,-0.0001606295881593346,0.017135488981574666
22,Centralized,0.019874659080547242,-0.003677251122844525,-0.02776312666026639,-0.005864145065999605,-0.0001606295881593346,0.017135488981574666
23,0,0.029676631134213455,0.018078384518895402,-0.20624147957383285,-0.06129430699386798,0.04663710820787963,0.12474854119641696
23,1,0.024577599323546098,0.023648812592348786,-0.06926061369665165,-0.027235958000933442,0.004167636578069161,0.042475544407062915
23,2,0.013801051813964774,0.02107447343905569,-0.007946279324720428,-0.03480348978691816,-0.02998953428082717,0.0005447070768343052
23,3,0.021326557318635374,0.009225014815074269,-0.1431910616195804,-0.036207304774648084,0.03652871658080733,0.0684292303976046
23,4,0.004709334104136033,-0.0010625842258506696,0.03727077541955047,0.026955772453993977,-0.00501260658266502,-0.051403168858053946
23,5,0.012932148685158785,0.026409355018548828,0.07358209842950972,-0.02703096757110308,-0.04313223844574804,-0.042183063265006496
23,Aggregated,0.02060158668678228,0.018514346308730438,-0.07021247096955066,-0.032208526088179354,0.004771363592587387,0.03584025111358355
23,Centralized,0.02060158668678228,0.018514346308730438,-0.07021247096955066,-0.032208526088179354,0.004771363592587387,0.03584025111358355
24,0,0.03475869883947532,0.02754551370357327,-0.10840216242306099,-0.02336766747314624,0.042332717788502006,0.1628965417335443
24,1,0.012757859681946784,0.014578013385042962,-0.019957914062031085,-0.013725812454521348,-0.04311500890066234,0.053120093424519836
24,2,0.008356296528628824,0.029638648381404408,0.04636382521971756,-0.00829573832932791,-0.05677599363499009,-0.015513440277616282
24,3,0.025583398921375573,0.01880504900752935,-0.06703600301752284,-0.0037383165815470273,0.018433848907186544,0.08261177483357135
24,4,0.002174674157414401,0.003550417837579942,0.08433507590298434,0.021047689637891335,-0.03253779992488709,-0.10112369259200725
24,5,-0.00717930971621651,0.023227894852128953,0.10897268810729596,-0.006012198700538949,-0.09066007383937674,-0.08163503481104886
24,Aggregated,0.014749034556597857,0.021330151601361053,-0.00553606456682846,-0.006685610322124315,-0.02401819941797981,0.027049394904236586
24,Centralized,0.014749034556597857,0.021330151601361053,-0.00553606456682846,-0.006685610322124315,-0.02401819941797981,0.027049394904236586
25,0,0.026415597592246817,-0.020937722123031834,-0.20215742384557436,-0.02814570641037142,0.04791296266759312,0.11355291758504055
25,1,0.017498804164166954,0.0008117872254226363,-0.033998781959286024,-0.00841263855185733,-0.007348405640881651,0.04197125515219368
25,2,0.012672672954615289,0.027385869316646976,0.03251213283383683,0.005077052095242673,-0.02256327189697101,-0.01935426434351432
25,3,0.021753276601048723,-0.011975128973515475,-0.11581592976438687,-0.013478474273036523,0.03156796591394875,0.06899703599275706
25,4,0.002035193109215409,0.006129803384589304,0.07065986272823394,0.011721941921456064,-0.016649394481813864,-0.07124382966449504
25,5,0.0067732850572250645,0.02841651874158684,0.1359372540149987,0.0045815446402641714,-0.0494859634529288,-0.06072751785084102
25,Aggregated,0.016254837754006962,0.005452849402649423,-0.034707645506026105,-0.004923906661384888,-0.0001293817930404173,0.023248376561150825
25,Centralized,0.016254837754006962,0.005452849402649423,-0.034707645506026105,-0.004923906661384888,-0.0001293817930404173,0.023248376561150825
26,0,0.009867736857828142,0.03598142222099959,-0.20208693361816293,-0.0295824290621959,0.059177512695009656,0.1161905586687979
26,1,0.016658999605385406,-0.0012769174866230212,-0.06272832789056983,-0.019664039337456522,0.006326005507113302,0.04824665955370972
26,2,0.015501301691979589,0.028204189057651912,0.015933704620085424,-0.03489770886231025,-0.033113640803347624,-0.003764328777251607
26,3,0.00848452487636067,0.009114381773982307,-0.1282698896885461,-0.011663638976439673,0.04477344618794719,0.07359755856620105
26,4,0.010350977118788721,-0.014837168225733856,0.05241095703270805,0.024464954938394918,-0.0069737585536632195,-0.051217986960280314
26,5,0.015155856830308501,0.0109261350490222,0.09366599893069685,-0.03978827480207084,-0.05731947741017488,-0.04779345371660478
26,Aggregated,0.01383308435238793,0.01412025314647508,-0.05446510394850874,-0.019715285361963215,0.004725948656219581,0.03271052449597984
26,Centralized,0.01383308435238793,0.01412025314647508,-0.05446510394850874,-0.019715285361963215,0.004725948656219581,0.03271052449597984
27,0,0.004449533507600892,0.05340602218191795,-0.15002274787288633,-0.07986571852839348,0.03117421871123178,0.16296078980504008
27,1,0.010568213756029626,0.03191757902184789,-0.034229277799159956,-0.04019361667625801,-0.03208531283293909,0.04812533160407322
27,2,0.01644095903934765,0.025798030983193124,0.04176719432416373,-0.06425483818647772,-0.06318240462564637,-0.003942893088162977
27,3,0.002488251939443967,0.030010916700033346,-0.10129520946590079,-0.0443114447729346,0.024559752465539462,0.0954902405526677
27,4,0.009468990417562455,-0.004018242122133057,0.05612207042292901,0.022066327074739926,-0.015139243259504151,-0.07415460513629284
27,5,0.01749358897270248,0.016410512001864778,0.10960261327382279,-0.036160779191260733,-0.07824414046722676,-0.07304836900589029
27,Aggregated,0.011403062814131976,0.028483741157850365,-0.026777528876581594,-0.04766092936774706,-0.01920788682650506,0.03998480767737514
27,Centralized,0.011403062814131976,0.028483741157850365,-0.026777528876581594,-0.04766092936774706,-0.01920788682650506,0.03998480767737514
28,0,0.05200835423751295,0.029987556290428655,-0.17432397771304067,-0.04783528774998031,0.052998907958935804,0.1268976261043648
28,1,0.025033046063083375,0.0028702116172924248,-0.029040781813476614,-0.005013752106743843,0.0026558865913542035,0.04466297928439593
28,2,-0.0035018945849829035,0.035076933427050115,0.03077733889459361,0.01082317946191,-0.034607108468244864,0.018857727584000467
28,3,0.03673047796037071,-0.005257179949542756,-0.09566283594648374,-0.027842727709141465,0.04143717654738988,0.07398596132904649
28,4,-0.004140412047045877,-0.017560996472613697,0.0634333616314186,0.024323254971914645,-0.008982070271376144,-0.057030962871222335
28,5,-0.020472536115305133,0.017093221279492303,0.11441440807185702,0.026574424857332486,-0.05779676386243547,-0.01788531336001628
28,Aggregated,0.01625001108970276,0.01255524523006664,-0.02970867648955777,-0.005154057638958981,0.0020752176849385844,0.04089594228328283
28,Centralized,0.01625001108970276,0.01255524523006664,-0.02970867648955777,-0.005154057638958981,0.0020752176849385844,0.04089594228328283
29,0,0.024444816418472758,0.026283006183607554,-0.20766643116623945,-0.01722549223002373,0.05693713055229544,0.10108895216531472
29,1,0.016553303119225083,0.0014880472776071345,-0.04382074201230168,-0.007570566397890765,0.002119199719113479,0.028792373987543213
29,2,0.008499597718953669,0.01784793630564218,0.026525316398559165,-0.013979506612902043,-0.04438808624839054,0.005085013127126504
29,3,0.017881010030831847,0.007320540060578641,-0.12348069516736657,-0.0011414093725714905,0.036474569796275995,0.05363468285289731
29,4,0.0023120588650185716,-0.008696745607681435,0.07085597093126685,0.017529508745485506,-0.020647697137744336,-0.0557277436318189
29,5,0.00879939137449551,-0.0005512583355895612,0.12332327671655532,-0.012899448611105747,-0.0687858910795806,-0.03451175771017724
29,Aggregated,0.0144038728234591,0.00938525220873976,-0.04142091213240699,-0.005433709704286833,-0.003077527619807088,0.024967823655661837
29,Centralized,0.0144038728234591,0.00938525220873976,-0.04142091213240699,-0.005433709704286833,-0.003077527619807088,0.024967823655661837
30,0,0.04419686801999432,0.020073747873456747,-0.20913419717981013,-0.055213609128711795,0.04941177392810226,0.11492839928476252
30,1,0.025093662340999297,0.014592957887217912,-0.07568961442586283,-0.01636161925786063,-0.00914532196132378,0.035923920598216245
30,2,0.010593982145991242,0.02698016054481706,0.028125949815272316,-0.025299468215957216,-0.04469006867621831,-0.003029424788296088
30,3,0.029827739281853432,0.016808565099644932,-0.14612328048301493,-0.02550249524633547,0.03673133657176609,0.06693140418856487
30,4,-0.0008129333200867608,-0.0013723514428440398,0.03328422420603786,0.025946161129624005,-0.009487336076925059,-0.053243153249495474
30,5,0.0019815872241041336,0.0163321641880085,0.09786913217661307,-0.014012407428887208,-0.07541375868750487,-0.05756763569809284
30,Aggregated,0.021185393387251998,0.017623369986565232,-0.06031846015149633,-0.020603242219930522,-0.006027682645213175,0.027570101415568704
30,Centralized,0.021185393387251998,0.017623369986565232,-0.06031846015149633,-0.020603242219930522,-0.006027682645213175,0.027570101415568704
31,0,0.002406767751117281,-0.011019671991183252,-0.1764878673330125,-0.016806543068331563,0.07297060917216366,0.1526626524280468
31,1,0.01699651471145408,0.0015438411202423267,-0.05217657511068008,-0.007909463109301145,0.0002540505576319339,0.05145852376890548
31,2,0.003507882378032094,0.01836953230707775,0.013508727558769971,-0.01942962363859282,-0.027636164771786147,0.011942222901076145
31,3,0.00809000318531166,-0.014283798742424598,-0.11378596432123912,-0.009466205770737994,0.04540724789340038,0.08635234826558424
31,4,0.011578347337148513,0.004390145358996281,0.04428709380371263,0.013954191365452602,-0.01593632036048297,-0.05258806875113754
31,5,0.018870303151877856,0.022759714708712978,0.08749230618308838,-0.015573336225256864,-0.05216913136640704,-0.03843556950034318
31,Aggregated,0.010562964049538324,0.0035054759394075505,-0.04750281806864203,-0.009598499352372591,0.006989627779154855,0.04661448313748696
31,Centralized,0.010562964049538324,0.0035054759394075505,-0.04750281806864203,-0.009598499352372591,0.006989627779154855,0.04661448313748696
32,0,0.03364819978179785,0.0387332805545413,-0.1532026877358366,-0.03493734594289969,0.03800737117258036,0.13255351777608965
32,1,0.022042344901959728,0.008956520314349443,-0.03008786473845844,-0.015772343469430978,-0.010280649426974365,0.04032855703984724
32,2,0.013524586080631328,0.014940785201387717,0.024523004046002484,-0.007225021391942866,-0.03453814174765247,-0.008928483888219253
32,3,0.01906455657800222,0.012559284688910691,-0.08543312011697415,-0.009868140352872442,0.02598813229814053,0.07512845078699375
32,4,-0.004638981023017508,-0.014602830797303406,0.06153810818808034,0.01986381387910597,-0.012143188385342762,-0.06120498772536428
32,5,-0.00041964322237473634,-0.008405897376828115,0.09369426193258855,-0.003028568781222184,-0.055134987457593196,-0.057076923060072
32,Aggregated,0.01565357704636428,0.010784887286373421,-0.027575977144979932,-0.009697893837868687,-0.005896207805352646,0.027626033249098035
32,Centralized,0.01565357704636428,0.010784887286373421,-0.027575977144979932,-0.009697893837868687,-0.005896207805352646,0.027626033249098035
