,BeforeLocalTraining,AfterLocalTraining,BeforeLocalPartialEvaluations,AfterLocalPartialEvaluations,BeforeEvaluation,AfterEvaluation
1,1786190487.265802,1786190487.3612967,1786190492.6218166,1786190493.9295883,1786190493.943019,1786190493.9608808
2,1786190493.988392,1786190494.0840263,1786190499.1418025,1786190500.358889,1786190500.3721354,1786190500.3891714
3,1786190500.4165108,1786190500.5103762,1786190505.6334631,1786190506.9549012,1786190506.9677827,1786190506.9853075
4,1786190507.0133278,1786190507.1075704,1786190512.1641936,1786190513.3673916,1786190513.380582,1786190513.3976858
5,1786190513.4254773,1786190513.521813,1786190518.7259343,1786190520.016654,1786190520.029657,1786190520.047328
6,1786190520.0753465,1786190520.1669571,1786190525.2494524,1786190526.460821,1786190526.4737968,1786190526.4908597
7,1786190526.5180697,1786190526.6111946,1786190531.6745791,1786190532.9489636,1786190532.9618366,1786190532.9787376
8,1786190533.0158687,1786190533.1108358,1786190538.243714,1786190539.4487422,1786190539.4618537,1786190539.4790654
9,1786190539.5069792,1786190539.671627,1786190544.7177155,1786190545.9345264,1786190545.9473536,1786190545.9645057
10,1786190546.05939,1786190546.1517506,1786190551.3388891,1786190552.6281922,1786190552.6410494,1786190552.6586146
11,1786190552.6862082,1786190552.7778902,1786190557.9026642,1786190559.1021714,1786190559.1149702,1786190559.1321168
12,1786190559.1597824,1786190559.2498257,1786190564.2995207,1786190565.6110175,1786190565.6239583,1786190565.6416657
13,1786190565.6697726,1786190565.7660053,1786190570.9535193,1786190572.1532714,1786190572.166333,1786190572.183344
14,1786190572.2116892,1786190572.3027472,1786190577.3899312,1786190578.6678326,1786190578.6807458,1786190578.6980014
15,1786190578.7254045,1786190578.8198621,1786190584.048501,1786190585.237357,1786190585.2501369,1786190585.2671168
16,1786190585.2986524,1786190585.3897963,1786190590.4559932,1786190591.7384741,1786190591.7514405,1786190591.7687285
17,1786190591.7964501,1786190591.8862824,1786190596.9645646,1786190598.185136,1786190598.1981573,1786190598.215158
18,1786190598.2430565,1786190598.3362722,1786190603.4809308,1786190604.7594528,1786190604.772488,1786190604.7897797
19,1786190604.8177705,1786190604.9088888,1786190609.9451663,1786190611.221074,1786190611.23396,1786190611.2511485
20,1786190611.277479,1786190611.4383347,1786190616.4857862,1786190617.6844404,1786190617.6973813,1786190617.7143002
21,1786190617.8064184,1786190617.898095,1786190623.0025268,1786190624.2102883,1786190624.2231503,1786190624.3039804
22,1786190624.3318913,1786190624.4282768,1786190629.5657506,1786190630.786452,1786190630.7996187,1786190630.816789
23,1786190630.8440323,1786190630.9360387,1786190635.9574556,1786190637.2794516,1786190637.292605,1786190637.309875
24,1786190637.3362322,1786190637.4258335,1786190642.5635278,1786190643.7617471,1786190643.7749834,1786190643.7920148
25,1786190643.8194149,1786190643.9167726,1786190648.9604874,1786190650.2694108,1786190650.2824354,1786190650.2994535
26,1786190650.327433,1786190650.4196134,1786190655.5159087,1786190656.8198485,1786190656.833295,1786190656.8505168
27,1786190656.8772793,1786190656.969371,1786190662.008946,1786190663.3258786,1786190663.3391829,1786190663.357467
28,1786190663.3834748,1786190663.4788642,1786190668.529862,1786190669.7587426,1786190669.7716198,1786190669.788998
29,1786190669.8163302,1786190669.9091952,1786190675.0730274,1786190676.3937674,1786190676.4067419,1786190676.4237232
30,1786190676.451661,1786190676.5436199,1786190681.5637949,1786190682.768293,1786190682.7813284,1786190682.7984068
31,1786190682.8260708,1786190682.9166877,1786190687.986592,1786190689.281975,1786190689.2949553,1786190689.3119054
32,1786190689.3384917,1786190689.4290655,1786190694.531083,1786190695.7581587,1786190695.7711039,1786190695.7880516
33,1786190695.81477,1786190695.90554,1786190700.9420419,1786190702.248831,1786190702.2618878,1786190702.2791657
34,1786190702.3058622,1786190702.3970323,1786190707.4496202,1786190708.6516206,1786190708.664569,1786190708.681877
35,1786190708.708845,1786190708.8791592,1786190714.0679617,1786190715.2626035,1786190715.2755797,1786190715.292567
36,1786190715.394481,1786190715.4927747,1786190720.56625,1786190721.78831,1786190721.8012686,1786190721.8805265
37,1786190721.9080217,1786190722.0066764,1786190727.1593943,1786190728.3774817,1786190728.3903549,1786190728.4074264
38,1786190728.4343326,1786190728.5253744,1786190733.6840632,1786190734.975306,1786190734.9884744,1786190735.0071905
39,1786190735.033594,1786190735.126878,1786190740.147668,1786190741.3537102,1786190741.3667693,1786190741.3838134
40,1786190741.4116447,1786190741.5060484,1786190746.6061094,1786190747.889549,1786190747.9028347,1786190747.9208176
41,1786190747.9485025,1786190748.0395017,1786190753.1412446,1786190754.3739307,1786190754.386926,1786190754.4039278
42,1786190754.431126,1786190754.521122,1786190759.5642817,1786190760.8937175,1786190760.9067829,1786190760.924035
43,1786190760.9525168,1786190761.0550983,,,,
