,BeforeLocalTraining,AfterLocalTraining,BeforeLocalPartialEvaluations,AfterLocalPartialEvaluations,BeforeEvaluation,AfterEvaluation
1,1789132477.9991944,1789132478.3173852,1789132487.4703112,1789132490.5440228,1789132490.5584688,1789132490.6062841
2,1789132490.7905853,1789132491.0988805,1789132500.2840466,1789132503.343687,1789132503.357935,1789132503.4068015
3,1789132503.6052518,1789132503.9109488,1789132513.1199138,1789132516.1441445,1789132516.1578522,1789132516.2050908
4,1789132516.4132292,1789132516.7152152,1789132525.8391476,1789132529.1991966,1789132529.2130594,1789132529.260893
5,1789132529.4616535,1789132529.7684762,1789132538.7042956,1789132541.8913236,1789132541.9052613,1789132541.954732
6,1789132542.1869738,1789132542.4969277,1789132551.6164272,1789132554.6696002,1789132554.6832283,1789132554.730847
7,1789132554.9486237,1789132555.2568917,1789132564.504556,1789132567.5591028,1789132567.5728114,1789132567.6209953
8,1789132567.788775,1789132568.0916514,1789132577.2999954,1789132580.321751,1789132580.3354084,1789132580.3830123
9,1789132580.6334777,1789132580.9461553,1789132590.2251985,1789132593.2520163,1789132593.2657309,1789132593.313108
10,1789132593.5512557,1789132593.8570025,1789132602.7334027,1789132605.7330484,1789132605.7468574,1789132605.7942631
11,1789132606.0648706,1789132606.3674486,1789132615.1820285,1789132618.5492215,1789132618.5631785,1789132618.6123016
12,1789132618.8867724,1789132619.1951432,1789132627.959214,1789132630.9865267,1789132631.0003266,1789132631.048119
13,1789132631.2377083,1789132631.552426,1789132640.4497964,1789132643.5087924,1789132643.5225399,1789132643.5701017
14,1789132643.756622,1789132644.063282,1789132653.0792818,1789132656.1413176,1789132656.1551106,1789132656.2044337
15,1789132656.3887117,1789132656.6975534,1789132665.599832,1789132668.7385945,1789132668.753831,1789132668.8072343
16,1789132669.0461383,1789132669.3621385,1789132679.1569464,1789132682.362251,1789132682.3765166,1789132682.4276884
17,1789132682.5550797,1789132682.864946,1789132692.1780734,1789132695.3197532,1789132695.3336668,1789132695.3842306
18,1789132695.5818758,1789132695.8923728,1789132705.4051507,1789132708.9413586,1789132708.95533,1789132709.0042865
19,1789132709.1941645,1789132709.5022845,1789132718.7096565,1789132722.0076845,1789132722.0216591,1789132722.072827
20,1789132722.2932389,1789132722.6201441,1789132731.9151938,1789132735.039225,1789132735.0528698,1789132735.1028357
21,1789132735.2677882,1789132735.5832505,1789132744.9357953,1789132748.049441,1789132748.0631702,1789132748.112458
22,1789132748.3017826,1789132748.6113858,1789132758.0057898,1789132761.177854,1789132761.1918597,1789132761.2422173
23,1789132761.359003,1789132761.6749926,1789132771.3950791,1789132774.532296,1789132774.5463305,1789132774.597291
24,1789132774.8583243,1789132775.1763716,1789132784.3609025,1789132787.4321573,1789132787.445933,1789132787.4930584
25,1789132787.6070547,1789132787.911695,1789132797.036605,1789132800.0932546,1789132800.1071212,1789132800.1554534
26,1789132800.366452,1789132800.6786618,1789132809.7257288,1789132813.0924919,1789132813.1064348,1789132813.1547294
27,1789132813.29418,1789132813.6041481,1789132822.5263178,1789132825.5681767,1789132825.5819957,1789132825.6304348
28,1789132825.7432556,1789132826.0451574,1789132835.2717443,1789132838.3132708,1789132838.3270621,1789132838.3750527
29,1789132838.5159256,1789132838.831513,1789132847.9196022,1789132850.989182,1789132851.0028238,1789132851.0509498
30,1789132851.1800516,1789132851.5002556,1789132860.4353623,1789132863.4317698,1789132863.445478,1789132863.493274
31,1789132863.686763,1789132863.9895656,1789132872.7847674,1789132875.8030741,1789132875.8168783,1789132875.8641665
32,1789132876.0069044,1789132876.3076925,1789132885.0028162,1789132888.3206832,1789132888.3345387,1789132888.382648
33,1789132888.5991375,1789132888.9011831,1789132897.7862413,1789132900.8392158,1789132900.852972,1789132900.901872
34,1789132901.003649,1789132901.3080885,1789132910.2637706,1789132913.2920063,1789132913.3057141,1789132913.3542335
35,1789132913.5082319,1789132913.8130279,1789132922.9300117,1789132925.929901,1789132925.943758,1789132925.991711
36,1789132926.1665022,1789132926.4657943,,,,
