,BeforeLocalTraining,AfterLocalTraining,BeforeLocalPartialEvaluations,AfterLocalPartialEvaluations,BeforeEvaluation,AfterEvaluation
1,1784818734.938109,1784818734.9657044,1784818735.4315429,1784818735.565586,1784818735.5730233,1784818735.5777667
2,1784818735.6134965,1784818735.637384,1784818736.0461664,1784818736.1692247,1784818736.1757076,1784818736.1800406
3,1784818736.2048323,1784818736.228476,1784818736.6367128,1784818736.7631316,1784818736.769561,1784818736.7737343
4,1784818736.8018832,1784818736.8262944,1784818737.3058913,1784818737.4270117,1784818737.4334748,1784818737.4377325
5,1784818737.4638348,1784818737.4884813,1784818737.885476,1784818738.0060213,1784818738.0123765,1784818738.0165205
6,1784818738.0444403,1784818738.0681922,1784818738.4664102,1784818738.5869813,1784818738.5931964,1784818738.5973504
7,1784818738.6322713,1784818738.6567676,1784818739.054375,1784818739.1758432,1784818739.1820955,1784818739.1864607
8,1784818739.2119298,1784818739.2368653,1784818739.668606,1784818739.8324466,1784818739.838666,1784818739.8428361
9,1784818739.8683317,1784818739.8923326,1784818740.2964382,1784818740.418086,1784818740.4243746,1784818740.4285946
10,1784818740.4623709,1784818740.4862916,1784818740.8899503,1784818741.0121462,1784818741.0183718,1784818741.022624
11,1784818741.0468907,1784818741.0706515,1784818741.5563312,1784818741.6773531,1784818741.6835399,1784818741.6877494
12,1784818741.7134326,1784818741.7378612,1784818742.1367078,1784818742.2571647,1784818742.2633443,1784818742.267524
13,1784818742.2945733,1784818742.3191118,1784818742.7167401,1784818742.8380783,1784818742.844324,1784818742.8485005
14,1784818742.88705,1784818742.9107726,1784818743.3100133,1784818743.432036,1784818743.4383068,1784818743.4424996
15,1784818743.469179,1784818743.4932544,1784818743.8896854,1784818744.011356,1784818744.0176857,1784818744.0219822
16,1784818744.048114,1784818744.072239,1784818744.4733446,1784818744.595366,1784818744.6015935,1784818744.605834
17,1784818744.6313415,1784818744.6551478,1784818745.0583358,1784818745.179596,1784818745.1859066,1784818745.1901393
18,1784818745.2169363,1784818745.2413735,1784818745.7337687,1784818745.8548765,1784818745.8612096,1784818745.865404
19,1784818745.8961256,1784818745.9202793,1784818746.3165073,1784818746.437272,1784818746.443449,1784818746.4476848
20,1784818746.477896,1784818746.5031478,1784818746.9025488,1784818747.0241551,1784818747.0303707,1784818747.0347435
21,1784818747.0676808,1784818747.0916586,1784818747.5105052,1784818747.6382794,1784818747.6448236,1784818747.649065
22,1784818747.674987,1784818747.6992087,1784818748.1824481,1784818748.3101718,1784818748.3165107,1784818748.3207443
23,1784818748.3472648,1784818748.3711994,1784818748.7712379,1784818748.893009,1784818748.8992193,1784818748.9035103
24,1784818748.9299688,1784818748.9651444,1784818749.3649235,1784818749.4931276,1784818749.4997942,1784818749.5039508
25,1784818749.529521,1784818749.5543737,1784818750.0361333,1784818750.1587906,1784818750.1652164,1784818750.169469
26,1784818750.1965172,1784818750.2304518,1784818750.6255245,1784818750.7472403,1784818750.753474,1784818750.7577927
27,1784818750.7844257,1784818750.8083715,,,,
