,BeforeEvaluation,BeforeSV,AfterSV,BeforeGradientRewards,AfterGradientRewards,AfterEvaluation
0,1784818730.238803,,,,,
1,1784818735.4155006,1784818735.0083263,1784818735.4008193,1784818735.4011612,1784818735.4150515,1784818735.4287355
2,1784818736.0310493,1784818735.6561062,1784818736.0188327,1784818736.0189838,1784818736.0307794,1784818736.0430443
3,1784818736.6207993,1784818736.2490401,1784818736.6080124,1784818736.6081884,1784818736.6204495,1784818736.6338367
4,1784818737.2905755,1784818736.8404305,1784818737.2781715,1784818737.278333,1784818737.2903004,1784818737.3028085
5,1784818737.8710067,1784818737.5030196,1784818737.8585818,1784818737.8587427,1784818737.8707256,1784818737.8830476
6,1784818738.4514828,1784818738.083365,1784818738.4392366,1784818738.4393935,1784818738.4512064,1784818738.4635704
7,1784818739.039135,1784818738.6704366,1784818739.026933,1784818739.0270846,1784818739.03886,1784818739.051075
8,1784818739.6336057,1784818739.251015,1784818739.6128118,1784818739.6129787,1784818739.6329012,1784818739.6543233
9,1784818740.2807972,1784818739.9063334,1784818740.2683606,1784818740.2685275,1784818740.280493,1784818740.292964
10,1784818740.8743346,1784818740.5013137,1784818740.862017,1784818740.8621778,1784818740.8740544,1784818740.8864343
11,1784818741.5406425,1784818741.0855026,1784818741.528178,1784818741.5283403,1784818741.5403492,1784818741.5528882
12,1784818742.121872,1784818741.7520232,1784818742.1095757,1784818742.109732,1784818742.1215918,1784818742.1338623
13,1784818742.701425,1784818742.3329098,1784818742.6890697,1784818742.6892219,1784818742.7011595,1784818742.7133448
14,1784818743.2950149,1784818742.925523,1784818743.2826746,1784818743.2828317,1784818743.2946913,1784818743.3073874
15,1784818743.875027,1784818743.5060678,1784818743.8626888,1784818743.8628464,1784818743.874759,1784818743.8870618
16,1784818744.457367,1784818744.0876143,1784818744.4447846,1784818744.4449484,1784818744.4570878,1784818744.4694252
17,1784818745.043274,1784818744.6703699,1784818745.030874,1784818745.0310469,1784818745.0429993,1784818745.0552988
18,1784818745.718922,1784818745.2632086,1784818745.7062707,1784818745.706429,1784818745.7186527,1784818745.730952
19,1784818746.3009336,1784818745.9308884,1784818746.288439,1784818746.2885883,1784818746.3006568,1784818746.3130534
20,1784818746.8874016,1784818746.517359,1784818746.8750126,1784818746.8751664,1784818746.887125,1784818746.8994668
21,1784818747.4953308,1784818747.118029,1784818747.4786792,1784818747.4788415,1784818747.4950533,1784818747.5074995
22,1784818748.1671748,1784818747.7097762,1784818748.1544764,1784818748.1546495,1784818748.1668875,1784818748.179466
