Round,Evaluator,3,0,5,2,4,1
0,0,,,,,,
0,1,,,,,,
0,2,,,,,,
0,3,,,,,,
0,4,,,,,,
0,5,,,,,,
0,Aggregated,,,,,,
0,Centralized,,,,,,
1,0,-2.6219731131335138,17.321610215664652,-34.14526870783698,2.543179930394723,-10.48768324863618,5.350160170930483
1,1,6.858165272057716,14.028188752726756,-18.784199649641852,10.115828555548772,0.9330649014615345,11.285000025207259
1,2,12.359574535098744,10.226467313100816,-7.180815619664511,13.49611515191305,8.409968797599873,13.168687875048413
1,3,14.64236126142552,3.8470704786988343,5.22929404328605,12.954142434542751,14.465304890464314,11.62616780645872
1,4,14.199900324583837,-2.2175654094999144,15.868804769523079,10.88041168789766,17.696323139861803,9.14803194887544
1,5,10.41817109039253,-6.961306053660825,28.044952767416095,6.610757408548001,15.786289999216047,4.766025592842179
1,Aggregated,9.438851986807228,2.691369337551588,3.8542761384982587,8.540804383565284,9.673082941507328,7.8967413790363
1,Centralized,9.438851985134514,2.691369336377288,3.8542761384599618,8.54080438421331,9.673082940203132,7.896741378736949
2,0,0.2613337591229718,20.419417136563805,-34.354927613149975,6.063350064834814,-6.95315837062584,11.30495289652497
2,1,2.1024560687319203,11.210937327121902,-26.69997746802881,6.069564157458483,-3.6004840073062567,8.545272499200044
2,2,3.5135810052563152,4.157257583682912,-19.441827227500447,5.517686346042221,-0.6338253500774327,5.454812529161964
2,3,4.411239592612328,-3.5759953833685736,-8.128043120221136,3.308858355109794,3.490235370291409,1.2760395558296673
2,4,4.03549956676762,-10.343588421236745,3.2903169995298582,0.7935691320351618,6.690707904473904,-2.3244627874685095
2,5,1.3359713943690588,-14.948362317044806,19.347752916147588,-2.7594577961027,6.180307875833325,-6.268988960901449
2,Aggregated,2.6635996114202833,-2.4488444425280846,-5.185949253089356,2.0226516024711683,2.5475031553366394,0.9980408375814455
2,Centralized,2.6635996130604,-2.448844442148947,-5.1859492534778875,2.0226516009781297,2.547503153797966,0.9980408382920316
3,0,1.3911975581553615,21.13105452927137,-32.77922155441645,5.927490744444722,-6.818146962507659,12.239520611189572
3,1,3.0094987644616777,11.406863956211826,-25.076678416872625,6.026983118225579,-3.397769992934313,8.98627665487041
3,2,4.086889889848237,3.913664124347696,-17.77233906492288,5.493068352596575,-0.4605027858675437,5.4151342779653575
3,3,4.241598266741945,-4.481285140206422,-7.058511806803402,3.164179150926093,3.4441457147196033,0.6739631768499756
3,4,3.3725482647673175,-11.46969071324766,3.614415745238425,0.6754639026899509,6.559239982583713,-3.1729942173249386
3,5,0.5466734408530792,-15.809454946803744,18.808622056376915,-2.7490036957714916,6.1045927635663055,-7.055811925446643
3,Aggregated,2.5455108760656184,-2.972537370522833,-4.518993735125648,1.9320851123124183,2.5224533839406087,0.6549272283173541
3,Centralized,2.5455108757643417,-2.9725373700673603,-4.51899373489485,1.9320851122320546,2.522453381849666,0.6549272265731668
4,0,0.24062411979344464,21.157589727811693,-31.671213776685338,6.038841791046154,-6.379110668765431,11.271991852313125
4,1,2.089799234034485,11.12400264323666,-23.965762944419627,5.993286556119622,-2.978975046038858,8.352908883837793
4,2,3.406953282024969,3.424295188406304,-16.628523950673696,5.284378599875167,-0.14189057759468982,5.0708556802556375
4,3,4.181018765453481,-5.14932934007305,-6.152581933784942,2.858510432759637,3.585395412091871,0.6868000889748835
4,4,3.8429292533169264,-12.102097386618185,4.14001857834344,0.38516903578095785,6.398544657961563,-2.8190454200681385
4,5,1.3118323627799506,-16.158162777323746,18.546374528439866,-2.9352309338976763,5.797616662813692,-6.462319206532964
4,Aggregated,2.5197769765065363,-3.38340111998694,-3.8874338735376623,1.7427639372473538,2.5374608756511767,0.6490934133234462
4,Centralized,2.519776976254217,-3.3834011195459217,-3.887433874364153,1.7427639347684385,2.5374608745521745,0.649093413465311
5,0,0.6764649190494288,21.523152434068418,-32.57984338881265,6.039557327669864,-7.385560092384245,11.571276557229705
5,1,2.467881964445781,11.354535996854459,-24.713177676058653,6.043549041396018,-3.754326966887265,8.54318602744964
5,2,3.6993992435649505,3.700162501255661,-17.35541900817207,5.415669695764624,-0.742697942770898,5.217754942591312
5,3,4.341688400509524,-4.786028294180485,-6.810803662157922,3.1558737525520786,3.400780029585872,0.8848575593792335
5,4,3.865362714119131,-11.938794521945995,3.6815752483729107,0.732705485448151,6.795083070811248,-2.685618259961077
5,5,1.1290515694747862,-16.458032731203666,18.831265572520817,-2.775832442659251,6.5346883848752455,-6.573340482523993
5,Aggregated,2.63232713744995,-3.2786616480813224,-4.322978032646907,1.9308161686015402,2.54833421651146,0.7606082263665905
5,Centralized,2.632327134973581,-3.2786616463755793,-4.322978033179562,1.9308161680861446,2.548334217847533,0.7606082251335345
6,0,0.6212306198935562,21.769891720577856,-32.10568019426799,6.134950695983779,-7.1155055507480665,11.337484126318829
6,1,2.3878813304110267,11.373507503831053,-24.15325355924015,6.07160696999538,-3.5090157951817496,8.3538024271724
6,2,3.613977770835516,3.5635964465535652,-16.78070956593818,5.360520626431358,-0.5569375684908863,5.109877214463598
6,3,4.28713546738236,-5.111272249420024,-6.5014849878088325,3.0180628682674238,3.441462213727116,0.8904068410068932
6,4,3.880293932820715,-12.34414334215286,3.735578601278209,0.5672126307212332,6.683082651368176,-2.5675589215064725
6,5,1.1945618722728741,-16.79929850807054,18.652123228662624,-2.8871513652016074,6.392755703335259,-6.417150595338559
6,Aggregated,2.613339360616617,-3.4951689707829163,-4.100270997974465,1.8465819720153371,2.5701940218800847,0.751801777693969
6,Centralized,2.613339363139577,-3.4951689702408917,-4.100270998955585,1.8465819716319032,2.570194022713093,0.751801776369383
7,0,0.660631895520443,21.7065503770392,-33.345401370238314,5.681260196445196,-6.460734496237099,12.147553693513792
7,1,2.5022455523699647,11.330228992316494,-24.970982119641587,5.783705583462588,-2.939547813427228,8.660230729036826
7,2,3.7397541421038105,3.494376698578386,-17.2307628415737,5.2690196649274785,-0.03481852803344907,5.0168823663056825
7,3,4.393251067796658,-5.106212998765512,-6.764517719644956,3.217338132537075,3.7501391949182605,0.5186881236409356
7,4,3.9909225154279366,-12.249502794778202,3.56063990736048,1.0074267965521067,6.7034975213243655,-3.0744192937193247
7,5,1.2410339715283667,-16.78872986228465,19.086750035266586,-2.446450703427702,6.112109468959772,-7.020759073332565
7,Aggregated,2.7072998735538243,-3.4642028346481553,-4.417974186109411,2.007786579315778,2.7436485337233054,0.5752144817393745
7,Centralized,2.7072998750133825,-3.4642028327664085,-4.41797418460217,2.00778657992906,2.74364853380754,0.5752144840119745
8,0,1.0802522234199496,21.772614573629212,-33.69156657252448,5.985657483525274,-5.908711928739942,11.316130301958097
8,1,2.7701763832424207,11.2038333412608,-25.314679002487825,5.944687250605687,-2.4649192205944996,8.287067761152713
8,2,3.8900419117506413,3.2522910632793676,-17.513288535075176,5.269210382021668,0.3243877686804369,4.997499093237685
8,3,4.374788745425666,-5.279194864945643,-6.9895513262150075,3.10362657533811,3.9223320974570552,0.8901433586426355
8,4,3.8623019084866312,-12.347698956822942,3.4255819904811515,0.8642785909049342,6.606277072687442,-2.3899854725849616
8,5,1.0317717518302922,-16.94415202382689,19.2850868802152,-2.6279382122085058,5.8014213844293865,-6.313724353873942
8,Aggregated,2.7162904120626217,-3.581636155245178,-4.540675498716511,1.9692739847900769,2.821464214162144,0.8160475734197699
8,Centralized,2.716290413346069,-3.581636154320137,-4.54067549725174,1.9692739872434095,2.8214642150757547,0.8160475753037534
9,0,0.5774041886661188,21.34743158721528,-31.16741546993621,5.602285259320824,-6.928480082659815,11.547368409798644
9,1,2.3702539631502084,10.774538062662304,-22.956168920336495,5.591960687126681,-3.234323865715828,8.200681431688453
9,2,3.595622307672216,2.797205625689577,-15.342161420070846,4.942137672330404,-0.21397515658879052,4.647936096036595
9,3,4.212631644411227,-5.826431900870319,-5.456760294727578,2.8781626791467723,3.7026846505050672,0.3642923758871239
9,4,3.7746977310113903,-12.689870390425014,4.1517712872595816,0.72772396396703,6.736348522798336,-3.0388594427267366
9,5,1.199341977687057,-16.888695932307186,18.51022931077777,-2.5257162850814785,6.348560588067026,-6.773790247967951
9,Aggregated,2.556271876832208,-3.901207784414532,-3.431170232028284,1.7807186602425282,2.6838630290883874,0.4257367052926716
9,Centralized,2.556271878409262,-3.9012077846803184,-3.4311702305051375,1.7807186605239413,2.683863030822252,0.4257367052820469
10,0,-0.3821656577340876,21.045664249352388,-29.237684051191795,5.945088510149416,-7.655271081618678,10.493220726012892
10,1,1.5669165990689982,10.475614684603002,-21.359507851528917,5.695898985772374,-3.8540177499014354,7.636920592327323
10,2,2.9878058213421177,2.5023309815752643,-14.037049927979274,4.799429934554943,-0.7024166942751141,4.515705554938325
10,3,4.129619149437162,-6.149501702399232,-4.55347378676811,2.5606991539158677,3.4601409356630817,0.6211896909025645
10,4,4.11653098120154,-13.026910412492642,4.6638099522921665,0.26873744157027407,6.743999911641969,-2.597653965526753
10,5,1.8414557575991801,-16.996553141837836,17.884808709441188,-2.8646636258595572,6.701594476140531,-6.144726830761167
10,Aggregated,2.501512293979241,-4.183812930977869,-2.663680776263121,1.5497645075863071,2.524683699053665,0.48371577502767477
10,Centralized,2.5015122953442073,-4.18381293214292,-2.6636807773464435,1.5497645089752057,2.5246836978639595,0.4837157746881244
11,0,0.46244707290081816,21.248670142732376,-33.192484470650555,5.237772952960414,-5.707228435499542,11.65770344540826
11,1,2.292810522286587,10.847604447951992,-24.80471895230558,5.402064100612322,-2.32410827579187,8.354675950881886
11,2,3.568064073593024,3.0565030479842323,-17.068003776338156,4.965821101764736,0.42653550281099845,4.871274735609096
11,3,4.367571816616346,-5.208691861658054,-6.820978982630184,3.249450897407651,3.926872601594473,0.6963400970770763
11,4,4.11959869701665,-12.100308477947758,3.3471774303893636,1.322615094203144,6.52212040794749,-2.6826141723320327
11,5,1.5018268927407765,-16.827660841044835,19.20597640905576,-2.0338631249661066,5.707967007589604,-6.714440075126761
11,Aggregated,2.7375926308326575,-3.6393321872501807,-4.318670410813713,2.0531829240228756,2.8305708177904774,0.6361576555489089
11,Centralized,2.7375926301924376,-3.6393321874305755,-4.318670411621101,2.05318292370926,2.8305708162515395,0.6361576543739926
12,0,1.0969618655318674,21.05615032468296,-31.306003102293552,5.3218915921130465,-6.590173588465703,11.465921363864776
12,1,2.680052934993763,10.54014356071074,-23.058729612642225,5.39223180284837,-2.935029131916388,8.203178181392516
12,2,3.7301529446278847,2.5847497090353153,-15.446459049758907,4.806178282104173,0.030274293530462792,4.753424638740478
12,3,4.1451940519000745,-5.851118580083706,-5.736291058999496,2.898686445823569,3.765890486492723,0.5859399448239497
12,4,3.628456209868445,-12.617437214368092,3.808962460401414,0.8834268026627686,6.61695445179801,-2.7787376692632373
12,5,0.9508385183589328,-17.02829526559104,18.663839999723287,-2.294940363529589,6.21466201912021,-6.774449932588738
12,Aggregated,2.553600544198156,-4.016776542489181,-3.52702199919131,1.8159486064970165,2.7397115062436868,0.49700702830602383
12,Centralized,2.5536005442525624,-4.016776544292243,-3.5270219990870877,1.815948607249874,2.7397115067993183,0.4970070285956032
13,0,0.5585850261540378,21.046524142456366,-33.4536263848415,5.774459882866835,-6.197507697453736,11.547997991613764
13,1,2.3523519620693847,10.772899654734362,-25.065353154476984,5.75195993499772,-2.71059877255131,8.362282006954539
13,2,3.596928937537755,3.115414620124348,-17.290744469998483,5.087484315443035,0.16275902436255069,4.989174758936339
13,3,4.409609112184227,-4.941962771675036,-7.113853816212709,3.1709807598455964,3.8476411657866505,0.9283312703711785
13,4,4.188661912175745,-11.767864802201919,2.984651043174142,1.1096141464554121,6.666492629393291,-2.442742088000594
13,5,1.5413133577203117,-16.738808650697745,19.25553421512796,-2.374800078648502,6.092582129938079,-6.665693312999024
13,Aggregated,2.7967693183983324,-3.5341546837206073,-4.525570551549882,2.0255508689258943,2.8422948289287646,0.732959499043889
13,Centralized,2.7967693160401828,-3.5341546836206827,-4.525570551556845,2.025550868801417,2.8422948287389205,0.7329594974947701
14,0,1.5308545615470683,20.819147118352085,-32.06103699733646,5.1678209061512606,-5.974743532765139,11.739654398161452
14,1,2.94445241757237,10.451144145807604,-23.687303209301753,5.301440424206995,-2.4588974783058966,8.375526689630703
14,2,3.8751261215162747,2.59634945699604,-15.91015110555252,4.760894200397957,0.36689422165988944,4.815667952542904
14,3,4.134435956223679,-5.616080629601371,-6.164527024081996,2.9701954129166395,3.8644227393129147,0.5554744413335684
14,4,3.536207988831436,-12.211240753666855,3.3810598704345,1.0775390295945821,6.501124057180022,-2.89539999480813
14,5,0.7926905676880416,-16.810096249524406,18.82084730161595,-2.0885879608921507,5.897862496453391,-7.083521973373168
14,Aggregated,2.5977610820117736,-3.86473845637877,-3.9063835547633445,1.9054193559245176,2.8150704643991,0.45555404041528313
14,Centralized,2.597761083292923,-3.8647384552413073,-3.9063835535028306,1.905419354752671,2.815070465463144,0.4555540414123901
15,0,0.29435010206338824,20.204722228429162,-30.486490359813008,5.6255322960550975,-6.109826386750736,11.702720966049082
15,1,2.1680746435360376,9.682897843850995,-22.014378302490492,5.486964575789785,-2.4395222355668715,7.981102962223409
15,2,3.4836932430984353,1.779097935277857,-14.243117751818229,4.643335681714292,0.588667258737803,4.131151023184897
15,3,4.234621985887669,-6.298170730712675,-4.825096687183441,2.6088268983573384,4.128031760401243,-0.10481427550021497
15,4,3.973083830848057,-12.524318143093481,4.273921517517514,0.5988640558670761,6.6186662345669625,-3.4333337411646068
15,5,1.5660162255192644,-16.741176486316007,18.685257104054752,-2.5377663349414066,5.948475256070277,-7.2317779199182
15,Aggregated,2.6215744067225115,-4.278120911647816,-2.8860295538115848,1.65706692936427,2.86877955398193,0.06964437575340529
15,Centralized,2.6215744056068986,-4.2781209110555505,-2.886029554263238,1.657066927435587,2.8687795525363478,0.06964437595387087
16,0,0.22662192727772926,20.536700995337693,-31.62997324020199,5.329390454608168,-6.517265623645993,10.420374708253881
16,1,1.9773671351830262,10.358921433035595,-23.518431632323033,5.305288003818901,-3.0217019550289304,7.739149307288614
16,2,3.2658135964931674,2.722275096898312,-15.991363677957859,4.701699106954863,-0.09760779131280864,4.7980172260617975
16,3,4.235591180146855,-5.2507579260558055,-6.3287849222982695,3.0055346329299963,3.716715894962496,1.1746032969165907
16,4,4.131749296605071,-11.888524661806368,3.2199293440357866,1.1051289065877037,6.620969873752947,-1.9503146485996101
16,5,1.6861054059194203,-16.737226681284596,18.726111118418455,-2.1109002223698914,6.11253206916797,-6.057643476842483
16,Aggregated,2.6695192406304544,-3.780969558002457,-3.8744727786237068,1.9139604017069423,2.7096613385224675,0.7833372428078399
16,Centralized,2.669519239943168,-3.780969557988101,-3.8744727767721208,1.9139604019924545,2.70966134127863,0.783337243610202
17,0,-0.15902235655141692,20.221539291317686,-28.658626550458287,5.802724329053869,-5.807919871133034,10.765126444673232
17,1,1.6783925568429914,9.646601386385548,-20.55426544038156,5.4691689932138665,-2.353466635634305,7.648656960527152
17,2,3.0246302445529003,1.6002248747629069,-13.118649064756305,4.4404624881521055,0.47034458558788017,4.323481494979207
17,3,4.004834206507419,-6.693927882428479,-4.305523161824189,2.2784624995909817,3.81310413818727,0.3767440805205108
17,4,4.0018465733235065,-12.976722316151383,4.262916055960351,0.22162468489913906,6.20717755948498,-2.8501462578348122
17,5,1.892647942809722,-17.136231921288058,17.855308296241514,-2.732608381421708,5.731546933033904,-6.7462429114822005
17,Aggregated,2.520115331028729,-4.589176952014464,-2.4511270075119267,1.4561078204005418,2.706735339299684,0.21760164590205613
17,Centralized,2.520115329144431,-4.589176951355767,-2.45112700852921,1.4561078200089554,2.706735340844742,0.217601647122693
18,0,-0.3712735027045334,20.140593951374274,-29.842420516539086,4.9103971525895345,-5.798266939745584,10.272625183606435
18,1,1.5173724676623759,9.715434141859486,-21.60093037189659,4.950513047561568,-2.3809180354751502,7.334760357461999
18,2,2.96622939224191,1.8115231924853068,-14.014455370327811,4.349816611274632,0.45780302164417813,4.19379627662756
18,3,4.117827018414248,-6.28065545689909,-4.828869890470267,2.739674461255036,3.937825801811197,0.6112721966205029
18,4,4.178589228577039,-12.608133312456092,4.075731480588097,0.9754395558516795,6.35512179287681,-2.334355430621791
18,5,2.0539697097609393,-16.959709189623677,18.26713744591438,-1.9042164547454736,5.684906812114277,-6.081286128134218
18,Aggregated,2.587172604951926,-4.3714879676214915,-2.839439983046058,1.7516204391809118,2.748732601002285,0.45806912531891086
18,Centralized,2.5871726056744038,-4.371487968248917,-2.839439983008878,1.7516204373379685,2.748732602427381,0.4580691254538616
19,0,-0.7955405598981424,20.34973415455732,-28.182887023769364,4.586522546642948,-5.58090198574151,10.410382724124728
19,1,1.1730621733188045,9.8017246889932,-20.38861462755118,4.687225580823023,-2.2438249628720586,7.472287011771273
19,2,2.6598713461784045,1.787402364731219,-13.19284506974177,4.19593755801464,0.4376091370478547,4.286126354830268
19,3,3.993042482419786,-6.4878090430753295,-4.500935423839277,2.6815927274629834,3.7512881808362284,0.5167116228594552
19,4,4.289255695965303,-12.895214555227648,4.071800774221986,0.9798093521632492,6.113714961086973,-2.631320533851749
19,5,2.3194509668107974,-17.305014854417948,17.7498160131873,-1.792747611316628,5.5713046560608115,-6.494291039622456
19,Aggregated,2.5337061298451413,-4.571160814605001,-2.4438921376502205,1.6737093073164588,2.672469300825673,0.28162737537004157
19,Centralized,2.533706128418022,-4.571160812995507,-2.4438921376300122,1.673709307460456,2.672469300931318,0.2816273751522874
20,0,0.9060302903149917,20.10717155745266,-29.246352438456558,4.643181041604284,-6.461175180860234,10.18638345377328
20,1,2.375422343544003,9.67477779107945,-21.228597516509183,4.795934577823965,-2.8712839466540094,7.392903865701717
20,2,3.3964642764629103,1.75925287308354,-13.847288378901041,4.295190045135273,0.08932617960200465,4.360149405998898
20,3,3.965242678096545,-6.28476529440455,-5.002917246159018,2.7614328749672046,3.7593136392875843,0.786482910900599
20,4,3.6060452246340655,-12.517372065360375,3.6361466917229284,1.0324218070613231,6.492499327214208,-2.2439801183977983
20,5,1.1899958350724864,-17.028926995058793,18.072320151065252,-1.832113283158995,6.143905942521834,-6.278815216723246
20,Aggregated,2.4859827918544366,-4.400439579700929,-2.871518310931943,1.7381653309121086,2.724545396874189,0.4460676981918148
20,Centralized,2.485982791736041,-4.400439579864164,-2.8715183098175707,1.738165332096512,2.7245453960538106,0.44606769571358157
21,0,-0.4191613142218411,19.685230088480004,-27.092976887891673,5.402699344942917,-7.145820691658583,10.604279987946244
21,1,1.5309166892343118,9.130546256914169,-19.01249348743565,5.140947020939423,-3.330044408020444,7.293169392704044
21,2,3.0069163029742114,1.053704153241266,-11.630129722284886,4.155049803805974,-0.09881775555991368,3.8344236112703607
21,3,3.983023319409509,-7.046625666613698,-3.2555044680312393,2.175645205641824,3.7739391282466355,0.06580405761736298
21,4,3.8637531048793914,-13.024192982939988,4.708512364508626,0.1937721427446913,6.706376700922163,-3.0321397433180874
21,5,1.8628532259267028,-17.086152863792403,17.40038194208377,-2.5046522027115845,6.631421903350681,-6.811609273717402
21,Aggregated,2.4228753738778437,-4.839808749144453,-1.7492720664206758,1.3789369782552263,2.7277006143502103,-0.011418322311834435
21,Centralized,2.422875375140295,-4.839808749472736,-1.7492720670067525,1.3789369771404987,2.727700613899192,-0.011418320716460567
22,0,0.3255558638854196,20.039757388719057,-29.426147714069597,5.214688016457803,-7.007613980413485,10.013705823359324
22,1,2.0569255043524466,9.56666323630723,-21.157140548202225,5.088018186834363,-3.267446981961993,7.129573139995958
22,2,3.3219177886362257,1.663074032390302,-13.558130440022781,4.371848955469863,-0.10643827573141217,4.031427768354533
22,3,4.133156168588749,-6.277902711693572,-4.652899014480777,2.7038424788119895,3.817210147893911,0.6741136959848391
22,4,3.8917278474183044,-12.484704076802107,3.927679296843246,0.8622243054684405,6.7931665505309775,-2.1380467769103166
22,5,1.490058180066852,-17.073962179806678,18.25916900269451,-2.146353141033558,6.672424485513715,-5.865262549039707
22,Aggregated,2.5450401893132453,-4.435768925584297,-2.700677390200298,1.7090235435925871,2.8195123255082493,0.4992529433186124
22,Centralized,2.545040188959406,-4.435768926105601,-2.700677390640769,1.709023542949178,2.819512325336455,0.4992529439738617
23,0,-1.2064356931444704,20.494694080288166,-27.476768395499434,4.008035879948518,-6.6186745063845835,10.724253650816857
23,1,0.8549280747255955,10.030927670467939,-19.81042502679216,4.304599643957438,-3.0573388657514236,7.577303199084051
23,2,2.5050042328779405,2.0636563428301744,-12.872801059340526,4.095390540651557,-0.13576425000148112,4.2445100848226875
23,3,4.024742618262825,-6.21635024435496,-4.642502696869129,3.0204409490064714,3.505607578560022,0.46545909189783147
23,4,4.431129185087154,-12.727161590523883,3.5438651267402332,1.5389091015910914,6.32791235680485,-2.7593870202389525
23,5,2.460911039892475,-17.524077775885818,17.31376356831417,-1.2987390971408215,6.180557710481734,-6.767736536538731
23,Aggregated,2.5234192188356026,-4.507914362686527,-2.5297438516243593,1.8504189537586841,2.6035979478532516,0.21567282378493027
23,Centralized,2.5234192198721916,-4.50791436167563,-2.529743853119703,1.850418954797013,2.603597948047256,0.21567282276179398
24,0,-1.336843851302913,20.051490508473556,-25.483735121518972,4.232942999753959,-6.280391652345121,9.662306774744284
24,1,0.6312513187421441,9.534270779176115,-17.95280048860355,4.355689373962933,-2.8832211444184224,6.96694800309265
24,2,2.2339593514143448,1.3219560135555002,-11.084308440395684,3.9024522128092056,-0.062301795443800156,3.977659319554451
24,3,3.7746235745228702,-7.109574817389193,-3.2453799021139274,2.4782383405775765,3.4089366034005115,0.4432027572377911
24,4,4.271916010231793,-13.400690129893656,4.387574091025932,0.8008957828589665,6.035204925811944,-2.571402934272046
24,5,2.60169670109035,-17.571581223777105,16.688780133545734,-1.6611713226433835,6.086934151557748,-6.195923137701809
24,Aggregated,2.3963695152471627,-4.979693470619377,-1.550839042966178,1.5157933137198947,2.544482493976273,0.1508843478008589
24,Centralized,2.3963695156030025,-4.979693470120217,-1.550839041991169,1.5157933143238354,2.5444824964886763,0.1508843476080489
25,0,0.13311700049515982,20.597867245932076,-29.28880555619119,4.808446427840128,-6.409451013919233,10.169207982781538
25,1,1.9459623019223284,9.89362852011944,-21.156094561686402,4.885690078734466,-2.7894649091491663,7.212033603334223
25,2,3.266811872632147,1.809640014425851,-13.68131481546229,4.341228575914473,0.22658456513822492,4.008178242103181
25,3,4.142815080459379,-6.346725169645544,-5.074149302061022,2.8844856335807516,3.8772668108883552,0.6786596231934908
25,4,3.9901967562173457,-12.784956597888613,3.3900075022390928,1.1891292571198113,6.608114756843226,-2.04386823961691
25,5,1.622574428922555,-17.87452648239277,18.124824211013767,-1.8140635990362037,6.243270709068142,-5.8552864561313775
25,Aggregated,2.5768111713279396,-4.6361111430347455,-2.9477554717908183,1.825922271236573,2.834503589155032,0.5522868882869165
25,Centralized,2.576811170818198,-4.63611114401261,-2.947755472082642,1.8259222719879633,2.8345035882011658,0.5522868867120502
26,0,-0.3599343758590213,20.05711482534944,-28.43548400707459,4.6108850552418925,-5.4045233446039544,10.33588361176463
26,1,1.470881737385441,9.542328149454477,-20.403649665830144,4.697870604271087,-2.113111111045915,7.348255515402451
26,2,2.9246514681768865,1.4361868354530218,-13.117827508674804,4.174719787241775,0.6109878583954804,4.171551239231952
26,3,4.088212006924889,-6.687237517825144,-4.805149244944181,2.7076982830101954,3.854053863695945,0.5866289950083362
26,4,4.209589549814369,-12.849857898243492,3.372924281025122,1.0614384276520779,6.172839235233726,-2.433289207464358
26,5,1.9953585349923337,-17.57802956998208,17.882773492906885,-1.7975752551087105,5.694933518597664,-6.6198293526029
26,Aggregated,2.5732045528869745,-4.748500010456161,-2.708700707841206,1.71925434692183,2.8210876230444533,0.2694181036493315
26,Centralized,2.573204553198152,-4.748500009133633,-2.708700710509014,1.7192543461701033,2.8210876205545166,0.269418103444338
27,0,-0.30068891298493555,19.801039323085845,-27.40683929666161,4.264427768245682,-5.949585967155517,9.722575008599978
27,1,1.5062798067881213,9.221243553012703,-19.431823658919836,4.4354542653371904,-2.5034707864593595,6.918112881875506
27,2,2.924534919728363,1.0364966687770398,-12.175884464460145,3.9970345006408285,0.4471438235636752,3.826568167147749
27,3,4.000445929881406,-7.070114518175127,-3.984872331859842,2.630914980948205,3.9200560306595245,0.49557633292152226
27,4,4.03005820037995,-13.088235676725331,3.949479728805784,1.042873265244292,6.34209032785617,-2.270820044895771
27,5,1.8779473912387314,-17.544901318031712,17.617974659266473,-1.5876491428058652,6.004705510073691,-5.995758972722943
27,Aggregated,2.482347490666362,-4.955519966956817,-2.1563477659276282,1.6686808206234227,2.813435122451826,0.30779965579571494
27,Centralized,2.482347489154253,-4.955519966888559,-2.156347764572136,1.6686808203489154,2.8134351221324687,0.30779965653343616
28,0,-0.34656475334026976,19.992367985385503,-28.47176052669496,5.4669091376487975,-6.400782399125109,9.85634131638108
28,1,1.5411047514431422,9.413780171755121,-20.281251815619214,5.236160304832302,-2.784096632691363,6.970886456242573
28,2,3.0480991104935486,1.2962842133438244,-12.788444718835295,4.302433319504929,0.30170150542633123,3.8619985755767843
28,3,4.1984302746970075,-6.736016106520532,-4.438292999232428,2.4200009083539755,3.9503436478816902,0.6499288939787469
28,4,4.255496655320374,-12.848805559725347,3.6305565775988238,0.47329538362355356,6.63649881103119,-2.000627211605804
28,5,1.9664466948968662,-17.636369270790794,17.974394123485876,-2.5103052704307753,6.385155358101171,-5.812352156330611
28,Aggregated,2.6061307925470905,-4.804333254342766,-2.5466001711348163,1.5396378020264665,2.896207647846113,0.4772354873652885
28,Centralized,2.606130793176355,-4.804333255507026,-2.5466001725259,1.5396378015302528,2.8962076468277234,0.477235486938525
29,0,-0.4904457402477578,19.995392419569495,-27.69722774881077,4.420887328391043,-6.0138682322942945,9.969056083231925
29,1,1.3702779500696693,9.312709147613853,-19.632055518104657,4.558951533978949,-2.529285071203503,7.042643167467672
29,2,2.860517076727789,1.1001166255758068,-12.365382612548842,4.083149093024189,0.3877744036211774,3.9548346139339308
29,3,4.060274095361003,-7.010620826648514,-4.235337248770195,2.7160662156819044,3.8363960454191735,0.6585582351716633
29,4,4.194414062886677,-13.161740870563,3.736102324793501,1.1080759580830668,6.34152501836976,-2.1652569442083927
29,5,2.0328069247500737,-17.840876467138415,17.79342226073106,-1.6855670647732837,6.113209517155039,-6.250483329887946
29,Aggregated,2.535958990714857,-5.004158419018323,-2.3019231812400367,1.7097624253248114,2.8303349790514636,0.326072604163762
29,Centralized,2.5359589892886767,-5.004158419512809,-2.301923181091654,1.7097624258436774,2.830334979502921,0.3260726047816705
30,0,-0.454256899696806,20.44017396934886,-28.728605400797065,4.932747600099176,-6.435786267922457,10.163704176198639
30,1,1.3898877703525876,9.643895389013919,-20.181883329472317,4.953940321457287,-2.790559144067028,7.0486150623098345
30,2,2.9206713579482337,1.3222815196653095,-12.512334050436818,4.307502737373007,0.2967437793693486,3.680586986400019
30,3,4.240825554667993,-6.916938713677226,-4.316739278494935,2.759172979464538,3.904111551222407,0.39217312233396534
30,4,4.498902256583602,-13.21517251089016,3.6253335134427958,0.9995694839834597,6.587082665575029,-2.261427414178175
30,5,2.2506669934744674,-18.154319624287616,18.048297339419996,-2.0295608989284535,6.473917304375639,-5.755293563757646
30,Aggregated,2.7044732938010503,-4.958735436189409,-2.517836018225787,1.7303919547703597,2.906868034317561,0.4561114124578809
30,Centralized,2.7044732923195856,-4.958735437675137,-2.5178360164621956,1.7303919541196369,2.906868034212945,0.45611141417257933
31,0,0.6182148887655354,20.01412882281717,-25.722762336106804,4.078552224195533,-6.9604737851389915,9.822677977368187
31,1,2.141327923606649,8.905588753724901,-17.67083116962546,4.272791618943941,-3.2160235911848685,6.7457580604673115
31,2,3.29503527755983,0.24522617339725344,-10.55497983337605,3.840020982805335,0.05879274760639953,3.4679534632210056
31,3,3.8732408629406363,-8.000011735364867,-3.041508905011889,2.5649492006483414,3.8090171803536976,0.16593260081373046
31,4,3.4724618100174722,-13.896020401425039,4.191119923767304,1.0310673123608711,6.68493586646685,-2.597482183948335
31,5,1.0991836858465303,-18.475344444060344,17.08123860949456,-1.5722622049250583,6.819664167110925,-6.357578098518359
31,Aggregated,2.3257522054209088,-5.626373487065213,-1.5385613819549762,1.590271867618394,2.860699962675737,0.031926032504598544
31,Centralized,2.325752205607257,-5.6263734888439245,-1.5385613833430045,1.5902718679281729,2.8606999614911097,0.03192603228650215
32,0,-0.5090542234399147,19.717223578019965,-27.93904974448129,3.7511933626609917,-6.3572747547136945,10.124675276721634
32,1,1.3991937643835604,9.113230413242228,-19.47115002963087,4.146161984744655,-2.7059140204063383,6.771487239610878
32,2,2.996697214386616,0.954301992243552,-11.908093785297394,3.979554752092095,0.4430216192826855,3.294600192426462
32,3,4.219219962159237,-7.010826149448088,-3.7857724962314947,2.99646230114731,4.063948709853224,0.1171333726379852
32,4,4.312522446550263,-13.098618939353976,4.104169188475174,1.6005948645221832,6.660778998894616,-2.441114373890723
32,5,1.9963353530941308,-17.797253908214767,18.000693134111085,-1.0267131483259995,6.287313911772263,-5.725036240157758
32,Aggregated,2.572916849370273,-5.055373479665151,-2.041807737839354,1.8965307932607007,2.9107650002016787,0.30088831989015036
32,Centralized,2.572916850644354,-5.055373477209749,-2.0418077371580834,1.8965307944802428,2.910765001355316,0.300888322201544
33,0,-1.3970744642562023,19.837177362460803,-25.321322731962734,3.72964797418218,-5.58580780574637,9.693385902738024
33,1,0.6238571565222746,9.06064318586812,-17.53327776778785,3.975064885430184,-2.315452129045272,6.864280762637909
33,2,2.387704485702493,0.5162753264013549,-10.643713574550025,3.681904303362968,0.48413479340913973,3.7923807542811003
33,3,3.939499017374185,-7.751581397738003,-3.272051926615449,2.6061912327588757,3.7062674165718166,0.3244801080592371
33,4,4.396300605462492,-13.690816182653846,3.941205371636658,1.2145720160885678,6.031227370762795,-2.697865877248854
33,5,2.6226678234629897,-18.23483638675268,16.85299328702961,-1.2600874567463234,5.885252203225895,-6.719273859596639
33,Aggregated,2.474516422528598,-5.462379615870551,-1.5825796580482154,1.6264654886123873,2.744723657428494,-0.05727225456609172
33,Centralized,2.474516421601059,-5.4623796178247375,-1.5825796593841757,1.6264654866040176,2.744723654693381,-0.05727225524059705
34,0,-1.0417068258381876,19.471215563700262,-25.8191433675233,4.6962192566920535,-6.569838458865598,8.976242250120748
34,1,0.9124835520607585,8.787990625817383,-17.813874615168388,4.618421980886701,-3.0112096331511804,6.272530947216743
34,2,2.630191626571142,0.5482158916922397,-10.757104203217276,3.9288085505259938,0.21095727954030016,3.3366065725590395
34,3,4.093677754399548,-7.410477694701327,-3.1631402175035204,2.431937032319304,3.907931024868257,0.47167408680459477
34,4,4.411648344010134,-13.34346642324875,4.223577423454321,0.7068580679839518,6.58912044235639,-1.9699212928297596
34,5,2.3864745596152446,-17.949684885403205,17.22753581168052,-2.06395822088251,6.373599579652528,-5.246445991135892
34,Aggregated,2.521437101377942,-5.350750319906989,-1.507707995389553,1.471292670045313,2.8057863850257934,0.3563004854312289
34,Centralized,2.521437103419526,-5.350750319931626,-1.507707993434072,1.4712926702799873,2.8057863865378443,0.35630048455345714
35,0,-0.1364964899666892,19.939775119576407,-26.58346496759374,4.470764826916592,-6.39350123821212,9.204642156268894
35,1,1.5928759682693863,8.963150273083277,-18.400325972850425,4.5011772877274465,-2.7927333349317944,6.607363323799748
35,2,3.0047528322731125,0.3814553602649662,-11.164645018664537,3.948522822829733,0.3544706513557366,3.6294371357064197
35,3,4.0065874733414555,-7.79352938689229,-3.5407828782197206,2.5783019401716447,3.9097038102220925,0.5211907291329861
35,4,3.987861548812888,-13.741456176961437,3.88087978943383,0.9656041936495986,6.534537874929147,-2.102619624179914
35,5,1.8250345344304166,-18.46651978746255,17.611538587928077,-1.8980015991396555,6.4867098846960465,-5.59981385646311
35,Aggregated,2.495936047764495,-5.5266918341624125,-1.7907141730024771,1.5772170859724073,2.8963520170199977,0.35533073745154736
35,Centralized,2.4959360463354283,-5.526691832931863,-1.7907141729066984,1.5772170881065202,2.8963520179601945,0.35533073798494363
36,0,-0.9295167219831127,20.173686142484517,-25.63153957926812,4.2699055716376995,-6.932330260185195,8.670866624993568
36,1,1.050270082218836,9.030301357639773,-17.665054999889584,4.359339027148531,-3.2373384217458305,6.175324351487129
36,2,2.7594236095289735,0.4327120384358749,-10.63897155736755,3.8796182012882583,0.04899507731897453,3.4242497300073365
36,3,4.086463081433369,-7.792292548069655,-3.1136759231960385,2.576745591941484,3.8091598615416262,0.7853266203844856
36,4,4.23306634183858,-13.957128545293994,4.251064741840293,0.9454978272539237,6.612664662406264,-1.4826630579468085
36,5,2.239944556534302,-18.792210534211662,17.10495461900561,-1.8115488075836996,6.789096883818287,-4.816642847235102
36,Aggregated,2.488359864691554,-5.666876910145856,-1.5002956544463324,1.5374053186753005,2.8360189031600354,0.5830251737052354
36,Centralized,2.4883598636962234,-5.666876909634477,-1.5002956536348848,1.5374053188994496,2.8360189029142173,0.5830251738019497
37,0,-0.8383645028888804,19.972547764101677,-26.15161479341409,4.499185122833273,-5.948797035358158,9.528703775300897
37,1,1.2047933358352907,8.748237917336276,-17.854457361207025,4.521902138579296,-2.385076234873637,6.535275191777857
37,2,2.9370659721758394,-0.02495209014570581,-10.621454046487612,3.9063842124580908,0.697482015861642,3.292869549395334
37,3,4.190877234835851,-8.24581464656027,-3.181410804044674,2.514875149616475,4.050166226095032,0.1786474562040465
37,4,4.310621567897231,-14.153986378247376,4.100774490525931,0.9152673853265954,6.463474416761153,-2.4027504014526873
37,5,2.2063094553873945,-18.844846232761228,17.672556797766944,-1.7953454167410217,6.268103858849546,-5.943300888295712
37,Aggregated,2.550310592630104,-5.851546083515996,-1.4504239518558744,1.5760617401797825,2.9589792648337516,0.12214014623923457
37,Centralized,2.550310593980508,-5.851546081542803,-1.4504239511132286,1.57606173958488,2.9589792659875718,0.12214014681304472
38,0,-0.7204131732718939,20.31151036490126,-24.871384767429824,3.3174972407935064,-7.089218622844034,8.540140080627582
38,1,1.1316334392379235,9.137267419790838,-17.04474476544481,3.750794126246225,-3.494147897556824,6.097014479886674
38,2,2.75988101257519,0.4329174981520459,-10.246859008094916,3.7203024951632226,-0.11042069897353671,3.33391060951896
38,3,4.0387947164374935,-7.936937393361864,-3.0307252433242864,2.8852554163799726,3.735372115422147,0.7600139782906794
38,4,4.1541263024451975,-14.206693420054469,4.087761698204949,1.5336573278617496,6.6507626571357985,-1.4684793849619426
38,5,1.9907494669989132,-19.20867261480468,16.84829291187021,-0.9744087571727518,6.572040968978327,-4.437491791539037
38,Aggregated,2.4127927145783525,-5.85100757525339,-1.3554065625219163,1.737529205048231,2.7007817683011974,0.6607004901119319
38,Centralized,2.4127927143533574,-5.85100757507754,-1.355406562672846,1.7375292075580626,2.700781769947439,0.6607004899930674
39,0,-0.5541865125446517,20.639226110890554,-27.68393302404029,3.3543845507193346,-4.952847595685276,9.017389194804858
39,1,1.2685925909728109,9.475907925950164,-19.427824734182423,3.8525014830657236,-1.8309294074884033,6.649017817250376
39,2,2.85938101607487,0.7404818276630913,-12.231948947348679,3.841022223206838,0.8473536374917147,3.941733785700917
39,3,4.128940288021406,-7.646375420713304,-4.617093429382443,3.179513827564996,3.9347570326207517,0.9952720969698052
39,4,4.336177303506328,-13.965446732727004,3.0481243775072806,2.031988060682653,6.139480257897598,-1.6077938497366517
39,5,2.198674994101355,-19.239527513405722,17.924384978157946,-0.6436920160092383,5.626066104684218,-5.62966608360163
39,Aggregated,2.6214583330048233,-5.585519641643228,-2.4759626448990035,2.043266467375969,2.9274173558553445,0.5285090894500492
39,Centralized,2.6214583333828565,-5.585519641044849,-2.475962643323113,2.0432664676707595,2.9274173563158694,0.528509090668998
40,0,-0.2916158685776034,19.995207031728665,-24.673522108840405,3.924027924275236,-6.843451004188982,8.785835797772041
40,1,1.458840711759126,8.607822656745888,-16.675125383937054,4.1397858791754665,-3.110002335365492,6.150339998415707
40,2,2.974576699735624,-0.27318077488041137,-9.783743543054213,3.758537317590638,0.29112787719661554,3.176354635945332
40,3,4.004131194885329,-8.57005814357552,-2.6499421501340814,2.5744336848772646,3.9391270595881585,0.4196950125079899
40,4,3.9422108502584985,-14.57118038162051,4.386699237355942,1.0711082529298526,6.6122498013946505,-1.8798265506511613
40,5,1.6923614425417408,-19.222078687429594,16.988968259838664,-1.4063461009460159,6.476580012696029,-4.909728749983853
40,Aggregated,2.374875229096898,-6.156072811267608,-1.0782217929366078,1.5951686231117281,2.792135973630013,0.4142788819414921
40,Centralized,2.3748752276447793,-6.156072810856648,-1.0782217914148822,1.595168622209481,2.7921359731449127,0.4142788828948016
41,0,-1.4336338672930447,19.951957170718337,-25.508868433725223,3.975980994638523,-5.777218513227452,8.873594103344383
41,1,0.7065678248061651,8.713070005842926,-17.358071233724573,4.190478519464531,-2.3357007626355255,6.2012283534030255
41,2,2.7136879094021915,-0.13308244312882114,-10.404397472553505,3.8146989906565416,0.7551457320895344,3.275597879518856
41,3,4.294025587812457,-8.372151690175079,-3.2240401487586725,2.6842636683476453,4.074067607379757,0.4672204084044301
41,4,4.6273593394068735,-14.306715683668456,3.8710963116545876,1.2301565625973205,6.420867228776729,-1.9399744074398733
41,5,2.4671777410597153,-19.0640874359221,17.363296522673497,-1.3622975685573644,6.115106039626052,-5.389039582354115
41,Aggregated,2.5578006515962834,-5.982688343838243,-1.4576209320835238,1.6852046975761488,2.944930533162812,0.30032216169594966
41,Centralized,2.5578006524011068,-5.9826883422235575,-1.4576209325739307,1.6852046957833131,2.9449305321771995,0.30032216254132044
42,0,-0.43864752639992965,19.601101469829523,-24.57858592537966,3.182031679997293,-5.885937746555107,9.129983610150987
42,1,1.391063061534889,8.103710943284414,-16.35024793747395,3.6979641512201087,-2.2588752965932763,6.08692309220127
42,2,3.0152949798069675,-0.9577546941080054,-9.341239612056368,3.573825127590016,1.0247409837246526,2.8005342509104643
42,3,4.036102310897751,-9.091555781047093,-2.325510482856752,2.652782681978078,4.331860100280412,0.006037505507074709
42,4,3.947995257428196,-14.666798882587909,4.491324757349718,1.3748504685412968,6.471105678920028,-2.2065654888809942
42,5,1.7354197523179606,-19.159927476755783,17.01050595660213,-0.782867525328789,6.008591915850151,-5.24449570204983
42,Aggregated,2.3737154098012536,-6.3852931039270935,-0.9335671887903585,1.7056609647261607,2.9599974008500234,0.1902211467862981
42,Centralized,2.3737154108459015,-6.385293104143107,-0.9335671885491225,1.7056609659054964,2.95999740048315,0.1902211451281589
43,0,-0.560747265375956,19.85690335788349,-25.305671687739125,3.999236842089911,-6.870370075178905,7.320748228190414
43,1,1.2023980481913825,8.720342240735686,-17.372551658154986,4.148741166420512,-3.250876079839344,5.541828555661653
43,2,2.882605903678311,0.08530839390124223,-10.500261970014455,3.7834067474491673,0.11033123645277683,3.4401950945982214
43,3,4.135674335378359,-8.016841251746275,-3.2451278247524282,2.703061392626433,3.9120277051767194,1.2880082592297208
43,4,4.165830828770811,-14.04993897575596,3.909315155907733,1.208775259326679,6.718807507663184,-0.7201765389413681
43,5,1.7381556151028008,-19.065939429877748,17.288877405022813,-1.5329814460852933,6.7562443994778345,-3.8040923294493876
43,Aggregated,2.398782266781332,-5.89753407387848,-1.4335380799573383,1.6185968560900108,2.876083886078139,0.8747350315268518
43,Centralized,2.3987822665997336,-5.89753407385688,-1.433538077769437,1.6185968572660199,2.876083886447918,0.8747350326770241
44,0,-0.38644286292298013,20.500427651206028,-26.219308380899875,4.124597830604293,-6.273862648421641,9.257461724495808
44,1,1.3955375230785376,8.885420521022949,-17.685740396136616,4.263710836486227,-2.654701207067654,6.493374653256329
44,2,2.9821399149401278,-0.20147351989314485,-10.50609038738359,3.870696048810704,0.6240351784448106,3.369694940975752
44,3,4.146672911298219,-8.569876869585832,-3.365002566122742,2.796423712934369,4.082746699658933,0.5970622081119041
44,4,4.247974972268347,-14.687901132957837,3.7398310198471183,1.371154056058899,6.59370982922758,-1.6841150233579003
44,5,2.0442151624900244,-19.74041238488244,17.464678372565746,-1.3254426620469233,6.281255169948179,-4.809103770349904
44,Aggregated,2.5803258651261687,-6.191316610240279,-1.694818833190102,1.7824423580391267,2.9318346984484545,0.6577767627286789
44,Centralized,2.58032586533574,-6.191316610153415,-1.6948188329294105,1.782442357856246,2.9318346982100327,0.6577767615841202
45,0,-0.27876187842752537,19.42910923804352,-23.74450423852633,3.5421000056151186,-6.627976589555744,9.156109870705226
45,1,1.6003433950519281,7.755482004017198,-15.44052000225551,3.8865085733143108,-2.8131878459076067,5.968033361936402
45,2,3.2350678042186125,-1.4793668101153086,-8.615820164422068,3.6629372024265257,0.7969477965309212,2.5042433306278316
45,3,4.0897609625820825,-9.592758185724874,-1.9245870300963936,2.6322878894726442,4.391811061778396,-0.32131852485176127
45,4,3.8195626141831625,-15.127607803966889,4.609594616293667,1.2359377481432263,6.934263629164165,-2.5301859642645788
45,5,1.5942223623986558,-19.50955456967933,16.99656677449508,-1.2491947611761496,6.471850241988644,-5.357006928432585
45,Aggregated,2.3717668252827453,-6.756728674136785,-0.5505036054159409,1.5842052158065418,3.0151795698343116,0.012976974329203778
45,Centralized,2.371766825573964,-6.756728674625313,-0.5505036063098325,1.5842052166956027,3.0151795696748884,0.012976974243857884
46,0,-0.5497415808027901,19.314801473395605,-23.98836342287311,3.596913970288965,-7.313445905624349,8.376491446141369
46,1,1.322703108006186,7.918141046548514,-15.787412751377246,3.8565534973304327,-3.3520456193979573,5.706892925763489
46,2,3.062022469489377,-1.0158954640097002,-8.935188171913845,3.644061867253109,0.4205376639918894,2.8027050260002513
46,3,4.120405927893611,-8.982128444700487,-2.081301925794406,2.7060649729503945,4.268600900838499,0.3830628136592677
46,4,3.9907478475624836,-14.620146969442201,4.619701515465148,1.308335638486883,7.018077613760003,-1.6508072534302818
46,5,1.7170906181564236,-19.16911363634083,17.21045226367131,-1.3361793711230894,6.960078373763116,-4.4775239123615895
46,Aggregated,2.368186735683341,-6.440046735533943,-0.5837437862158282,1.5774053483714106,2.9865368849533556,0.4390565915410448
46,Centralized,2.3681867360826265,-6.4400467355694095,-0.5837437862368345,1.5774053495116787,2.9865368851299623,0.4390565901675789
47,0,-0.5779307586247777,19.999891259458522,-24.57875362302786,3.4464612202520204,-7.405295742341424,8.819010705729232
47,1,1.3203365910418203,8.52748962852156,-16.45529113378841,3.8779756246959747,-3.485035765745229,6.013970074499451
47,2,3.0427310886790213,-0.4470000922567124,-9.604265906618815,3.8088847641166788,0.1832213863290191,2.980406892848671
47,3,4.2140745539547595,-8.655307695248252,-2.736574809522352,2.9563076885995807,4.027990897030476,0.5223731687266427
47,4,4.207372123062871,-14.744161242487932,4.104309249628421,1.565652716712015,6.98716343481968,-1.5576544127487038
47,5,1.8794000472077197,-19.761002705717143,17.20703786293267,-1.1817469313438995,7.194402851951309,-4.409477515543643
47,Aggregated,2.480653252148921,-6.390045367033325,-1.0561104368921093,1.7252054011686302,2.990204575515949,0.6214986281856473
47,Centralized,2.480653251817256,-6.390045367473574,-1.0561104374705779,1.7252054007954702,2.9902045761054303,0.6214986295372913
48,0,-0.7045648474337637,19.343751190985817,-22.846784688644878,3.9368338246430192,-6.067741725637504,8.10194648287459
48,1,1.2397353169503538,7.508454675634676,-14.725892190378342,4.033635541485122,-2.411444481159264,5.486123774170996
48,2,3.006229246673363,-1.9689758074357842,-8.074432021847697,3.5190851156390015,1.0009331992511408,2.602814292433511
48,3,4.042762137945475,-10.147698497515819,-1.6640190705273321,2.2294663948245126,4.303554879722966,0.2325588115627906
48,4,3.9687957777597496,-15.587603890491676,4.628300480977288,0.6787458632519238,6.557278965935634,-1.7131199303608118
48,5,1.9021064129423286,-19.93711436035497,16.659302446104984,-1.8245115737193645,6.308815980684729,-4.585752043257925
48,Aggregated,2.3607389621508195,-7.1447033345015205,-0.2945716599723101,1.2899759117823248,3.0106645004284247,0.2717233911667799
48,Centralized,2.360738960550464,-7.1447033360309105,-0.2945716586201338,1.2899759106578883,3.0106644992655407,0.2717233907776345
49,0,-0.3873729360303126,19.25995666374332,-25.366609428562107,3.3747094718251818,-6.558762302928978,8.667555578966608
49,1,1.4696056964777082,7.828160638910222,-16.779150999432467,3.7945632659123048,-2.714893374332953,5.827054513168844
49,2,3.228346760433926,-1.122315368892758,-9.45055785557395,3.7038312911369884,0.9478223197358542,2.688715494312898
49,3,4.289852202457789,-8.984673662489406,-2.319826831189632,2.870242766446713,4.561438303819324,0.17721154215855603
49,4,4.156451690812748,-14.545382585835885,4.538716673235294,1.5676269426045106,6.99609503167927,-1.8382328439396451
49,5,1.7353794545666426,-19.307447161640663,17.695663467962895,-1.0373411578296787,6.716500630993757,-4.630614682491449
49,Aggregated,2.4964316549924304,-6.466007331619111,-0.9247509560530374,1.739088359066585,3.1776950512058266,0.39923435092623566
49,Centralized,2.4964316543073273,-6.466007331766389,-0.9247509562567309,1.739088359305384,3.177695051186746,0.39923434973330224
50,0,-0.6152352156064418,19.482551891206057,-22.84693612585397,3.643290758605459,-7.079318249160161,7.844239645782893
50,1,1.239927989444366,7.666452128997404,-14.78415077589332,3.8617096750780617,-3.1472117998352065,5.4713082890910645
50,2,2.983063685644145,-1.6950761528604668,-8.107108196570525,3.5146851123634923,0.6072178985641077,2.732624032770128
50,3,4.096224427923276,-9.840484940445867,-1.606495075506291,2.480394093675774,4.276064397032121,0.3821843279920467
50,4,4.047029544485375,-15.440950202616955,4.7613305223867215,1.087407820786094,6.849631595048661,-1.6207769648287615
50,5,1.895393983470523,-20.001839075108542,16.77580371519739,-1.3088980569195403,6.7229988245631,-4.195564406229258
50,Aggregated,2.3847676743883763,-7.04739004386126,-0.21726486236235718,1.4965350730975726,2.932937444371206,0.4250829079558417
50,Centralized,2.384767675469153,-7.047390044336026,-0.21726486124223954,1.4965350726679594,2.932937441835572,0.4250829073728711
