Round,Evaluator,1,5,3,4,0,2
0,0,,,,,,
0,1,,,,,,
0,2,,,,,,
0,3,,,,,,
0,4,,,,,,
0,5,,,,,,
0,Aggregated,,,,,,
0,Centralized,,,,,,
1,0,7.132499908731434,6.9424041104740075,7.116693283833431,7.088988900828161,7.139829992370982,7.090608034341878
1,1,7.066700625177338,7.038557753034392,7.075876047161609,7.081956090329762,7.064797298024107,7.082709292178541
1,2,7.391404179927181,7.413757468379494,7.409570963663792,7.4272511306094255,7.386311007815403,7.427788183778767
1,3,7.147306257150242,7.050120579124445,7.14601062238479,7.13784547358977,7.149292742872475,7.138976034463758
1,4,6.762739926455486,6.763924445149434,6.775496670147442,6.786859997275715,6.759409410013303,6.787414025138351
1,5,7.434161334574601,7.211392421069023,7.414261087792292,7.380575467617976,7.4431083606651836,7.382411721056494
1,Aggregated,4172196331710.964,4061026916123.9146,4162954581086.777,4146754692335.9453,4176482478905.6597,4147701666260.2695
1,Centralized,7.146482503660518,7.05697205344648,7.14637884186449,7.139821457817757,7.148029555111993,7.1409111963627625
2,0,0.014912574284558862,0.012349059931213092,-0.0035888866669833894,-0.0009871118549720373,0.01848669863005673,0.017578724564786916
2,1,-0.006249601453634194,0.0006064619296394606,0.023792135704319626,0.019853917844615647,-0.05348648136891529,-0.018036531917853555
2,2,-0.013736476062088224,-0.0031891055192495798,0.034862726257015336,0.028434034702005086,-0.08178217266921309,-0.031298725333567985
2,3,0.0026414969932210632,0.0055947688868971095,0.012500448691785829,0.011282772036111173,-0.023683988846540653,-0.0031746727384698897
2,4,-0.009388022881322773,-0.0014194029260205336,0.026756728750432637,0.02198882222185491,-0.06191347587317821,-0.022794548897003726
2,5,0.018488806200343197,0.014621228000264826,-0.0071071448236452285,-0.0035420839088104116,0.028373694381927925,0.023066487088857456
2,Aggregated,-5501372390.689974,-831541873.2289063,15680291918.138802,12886191508.93125,-36283031893.09948,-13358002340.153255
2,Centralized,0.0016328589472411892,0.005037553910314329,0.01381417810629273,0.012283719464039914,-0.02713200972841167,-0.00487649420553069
3,0,-0.059293718998982926,-0.016880246274827943,-0.029614107486102034,0.030293557240676824,0.027710600037000432,0.003740892208193121
3,1,0.00684530279032091,0.011929649370722828,0.01163946859212667,-0.005241084399034079,-0.002377393645965379,0.00960690750757512
3,2,0.02910358797244079,0.022422272956518323,0.026179870286682436,-0.017337960231307292,-0.012437620602945525,0.012382018418713751
3,3,-0.021110163478253934,-0.00012870272070995744,-0.005699372708975522,0.009757454587069366,0.010349926475838227,0.00724777355382192
3,4,0.017543336116845155,0.01596399542536074,0.017796831097811723,-0.01088002944795754,-0.007295715227470604,0.009925831388806827
3,5,-0.07136003564621683,-0.021507898460569188,-0.036622924436401166,0.03666626697976696,0.0332519952111614,0.0033036404776516076
3,Aggregated,-43360273989.17578,-13067058260.408203,-22251657010.771744,22279108152.620705,20204946704.474087,2009108938.409375
3,Centralized,-0.017965321520259182,0.0012465218827381126,-0.0037336060003368013,0.008067134993674684,0.008919883026505341,0.00753175927442579
4,0,0.012144570266033602,-0.010800669826247737,0.004245599532610337,0.007044955033227751,0.012331833905087682,0.010958558177058582
4,1,-0.009918314005270072,0.011069747811432032,0.0006667039302471996,-0.0024825756665842152,-0.010252090996185358,-0.007967802690627579
4,2,-0.018022528174441395,0.019213746712552292,-0.0004457828396353373,-0.0058221296259688415,-0.01855637395226649,-0.014871445205916937
4,3,-0.0006949665145726887,0.0019428589024002463,0.0021934459422213357,0.001524298977054054,-0.000812599472169732,-4.836931945213507e-05
4,4,-0.012953049039622045,0.013991493331770972,1.4749012444189209e-05,-0.0039192763672402245,-0.013351341536236561,-0.010609686264204754
4,5,0.015632611212156415,-0.014171636093297243,0.004971899495257522,0.00867769145247621,0.015895077374284364,0.013988686252716912
4,Aggregated,7032824508.511979,-6254208704.319401,2459279905.847396,4080221149.951432,7141237379.171094,6346177333.595312
4,Centralized,-0.00174821613588918,0.002988177697971987,0.002023867754964925,0.0010707001705687466,-0.0018904754675067655,-0.0009516818559517286
5,0,0.022131151267083145,-0.009959223961432073,0.002090303472776256,-0.013778469882983303,-0.000667556488325971,-0.006161436197565825
5,1,-0.03785587352164311,0.01141331181215861,0.004033171815119611,0.013078958545750533,0.006202276651070686,0.009611495283154288
5,2,-0.060848252885143,0.019424367360433455,0.005026868024211832,0.02303458171921058,0.009001928664590035,0.015628861175738133
5,3,-0.012926184118374569,0.002501345059249142,0.0032630211147303355,0.0018632922511000534,0.003370917926785211,0.003051703197093166
5,4,-0.04534824008449381,0.014227046512444967,0.004079042942897004,0.016702636955935192,0.0069300621782469795,0.01160392182879626
5,5,0.030845698488203035,-0.013212187994606358,0.002005534661649122,-0.017955424092838613,-0.0015352142513089953,-0.008477776480388737
5,Aggregated,12839365266.010157,-5778634001.546744,1213770335.6770833,-7995058395.045834,-386562054.66770834,-3574683127.997266
5,Centralized,-0.015795700665687442,0.0035239806919258616,0.003357966108247723,0.0031472976359450417,0.0037018543321545158,0.0038059840250762515
6,0,0.03774773259516818,-0.049790063136511145,-0.05101582488637663,0.026492163658458405,0.011632887255046024,-0.0026808143747591847
6,1,-0.013016751245852968,0.005916223485782505,0.006065667089726171,-0.0016778224661395077,0.006065035343596984,0.009153503923794304
6,2,-0.030785403166803487,0.02468176633033844,0.025293779995723516,-0.011036829123091844,0.004786616978817904,0.013847555923375884
6,3,0.008334033332770474,-0.017629410236095686,-0.018059908643605502,0.010239767847725645,0.008502951505248765,0.004255392971198664
6,4,-0.020687474692241754,0.014914998189675543,0.015283340729406566,-0.006326904612670129,0.004700051297619486,0.010510637068582558
6,5,0.046461494098058866,-0.05994437775906387,-0.061419305852406104,0.03171282772903013,0.013112678890107787,-0.004285839499398018
6,Aggregated,-12112938292.28698,8733358021.608854,8949038370.058723,-3704741966.3365884,2751689477.303255,6153959563.44961
6,Centralized,0.005917602591987148,-0.014978961734038758,-0.015345536877490674,0.008905420986074592,0.008245624498896357,0.004823843436691059
7,0,0.13903930761337427,0.012730824431488348,0.21705681443815764,0.06921076314472725,0.3561287369668366,0.037550635555037695
7,1,0.1306805792434505,0.10071723910196309,0.2274870470281715,0.13139647849777253,0.2757838661745664,0.004687254255004447
7,2,0.14447889178959777,0.12349852822603964,0.273451793218715,0.1729723174605648,0.2893929643858959,0.020147352120814213
7,3,0.12029939508881829,0.0891494290139357,0.23740273744132814,0.12620220251268277,0.29290072636395525,-0.012469121258271088
7,4,0.11754231314685831,0.1008881272310725,0.18961501994509533,0.11093106738538087,0.23214475316956015,-0.0048654279038860436
7,5,0.14322007195165945,0.02864944468617949,0.235286534119397,0.0831056606010101,0.38263263266603137,0.01634664016765098
7,Aggregated,82867676405.39894,70813942145.07297,156832880336.3446,99191920331.65968,165999666877.4262,11559258397.836067
7,Centralized,0.13199958002192957,0.07395571021535179,0.2283034814328061,0.113436680246154,0.3050812483985031,0.010132411038587226
8,0,1.523443371626791,0.7812115139892614,0.9416850618198769,0.9843747458807653,1.8709189294216828,1.9358200416004463
8,1,1.6214384702627986,0.8424279753933581,1.1043701121781078,1.065167978331814,1.8810942569051008,1.4456219543167494
8,2,1.4908336876414572,0.3380029278344726,0.943844244761765,0.8479736249720724,1.4706595902400736,1.6221473085116622
8,3,1.6105831015024854,0.8784150577956809,1.1297448472432083,1.040072790465006,1.9908763794832245,1.5948687135819022
8,4,1.4283736635857127,0.8878917042324573,0.9613974111419291,0.8716712336545007,1.820770869804071,1.2858693910000278
8,5,1.655058151437597,0.9391910454392018,0.9121872950197496,1.1948107265475256,1.801181238438676,2.016839188696302
8,Aggregated,836258964851.1594,519751663029.7936,562854414745.056,510322892952.69476,1065937943211.8434,752863726280.3453
8,Centralized,1.5522895120306468,0.7878106588985457,0.997277449272788,1.001507313604232,1.8114468407435291,1.6492425405802875
9,0,1.1098700041125178,0.8254495130696458,0.6963092359721372,0.5023641063762745,0.6973699752630441,0.6220354573409158
9,1,1.2604369178551418,0.6618555933095636,0.5861946495203614,0.7185167430717638,0.8818345009286601,0.5118894908183302
9,2,1.2076079709966596,0.3376134848071225,0.4947045569569212,0.5912518713342132,0.7179871688132375,0.4855268575093269
9,3,1.2036041720369164,0.6364213563095882,0.6061347453009313,0.7837246254219565,0.7562895628823767,0.51228556967639
9,4,1.0349989562610857,0.6484016054514211,0.36095704270125684,0.42733055554002547,1.1108457329647645,0.39129310618606983
9,5,1.181920831568456,0.8974661289642747,0.5681256457849617,0.8742495368006371,0.5158745163064662,0.6968025843426845
9,Aggregated,602533366997.5559,377454844195.4762,210154713266.70737,248801702140.05106,646622677209.739,227799678103.52396
9,Centralized,1.160300508101592,0.6757442632119771,0.5519691295599397,0.6453703903546799,0.781349934593695,0.5364485668739726
10,0,0.5444334124158969,0.48190157005223805,0.7037205809158299,-0.6199960775327403,0.6749815501928454,0.053121249014495074
10,1,0.6619027272256428,0.3286724950507898,0.6169359704805365,-0.3977836264395413,0.48302964883993227,0.09976329612435426
10,2,0.3184966451525604,0.2596319602966923,0.5865217943019544,-0.3596871596497986,0.446252909042171,0.2750026891159619
10,3,0.48552851402289926,0.20584603256502756,0.5383553777743848,-0.26805251028885735,0.4591190382079849,0.1256642939389703
10,4,0.5412114490806205,0.24081736135440598,0.48602016355043237,-0.32923701699833685,0.7760856658134269,0.13932699427403164
10,5,0.49409193697472076,0.3987655541336484,0.5645227830262132,-0.19185790928339555,0.5061236256850512,0.03196820040842781
10,Aggregated,321365514471.3599,142993224241.62357,288608951100.35187,-195493233813.41876,460795424968.71375,82730987177.89531
10,Centralized,0.5103639989995068,0.3204798726146348,0.5812300211538639,-0.36256952941298015,0.5629422136156088,0.11657977905698343
11,0,0.26283887647842696,0.2234491191539232,0.2605626839903249,0.2417880351975473,-0.14469627314035255,0.10175186050020237
11,1,0.09416971351969956,0.42760369448625957,0.41642695278096126,0.348837357851698,-0.6797186443769249,-0.09431480120514624
11,2,-0.0005404015760627582,0.48279974529468755,0.5999352506031589,-0.008457035783062375,-0.5297571498914646,0.07026649044320538
11,3,0.00992097460445578,0.4058090656379586,0.5551124380399618,0.26982082219165443,-0.5581875939095836,-0.006721514119981483
11,4,0.10869698231899474,0.4558021568796369,0.37681481453629706,0.23017077852133816,-0.4121246549358958,-0.017297804969010264
11,5,0.27732669907339724,0.4277692335834647,0.3384831296940207,0.3492894231882619,-0.21329017345949627,0.023912806115697075
11,Aggregated,63988026875.54033,268216254847.82614,221734053324.38004,135463051382.20169,-242489103629.6714,-10172985878.13763
11,Centralized,0.12906262844935543,0.39956117657937984,0.41785112707725774,0.2428680429362539,-0.41553686747843155,0.013188127398661582
12,0,0.2776623413533127,0.14226082880326804,0.05464790841416172,0.11953747400372557,-0.17634589339844145,0.07174543262994604
12,1,0.33617769532920116,0.25807240223111705,0.07853895155881101,0.1857302308542586,-0.30335425535563004,0.2022814392823286
12,2,0.03523587314603548,0.24528484453147853,0.27968503934317557,-0.10593281472548367,-0.0070537523294563675,0.11823665606946462
12,3,0.15903015501728848,0.16568696332534094,0.20768244650591924,0.14816932329159074,-0.15414580432505218,0.0799921531988673
12,4,0.2993585329141962,0.2135322585761878,0.11751253333041267,0.21255735621189026,-0.04280916118027906,0.1748181958174427
12,5,0.43788422508195185,0.19014736993849393,0.009358817079495077,0.32138366615394554,-0.25693122949091785,0.12687773226448512
12,Aggregated,98817539182.21332,102913141434.18507,128962496919.59317,92055640836.13692,-95756826611.14091,49690946812.92689
12,Centralized,0.261239450993453,0.20000096878953394,0.12078388247157627,0.15189921086422767,-0.15753736493519396,0.12810336013236198
13,0,0.20478275465408244,-0.22796523640903793,0.17960827552154235,0.035536999964573115,0.3575345237324094,0.022111902972428273
13,1,0.20584668050653224,-0.322620177072661,0.2905509042959922,0.15947436181065594,0.18918490447774675,0.016041961572269513
13,2,0.15946921710344897,-0.6106000145807913,0.49675538969988564,0.26392493068992523,0.22360919144726335,-0.13870551477934207
13,3,0.22923709182285149,-0.6226190435512375,0.4990023229251613,0.2710655293208681,0.21212447199850762,-0.15700104450002048
13,4,0.37538443527234866,-0.529346597178517,0.4075030702527158,0.2732283497092351,0.35927943990986255,-0.14602788489307877
13,5,0.44709085560586914,-0.4230634537293303,0.21047257929664281,0.4408523399164613,0.225988505409759,-0.12441859683161957
13,Aggregated,120084662914.83698,-188196567989.99622,169477461362.30472,93029449539.4776,110367151732.68298,9328209374.085676
13,Centralized,0.272128092618049,-0.4513919340412044,0.3431534779963714,0.23744371501586048,0.26427967597179125,-0.0866921490776536
14,0,-0.22586228991055762,0.26083872248937484,-0.32568869157137714,0.13100174619285893,0.3094436534338265,0.03162260069438402
14,1,-0.47745958795284754,0.3490410135985377,-0.02214465336607666,-0.11656740915790989,0.34320676457154875,0.12708798630440568
14,2,-0.578857025091994,0.2363835824052059,0.02294665458960746,-0.23016309346079866,0.44986670072087465,0.30489241850694293
14,3,-0.4840469972330703,0.2246529508395895,0.0513240675590904,-0.07765004627419181,0.3903927583366279,0.22638667889868908
14,4,-0.47869913332602276,0.31048058608027096,0.11240194657948906,0.0005587803183149258,0.591626166518445,0.10451247310384243
14,5,-0.28834692568685805,0.28478144748531214,-0.29527783105200195,0.3467433334381052,0.3261899796225845,0.1393632984803568
14,Aggregated,-133737130445.00945,154396837436.3374,-192733051572.06793,77514386367.57428,183185932068.64075,18748202368.23981
14,Centralized,-0.4163640807752804,0.27754340975213765,-0.0786428037604521,0.014651908898138642,0.4011085277252265,0.15071596966595516
15,0,0.09972487051602329,0.23753973452619373,0.3009883556784597,-0.8185571429223978,0.4046859440750892,-0.07395487613167913
15,1,0.03180645467148283,0.2710442022704933,0.20113335688917747,-0.582323352729603,0.28084289101333193,0.05675293842962657
15,2,0.05871358796204428,0.22687750990026703,0.129410144478431,-0.6812174925391937,0.4076498045441944,0.1508940337304981
15,3,0.15968639444045812,0.15094862659114627,0.027494046940708,-0.48750701195529633,0.4068274132177337,0.02072817605246643
15,4,0.03369712942381552,0.2914104357455106,0.06500747541539839,-0.33002579047035163,0.42896366105474243,0.05475772442809574
15,5,0.1721494619305532,0.1609234678644105,0.06518218411300421,-0.43314536062344244,0.35733009356983425,-0.00217128694816265
15,Aggregated,34029776932.388077,131525411436.14041,75002716549.1121,-394813186898.62787,236304777801.07935,87450151270.74352
15,Centralized,0.09328919673447464,0.2229906915432726,0.13244345195697096,-0.553675928360339,0.38130965405176215,0.030512677880595498
16,0,-0.106568111516489,0.14779994241964486,-0.0008778042435603576,0.051898049052160763,0.2655453000700376,-0.04896168292931845
16,1,0.08244841098610588,0.2625455546443152,-0.17037399032009373,-0.03161618473310775,0.07545127710667324,-0.007544014487573255
16,2,-0.1504050329429905,0.22010299220668278,-0.24335338903780604,-0.1820288175920428,0.34930082193674294,0.01399996626838013
16,3,-0.11455655403268779,0.2464287754848866,-0.14435042263876532,-0.02151008399607939,0.28522578935150844,-0.1401666408525981
16,4,0.22770296994940026,0.24888571426602452,-0.28971860844051023,0.09693605848341505,0.2813308320644186,-0.19824020875712928
16,5,0.016884938310497234,0.18079722621155223,-0.30016732851825423,0.3513612727890471,0.25500771790326465,-0.10874424767134211
16,Aggregated,-70762997255.11687,152340768827.30185,-89259673557.4202,-13278222586.364193,176323757634.386,-86659193540.96614
16,Centralized,-0.0053183851850548275,0.21665208152373056,-0.1873252086243742,0.04800323478698706,0.2511345845562205,-0.08444544347983947
17,0,0.16954006434072716,0.11131218770958232,-0.47093219912424017,-0.11395475538451554,0.20881353983768705,0.05772814490400767
17,1,0.34259663237060506,0.1410226713977538,-0.8293074960415976,0.04817195480402759,0.2897615731057982,0.06943696554371487
17,2,0.41650518140417897,-0.0022702758598832614,-0.8347144249834401,0.11464587041241643,0.4264162323521025,0.1411662551895889
17,3,0.323533300318296,0.0814688264014084,-0.7324404668856814,0.16028458503322723,0.3625426288543786,-0.008906317907215685
17,4,0.4590157513240473,0.1141196609083197,-0.8696228543039409,0.2349535380847182,0.5713944790169824,-0.16712535354635324
17,5,0.37011439069797347,0.04875995148991361,-0.7236757184750894,0.31939485539662094,0.24110872201685885,-0.041613137007610136
17,Aggregated,203007859373.87756,83547423593.78,-491384052666.64374,28587034424.49083,171688660478.6204,41126784857.31523
17,Centralized,0.342657184424852,0.08468654202734195,-0.7366372423388046,0.12414657037551517,0.3480384553657371,0.004961914614119086
18,0,0.07425951669492127,0.04418604602639948,-0.2949696316137775,0.14667023018922784,-0.33693343081576493,0.25002120498987085
18,1,0.07427442371125004,0.1726446019260076,-0.23843419769197954,0.09742548958149135,-0.2710816850900263,0.32419749482131527
18,2,0.1509203423046848,0.09393515125831761,-0.032669410344627774,-0.0816093074680395,-0.07106620985726254,0.29251949709501235
18,3,0.1680815452042866,0.16311546553498363,-0.022485910349698674,-0.0019350035837637355,-0.18467518403106903,0.24471035146974388
18,4,0.12301291244927036,0.1807424318760094,-0.12996317721945552,0.17067711915899847,0.017200652987294302,0.09363838930208651
18,5,0.1719630553375749,0.005382662006004916,-0.388567017093905,0.4676496207271565,-0.4860925044569538,0.29143855051581175
18,Aggregated,42960463358.62845,25579849301.239258,-170637454966.63177,84844629914.96239,-194912994355.4458,144651763054.71948
18,Centralized,0.12586616403158313,0.11000988121223504,-0.1867989821999897,0.1358722591514294,-0.22377519061368112,0.2463643365539119
19,0,0.004444238404702834,0.20016261938433944,0.2176466391211066,-0.29146081796665957,0.17017604004543505,0.043148474087994396
19,1,-0.02331493139805841,0.18443849687258718,0.2294427947519388,-0.16778723205127655,-0.015552952282893766,0.13025255953782738
19,2,-0.04157116862307823,0.06330769868716951,0.2802176480695713,-0.26212962912466115,-0.02960762419320826,0.17091364726761143
19,3,-0.04422481686007629,0.0928490171944648,0.2536877834448371,-0.10103838667071217,-0.11794910813485071,0.09917244913642101
19,4,-0.0329503770261244,0.06324846336832396,0.2814717447234181,-0.035543887111983884,0.048917525734868524,0.07099577181426305
19,5,0.14691852878322315,0.018190686073139044,0.05097821577298802,0.07218944525960275,0.09140244597023278,0.15944319527662312
19,Aggregated,89830329818.54314,11139103305.181835,31215330686.15065,44125293330.44362,55870766065.44975,97513388925.32478
19,Centralized,0.0015467802389582156,0.10561108304834649,0.21839429762508406,-0.1305987738277377,0.027325039830173755,0.10904343536862827
20,0,0.11078644259402157,0.3685700162117906,0.24275521652818022,-0.16416444776857161,-0.08872367144242242,-0.5154337514347632
20,1,0.26347855641750917,0.47637385113364883,0.05449112340747965,-0.2586752643190638,0.14988999442294287,-0.6914989420605865
20,2,0.26501739919701406,0.5150852362214076,0.25592507581284907,-0.3523227207084433,0.2869644186016275,-1.0377302258582866
20,3,0.18445339278830855,0.48219309460463394,0.31593431635326713,-0.2359751530311551,0.17562753612554324,-1.0059306268301893
20,4,0.3129139760559348,0.45023501204683103,0.03158938376605283,-0.18734152930123843,0.48073172173772694,-0.9769652206594488
20,5,0.32625738847598895,0.2849404593513902,0.013594291703325705,0.08798338619392006,-0.07536650291934664,-0.5649424020863948
20,Aggregated,64336110274.7418,213982083706.35156,140901972099.69113,-95315860485.41618,-51474550043.6747,-299250867972.1934
20,Centralized,0.24031339812550126,0.42690351432629764,0.15308540743308627,-0.1820042017384273,0.15061584767401814,-0.7916788115471007
21,0,0.18518733826903855,-1.2018463836424638,0.3518831907715736,0.029756086270129246,0.4629639208600013,0.09167739836687085
21,1,0.1349796657642844,-0.8840679628122751,0.1699681521305624,0.13558744789612392,0.33763094313023223,0.25508632829533867
21,2,0.023602366773841903,-0.722983901462238,0.3277135973051332,0.07786016595630597,0.37162579245216676,0.3717120068759443
21,3,0.014964481077747631,-0.7181319660007313,0.28124884884645057,0.1361484014856426,0.31718229878976617,0.2730282426886353
21,4,0.05981956151186159,-0.6023147314299431,0.06814161027132071,0.18824840111778648,0.44709333244186905,0.17029188145900262
21,5,0.25655709468367704,-1.2308124802296851,0.0676190665082239,0.46724153253389067,0.31237553570775356,0.22649022714234168
21,Aggregated,9317602428.483854,-445478508313.4915,174404866114.9477,84491755684.81845,196722926625.986,169331345345.05524
21,Centralized,0.11387538148997282,-0.8966830515578971,0.21113500854486217,0.17017144796617742,0.3762707243901467,0.22519554284527174
22,0,0.3920620768112679,-0.652380623480261,-0.2776337888480427,0.3704302431716398,0.45219153950968627,-0.6485835172019079
22,1,0.3874853486366434,-0.58814274676533,-0.27869798340905805,0.3884439202586666,0.44882671390082923,-0.5639529788085537
22,2,0.3269657112895988,-0.6523333341350408,-0.05335596741403496,0.15047361201897386,0.49284328032445723,-0.4838590566928355
22,3,0.30635149077790746,-0.4460880948583093,-0.09118078860058731,0.2143521313465599,0.3931199230599281,-0.49737903189798166
22,4,0.25551287075592216,-0.46963891133464525,-0.13753586843101576,0.35864713238044,0.5406909139695293,-0.545414738199546
22,5,0.47917626951842734,-0.7632599029219258,-0.4922653432372651,0.7611897457016032,0.42535577861293145,-0.6680910993190761
22,Aggregated,230793159336.0849,-384024242753.27716,-163414893875.66034,218048232199.81772,266195095438.33148,-381796918062.49615
22,Centralized,0.3569673281831954,-0.5914189980752904,-0.2233129794607702,0.374619697123669,0.4571249940268702,-0.5686395493930136
23,0,0.028186645302448573,0.03417288356737072,0.21483564033627928,0.03373621114442938,0.2603446422907454,0.011495972970229574
23,1,0.11401595078237049,0.2238001219673212,0.020282712022269795,-0.05562093542663303,0.2264300615700116,-0.06585233114909919
23,2,0.2535630507558538,0.13837229575079965,0.000328390166001095,-0.2049183750118658,0.279078994707936,-0.008403983371443265
23,3,0.1900866060004921,0.08373134067785723,0.027749584915914602,-0.08966308006252083,0.19834868226955962,-0.060915864827120934
23,4,0.10062909903737761,0.28358245582908825,-0.11062750155093494,-0.045173383171338816,0.321582191607498,-0.1950618346257959
23,5,0.10537019719870919,0.08334084182219202,-0.1325751225110219,0.32316416358057304,0.20361692336593348,0.08326977971050026
23,Aggregated,66684924957.92049,130890905674.02435,11900389287.594336,-32522692175.289062,132469607879.98247,-38510277450.89271
23,Centralized,0.12742696000009696,0.1391130996825229,0.007589258211545176,-0.003604659287326347,0.24763065436478396,-0.04021788436856693
24,0,0.14260249642179243,0.26190806718527104,0.2247647375234825,-0.16555570753403495,-0.04586820507980733,-0.5931808277689676
24,1,0.1764053405054766,0.31465306352521094,0.11998386833036802,-0.14109863059819425,0.1672247359812986,-0.7640911504413452
24,2,0.2864449685774215,0.3347772834201914,0.07530755371333446,-0.283915118735103,0.24502004094674856,-0.9327912342617443
24,3,0.3077078629166513,0.28308505267116085,0.18737318079004067,-0.21199595231950544,0.1621593536876905,-0.9700117230973638
24,4,0.1638681941614243,0.3213995076592651,0.09918635043682703,-0.11565492528966932,0.352121645798132,-0.9432219718307724
24,5,0.13572384085126807,0.16886212475659815,-0.03505347366048819,0.2464898113830863,-0.05276486000107538,-0.5500275932319212
24,Aggregated,164361571238.83804,192118274300.6436,43221650584.46339,-162901417840.77374,140630654418.61542,-535308386176.08673
24,Centralized,0.19987052995846671,0.27941447035661854,0.1159186265448341,-0.11155631219146801,0.1340187518016281,-0.787226920768647
25,0,0.008185776480725574,0.20360576428447813,0.34522788268783844,-0.06667759456960146,-0.23921860637975007,-0.02685002290494237
25,1,0.2131141661129402,0.2800639990944054,0.1447658790604283,-0.14528205734765615,-0.434630368441075,0.06992265321243671
25,2,0.16786117508812168,0.2202358756452108,0.46813602453120595,-0.2586878037854336,-0.6694980248878128,0.42668030500999377
25,3,0.05570058086685125,0.27659002626675466,0.3529964485098441,-0.12463926177674416,-0.540366997911942,0.22405772183654973
25,4,0.2261372902553023,0.3221396643841017,0.12940712323912745,-0.10564825546608454,-0.43578262566820647,0.07752269963072181
25,5,0.232412656835881,0.14374365390964652,-0.19210788814418334,0.24838371172096194,-0.4254576981235187,0.15094201715678676
25,Aggregated,132092466768.92552,188167363251.50952,75638435695.83066,-61735265721.33997,-254596732749.40317,45331075952.47453
25,Centralized,0.1463021149374627,0.24136640478262883,0.20712073810307213,-0.07295066051240086,-0.44837385123151935,0.14443679172284027
26,0,0.1457645440634272,0.07429582223316551,-0.12907358047766804,-0.39238644978286474,0.00847704763188233,-0.012628626000007278
26,1,0.22027530611211676,0.16747573599503385,-0.15378952716200647,-0.22775788328428598,0.026998042333075033,0.07880739380617628
26,2,0.13598364177444633,0.06982433302912222,0.14041768248176456,-0.37661555438627187,0.0029576642537139245,0.15989097415248177
26,3,0.163600851699804,0.0511498332751696,0.05747985171120149,-0.28102503356500336,0.03593308627061885,0.05900966010932412
26,4,0.1681322257717556,0.13102882923070894,0.022963479093764387,-0.14024076974240363,0.15615574797068446,-0.06211220665126014
26,5,0.20048400208472386,0.10074349256649763,-0.3359679197531236,0.08471153640303457,-0.02200306932125488,0.048001866532633504
26,Aggregated,78846223150.00444,40485569183.536064,81360512747.04929,-218367336930.5324,1716075855.7493489,92670916083.38153
26,Centralized,0.17180541552371967,0.09856350854072268,-0.06913204614596526,-0.2234150478545984,0.03583671461827495,0.04079265130321138
27,0,0.0873139736593348,0.19450091314108167,0.40348730295174623,-0.17947802390241563,0.20752033167425382,-0.5129824594014721
27,1,0.2297818605025386,0.1919489410947655,0.05977074946196374,0.07396705606743749,0.16155795010926852,-0.6532314476015089
27,2,0.24591145648930504,0.030744687049371264,0.26574821141618676,0.07015428994342247,0.12720331753167244,-0.9128013974815524
27,3,0.21019357926279622,0.033816068215042606,0.29330635750006606,0.054955187754564726,0.0869039077770001,-0.8388733238152423
27,4,0.26563975674274504,0.10306384820614922,0.021996375125741232,0.2746596092096345,0.24756275146362938,-0.925721595766547
27,5,0.23218884568195922,0.0025766624035472043,-0.07864078536793963,0.34142047103544326,0.1654393833541403,-0.5186256836401099
27,Aggregated,51128030468.46777,113823375845.41971,236112027306.2347,-104985532782.19214,121464442991.67906,-300269952846.0366
27,Centralized,0.2083113104965234,0.09574447016585509,0.16514456267034175,0.09996125757946943,0.16731991690573564,-0.7203056762887853
28,0,0.27773086401679936,0.02571989468489922,0.3021604777008407,-0.22481205588689943,-0.17621887869741026,-0.3343684428199483
28,1,0.21612281995304794,0.009916366335292063,0.2008721830453515,-0.1251524411696437,-0.1260099370053568,-0.16077439127219148
28,2,0.16604595955442694,0.03428201918538771,0.323505498296699,-0.14253497438198784,-0.06156943386367395,-0.06557581918223884
28,3,0.2261623984254815,0.02310356922611897,0.2490158438867576,-0.05572687606963479,-0.10751659630102957,-0.13063409397052464
28,4,0.008703275622327785,0.10512909825788835,0.16440946595129544,-0.009990886668081936,0.160983381594014,-0.21296923556290595
28,5,0.18036892761709652,-0.2636272714774209,-0.013598757388445884,0.19328325164234228,-0.17171033265284058,-0.17942918913643097
28,Aggregated,138348658019.69626,14131200526.335546,152323171646.4808,-34099957613.71582,-65773738007.02084,-79917098537.79506
28,Centralized,0.18049057715509048,-0.009328568333040958,0.2043933002720773,-0.06290662158347592,-0.08103825461147723,-0.1856016539391727
29,0,0.0746949164752145,0.016794158104707673,0.17187921271506748,-0.3354958471912824,0.23332813894809984,0.07756248098373059
29,1,0.12369173572892722,0.02455412214082576,0.08444502847913332,-0.15945672928648744,0.03966149037741005,0.02282142726105481
29,2,0.12157124659354916,-0.08112448260692642,0.2117016378651397,-0.25836268038210053,0.18552469196314736,0.03859084456279736
29,3,0.1191219499777871,-0.01015711035625273,0.18268998277439247,-0.17028540185743252,0.16549965026701657,-0.019840846886575867
29,4,0.01803747575129518,0.015660070193643585,0.12926436928630317,-0.04551859727262494,0.14038002476425884,-0.10273486015130451
29,5,0.09925259441196096,-0.07465213328716765,-0.07730361016486947,0.19616355421763704,0.12541656749178764,0.19488814412936972
29,Aggregated,73977284528.39516,-6317551932.906966,113420082881.03978,-105700622326.2496,102776942429.74007,-12290134191.611979
29,Centralized,0.09121829575089048,-0.015537719063358562,0.11745780867711465,-0.13163499568049764,0.14957023132626507,0.0341916318634425
30,0,0.11414147335045849,-0.21923274990266378,0.23436127561414877,0.07204031296591965,-0.08581688203864479,-0.14710693552076493
30,1,0.012521365229718147,-0.05508102727274024,0.08166488901685133,0.04433832497319206,-0.022649765568639662,-0.04051774473678738
30,2,0.08380462506690284,-0.15043925335454894,0.09160330474507718,-0.08965111776918264,0.04185284273879676,0.0863565350844412
30,3,0.09778382448945461,-0.1678228251839655,0.09885108915364695,-0.013823846976939554,-0.03162187523277815,0.026647804975207377
30,4,-0.14707134731339763,0.015124143828071842,-0.023522944852077524,0.16230916326167436,0.13592563676563477,-0.09084171901125557
30,5,-0.044437476264196835,-0.3320472539263787,-0.011333327501662598,0.3186034207083267,-0.1422513733068487,0.1212703848389346
30,Aggregated,7307295505.490625,-32114406157.44923,47595722278.97754,25821902943.186653,-13191391163.563606,-23596279817.958397
30,Centralized,0.020176653947318594,-0.15151720089836165,0.08156389358327018,0.08427007513302935,-0.018928051856450048,-0.013036420070776227
31,0,-0.0028725708388448604,-0.020310333383850458,0.2477367429983146,-0.1249928639483025,0.07762844083228752,0.015445259877132618
31,1,0.047123816555695794,-0.08944306688818185,-0.10893769656634086,-0.022370981563417776,-0.07502877455004213,0.06707667192613821
31,2,0.02314307560090671,-0.22745487655021462,-0.08088934417358085,-0.0713692834161783,-0.17493422938702693,0.26172326755112857
31,3,0.006640620583277131,-0.16239907390426883,-0.060898451303393365,-0.038987760896569294,-0.047048252476173974,0.1770255463536198
31,4,-0.06252143312019219,-0.1725298626785248,-0.25527354953482595,0.026725560501364615,0.0023348320179399215,0.12464590108823931
31,5,-0.07405986487155722,-0.1495276353493882,-0.4136903558116378,0.3929298347390067,-0.15158974141181908,0.16751298200682094
31,Aggregated,27658203507.335873,-52541549312.42292,-64029646165.214775,-13074451338.736393,-44078226720.574005,39411650456.16723
31,Centralized,-0.010827721507738867,-0.1325044802835999,-0.10431237341326928,0.02396403114288835,-0.05491935326174714,0.13053053498901318
32,0,0.049561436819272116,0.06658195954601685,0.05325187431503811,-0.08149147340898504,0.012356195625167743,-0.03731275075322884
32,1,0.14776670784288148,0.1382295761209765,0.0899390514806493,-0.047001885471607,0.005904680137486551,-0.0374385244968592
32,2,0.0564647547531635,0.17970466626492712,0.4043074152295211,-0.17091990005646449,0.040771261452848505,-0.02144411363629549
32,3,0.10084188335907202,0.16255054922048554,0.22939041779644523,-0.13930384969450313,0.10000304766969764,-0.15674243163742538
32,4,0.035808974192883744,0.1597861451225644,0.14702160199309594,0.004864302418691106,0.2829281863936325,-0.15365550116839516
32,5,0.13640218633107773,0.012531385855545451,-0.0658853448866779,0.3770631805912894,-0.0982478667860879,0.13280501461676852
32,Aggregated,85843834943.19846,80323932292.03653,52269784687.65065,-27302655386.679688,3476054688.235026,-21773147827.58939
32,Centralized,0.08698934230593783,0.11817530061793266,0.13661776510977147,-0.01020785858195848,0.05883361315854512,-0.04798698248978918
33,0,-0.19092301120330077,0.07699347821141724,0.0691800671434559,-0.07114652335522559,0.1815366226646954,-0.1851223840183615
33,1,0.015341361431982392,-0.13694798006452696,0.10489797697688438,-0.16672397850333165,0.17801094296428852,-0.03212931921029162
33,2,-0.013247810183141813,-0.09703450933182722,0.17800003587101187,-0.3745253186695717,0.2122372583480528,-0.11435361302970315
33,3,-0.025154779185628466,-0.05082794449577837,0.14517645888797032,-0.28878650464183275,0.2429762761334646,-0.21671521959549325
33,4,-0.13637802516956754,-0.19059941952756038,0.14814745305507426,-0.17606491851832448,0.36453880976136094,-0.10202191634086098
33,5,0.0036013739730792103,-0.18595289633137166,-0.1397805265353472,0.13983779620903042,0.11625048784758044,0.05624004858780556
33,Aggregated,-15573907283.86172,-31497413050.703495,89865118241.5757,-178781273498.6532,150455628320.55646,-134170609824.5039
33,Centralized,-0.0620929619394334,-0.09281687838897888,0.08352594657816587,-0.15196277120014523,0.21626743801801424,-0.10214043478763367
34,0,-0.04290303346628737,-0.01858193918166613,0.27092912316454476,-0.03779948544619411,0.03726453400792238,-0.5954484645230791
34,1,-0.12446649657449355,-0.03852724044577194,0.13519955654392987,0.03824101961351365,-0.0580195334245925,-0.7036604681866057
34,2,-0.2282860647867759,-0.07703816214624595,0.2772651205140235,-0.061062211903631064,-0.11457159041634346,-0.7811962306594121
34,3,-0.16644020644481639,-0.029186651106285467,0.282858982696174,-0.030793235613287114,-0.07920262147908301,-0.7302918049225908
34,4,-0.2640349824550284,0.0037941365712234423,0.17832633179391222,0.10617503319368155,0.026756369346274372,-0.8654333407676761
34,5,-0.17661752385633245,-0.08367442217699658,-0.03049981045849499,0.31096695297363763,-0.06923361525029322,-0.5393265490249372
34,Aggregated,-156094543153.20352,2230413404.5332413,105402535781.67249,62804760999.989456,15805299726.469532,-511628953972.2894
34,Centralized,-0.16332890636900102,-0.038464493753150995,0.18718902583787564,0.052902448177472056,-0.03915022058231617,-0.6988101416165883
35,0,0.015701944754019575,-0.06415834257866185,0.4050835824248616,0.013243434371013644,0.28146570064482407,-0.15577697608743754
35,1,0.21525499024180905,0.1118753471075351,0.0827908575039313,0.13590151194334985,0.2164965870525219,0.14018256775955665
35,2,0.10453088461827977,-0.028792941462642812,0.25133772403492016,0.15871553917473405,0.28918486472049093,0.33887049423334564
35,3,0.09052435062847954,-0.06169558193121188,0.2919194064081575,0.16905748264568596,0.22843318988359868,0.13810865817616386
35,4,0.054941022106317065,0.004749081369524196,0.07575816216672446,0.2733903891985164,0.4155077401789579,0.20609460499548146
35,5,0.00717076676150595,-0.06215211071400605,-0.1807596459604489,0.4965901437929625,0.340849017231224,0.15315401453594157
35,Aggregated,61089735543.92956,-16837416492.299805,146851184552.8921,92840688815.21362,169060686067.90652,198064332207.11212
35,Centralized,0.07922337244875663,-0.017731559399420387,0.1597428795560798,0.20273663905484732,0.29452944588624735,0.1259603608642257
36,0,-0.05966019633277841,-0.1098979673786861,0.17180470991107274,-0.07581072366959207,0.18417796327568403,-0.23615172119110936
36,1,-0.004659825952306207,0.034150877605631534,0.01697511506921572,-0.02683858462277418,-0.0013260187595350932,-0.025732294495641145
36,2,0.09949010940632483,-0.09548429263456697,0.08438011059456597,-0.05941330147520804,0.08701436703256367,0.023272319919102457
36,3,0.12266618909498085,-0.07098387591558127,0.08906577542220785,-0.04186690946085226,0.11406408168308296,-0.09312768831471073
36,4,-0.03750288080014433,0.08797113448722663,-0.03255325936031307,-0.03580732170153501,0.15165269370708107,-0.03662769340709555
36,5,-0.08686938874840931,-0.0676942934442426,-0.18394826818098417,0.21454990006917632,0.056593504387157975,0.07168470633587655
36,Aggregated,58134422617.16146,-55784861080.26765,49302459876.55957,-34710647414.34994,50845833845.080666,13575451729.335287
36,Centralized,0.003244285873752991,-0.036991940770410875,0.027511139663286954,-0.006092863968625058,0.10155319285090662,-0.05612052647769528
37,0,-0.045598154295338665,-0.2730619589918651,0.43501106041978815,-0.12070658590557165,0.0016224388047051026,-0.09440697121371487
37,1,-0.14266573903103333,0.016851932092138436,0.10821396846237627,0.05291056092616794,-0.044783887810471865,0.009217043464884611
37,2,-0.1789962416106558,-0.13929750276646366,0.26486139668840203,-0.012425721635735106,-0.01789178088584463,0.08653578163722031
37,3,-0.16709132517615075,-0.1941135552294663,0.2783176920896815,-0.04568327102591295,0.058645747764620754,-0.014541607517871806
37,4,-0.426917036430454,0.0903071557648901,0.05139800795318491,0.11381047966371229,0.16961269382165722,-0.03714968455888285
37,5,-0.10836390383436081,-0.16326051405821077,-0.14363648759403988,0.3163590344568131,-0.0549455969589671,0.03431920555705167
37,Aggregated,-84784010644.8931,9978489069.736828,64335601069.09413,31425650833.044857,-26595493842.01367,5473273891.546669
37,Centralized,-0.176242437809017,-0.113100354557342,0.1709643063600911,0.04623976432543202,0.020768785398641024,-0.006998959753002391
38,0,0.039839127511256935,0.04875048663932897,0.11351451321419918,-0.07942207051041249,0.19222951593348614,-0.07115685284377318
38,1,0.02517618314578686,0.10075453958536679,-0.10906626783388344,-0.08093564453646801,0.04533722389227925,-0.0013244795076801097
38,2,0.1126747608004519,0.039088000395376334,-0.11311865728218382,-0.13226002771262083,-0.018290318763954736,0.013283762993523851
38,3,0.2097836976504523,0.09070360551752306,-0.10261862277746771,-0.10706534248468286,0.054652137950727445,-0.10229966433591867
38,4,0.020409430556920682,0.14280947436921046,-0.183313598422266,-0.035313578969592405,0.16126991087649892,-0.11111506662186273
38,5,0.10076212519369179,-0.05693626796003268,-0.2823630117374952,0.19345077168438007,0.0515070208370999,0.11925290106199081
38,Aggregated,65093864797.58853,22597826574.7097,-65364971095.72831,-76417546757.41295,-10557934070.054361,7673487172.561588
38,Centralized,0.08377021783352573,0.06202935637206508,-0.10690338312562608,-0.04055805578208241,0.0860251192935524,-0.029107662103652978
39,0,-0.03883083776291999,0.12988983585101402,0.13425805229118576,-0.17813908885502414,0.0524512787655303,-0.09823295490934873
39,1,0.14338828658414496,0.018640557795038624,-0.1371479582556933,-0.10337064968301662,0.07396753730113173,-0.006233499013304448
39,2,0.05242483063081226,0.04951322888977228,0.12849201923686357,-0.016093197357656783,0.016244184464388668,-0.048996186632245656
39,3,0.07925834128580055,0.06861471655126224,0.15700966642348813,-0.05452585220952777,0.05944648012103227,-0.15911088247919924
39,4,-0.00026170882678246225,-0.04992605517385715,0.005969695674348922,0.07245168233317614,0.18924795142254755,-0.11343792622393314
39,5,0.10029955041367247,-0.13060182606879697,-0.32705837870124055,0.22617891116432556,0.1610903648864581,0.07938044906581553
39,Aggregated,60283712147.75273,-78479780072.62262,-196531967928.69647,135922730142.72781,96811589433.08879,47697830623.09329
39,Centralized,0.05333822013872951,0.017042451738075805,-0.0030749152580405335,-0.013525447736521557,0.09255999330744503,-0.06053322030713157
40,0,0.056782331614642086,-0.17192712262285462,0.006549688740517586,-0.0895589054709222,-0.01480015172837869,0.03106203184213996
40,1,0.1613666710581278,0.04477497754902267,-0.16528465996919803,-0.072226217807435,0.08634763273269357,0.10304419536976245
40,2,-0.04389438392311232,-0.001466863920183196,0.0579173665727802,-0.1557271376559105,-0.0364871874624388,0.15877695067327874
40,3,-0.021508217853340384,-0.0008178892252579099,0.02653955840082691,-0.11060459395367993,-0.07177148782819659,-0.03648071163036602
40,4,-0.03969835065101357,0.0869476863606336,-0.0689103568625166,-0.11128387346438089,0.2163813893578373,0.040117255265820856
40,5,0.06524269490977805,0.04017336040038325,-0.44942648247433137,0.20916317833602585,-0.10277367615277386,0.2169662754635942
40,Aggregated,-23197552713.9513,50866441351.961006,-40333400487.683655,-65105855064.06309,126584429715.1908,23481758712.280727
40,Centralized,0.03061617574299286,-0.00424236359260739,-0.09648684423163112,-0.055431646193259236,0.01373049904670225,0.08055929947006386
41,0,-0.15099954159720938,0.26723476124225615,0.334003179361437,-0.025569731810219546,-0.46310734368817486,-0.025384923380417607
41,1,0.09423003922759988,0.1676846166719842,0.09991416144725669,-0.06691607818680284,-0.6261435449046105,0.16321029234453313
41,2,0.13778204081473544,-0.07629069452271275,0.1663608494307874,0.0727629400060207,-0.5163436635839319,0.2283388548512626
41,3,0.09230537147716561,-0.05098723257630837,0.2706384762132603,0.0764917740921683,-0.3802927854296465,0.07020415285459597
41,4,-0.002415844344250474,-0.03638658362583559,0.13206085237161314,0.06908489118870935,-0.276909274388095,0.07532013320269317
41,5,0.07076238877356704,0.11816283354163792,-0.07004265108573632,0.30936154785368236,-0.7609132444898985,0.3050644003474272
41,Aggregated,55687047356.9891,99060016244.9018,59075278252.58381,-39521318537.34444,-369991875411.23364,96437085135.35338
41,Centralized,0.0336282806316922,0.07040528527710135,0.16113049786460795,0.06936169581553044,-0.49771039135930406,0.1282678422453086
42,0,-0.4585829339957127,-0.13042318126644747,0.25403806088218395,0.10102212204951716,0.2784820944732974,0.017695317814901895
42,1,-0.21177905233927802,-0.07184035821040574,0.1245198859505372,0.06183150137750566,0.14399507239718667,0.03204100961763427
42,2,-0.17797221106956204,-0.15736851602727697,0.21547976603343907,0.01665184334656637,0.24930399177959853,-0.16525720507862054
42,3,-0.11974270693734176,-0.05135633696745548,0.2519454261618646,0.04295497777981616,0.231650817502866,-0.3209529029444729
42,4,-0.16602904804012242,0.013634218103787295,0.18419107430338416,0.07726357143418312,0.24073304948834423,-0.25358162508301946
42,5,-0.3328838497122806,-0.3570375188108405,0.07011646377114561,0.4120024145943644,0.1518688217084341,0.10054801421697417
42,Aggregated,-102019083535.3974,-90152825326.42496,123458988491.89789,9557248258.240234,142835418807.14755,-94641522961.2247
42,Centralized,-0.24842659858374957,-0.1226408503838606,0.18519500654317345,0.11796120625693109,0.216979632215403,-0.09787774842569025
43,0,-0.10603961072870358,0.06373464235363725,0.24622134919768304,-0.07485339620151213,-0.00412373458007617,-0.20170250802053644
43,1,0.07703257531014375,0.09088192947485574,0.04215425316083431,-0.015243718446861128,0.003366489013498845,-0.13469103803155918
43,2,0.08950824151494044,0.06457799313756342,0.15110583450929152,-0.04560873386823895,-0.04723861777940973,-0.031178872482716714
43,3,0.11854647380243934,0.0075704813483917855,0.12582881666099752,-0.035994900309376375,0.005428292514438008,-0.16521260534892995
43,4,-0.013257428799715025,0.05066963933872491,-0.0331555480633007,-0.016019932315995553,0.1663221024429532,-0.1387715627389236
43,5,0.1733644074553877,-0.08406684046647234,-0.09889220052730598,0.20895266731741818,-0.03301442836641447,-0.05921231316411024
43,Aggregated,105344086738.67007,-51075391543.40193,-60098186205.39731,126969085430.72043,-20033587533.93307,-36004123571.18919
43,Centralized,0.05121089764965229,0.032490695980047946,0.07529146320582013,0.0012976798994656018,0.016857575620677898,-0.12597853465397613
44,0,-0.13570037532873108,0.08006902218590166,0.0429551705157022,-0.0760230631172155,0.19049590678560044,-0.1077860488858014
44,1,0.10262664299641311,0.1532659728842334,0.014508148377566362,-0.19996282854136377,0.05921989892964186,-0.16286550915262182
44,2,-0.013033105560368696,0.043732573157007334,0.1492990226789737,-0.3200403830356319,0.13088454980712513,-0.21422802444350883
44,3,-0.08971130935800366,0.036017765411687344,0.14595787066561478,-0.3003121803890303,0.19895207328622264,-0.2157891712964211
44,4,-0.023294042128758838,0.14001804932654463,0.10202354193879509,-0.219707352162366,0.184875624408494,-0.3384227532101014
44,5,-0.12447122977677408,-0.06812035807830022,-0.11224054417762458,0.1248165706123035,0.18191246878894762,0.00615360570608369
44,Aggregated,-7507478821.286198,25278661141.26393,86209810423.06316,-184830668193.098,75584916961.51393,-123726657929.41452
44,Centralized,-0.0502189626357147,0.06536634712539187,0.05663496104659167,-0.16219323636434976,0.1593445616090899,-0.171270935919127
45,0,0.2603735698128983,-0.11060043596980738,0.29758446499791047,-0.8402371104933729,0.03821785235961776,0.14112679144902734
45,1,0.40275965704530925,0.07022274621831309,-0.043097221296308184,-0.6274974304530077,-0.1898538307897518,-0.03232764585582035
45,2,0.24130402515495647,-0.09106407507355646,0.21024863692698956,-0.6781945032399429,-0.06732735646826385,0.226010639719478
45,3,0.26801736684930116,-0.051261797901235674,0.2699479539697373,-0.5805074852663631,0.010979748849621747,0.061840197512419454
45,4,0.19364521185132036,0.07639457257177502,0.03764432066866081,-0.43101608090046484,0.039131764067306445,-0.016061887866972314
45,5,0.3435084624280061,-0.18686889399445217,-0.13722458161747397,-0.33466914079088367,-0.22327142635547395,0.07293875821635147
45,Aggregated,140125856908.5809,-52853513802.613106,122067716826.56805,-393808272067.23145,-39079884099.70508,131208425766.23195
45,Centralized,0.28346276337626797,-0.04830862015458667,0.1102036917433277,-0.5845717709832162,-0.06050350577843785,0.07353121921535476
46,0,0.14293145394559675,-0.03809374560251193,-0.13900359252475944,-0.11284649235566326,0.06347777197579205,0.24939181596867516
46,1,0.25812332950503436,0.09368671692758976,-0.10275537076375557,0.009845464511617052,0.0414410859099192,0.1256745752490052
46,2,0.20164415751023948,-0.028389666620905866,0.03446011295992062,-0.1527498453706343,0.10319699722012625,0.13335904751839994
46,3,0.22440601351749667,0.012979346642827376,-0.053333050366092274,-0.14622534471687704,0.07068898333477236,0.03489807304382566
46,4,0.10765871069996727,0.11433610297155887,-0.08312066725785705,-0.09459902651485379,0.1961665258299283,0.03884174836321167
46,5,0.1936420243407516,0.047282441910429775,-0.2952612392117909,0.31950212186222443,0.008695702166627465,0.21065440354477044
46,Aggregated,116841777165.69041,28518911523.8112,-178109521675.30963,192715616784.2612,5260272072.966601,127094740739.45918
46,Centralized,0.18586322024175,0.03312819820362982,-0.1084964915478165,-0.03212838652211924,0.0803763813199127,0.13295143377961702
47,0,0.03477500326303584,-0.1545067779115944,0.10479122698120394,0.127485638468527,0.19337069483824965,-0.10363222940984805
47,1,0.12408842673205114,0.03842855530580351,-0.08506328626384353,-0.04070291858363895,0.009289461832718615,-0.0034565042152413937
47,2,0.18329197033730193,-0.06641527921073105,0.12080859649150424,-0.1574816485761006,0.10581209304807503,-0.1266437396020736
47,3,0.17556081156630418,-0.04242646845781503,0.15698428611841211,-0.10430767118157534,0.21644910219949698,-0.27871550905704756
47,4,0.005383251331952602,0.05800822754493199,0.021975842660756546,-0.01793733702481705,0.22909698417460989,-0.21628263031650086
47,5,0.2162471383713955,-0.11722333213740772,-0.3952623831560992,0.2611106277543532,0.07900543403913948,0.12602711479405393
47,Aggregated,3153489044.2335286,33888751305.905827,12866755969.322395,-10465297065.41198,133979229890.84193,-126471521692.46596
47,Centralized,0.11894869201162545,-0.048594710887190376,-0.009020734079739166,0.015389655521826976,0.14226732333274966,-0.10318713637577695
48,0,0.0032602248291954796,-0.01273198207484801,-0.012074404001335163,-0.339334333187969,0.17916678505903536,0.03460632427861429
48,1,0.13454636979738957,0.11761650116323104,-0.025565908140973537,-0.3054302798812,0.11827148951332174,-0.00016810733460369913
48,2,0.01732110323067483,0.07748005784564119,0.14903771462652846,-0.3180801946489679,0.08074440456412961,0.06652657667184166
48,3,0.11999610818586984,0.060102536014519,0.06625386360419322,-0.29858860704557866,0.04839733732715589,-0.050596410480586704
48,4,-0.07478728505528454,0.1459540177035091,-0.02183736689384439,-0.15342327979422035,0.1892389089608488,-0.06728887219192367
48,5,-0.11633789392460346,0.00527778909233092,-0.08160329737908012,0.057584567528247595,0.05666623989437281,0.14444639235292764
48,Aggregated,1902634036.8027995,-7489400652.203711,-7114037242.330599,-199620257341.3563,105409928063.55052,20377702992.78698
48,Centralized,0.014593009793058442,0.06372548333544105,0.009710541352265522,-0.22808782052530693,0.11415237221810677,0.018880371146246352
49,0,-0.10769070033645486,0.23673119111797522,-0.020601522183068256,-0.09462407910063517,0.06066914060006603,0.11990640926684976
49,1,-0.14615677610245373,0.2724621568836557,-0.08363249304473826,-0.09540846461684314,0.013985624787783734,-0.016223080291425163
49,2,-0.36266797250404037,0.06762460428780308,0.06802391867112394,-0.041567092822541084,0.10450045697936093,0.19000865096570357
49,3,-0.2350143277440024,0.08702681458316439,0.03737254502716792,-0.028501615500718596,0.14752338208098673,0.03296241089772659
49,4,-0.450146660342263,0.1660477748157176,-0.042622144520327684,0.16284293891696655,0.18590414700731167,-0.09415227159350183
49,5,-0.11589419979577281,0.014716412996756311,-0.40665105376332245,0.30984420050115646,-0.0272338768597382,-0.004749679096839563
49,Aggregated,-63837689502.769325,140268633793.33182,-12200298650.838997,-56065982811.46326,35966089912.60905,71045688885.31418
49,Centralized,-0.2315441989357182,0.1442642564170905,-0.07355120768108295,0.032861285001308596,0.08156912308821565,0.036323048504981886
50,0,0.035921512597711217,0.13055666388821288,-0.12170497347546687,-0.09593259741937803,-0.04469390773486606,0.07132760089804471
50,1,-0.06117733722167363,0.1720386591101944,-0.053398791172731316,-0.06440929414802786,-0.024361612995455435,0.07085283128674161
50,2,0.010207188070293445,0.04333267597875808,0.103992217538937,-0.06663836773010251,-0.20621442900342765,0.13759354503610322
50,3,0.10068822620750885,0.07180635210160512,0.028354196412402763,-0.0463985746404056,-0.08920589371991976,-0.01735542696704021
50,4,-0.21282539725078284,0.10119406786087871,0.049961659741559444,0.026439610044704884,0.056464871760607334,0.005974511858576529
50,5,-0.0576747605560012,-0.0009174489169000802,-0.270203557712046,0.31966641827347103,0.08407302809927202,0.11392370765684653
50,Aggregated,20904968316.378777,76101473319.3821,-70921662879.14098,-55905012232.27524,-26039336991.12357,41569985764.92715
50,Centralized,-0.029459781660755267,0.08832053164897029,-0.046590185778361715,0.009207730806632479,-0.03435283950804736,0.060890557843402957
