Round,Evaluator,4,3,2,1,0,5
0,0,,,,,,
0,1,,,,,,
0,2,,,,,,
0,3,,,,,,
0,4,,,,,,
0,5,,,,,,
0,Aggregated,,,,,,
0,Centralized,,,,,,
1,0,,,,,,
1,1,,,,,,
1,2,,,,,,
1,3,,,,,,
1,4,,,,,,
1,5,,,,,,
1,Aggregated,,,,,,
1,Centralized,0.15590839087963104,0.15274158120155334,0.13593454658985138,0.16107109189033508,0.23738481104373932,0.15695953369140625
2,0,,,,,,
2,1,,,,,,
2,2,,,,,,
2,3,,,,,,
2,4,,,,,,
2,5,,,,,,
2,Aggregated,,,,,,
2,Centralized,0.159376859664917,0.15823355317115784,0.14776602387428284,0.16262802481651306,0.21128183603286743,0.16071364283561707
3,0,,,,,,
3,1,,,,,,
3,2,,,,,,
3,3,,,,,,
3,4,,,,,,
3,5,,,,,,
3,Aggregated,,,,,,
3,Centralized,0.16214299201965332,0.16165125370025635,0.15504112839698792,0.16400381922721863,0.1941099315881729,0.16305090487003326
4,0,,,,,,
4,1,,,,,,
4,2,,,,,,
4,3,,,,,,
4,4,,,,,,
4,5,,,,,,
4,Aggregated,,,,,,
4,Centralized,0.1639208197593689,0.16362349689006805,0.15959803760051727,0.16495899856090546,0.18344877660274506,0.16444985568523407
5,0,,,,,,
5,1,,,,,,
5,2,,,,,,
5,3,,,,,,
5,4,,,,,,
5,5,,,,,,
5,Aggregated,,,,,,
5,Centralized,0.1649300754070282,0.16481423377990723,0.162392720580101,0.1656271517276764,0.17694531381130219,0.16529050469398499
6,0,,,,,,
6,1,,,,,,
6,2,,,,,,
6,3,,,,,,
6,4,,,,,,
6,5,,,,,,
6,Aggregated,,,,,,
6,Centralized,0.1655917763710022,0.1655297577381134,0.1640266478061676,0.16605296730995178,0.17300552129745483,0.16579334437847137
7,0,,,,,,
7,1,,,,,,
7,2,,,,,,
7,3,,,,,,
7,4,,,,,,
7,5,,,,,,
7,Aggregated,,,,,,
7,Centralized,0.16593559086322784,0.16597600281238556,0.16507825255393982,0.16631270945072174,0.17058540880680084,0.1661120504140854
8,0,,,,,,
8,1,,,,,,
8,2,,,,,,
8,3,,,,,,
8,4,,,,,,
8,5,,,,,,
8,Aggregated,,,,,,
8,Centralized,0.16620512306690216,0.16623449325561523,0.16571150720119476,0.16645757853984833,0.16909480094909668,0.16629649698734283
9,0,,,,,,
9,1,,,,,,
9,2,,,,,,
9,3,,,,,,
9,4,,,,,,
9,5,,,,,,
9,Aggregated,,,,,,
9,Centralized,0.16637647151947021,0.16639773547649384,0.1660739630460739,0.16652223467826843,0.16818197071552277,0.16644762456417084
10,0,,,,,,
10,1,,,,,,
10,2,,,,,,
10,3,,,,,,
10,4,,,,,,
10,5,,,,,,
10,Aggregated,,,,,,
10,Centralized,0.16647657752037048,0.16649717092514038,0.16629895567893982,0.16653504967689514,0.16765287518501282,0.16653935611248016
11,0,,,,,,
11,1,,,,,,
11,2,,,,,,
11,3,,,,,,
11,4,,,,,,
11,5,,,,,,
11,Aggregated,,,,,,
11,Centralized,0.16655321419239044,0.16650846600532532,0.1664365977048874,0.16660290956497192,0.16731591522693634,0.1665828973054886
12,0,,,,,,
12,1,,,,,,
12,2,,,,,,
12,3,,,,,,
12,4,,,,,,
12,5,,,,,,
12,Aggregated,,,,,,
12,Centralized,0.16658532619476318,0.16655312478542328,0.1665332019329071,0.16662870347499847,0.16711434721946716,0.166585311293602
13,0,,,,,,
13,1,,,,,,
13,2,,,,,,
13,3,,,,,,
13,4,,,,,,
13,5,,,,,,
13,Aggregated,,,,,,
13,Centralized,0.16659122705459595,0.16659164428710938,0.16659681499004364,0.1666475236415863,0.16697798669338226,0.16659484803676605
14,0,,,,,,
14,1,,,,,,
14,2,,,,,,
14,3,,,,,,
14,4,,,,,,
14,5,,,,,,
14,Aggregated,,,,,,
14,Centralized,0.16662628948688507,0.1666039377450943,0.1666242927312851,0.1666492074728012,0.16689588129520416,0.16660042107105255
15,0,,,,,,
15,1,,,,,,
15,2,,,,,,
15,3,,,,,,
15,4,,,,,,
15,5,,,,,,
15,Aggregated,,,,,,
15,Centralized,0.16664130985736847,0.16662494838237762,0.16664429008960724,0.16663320362567902,0.1668412834405899,0.16661502420902252
16,0,,,,,,
16,1,,,,,,
16,2,,,,,,
16,3,,,,,,
16,4,,,,,,
16,5,,,,,,
16,Aggregated,,,,,,
16,Centralized,0.16664108633995056,0.1666387915611267,0.16663923859596252,0.1666460931301117,0.1667972356081009,0.16663752496242523
17,0,,,,,,
17,1,,,,,,
17,2,,,,,,
17,3,,,,,,
17,4,,,,,,
17,5,,,,,,
17,Aggregated,,,,,,
17,Centralized,0.16666369140148163,0.1666559875011444,0.16666139662265778,0.16657604277133942,0.1667790561914444,0.16666381061077118
18,0,,,,,,
18,1,,,,,,
18,2,,,,,,
18,3,,,,,,
18,4,,,,,,
18,5,,,,,,
18,Aggregated,,,,,,
18,Centralized,0.1666736602783203,0.16666066646575928,0.1666228473186493,0.16660776734352112,0.16677182912826538,0.16666321456432343
19,0,,,,,,
19,1,,,,,,
19,2,,,,,,
19,3,,,,,,
19,4,,,,,,
19,5,,,,,,
19,Aggregated,,,,,,
19,Centralized,0.16667214035987854,0.16666929423809052,0.16660736501216888,0.16662928462028503,0.16675758361816406,0.16666437685489655
20,0,,,,,,
20,1,,,,,,
20,2,,,,,,
20,3,,,,,,
20,4,,,,,,
20,5,,,,,,
20,Aggregated,,,,,,
20,Centralized,0.16667716205120087,0.1666693091392517,0.16659733653068542,0.16664156317710876,0.16674523055553436,0.16666945815086365
21,0,,,,,,
21,1,,,,,,
21,2,,,,,,
21,3,,,,,,
21,4,,,,,,
21,5,,,,,,
21,Aggregated,,,,,,
21,Centralized,0.1666794866323471,0.1666724681854248,0.16661451756954193,0.1666547656059265,0.16673517227172852,0.16664360463619232
22,0,,,,,,
22,1,,,,,,
22,2,,,,,,
22,3,,,,,,
22,4,,,,,,
22,5,,,,,,
22,Aggregated,,,,,,
22,Centralized,0.16666017472743988,0.1666697859764099,0.16663296520709991,0.16666065156459808,0.16672465205192566,0.16665181517601013
23,0,,,,,,
23,1,,,,,,
23,2,,,,,,
23,3,,,,,,
23,4,,,,,,
23,5,,,,,,
23,Aggregated,,,,,,
23,Centralized,0.1666622906923294,0.16666550934314728,0.1666359007358551,0.16666699945926666,0.1667170375585556,0.16665226221084595
24,0,,,,,,
24,1,,,,,,
24,2,,,,,,
24,3,,,,,,
24,4,,,,,,
24,5,,,,,,
24,Aggregated,,,,,,
24,Centralized,0.16666127741336823,0.16666677594184875,0.16663257777690887,0.16665813326835632,0.16671493649482727,0.16666635870933533
25,0,,,,,,
25,1,,,,,,
25,2,,,,,,
25,3,,,,,,
25,4,,,,,,
25,5,,,,,,
25,Aggregated,,,,,,
25,Centralized,0.16666831076145172,0.16665256023406982,0.16664505004882812,0.16666404902935028,0.16671225428581238,0.16665782034397125
26,0,,,,,,
26,1,,,,,,
26,2,,,,,,
26,3,,,,,,
26,4,,,,,,
26,5,,,,,,
26,Aggregated,,,,,,
26,Centralized,0.16666795313358307,0.1666504144668579,0.16664989292621613,0.16666463017463684,0.16671113669872284,0.16665591299533844
27,0,,,,,,
27,1,,,,,,
27,2,,,,,,
27,3,,,,,,
27,4,,,,,,
27,5,,,,,,
27,Aggregated,,,,,,
27,Centralized,0.1666709929704666,0.16662845015525818,0.16663974523544312,0.16667640209197998,0.16671927273273468,0.16666509211063385
28,0,,,,,,
28,1,,,,,,
28,2,,,,,,
28,3,,,,,,
28,4,,,,,,
28,5,,,,,,
28,Aggregated,,,,,,
28,Centralized,0.16667501628398895,0.16662786900997162,0.16662830114364624,0.16668419539928436,0.16672082245349884,0.1666637808084488
29,0,,,,,,
29,1,,,,,,
29,2,,,,,,
29,3,,,,,,
29,4,,,,,,
29,5,,,,,,
29,Aggregated,,,,,,
29,Centralized,0.16667386889457703,0.1666424721479416,0.1666288673877716,0.1666811853647232,0.1667127013206482,0.16666080057621002
30,0,,,,,,
30,1,,,,,,
30,2,,,,,,
30,3,,,,,,
30,4,,,,,,
30,5,,,,,,
30,Aggregated,,,,,,
30,Centralized,0.16667133569717407,0.16665181517601013,0.16663996875286102,0.1666746437549591,0.16670748591423035,0.16665475070476532
31,0,,,,,,
31,1,,,,,,
31,2,,,,,,
31,3,,,,,,
31,4,,,,,,
31,5,,,,,,
31,Aggregated,,,,,,
31,Centralized,0.16666749119758606,0.1666620969772339,0.16665123403072357,0.1666756570339203,0.16670306026935577,0.1666405349969864
32,0,,,,,,
32,1,,,,,,
32,2,,,,,,
32,3,,,,,,
32,4,,,,,,
32,5,,,,,,
32,Aggregated,,,,,,
32,Centralized,0.16666699945926666,0.16666321456432343,0.16665220260620117,0.166675865650177,0.1667022407054901,0.1666395217180252
33,0,,,,,,
33,1,,,,,,
33,2,,,,,,
33,3,,,,,,
33,4,,,,,,
33,5,,,,,,
33,Aggregated,,,,,,
33,Centralized,0.16666698455810547,0.16666504740715027,0.16665492951869965,0.16667720675468445,0.166704460978508,0.16663143038749695
34,0,,,,,,
34,1,,,,,,
34,2,,,,,,
34,3,,,,,,
34,4,,,,,,
34,5,,,,,,
34,Aggregated,,,,,,
34,Centralized,0.16663484275341034,0.16668818891048431,0.16667568683624268,0.16669167578220367,0.1667208969593048,0.1665887087583542
