Round,Evaluator,0,2,1,4,3
0,0,,,,,
0,1,,,,,
0,2,,,,,
0,3,,,,,
0,4,,,,,
0,Aggregated,,,,,
0,Centralized,,,,,
1,0,0.019790522200519224,0.05563966727707257,0.06862964616752881,-0.04444545452678662,0.019428025647126316
1,1,0.006040569255304021,0.10914068023587059,0.11113710207607237,0.024207645212743944,0.07272849848886889
1,2,-0.0024199143603241464,0.10487334931030036,0.09722674841293612,0.035421363953154386,0.07410379944063131
1,3,-0.008097847882687824,0.09915339166540367,0.11499986444578252,0.018312745806673088,0.06749207181306169
1,4,-0.008319822172744646,0.08414416179487252,0.09957006587509803,0.031195005591693636,0.07205439628506367
1,Aggregated,0.0003003280758465602,0.09308532019540029,0.09998809884727167,0.017164609939960367,0.0638463772100382
1,Centralized,0.0003003280758465602,0.09308532019540029,0.09998809884727167,0.017164609939960367,0.0638463772100382
2,0,0.01063616375124361,0.0718322835066892,0.05895211484434145,0.07041923451412804,0.04654309541887351
2,1,-0.06032290414031322,0.07121443304176042,0.05996525535028474,0.07726853136656109,0.04356204366378948
2,2,-0.061340036928876435,0.06380740985894855,0.05555792547440256,0.061246707021033645,0.051790316542355115
2,3,-0.06164822618945113,0.07323198821898513,0.054722293289176306,0.053739323785584235,0.05538992634770901
2,4,-0.07306511956865182,0.06517987261070099,0.05614982770454022,0.06402765954643891,0.03382820741526988
2,Aggregated,-0.054207945164943906,0.06874520595922204,0.05674742181092323,0.06489640698576128,0.046070167949975566
2,Centralized,-0.054207945164943906,0.06874520595922204,0.05674742181092323,0.06489640698576128,0.046070167949975566
3,0,0.022493321811078902,-0.01412025169279179,0.018394925231475092,-0.006085714270989475,0.0370120725476482
3,1,-0.011041230819880836,0.011158674773026855,0.01955838115391179,0.016656768979290228,0.02693467424507224
3,2,-0.027588892710580144,0.023379099444780067,0.01424958592208971,0.020128131884451818,0.023527663697530836
3,3,-0.021378257167815804,0.009338798357695655,0.009149214763351503,0.017298897777492286,0.028019754995045616
3,4,-0.008392905127825711,0.012119057561557855,0.027561024530102826,0.029087114843629646,0.04176160134191256
3,Aggregated,-0.011919796373495535,0.010519995179603553,0.017840887338040238,0.01742319440118436,0.030961092453379756
3,Centralized,-0.011919796373495535,0.010519995179603553,0.017840887338040238,0.01742319440118436,0.030961092453379756
4,0,0.008432744455151497,-0.015171687057210847,0.018537988833953797,0.025500347767571988,-0.02068457688466602
4,1,-0.00528972888252152,-0.0020371336380922127,0.02109095841543216,0.038885067040076396,-0.013003542414919916
4,2,-0.006848474269696425,0.010076341380206725,0.014040251410466113,0.03056494530857242,0.0016272139477759944
4,3,0.003920699448036491,0.007320400328334673,0.02760263811052508,0.038331384492833326,-0.008310036682580898
4,4,-0.00543038511279678,-0.003136172848875618,0.02017761730255846,0.027029779598379974,-0.004743871818788306
4,Aggregated,-0.0019571254906495267,0.0007008903855526994,0.02043074396777212,0.03257800594575985,-0.007962554438799379
4,Centralized,-0.0019571254906495267,0.0007008903855526994,0.02043074396777212,0.03257800594575985,-0.007962554438799379
5,0,0.007692333261736236,-0.0001861371693765194,-0.022604295174561844,0.024499521310977546,-0.007071774665926922
5,1,-0.0004431469278234253,0.01602954171240296,-0.01175457542746494,0.02531628855362608,0.0014788848506482322
5,2,-0.0057016830034537,0.003863598808225671,-0.007571315121240232,0.023760453823752928,0.0033193494379069083
5,3,-0.006145666106255069,0.004723080159323336,-0.016969940628543224,0.018273665116170894,-0.0016214066851623133
5,4,-0.0005679299589372651,0.011387672513004017,-0.010079751582706362,0.020825110984886003,0.0023619763461761884
5,Aggregated,-0.0018179405487274332,0.007816146971706878,-0.012960831290178828,0.0223438304218331,0.0003521142841510598
5,Centralized,-0.0018179405487274332,0.007816146971706878,-0.012960831290178828,0.0223438304218331,0.0003521142841510598
6,0,-0.008400304585308988,0.017968837985758414,-0.005912209496234689,-0.011048701642718173,0.0187570720200624
6,1,-0.01313957739317023,0.017162597391598606,0.0024899084479822957,-0.0027018065218299488,0.020050860874928394
6,2,-0.018198828065417377,0.0189209498054319,0.008508945891615568,-0.007513581578536654,0.02187793855101424
6,3,-0.014200289602216497,0.010498426066821439,0.013909731494715838,-0.0016539081301791844,0.015821149619502362
6,4,-0.015146361894036248,0.020751212518932912,0.007768222747302804,-0.0118559828801263,0.019263997496317894
6,Aggregated,-0.01434375964611467,0.016967450541494636,0.0064154882654918624,-0.006627390874977846,0.019201884416599497
6,Centralized,-0.01434375964611467,0.016967450541494636,0.0064154882654918624,-0.006627390874977846,0.019201884416599497
7,0,0.015276323956665056,-0.004928869539596968,-0.0031498992330142085,0.017432552427228767,0.01847968217214174
7,1,0.0023631700551892936,-0.008671856601140941,0.008560518493019502,-0.0010994562366079283,0.0008949504266526335
7,2,0.006653209377566842,-0.009086571846637229,0.006761582707637613,0.005713268457582021,0.021730398284279175
7,3,0.00456531887610363,-0.008734578726711479,0.008617540112245426,0.00446724241061213,0.016610408769551003
7,4,0.005134609626601126,-0.0046356122077995665,0.003193044663685076,-0.0005756534517628679,0.016565092668904324
7,Aggregated,0.006080248903946835,-0.007441269881054183,0.00555681524903832,0.004142162466943812,0.014599697849558885
7,Centralized,0.006080248903946835,-0.007441269881054183,0.00555681524903832,0.004142162466943812,0.014599697849558885
8,0,0.005639390702199441,0.0019416492221418502,0.003176371669342417,-0.01618040354615891,0.013874166490048247
8,1,0.0035643742525752605,0.005624566577332377,0.0028224500901168847,-0.005151107392144413,0.00894701009448055
8,2,0.001132150044568305,-0.0032852865402971535,0.008264982318957571,-0.015487605682888043,0.009206801719578649
8,3,0.0026151340775135627,8.857905372671541e-05,0.0051893640786323915,-0.010092621688142362,0.006699407333867139
8,4,-0.002414116226326966,0.006740365675213323,0.01057170340756928,-0.008010301106855494,0.0041026187266465265
8,Aggregated,0.001778942265314587,0.0022634238274023147,0.006276576116142228,-0.01053682272590923,0.00808863787253258
8,Centralized,0.001778942265314587,0.0022634238274023147,0.006276576116142228,-0.01053682272590923,0.00808863787253258
9,0,0.005762870046034844,-0.019799323121913504,0.01184262888260854,-0.015987947176545374,-0.007813143505515376
9,1,0.0023464772113745867,-0.016286291907370916,0.007783722761727037,-0.004461588112244898,-0.0029499827394955306
9,2,0.004447052878648383,-0.011711506069727325,0.0075638683410619205,-0.008339247423717722,-0.002369308323513101
9,3,0.0016693172305251396,-0.00662960244535742,0.005112866320925789,0.0004279261672429646,-0.0018123862865182527
9,4,0.0034363108675604195,-0.006621868704282145,0.009998854293940679,-0.002404415178876601,0.0028829045460220526
9,Aggregated,0.003330525777930208,-0.01152259311691334,0.00813727300022404,-0.005271677366929326,-0.0019278597401040413
9,Centralized,0.003330525777930208,-0.01152259311691334,0.00813727300022404,-0.005271677366929326,-0.0019278597401040413
10,0,0.015441901537628918,0.01521736326450999,0.0034175394451567477,-0.00529771533760355,0.012828997348884704
10,1,0.009635637404822263,0.01114800550572953,0.0005871304879318362,-0.004710682995122643,0.0039020107986161216
10,2,0.009754483275223918,0.01016824814171501,-0.0036814154151594723,-0.004142763880058259,0.005139681243418766
10,3,0.005607416188846728,0.0022158863457680793,0.0001944437787805083,-0.006925009963279116,0.007156472451589456
10,4,0.0052733394549131065,0.008872188528862903,-0.0004216798795148561,-0.008111204256427546,-0.00378003236168095
10,Aggregated,0.008588628673033612,0.009008602016374255,-0.00027997148836808963,-0.0058821399439281516,0.0043603980135027195
10,Centralized,0.008588628673033612,0.009008602016374255,-0.00027997148836808963,-0.0058821399439281516,0.0043603980135027195
11,0,0.0035320788661899563,-0.006850628726971712,-0.003768480914780714,0.0024216581444758876,0.0007728703194276413
11,1,0.0033782321912943945,-0.011356999845834041,-0.008791953718599295,0.006876153966579884,0.0030205614525076457
11,2,0.0034249981723269724,-0.008007588674458128,-0.007086402400161051,0.004042584031700234,0.007798983063687992
11,3,0.0023372129760586167,-0.002822178837770715,-0.0044012261035785444,0.005194221288680678,-0.0002905677098078541
11,4,0.003923291531026581,-0.0021720327338260533,-0.006028082481720717,0.009434661820475728,0.0016605246101415005
11,Aggregated,0.003304940550105721,-0.006171938397885709,-0.006209442647594752,0.005883899001429747,0.0027446873787021525
11,Centralized,0.003304940550105721,-0.006171938397885709,-0.006209442647594752,0.005883899001429747,0.0027446873787021525
12,0,0.00395331606394798,0.026386098941251088,-0.01873878756334792,-0.019360741603398356,-0.0035181084530672055
12,1,0.0010397973147756238,0.026655112682031676,-0.015868812377660586,-0.012080948668914925,-0.00619276111004981
12,2,0.0033655826424171197,0.019083040858558758,-0.014611482852143805,-0.015087401485827932,-0.008056872115101973
12,3,0.004591472353868159,0.01681014604277579,-0.007482233196655272,-0.007482662313736863,0.0006057479611661254
12,4,0.0002738859544350732,0.031153125529926058,-0.01554264464568669,-0.01619479450135148,-0.010750422233078016
12,Aggregated,0.002526922380979163,0.02381319713621518,-0.014068147327597697,-0.013574334134847762,-0.005779149173567133
12,Centralized,0.002526922380979163,0.02381319713621518,-0.014068147327597697,-0.013574334134847762,-0.005779149173567133
13,0,0.008397167036118805,0.006135829249350032,0.022088199614704134,0.015894664763991744,-0.04122095593053834
13,1,0.002155241470331174,0.0021333957990583388,0.01368449308279598,0.012534986204580455,-0.030676171486683505
13,2,0.00768025139496592,0.006752796434839938,0.013972420047712906,0.012325279695922004,-0.02282460482538075
13,3,0.0025795675837164468,0.0024294211534297986,0.006641252281304166,0.007154586594077033,-0.01889002092391489
13,4,0.004949076638604225,0.007072302553367849,0.013736010506231525,0.012155504260077788,-0.03348443334949193
13,Aggregated,0.004863806884253154,0.0048043158548183255,0.013310439058187917,0.011664030871805715,-0.02835190951909728
13,Centralized,0.004863806884253154,0.0048043158548183255,0.013310439058187917,0.011664030871805715,-0.02835190951909728
14,0,0.0028801967025754455,0.007930679545704682,-0.009074480591266632,-0.021599430903216223,0.01603078102782266
14,1,0.0012460162577964987,0.00830831330994587,-0.006150973387807805,-0.01484990464842183,0.015937932943806094
14,2,0.0036631198542792843,0.008796445562834845,-0.011278515565985196,-0.012078643742869695,0.013033946857031214
14,3,0.00019822628050192304,0.0073467468442307655,-0.001794735347494238,-0.008708401654784611,0.00966557207205815
14,4,0.000472947049458076,0.01385110027778779,-0.0094970436903186,-0.020332683979063706,0.022166749149528854
14,Aggregated,0.0015891550795268734,0.009371377139816698,-0.007419771209092644,-0.014986109203401932,0.015321905669010925
14,Centralized,0.0015891550795268734,0.009371377139816698,-0.007419771209092644,-0.014986109203401932,0.015321905669010925
15,0,-0.014166548265546332,0.00873125971675431,0.006943344147731027,0.017711377447317336,-0.015294506998856318
15,1,-0.0140131400598467,0.009499338322364149,0.005370229083827318,0.012320899360271632,-0.013198195432029361
15,2,-0.010383962184996348,0.009464126293873328,0.0031975399606264904,0.010510894467610237,-0.010657597651991067
15,3,-0.008959199855198323,0.007188173644431554,0.002081284048240519,0.004756540345255891,-0.005009070888709325
15,4,-0.017109504605706965,0.01339307542929848,0.005141412641574461,0.013575419355392037,-0.01512016650613577
15,Aggregated,-0.012829215944050208,0.009741994995684178,0.004328480127847526,0.011240222157086654,-0.011553700581282501
15,Centralized,-0.012829215944050208,0.009741994995684178,0.004328480127847526,0.011240222157086654,-0.011553700581282501
16,0,-0.005525351241556542,0.006525849911818957,-0.013557832857708318,0.014125944639499744,0.010137628025645518
16,1,-0.004750877480650656,-0.0029662827003065976,-0.008436289242502533,0.009885289307815652,0.008526185127944015
16,2,-0.003976462074570359,0.002822076193385135,-0.010538411023722072,0.006537040858422638,0.007566378289696526
16,3,-0.0025598121766382616,-0.004649076336283547,-0.004906468132198359,0.002081383324357933,0.00786503753041774
16,4,-0.009108605425772817,-0.003534097123524473,-0.01188038369244565,0.012326097399990054,0.01667686169177405
16,Aggregated,-0.005159650034226128,-0.0009855647261162264,-0.009533946714431002,0.008533063942213962,0.01016180282216477
16,Centralized,-0.005159650034226128,-0.0009855647261162264,-0.009533946714431002,0.008533063942213962,0.01016180282216477
17,0,0.003234641283255542,-0.005451623363654853,4.885595986197459e-05,-0.017094658335064565,-0.007411399760928211
17,1,0.005466419678933874,-0.009400914370928243,0.0006829338227901401,-0.01220442735118815,-0.0018437938104053715
17,2,0.0013680763916907054,-0.010841350269660894,0.004438660738047515,-0.005216729699144272,-0.005522584594123894
17,3,0.003629215607086193,-0.00810038751266788,0.007247775706489348,-0.009672366042488814,-0.001672641616992889
17,4,-0.0008115057738809717,-0.013485583811362573,0.0041989353819202845,-0.00832036813392155,-0.007798526549204796
17,Aggregated,0.0025334319959234926,-0.009837844429649264,0.0036224594540295845,-0.009925028654125995,-0.0046165531757523266
17,Centralized,0.0025334319959234926,-0.009837844429649264,0.0036224594540295845,-0.009925028654125995,-0.0046165531757523266
18,0,0.0059743446403709485,0.009864581291101623,-0.01399272167214023,0.013069373930219492,0.01560574379355969
18,1,0.00559235972160343,0.004839360028107831,-0.007328082835422176,0.0033451371128683277,0.008608212063194587
18,2,0.00641270389259634,0.006121377509677302,-0.002968713340364887,0.008248209361553164,0.0025019727668465865
18,3,0.007211542969059844,0.0040484642176212985,-0.005784072754176384,7.241020608649099e-05,0.0030472970979295816
18,4,0.008865139441158309,0.01208954524339689,-0.012849152305501755,0.012420365143509532,0.010190349675856825
18,Aggregated,0.006890878062035598,0.007175625542331689,-0.008105143659699618,0.006924840553204349,0.007312725450127751
18,Centralized,0.006890878062035598,0.007175625542331689,-0.008105143659699618,0.006924840553204349,0.007312725450127751
19,0,0.0008329182489444457,-0.0004678477890109889,0.0037202297657677186,-0.002384470903566425,0.005999185197112206
19,1,-0.0008566018646517588,0.001952205488677955,0.000789326511912151,0.0030774010602418024,0.004041153503456594
19,2,-0.0023281068094136454,-0.0023751243381600453,0.0063163381131026595,0.004802091909303001,-0.0065482381979909705
19,3,-0.00031701162766536263,-0.0011293884511568728,0.008402878957926109,0.007946843651983344,-0.0015540386810089439
19,4,-0.0019965828696695536,0.00026813720746345727,0.004134845646307886,0.0014195390880609652,0.0006200935184540661
19,Aggregated,-0.001091461634497143,-0.00033923076826647045,0.004765807801080402,0.0034596995356962978,2.2769441944499776e-05
19,Centralized,-0.001091461634497143,-0.00033923076826647045,0.004765807801080402,0.0034596995356962978,2.2769441944499776e-05
