Round,Evaluator,1,3,2,4,0
0,0,,,,,
0,1,,,,,
0,2,,,,,
0,3,,,,,
0,4,,,,,
0,Aggregated,,,,,
0,Centralized,,,,,
1,0,0.058841499392654165,0.04987983784635763,0.05479316898627306,0.05076515208764816,0.044446938613962546
1,1,0.05844480798082584,0.050274674187758044,0.056618136009505056,0.05067458147156181,0.045154949908317345
1,2,0.05672757181189302,0.05001965733525309,0.051418239108194985,0.05302731539422516,0.04340962478390325
1,3,0.05821315468923613,0.05008851938281823,0.05704314308873724,0.05006655638367742,0.044189707264683256
1,4,0.05460532936874525,0.04719170049164509,0.05160237489073201,0.06235004483980498,0.039745331380688524
1,Aggregated,0.055090279081455924,0.04720888733862239,0.0520216547705039,0.06251440517241277,0.04110643127056669
1,Centralized,0.055090279081455924,0.04720888733862239,0.0520216547705039,0.06251440517241277,0.04110643127056669
2,0,0.01120447720733687,-0.0017246191856117893,-0.0004636886302148128,0.007301210387708462,-0.011582159673871903
2,1,0.010232299632914102,-0.002143566354116569,-0.001412275727165115,0.00537121884548886,-0.011803478312599362
2,2,0.0109764790317508,-0.0020445611642083187,-0.00032405992486068497,0.007334925060120499,-0.012554261895781703
2,3,0.00995780474395123,-0.0006768537277581643,0.0005547490321048723,0.00723690673984244,-0.011855954780902067
2,4,0.006786537723435262,-0.0032639213893214327,-0.00236409461974408,0.01945896287685821,-0.012872178470701797
2,Aggregated,0.00748119871598175,-0.004318502215157576,-0.0031510892068184384,0.0187480970076665,-0.014475495530462653
2,Centralized,0.00748119871598175,-0.004318502215157576,-0.0031510892068184384,0.0187480970076665,-0.014475495530462653
3,0,0.002054781254230075,0.012188534735824864,0.005133675297283948,0.015449922290252587,-0.003651865858303884
3,1,0.002640649502762951,0.011140843147592814,0.005712806110543256,0.014020292115077718,-0.0027728989936596734
3,2,0.0034233071183237002,0.010781504476853433,0.006042278149927512,0.013868255330785194,-0.0031414465734087784
3,3,0.0028707268754645343,0.012296480569943397,0.003150925323946749,0.01302041366240525,-0.0023562244637591544
3,4,-0.0008215226091389278,0.00798735935061989,0.001565145835877128,0.02552493664892117,-0.006586449017589158
3,Aggregated,-0.00027015301429067127,0.00858914217438949,0.002004022364965107,0.02559640860479149,-0.0059941532214215654
3,Centralized,-0.00027015301429067127,0.00858914217438949,0.002004022364965107,0.02559640860479149,-0.0059941532214215654
4,0,0.0068694538485897716,0.00432297878858289,0.00219937405899308,0.0007044857662158381,0.007423485405773697
4,1,0.00658993756870215,0.004933215006218757,0.0018059438014368758,0.0005749556134389785,0.006859748469966575
4,2,0.005328509066694747,0.004644435126853076,0.0009369043868499266,0.00021468505996364388,0.005804662368557781
4,3,0.00572941779885332,0.004356503142150548,0.0022302550427293222,0.0006768946924165122,0.0059574070611340514
4,4,0.002590644328444444,0.0009826889751786167,-0.0012625002450937942,0.011738181772714133,0.0032450749185920346
4,Aggregated,0.0031154799716482124,0.001522493663667035,-0.0011284897144656525,0.01198920608813837,0.00355180852885299
4,Centralized,0.0031154799716482124,0.001522493663667035,-0.0011284897144656525,0.01198920608813837,0.00355180852885299
5,0,0.0023072899018766134,-0.000721008553700762,-0.004402695634308735,-0.0030292340215674163,-0.007131463655126392
5,1,0.0024913071260050696,6.933130551590913e-05,-0.0044629786359915765,-0.002406724165532111,-0.00691642391291787
5,2,0.000506393708860244,0.002889368879101237,-0.00318601088460632,-0.003320836354794112,-0.006788880835191793
5,3,0.0020139455838979977,0.0029221238659431817,-0.004772988851631701,-0.003605173302606337,-0.007364958138225487
5,4,-0.002386060847232464,-0.0003947197822127398,-0.007516377555459034,0.008374679866564082,-0.009871357435974422
5,Aggregated,-0.0013449158773269677,-0.0012039280685286248,-0.007217431295307867,0.008380820715919387,-0.009951294171068733
5,Centralized,-0.0013449158773269677,-0.0012039280685286248,-0.007217431295307867,0.008380820715919387,-0.009951294171068733
6,0,0.002560520331700698,0.0024094438489571397,0.004694904250398694,0.004284793483781365,-0.0022362495644805626
6,1,0.0011676987673386707,0.0015766012661340256,0.005145908520969066,0.003812799317306781,-0.0014748013973195852
6,2,0.0006921803310041034,0.0020681961064884596,0.004155848941204016,0.004038987214213899,-0.0006903663316629043
6,3,0.0022415700810923247,0.001914681677973104,0.003995928143082101,0.0038360361364314865,-0.0017898111860108396
6,4,-0.0004887936994100534,-0.0020841909018970745,0.0003787340181540681,0.017180064283381608,-0.0030329306187142397
6,Aggregated,-0.00041214198887043105,-0.0016819999615635785,0.0007954326218586179,0.01568383409783261,-0.003511095689532322
6,Centralized,-0.00041214198887043105,-0.0016819999615635785,0.0007954326218586179,0.01568383409783261,-0.003511095689532322
7,0,-0.001131931658205947,-0.010414767153801385,0.0012948076834882463,0.0054476563035125705,0.006187096267617248
7,1,-0.0019038717911610298,-0.010638386997648519,0.0015094533197103975,0.0053817733531165484,0.006901930783417715
7,2,-0.0028446565732970735,-0.009694831273617548,0.0009188869145847063,0.0042902291692328,0.006627675536062891
7,3,-0.0012093746531403233,-0.009316587017238016,0.0021689808249431473,0.004492974713091217,0.005484317548310667
7,4,-0.004905508828239508,-0.011093689285123498,-0.0062015698242312576,0.02173340024676205,0.001362853535819709
7,Aggregated,-0.005438358328213642,-0.011862296207796046,-0.005916619635501437,0.021877459186508262,0.0022436461652601586
7,Centralized,-0.005438358328213642,-0.011862296207796046,-0.005916619635501437,0.021877459186508262,0.0022436461652601586
8,0,-0.004144244082009002,0.0015397540506419626,-0.0018269336194542453,0.004278727461992038,0.0025019981640520086
8,1,-0.003962462625430905,0.0012707547778672704,-0.001579732172193976,0.003348943495294346,0.001667957778841342
8,2,-0.0023779085011427846,0.001174273630900551,-0.0001657125038304082,0.002977334551250865,0.0017075668953940007
8,3,-0.003963397833662434,0.0010007165670400618,-0.0010571328204506865,0.003782423341001706,0.001606949391882805
8,4,-0.0069648145851191855,-0.002669702399323598,-0.007148389770742463,0.019448636244839744,-0.0016138703312514324
8,Aggregated,-0.0065434909503574844,-0.0023326472958421396,-0.006574103916194162,0.018838074151271766,-0.0016319415341162066
8,Centralized,-0.0065434909503574844,-0.0023326472958421396,-0.006574103916194162,0.018838074151271766,-0.0016319415341162066
9,0,0.0070355858188910015,0.0034059469404495927,-0.004619095645429422,-0.0005871423667495258,0.0007758618317847567
9,1,0.006541339888272427,0.003183129153291801,-0.004994747902238325,0.0008496117976914667,0.0007547776911138477
9,2,0.006362225911277442,0.0025116753954350203,-0.004055710327752663,0.0001479990923128588,9.6983963996361e-05
9,3,0.006326817330909697,0.003509038964992098,-0.003607172355915019,-0.000141892882601329,0.00019105331388492944
9,4,0.002195604624859543,-0.004694389252247273,-0.009625484574084135,0.02385146101144903,-0.006889070760833962
9,Aggregated,0.002514167160717637,-0.00450479723878103,-0.009694094788323908,0.023236837810000292,-0.005840801643304592
9,Centralized,0.002514167160717637,-0.00450479723878103,-0.009694094788323908,0.023236837810000292,-0.005840801643304592
10,0,-0.004305405068887987,0.004257462242065954,-0.003371631717605536,0.005244127116402927,0.002044124855846628
10,1,-0.004580248504570733,0.004252294178267626,-0.004642948381865448,0.005968551800706038,0.0008138351547880266
10,2,-0.003953268697036735,0.004769699805639477,-0.004501589839160388,0.004957808148705047,0.0014497523808531707
10,3,-0.004510956039894454,0.004623055341135505,-0.004300141058121241,0.004857129356612489,0.0015088895486134143
10,4,-0.009973922182762078,-0.008678903159592388,-0.010090948985832468,0.03833190196880876,-0.004293980022462237
10,Aggregated,-0.009988522429779474,-0.008279960683624002,-0.010053372540082732,0.036019069145251506,-0.004504434370093032
10,Centralized,-0.009988522429779474,-0.008279960683624002,-0.010053372540082732,0.036019069145251506,-0.004504434370093032
11,0,-0.004268017738999604,0.004464545265759357,0.003691633498414913,-0.0006152934197992936,-0.001284069080746462
11,1,-0.004675312548139107,0.004541615799245326,0.0026078043230627363,-0.0009011696929176777,-0.0009910464928865493
11,2,-0.005340911774854163,0.0043879499339596435,0.003698172567378096,-0.0012495846439549124,-0.001454196710001282
11,3,-0.004056262315474266,0.004522642808146393,0.002572098505989163,-0.0009796362592874206,-0.0008484781747598813
11,4,-0.007436770885317664,0.00012384128117891026,0.001798087691558025,0.04712763203820538,-0.004860420621151266
11,Aggregated,-0.007485533515260445,0.0008169291923066766,0.001696884021006806,0.0468350639551818,-0.004654363136593029
11,Centralized,-0.007485533515260445,0.0008169291923066766,0.001696884021006806,0.0468350639551818,-0.004654363136593029
12,0,-0.0008626287435133005,0.012207583239604787,-0.007219503603055215,0.015834279154868573,-0.022771518015155322
12,1,-0.0004413347315338989,0.014889385002790353,-0.006610770638735178,0.018435330574223745,-0.02540344797617918
12,2,0.0002485857681557901,0.014761780569864142,-0.005678633893122019,0.017557434725509604,-0.02454515911886769
12,3,-0.0007605458974955968,0.013268068655853124,-0.006570535005734169,0.017812402128716338,-0.024004547840841946
12,4,0.005050873038850584,-0.0015764194966810003,-0.016143694882218698,0.04938364254710245,-0.03900593001978777
12,Aggregated,0.003680353067733654,-0.0031981122873359817,-0.01802818066207371,0.048432242501103236,-0.03696277035194258
12,Centralized,0.003680353067733654,-0.0031981122873359817,-0.01802818066207371,0.048432242501103236,-0.03696277035194258
13,0,0.0013927903447138734,0.0056781452214911595,0.0036561171582437935,-0.005326625814496888,0.0038086194465741566
13,1,0.00035175867107820893,0.006172371481423045,0.0027229217625870236,-0.005910881436648149,0.00265834832031699
13,2,0.0008752376735658078,0.005883540904986702,0.003308401570037679,-0.005383067404878371,0.0028150725094287067
13,3,0.001189399344425432,0.005652237672432835,0.0034396052378787806,-0.0048988492859356175,0.0037798628766673318
13,4,0.0018231451896455087,-0.006033098052183007,-0.013721282668124994,0.02822819431682747,-0.007689643116954315
13,Aggregated,0.002408774651093848,-0.0038415852362013894,-0.012920100173928386,0.028100803096578905,-0.006886951925856269
13,Centralized,0.002408774651093848,-0.0038415852362013894,-0.012920100173928386,0.028100803096578905,-0.006886951925856269
14,0,-0.004234139100757895,0.009129231808940068,-0.01121798406790084,0.005093538178768533,0.001090759867357576
14,1,-0.004324498549932195,0.011034699277993382,-0.014664205996332884,0.007436175378980196,0.005092143731753331
14,2,-0.005501011465384726,0.008289359812968982,-0.01539931194763988,0.005799485255759119,0.004192445008238263
14,3,-0.006828391566179868,0.011314106289342407,-0.012936291624137152,0.002865215273107885,-0.00032978357318552514
14,4,-0.011949965838513635,0.0007728077673075854,-0.021524529860813425,0.043583770755990854,-0.008534274829728749
14,Aggregated,-0.01404942252940901,0.0036869368434636293,-0.01982442066434444,0.04190177754911747,-0.01009527948360136
14,Centralized,-0.01404942252940901,0.0036869368434636293,-0.01982442066434444,0.04190177754911747,-0.01009527948360136
15,0,0.00014448302242084005,-0.0014838787096963504,0.004934625492829883,0.02212969322765677,0.00964235522422651
15,1,-0.0013193609750872378,-0.002901757004547653,0.003200298553140238,0.027326504072897165,0.013452579793314799
15,2,-0.0003290950395216467,-0.0008390194234798836,0.0040844895615477494,0.02516597798091621,0.014257496373328378
15,3,-0.0017362833285082776,-0.0014863420758132425,0.006665591261245879,0.026640977339299314,0.011948225565341076
15,4,-0.00012918924260266288,-0.014976182501947766,-0.004457436131236527,0.051306165083783356,0.009376286820944369
15,Aggregated,-0.00027011785508031515,-0.014169865834411351,-0.0018012103716229457,0.0513257375952593,0.006960345092196388
15,Centralized,-0.00027011785508031515,-0.014169865834411351,-0.0018012103716229457,0.0513257375952593,0.006960345092196388
16,0,0.015574725793751765,-0.01197482414761897,-0.0015686840165620903,0.001406400879146281,-0.008167086076132363
16,1,0.017879961343461887,-0.012599732502883676,-0.003005797408308208,0.0031848854626751076,-0.009194563069426516
16,2,0.017214066382361778,-0.012654206534563816,-0.0027450596131724596,0.0035544686980068852,-0.009970109836021809
16,3,0.020164125898953167,-0.012794381662367385,-0.0010393920999229042,0.001420520932950701,-0.011498024629607074
16,4,0.004030813790152876,-0.0249158880177237,-0.014267961443818986,0.043041920563123406,-0.01025968516034258
16,Aggregated,0.00576311522027696,-0.02647593607863991,-0.01206103065840446,0.04003583402105708,-0.011063950663696006
16,Centralized,0.00576311522027696,-0.02647593607863991,-0.01206103065840446,0.04003583402105708,-0.011063950663696006
17,0,-0.0016892556507696545,0.017659342845921917,-0.015682202896556016,-0.002258401432206063,0.01380575248396832
17,1,-0.005165677354648856,0.02442146343685827,-0.017177036736303077,-0.0065913680603497575,0.016975172587033703
17,2,-0.005506337905887237,0.02352245177796238,-0.016776467181404416,-0.00500502992350941,0.01621866177402158
17,3,-0.004422112496014475,0.022520209479926296,-0.019503899982802473,-0.004842666472725091,0.017011594754991966
17,4,-0.006163494660538755,0.012545438081972957,-0.026515886223663118,0.029255704219884583,0.0021909790474834915
17,Aggregated,-0.004788375909757211,0.010935876120471498,-0.02657375974114081,0.028060742039292066,0.0022311899591622277
17,Centralized,-0.004788375909757211,0.010935876120471498,-0.02657375974114081,0.028060742039292066,0.0022311899591622277
18,0,-0.010111833705159345,0.0019034873786867921,-0.0007943437484368367,0.007912907213130305,0.010211641944092648
18,1,-0.019653900990873788,0.008403026816296762,0.006445149414948225,0.00475952594409695,0.008240510125884943
18,2,-0.02077592694133838,0.008036865435704593,0.00853867123334503,0.00364458929717608,0.00787981009579621
18,3,-0.012334674385942247,0.0014924640129031655,0.002134652941274501,0.010193862585361538,0.00957993381213715
18,4,-0.01815434442661433,0.004327002589264206,0.00302001058292937,0.027963609127098613,0.008755240286257649
18,Aggregated,-0.017893987565769418,0.0057980581848217656,0.004915832060373052,0.024509737278549073,0.01063662387022
18,Centralized,-0.017893987565769418,0.0057980581848217656,0.004915832060373052,0.024509737278549073,0.01063662387022
19,0,-0.005702736797861634,-0.014738022655115368,0.006936181381634123,0.012223921298748141,-0.003198901599485841
19,1,-0.00494097701816148,-0.017511946423761766,0.006621561291767388,0.013781732825493716,-0.002768855386633078
19,2,-0.005016286420292721,-0.015399678355551059,0.008026087940862441,0.01547456493734869,-0.004774678504141403
19,3,-0.005016054703467313,-0.015738608209224063,0.007843531626420938,0.01388681321864066,-0.0033945399506436972
19,4,-0.009909937452709959,-0.016704161226066886,0.0002508044248117051,0.03292942281371872,-0.01531106933675546
19,Aggregated,-0.011519274299978977,-0.016092068763363013,0.0022318791236373057,0.032048883953143086,-0.013740180322114234
19,Centralized,-0.011519274299978977,-0.016092068763363013,0.0022318791236373057,0.032048883953143086,-0.013740180322114234
20,0,0.0035069103086472903,0.009100073771217104,-0.0005646642100220848,0.0002186569785333168,-0.004143026949226136
20,1,0.0026288561632468463,0.013109442161045759,-0.0030588758443100402,-0.0021131439753557745,-0.0028688563648649134
20,2,0.002381396348222724,0.014819142184612407,-0.0024878820120129595,-0.001515837596505599,-0.00615866502147816
20,3,0.003871910021682451,0.011263173654419523,-0.0018438268563761553,-0.002817539657928361,-0.0037636754421366807
20,4,-0.00200321379675267,0.004784114333207469,-0.009345687718470226,0.014890775093388457,-0.007368530264542455
20,Aggregated,-0.0014690176903530176,0.002769652853849082,-0.009415637726400548,0.013375850564214248,-0.008436669352443178
20,Centralized,-0.0014690176903530176,0.002769652853849082,-0.009415637726400548,0.013375850564214248,-0.008436669352443178
21,0,-0.0016370423433927463,-0.011030907161889869,0.0030948689262739323,0.009711199797646043,0.0011222124319884693
21,1,1.9989210409904203e-05,-0.014620575734856011,0.005350327930417381,0.009122871640635853,0.0008601596286647158
21,2,-0.0005594042698523927,-0.014371999392629327,0.008579558909909824,0.008800882224147892,-0.0004757666359974174
21,3,-0.0014747536865173578,-0.01122892726855775,0.0012397093655909278,0.011854742470599903,0.0008538358646784501
21,4,-0.0005811533896054775,-0.01332848391595146,0.0011276634695057556,0.040477077605502815,-0.012008519319162489
21,Aggregated,0.0007664084664624047,-0.012560274471480977,0.003689126500844388,0.036592798168531775,-0.01238698940114736
21,Centralized,0.0007664084664624047,-0.012560274471480977,0.003689126500844388,0.036592798168531775,-0.01238698940114736
22,0,-0.00576442709405988,-0.001932807925491865,0.004531216837553377,0.0012062218829866197,0.002014203514403487
22,1,-0.0067098568712814066,-0.001192714731752594,0.00518461894303625,0.0009806716854748063,0.00013373055519403005
22,2,-0.009362843710495606,0.0011570044401542838,0.008541214410517734,-0.0009472173891562797,-0.000811219547830753
22,3,-0.004313547550175984,-0.003681773104892602,0.0017768717585589196,0.002114758322805148,0.004398179143012656
22,4,-0.010854538765118377,-0.0054079576294393935,-0.0019899587586010422,0.018796553242998216,0.005122447468860315
22,Aggregated,-0.011087169588555853,-0.004929459293577845,3.9246413004340176e-05,0.016875206560589575,0.00437531514886968
22,Centralized,-0.011087169588555853,-0.004929459293577845,3.9246413004340176e-05,0.016875206560589575,0.00437531514886968
23,0,-0.0094062976084064,0.0023329305023676306,0.008029434133575134,-0.008039939460748498,0.0019164359982745173
23,1,-0.01082119299778183,0.00393898770547278,0.013805958269435644,-0.010000185051859385,0.008051294190952633
23,2,-0.015729907232462596,0.0019015884087171485,0.014948370639752078,-0.012241823933979518,0.008516864042445834
23,3,-0.007170242934768783,0.003605389012455382,0.0050317456694447225,-0.008396077403863786,0.0040626306855982165
23,4,-0.008987015630131046,0.001859093319957871,0.007223093899609553,0.0032077672367259624,0.00047389190513496085
23,Aggregated,-0.011161349976524444,0.003376981484291658,0.007124097456281332,-0.0009149640461654978,0.0013152707381437144
23,Centralized,-0.011161349976524444,0.003376981484291658,0.007124097456281332,-0.0009149640461654978,0.0013152707381437144
24,0,-0.00011286017813158614,0.00372219770330763,-0.0034173820209788875,-0.0043347702772636,0.01084625658765204
24,1,0.0006470833337363489,-0.0008827379034090708,-0.0027118721129425964,-0.011915987061542226,0.013472478509478837
24,2,0.00335981425856607,-0.001411662479768123,0.00012752128077209897,-0.009205024765910893,0.011284603571789243
24,3,-0.0014863388264194346,0.0023217799239374152,-0.004858241025030729,-0.0038955060089833978,0.012939317335185193
24,4,-0.003605140377268179,0.0033500919577441777,-0.0069636710274279786,-0.0006201122139228503,0.006678666656702232
24,Aggregated,-0.0020282631181668047,0.001644381839396042,-0.004688923878147429,0.00037089183255596035,0.007266309636300176
24,Centralized,-0.0020282631181668047,0.001644381839396042,-0.004688923878147429,0.00037089183255596035,0.007266309636300176
25,0,0.002763179751013359,0.004796250377015051,-0.003330693314620653,-0.00014132250908636864,-0.0003852088310129268
25,1,0.004004503158255318,0.008071571845217554,-0.007274291687657323,-0.0008817707977831305,-0.0025668504694433777
25,2,0.00561775032199722,0.009974524912134918,-0.006449482533244618,-0.002657009045910035,-0.0025478897777296864
25,3,-0.0006328955968462215,0.0040501923407240846,-0.0021444043872207645,0.00113709389439861,0.0012280216778312017
25,4,0.005510145146178686,0.006684780042591035,-0.008919885744280046,0.0061655275628554485,-0.0068180095702830455
25,Aggregated,0.004109875719215156,0.007461519404440538,-0.0074137250519725455,0.006051913513954851,-0.006087528698013816
25,Centralized,0.004109875719215156,0.007461519404440538,-0.0074137250519725455,0.006051913513954851,-0.006087528698013816
26,0,0.017330452356011477,0.0020100840140659633,0.02140831316123157,0.004394204738791094,-0.008936289965444563
26,1,0.024275870776607297,-0.0007882003049350014,0.0316028994824544,0.0023485121897944272,-0.013212317808878708
26,2,0.023172239259848768,0.004180184467067965,0.029550545624788253,0.0033986776850974286,-0.01289846705440843
26,3,0.019888490643204217,-0.002243206742082753,0.023860631001563756,-0.00016018048567404224,-0.01709458812580048
26,4,0.023493521797244708,-0.0068797283402710924,0.024063836404288923,0.002627628853019956,-0.010710893834289359
26,Aggregated,0.02262412075027269,-0.005059751106183619,0.02710251453370399,0.005059785044981002,-0.012194721536981794
26,Centralized,0.02262412075027269,-0.005059751106183619,0.02710251453370399,0.005059785044981002,-0.012194721536981794
27,0,0.008684734422123067,-0.02350373975339302,-0.0011102824081241673,-0.015601376538436573,0.009227886191404994
27,1,0.005251854973201341,-0.02842298293675523,-0.003753089548543113,-0.016987879820963843,0.014346407490985775
27,2,0.004093821658423738,-0.029295358104102952,-0.0042287088391451035,-0.01855112691397586,0.014541810190514648
27,3,0.009006485456921993,-0.018610416726482223,-0.0003711162436773848,-0.012371949817439547,0.013526635968439246
27,4,0.006781357459671627,-0.023625919862224357,-0.0013477732479473296,-0.01189384364781323,0.012236718562699412
27,Aggregated,0.006143551201277854,-0.024809299269336667,-0.0020499371836324052,-0.01255767724865003,0.01027538683132684
27,Centralized,0.006143551201277854,-0.024809299269336667,-0.0020499371836324052,-0.01255767724865003,0.01027538683132684
28,0,-0.02127111524764998,0.00638256309862051,0.0324962681383791,0.00041450647636752104,0.012243786626248377
28,1,-0.027880280628670207,0.008389949387458946,0.03711071215455046,0.0007308675668495625,0.015406883600209814
28,2,-0.02371322209956777,0.011431813590114935,0.039100469880561914,0.0012173624703943767,0.01516466016227543
28,3,-0.027201505322683273,0.0037047274301812956,0.03240524555966334,-0.0012046017237881382,0.011069612881129308
28,4,-0.02476515622003194,0.004789212979964945,0.03269102749486889,0.003359247986929619,0.01552980313199359
28,Aggregated,-0.025314976552653003,0.006296603919840172,0.03407370671628261,0.005387019744028076,0.014783343844192397
28,Centralized,-0.025314976552653003,0.006296603919840172,0.03407370671628261,0.005387019744028076,0.014783343844192397
29,0,-0.007433082775126217,-0.02254827568526036,0.020711117475298014,0.0003529951629540932,-0.009740216152211203
29,1,-0.004283823377991509,-0.029780303621522286,0.020942068240596138,0.00011377716618898489,-0.0068314372285326365
29,2,-0.0055973630828948075,-0.03549922970048955,0.02248126767791124,-0.0007883488471877605,-0.003105612788351217
29,3,-0.008051691587217101,-0.024671031417222416,0.018398743826681243,0.004341314217130101,-0.009528966183784883
29,4,-0.010265694486344987,-0.02744802578365951,0.013020572793177866,0.016636667320014575,-0.014367419042776714
29,Aggregated,-0.008916807564970234,-0.0301304341909947,0.015665620571122724,0.013727488652032438,-0.014205186184709895
29,Centralized,-0.008916807564970234,-0.0301304341909947,0.015665620571122724,0.013727488652032438,-0.014205186184709895
30,0,0.02428381427503599,-0.016366294573659717,0.008638387736788027,-0.01038169808254712,0.020193830812675607
30,1,0.02647710117777163,-0.009603050797602767,0.007174675843987147,-0.01678372536017909,0.025831192391964967
30,2,0.02742870444444796,-0.00971955712827598,0.007057247787524463,-0.014986492706514224,0.017655386929710137
30,3,0.025715241635385917,-0.007410054152181654,0.006968810721236801,-0.017094225096729383,0.027185844346705082
30,4,0.027451013510600482,-0.016931666894665996,-0.0015937321685135675,0.0012270307792926593,0.02054561818990194
30,Aggregated,0.02550350957254966,-0.016109441602812483,0.0030641696837162002,0.0019435247414437047,0.01908613005618311
30,Centralized,0.02550350957254966,-0.016109441602812483,0.0030641696837162002,0.0019435247414437047,0.01908613005618311
31,0,-0.008337835281620106,0.010064001127416877,0.006464829443094692,0.004578241017098062,-0.010295343225230794
31,1,-0.004298713461081889,0.009316555474148872,0.005175815136792107,-0.0039952761158355355,-0.007520370538903831
31,2,-0.005911924012798522,0.013188663206018128,0.009735679212611254,-0.00816370050672861,-0.008191747872576715
31,3,-0.009662132991321425,0.008058869267221817,0.0020715591136067813,0.006440933504760729,-0.01307954392156282
31,4,-0.011919233527020349,-0.004379247241046282,0.0015610381643737755,0.020502610367344267,-0.012302290398745395
31,Aggregated,-0.010614790999133816,-0.001010838308277177,0.0007501881215059125,0.013494674230487643,-0.011024954675983393
31,Centralized,-0.010614790999133816,-0.001010838308277177,0.0007501881215059125,0.013494674230487643,-0.011024954675983393
32,0,-0.014351385668436033,0.003840217891337553,-0.006148508093615718,0.024081546500644292,-0.00587224764888843
32,1,-0.011741377589019001,-0.0004766822718941447,-0.0074923352796165054,0.0294208176393416,0.000592277185414869
32,2,-0.008800029969793713,-0.0015069669290845948,-0.0024187683171766894,0.026070089687641837,0.0017838083139960492
32,3,-0.017560472455695145,0.0019405460160425501,-0.006171352584711828,0.030429042161749128,0.0064576848695929055
32,4,-0.02155416122992234,0.003524833512736525,-0.018794010450998783,0.06938245995188864,-0.00692594143488226
32,Aggregated,-0.02318519671085143,0.0025327016906364313,-0.014064484961694216,0.06429119109081184,-0.009506932356191567
32,Centralized,-0.02318519671085143,0.0025327016906364313,-0.014064484961694216,0.06429119109081184,-0.009506932356191567
33,0,0.005399173381085146,-0.007892064393733389,-0.004333607809314175,0.011094856262334134,0.004881015694709301
33,1,0.009110598772381536,-0.01593935057405209,-0.0020409229848069124,0.012425750920695429,0.007542440078883346
33,2,0.007333737553274009,-0.013931303277397323,-0.0011621766156542535,0.009078198694410152,0.00498855338002589
33,3,0.010774879708420485,-0.015141746584484025,-0.006761668311766992,0.011339685177166652,0.007779069923491115
33,4,0.0033513770615089494,-0.027056590455809108,-0.011829693025548689,0.03241992386633945,-0.011106932948607321
33,Aggregated,0.002943973749446908,-0.022648174042922867,-0.007412031945223454,0.031304495489735226,-0.012753782573802629
33,Centralized,0.002943973749446908,-0.022648174042922867,-0.007412031945223454,0.031304495489735226,-0.012753782573802629
34,0,-0.00043075842288859225,0.008278883607070322,0.006042548700121863,-0.010749918988537688,-0.001888359853276598
34,1,0.005861957975846392,0.0075745369061091675,0.007795397155747689,-0.017211596425242857,-0.0007215060773739457
34,2,0.003203057346352704,0.008869650749954872,0.009146321286829536,-0.020224422285707398,-0.00016250381147487892
34,3,0.0036909369976902305,0.016344815993075117,0.01000474020337894,-0.020375998799204004,-0.0016942363314512358
34,4,-0.00015638631482085922,0.00023786288983903558,-0.0028387671237207627,0.015120868095404734,0.0026009615933104634
34,Aggregated,0.00023905589522955442,0.0011743416893436238,-0.0063286710070368235,0.013979772598753045,0.0006134785331829151
34,Centralized,0.00023905589522955442,0.0011743416893436238,-0.0063286710070368235,0.013979772598753045,0.0006134785331829151
35,0,0.00119944942332042,-0.005971050563991392,0.0007502033593711155,-0.0016517660282950005,0.005986084272480748
35,1,0.0038045837685673285,-0.014587356164016114,0.005575851218184138,-0.0013045299147032396,0.010508211617160933
35,2,0.0019351886948939172,-0.00853534566177766,0.008526223873037551,-0.005332379608335036,0.006843393191781235
35,3,0.0008109945664215764,-0.012072247934157216,0.006843490728694991,-0.0022017101084587654,0.007981926174803533
35,4,-0.005505961195177889,-0.03241044907937593,-0.008276113692220581,0.03833694687817538,-0.005470372645445321
35,Aggregated,-0.007230413666606864,-0.02742793569932567,-0.007091088910686497,0.035900249134827596,-0.005157068960918077
35,Centralized,-0.007230413666606864,-0.02742793569932567,-0.007091088910686497,0.035900249134827596,-0.005157068960918077
36,0,-0.00537636745840653,0.00903075199675744,-0.0031417706769738003,-0.001277663488177087,0.0062458011433792005
36,1,-0.012817551039549412,0.00749881871901457,-0.004815157162791711,0.0016026905549022437,0.007193156998648161
36,2,-0.00794147731932605,0.010851375894100544,-0.002634230178397721,-2.989345941393773e-05,0.006189787272043703
36,3,-0.010672353702011637,0.017941341470378493,-0.00652697263034106,-0.004176050199932115,0.00666563201557436
36,4,-0.017981362967891715,0.003643002826750587,-0.018274397366345462,0.04468265469564901,0.0007560095079300666
36,Aggregated,-0.018815970821371143,0.002966885131714327,-0.014265661262571889,0.04311840689208759,-0.0013814246366596339
36,Centralized,-0.018815970821371143,0.002966885131714327,-0.014265661262571889,0.04311840689208759,-0.0013814246366596339
37,0,-0.003572920028593936,-0.004158165035036341,0.00971495033215761,-0.00753310155333858,0.010050774830385472
37,1,0.0038223959890333523,-0.005114109728044537,0.006718830147699852,-0.010851734264735232,0.012975481109891258
37,2,-0.0022978029842832147,-0.0027015716538153376,0.01095429161638891,-0.01233654451886484,0.009031610609711917
37,3,8.148885376690155e-05,-0.007786834943175205,0.013498907631495565,-0.01417623385681892,0.01625540721105944
37,4,-0.013116268562526253,-0.03199128091268633,-0.008880625091958198,0.02438907827949748,-0.0032843588023649156
37,Aggregated,-0.014023432106640144,-0.027936832570069313,-0.011188106767534362,0.023049359353601303,-0.006026791081373869
37,Centralized,-0.014023432106640144,-0.027936832570069313,-0.011188106767534362,0.023049359353601303,-0.006026791081373869
38,0,-0.0009494504679989043,-0.0022640170944373873,7.524090436287952e-05,-0.00364175951980036,-0.002675486974826128
38,1,0.003740713411831557,-0.0006793083219575798,-0.004738712572816921,-0.007927466976210745,0.0007641616889585886
38,2,0.0026869516446726455,0.000947132127887046,-0.00048141825449532125,-0.00821613968452834,-0.001597572419810341
38,3,-0.0005666930447690899,0.006124692084325473,-0.003388378515555629,-0.009684697713416927,-0.005406174512793077
38,4,-0.0048365599954250955,-0.006439077839095967,-0.01054558075230421,0.04516748001005238,-0.006156982870100073
38,Aggregated,-0.004560058599776579,-0.002402125393889955,-0.006141766190291055,0.04322928565504765,-0.0030319528692081656
38,Centralized,-0.004560058599776579,-0.002402125393889955,-0.006141766190291055,0.04322928565504765,-0.0030319528692081656
39,0,0.0006639472795482086,0.0038598131297039335,0.011339900810142555,-0.0018629027020556706,0.008823448362309113
39,1,0.0014533037190405127,0.003882699462152539,0.007834470626764893,0.00147396856059957,0.009828230990410343
39,2,0.00016740987224010407,0.006263607470122512,0.010135370795136297,0.00018768855054671258,0.008184743190729706
39,3,0.005151976632360678,0.009057215783423427,0.014500090108864088,-0.0022530292117299362,0.0102148461530662
39,4,-0.006990709033308381,0.0007851761563875736,0.005295343150463192,0.039979218927058545,0.0015608140418396422
39,Aggregated,-0.008709416830944589,-0.0011628168793113662,0.004219103608247334,0.036013319986776704,-0.002113425974629731
39,Centralized,-0.008709416830944589,-0.0011628168793113662,0.004219103608247334,0.036013319986776704,-0.002113425974629731
40,0,0.005578736363198296,0.0018101401692366403,-0.004001095893001322,-0.008863704970174874,-0.00788230518343716
40,1,0.003338796022841887,0.0030039239898706177,-0.003807585657682516,-0.011553450351288916,-0.006078634749349216
40,2,-0.00021895751247782055,0.0015810316390255836,-0.0023198699027291068,-0.013656223703668006,-0.007036600560797533
40,3,0.00020299593251729882,0.003948920605869555,-0.002392755705964041,-0.018135571859339634,-0.010875388330840766
40,4,-0.005795348041426734,-0.007961051605339515,-0.013141347822494178,0.025118389514896484,-0.01538448890910511
40,Aggregated,-0.009297303116709269,-0.008701119809164314,-0.009812299262104125,0.026484085793413343,-0.013211459616523964
40,Centralized,-0.009297303116709269,-0.008701119809164314,-0.009812299262104125,0.026484085793413343,-0.013211459616523964
41,0,0.0047623053353934965,-0.0008845850529221118,0.001295824886362292,-0.006889194134243445,0.006416058041823882
41,1,0.004527196811879819,-0.0014758323188985437,0.0012224447010207992,-0.006551291290015004,0.006966035946380968
41,2,0.007840558666167568,0.0025666047611270187,0.004727716722101849,-0.00873220669881179,0.0031140738859034623
41,3,0.004606445135495607,-0.0009894407248367118,0.006271609395984309,-0.012237826642110532,0.006505924728001855
41,4,-0.006590114433477203,-0.015525696117259687,-0.01015537293706692,0.033563415779397435,0.007119670295386038
41,Aggregated,-0.008855084217102798,-0.012330112727232164,-0.008665111383813439,0.03159621493416209,0.007379028732513502
41,Centralized,-0.008855084217102798,-0.012330112727232164,-0.008665111383813439,0.03159621493416209,0.007379028732513502
42,0,-0.006956461636195841,0.009333004913245568,0.0034825397189233278,-0.009742501842343314,-0.0018527965432196516
42,1,-0.009505986617684785,0.018289469798297753,0.0008688203828683276,-0.016862771584608954,-0.0036750306433002366
42,2,-0.010779745958392867,0.01976790325995399,0.006868836877224371,-0.0192003305305286,-0.005577169476704311
42,3,-0.007490402801343951,0.012767122424139356,-0.004004283274452429,-0.019138999536431937,-0.0013864312440864557
42,4,-0.010019609147512548,-0.006224004211401338,-0.0022592431387080687,0.008475188577327873,-0.006061065217039198
42,Aggregated,-0.010377515830787536,-0.004110722930659412,-0.0008129573841955487,0.009077754798014185,-0.0056543972110597585
42,Centralized,-0.010377515830787536,-0.004110722930659412,-0.0008129573841955487,0.009077754798014185,-0.0056543972110597585
43,0,-0.0019453162278174451,-0.002759042820370883,0.0057393687241565705,0.004753131503130668,0.009336954255294534
43,1,0.0026079141583109774,0.0032789659332581175,0.006302653625155293,0.0015850301806294468,0.005858683448379961
43,2,0.004102570037454198,0.003407775692387253,0.007064058050491551,-0.0006773376393365079,0.006298000622120947
43,3,0.007934699017687778,0.00673139886552432,0.013333206790792697,0.0011825946419258845,0.01122181671511252
43,4,0.003979929453559137,0.004973990361400227,-0.0017547330184385646,0.020151865510699238,0.006235548022537322
43,Aggregated,0.001512707145437329,0.003276736847944613,-0.0019896093833731534,0.019076610500590886,0.0035415831237753177
43,Centralized,0.001512707145437329,0.003276736847944613,-0.0019896093833731534,0.019076610500590886,0.0035415831237753177
44,0,-0.0013556522790488025,-0.00245272873642632,-0.0057164977567395435,-0.0021275182378074037,0.002640701490428604
44,1,-0.004662074046263742,0.0009969659338618449,-0.008934418007481373,-0.001352324661412757,0.0062827697429677165
44,2,-0.004062197131650192,0.0037220885020260237,-0.008321635499768122,-0.005149275340075044,0.000540053348103862
44,3,-0.005611625687290469,0.004908142969264761,-0.013513495222182197,-0.0018932935359834923,0.00015293764580006825
44,4,-0.011649778633688108,-0.001882301136941524,-0.0159502849818692,0.01501547411019292,-0.00865806306106031
44,Aggregated,-0.00863290369400263,0.0004841923373365068,-0.010246224754197784,0.011900192310743326,-0.007281920765212972
44,Centralized,-0.00863290369400263,0.0004841923373365068,-0.010246224754197784,0.011900192310743326,-0.007281920765212972
45,0,-6.139815552254994e-05,-0.0009690393444671652,-0.007915496068003635,-0.006066094491552406,0.011777295820912958
45,1,0.0006764981225110138,-0.0005955398072804559,-0.007958516075220063,-0.008150457337801974,0.008535959276794602
45,2,0.0005167908935927594,0.0016644542370242302,-0.004827297532149596,-0.007048024483804932,0.0064432384365999
45,3,-0.002666338714054915,0.0007811535173597006,-0.004919593850532115,-0.007981648220249916,0.007801443736492822
45,4,0.002011321591851095,-0.005740473291719387,-0.0067652582341072316,0.00796246856954504,0.009938871030754654
45,Aggregated,0.0008711853768887963,-0.0025253094785292734,-0.006799480040333158,0.004429190851135108,0.004803906933019854
45,Centralized,0.0008711853768887963,-0.0025253094785292734,-0.006799480040333158,0.004429190851135108,0.004803906933019854
46,0,0.0017384532969513848,-0.0014642712309437496,0.004087173497346667,0.00038088243403522717,-0.0029235259683717965
46,1,-0.003961197254021232,-0.002152357738622455,0.0066401721351174985,0.002423698147514075,-0.0045759600898059695
46,2,0.001368721404607548,-0.002340445087999689,0.007351251742648018,0.002752313707605895,-0.0038638429365648336
46,3,-0.0033970737119710494,0.0013892173126059467,0.009135031724562592,0.003086964437090443,-0.006490280840718141
46,4,-0.007343822457983923,-0.008775956104005314,0.00469224158018999,0.023543095719986213,-0.009330008516849989
46,Aggregated,-0.005386799802503026,-0.006041626511617356,0.005493043567941445,0.022694848733355102,-0.007992485886057417
46,Centralized,-0.005386799802503026,-0.006041626511617356,0.005493043567941445,0.022694848733355102,-0.007992485886057417
47,0,-0.009149318889786047,-0.0035700781581332166,0.0008983362272949214,0.004363846894877462,0.004324514963167046
47,1,-0.00917069724030196,-0.0032386032379913923,0.004685352580016289,0.006037037789712939,0.010716623756635379
47,2,-0.013502550821235278,-0.001992111375901225,0.006679846880180318,0.0029203496436435365,0.006402410139810014
47,3,-0.010360606057170445,-0.0030508455506526146,0.005718127365591554,0.004300483204308368,0.0076833113112628635
47,4,-0.011215334869830059,-0.009219059463393542,0.003925035253650886,0.01874230768728783,0.002805344178566303
47,Aggregated,-0.010843998016500551,-0.0061858633604319774,0.002489324582429275,0.015974663068409545,0.002075247826953552
47,Centralized,-0.010843998016500551,-0.0061858633604319774,0.002489324582429275,0.015974663068409545,0.002075247826953552
48,0,-0.004439514170255765,0.013852521352607469,-0.0032078169010177683,-0.007307380513315389,0.010290771841344647
48,1,-0.0030399076220630353,0.009894629893876279,-0.0017945809801941622,-0.009379362621389272,0.009886689671169398
48,2,-0.004545593161982481,0.008996731808882089,9.036548104245368e-05,-0.010588191111456048,0.009009123968305692
48,3,-0.008360897054349064,0.014306490981297746,-0.0007123641483742282,-0.008138148336292566,0.010532314115109116
48,4,-0.009217953336132019,0.008988008576733559,-0.010784885085918001,0.0036827362728716674,0.005213321438469417
48,Aggregated,-0.007629975538196967,0.005257699444721509,-0.007785080191382406,0.0021200548646863365,0.0023143042146336
48,Centralized,-0.007629975538196967,0.005257699444721509,-0.007785080191382406,0.0021200548646863365,0.0023143042146336
49,0,-0.0072161343760657765,-0.004569510851005138,-0.006085260611404003,-0.006909644989153244,0.009451360464465892
49,1,-0.00536515701199017,-0.006012468942389893,-0.006127691453135817,-0.004593385577340516,0.0086895206114962
49,2,-0.005903810812474839,-0.004044734810844665,-0.0016409071830250385,-0.004946137818011834,0.005556244479543937
49,3,-0.008772200588512363,-0.004123865875140174,-0.0030646103991992303,-0.0073066527067233485,0.007338490928741396
49,4,-0.013016989422475514,-0.014602880763748606,-0.014768351925951939,0.010460613409202528,0.0106430510609721
49,Aggregated,-0.011416305391680474,-0.011253607875504093,-0.011897910035758835,0.010945738975921888,0.008550466614438812
49,Centralized,-0.011416305391680474,-0.011253607875504093,-0.011897910035758835,0.010945738975921888,0.008550466614438812
50,0,0.003324033775793831,0.00146164742204762,0.00559457477767857,-0.016678425233369695,0.017629236973728455
50,1,0.005639117922133978,0.001428625508635741,0.009262587779336145,-0.017620812981824607,0.017115951691586296
50,2,0.002428246327889237,0.005341896954208602,0.011157120936411441,-0.021233351009910847,0.015517320571825234
50,3,0.0007754283245434627,0.001540294472359947,0.01145410628497106,-0.020283701353345097,0.018772578442807917
50,4,0.008826037577338887,-0.004904462119927514,0.008353028206769813,-0.0020470798733248493,0.016540113949610975
50,Aggregated,0.005394825512991401,-0.0021946947906866707,0.007772745998503333,-0.0015405016566983714,0.013500414062210439
50,Centralized,0.005394825512991401,-0.0021946947906866707,0.007772745998503333,-0.0015405016566983714,0.013500414062210439
