,BeforeLocalTraining,AfterLocalTraining,BeforeLocalPartialEvaluations,AfterLocalPartialEvaluations,BeforeEvaluation,AfterEvaluation
1,1789086111.1278608,1789086111.3920171,1789086118.5553548,1789086119.688637,1789086119.7035382,1789086119.7215276
2,1789086120.1828334,1789086120.3029513,1789086127.5087018,1789086128.6270463,1789086128.6408195,1789086128.658751
3,1789086129.023471,1789086129.143255,1789086136.6178956,1789086137.7949467,1789086137.808846,1789086137.8279996
4,1789086138.163549,1789086138.2856088,1789086145.403165,1789086146.5403874,1789086146.5542684,1789086146.5723095
5,1789086146.9284298,1789086147.0520828,1789086154.7494824,1789086155.8929205,1789086155.9065096,1789086155.9246092
6,1789086156.289638,1789086156.4107847,1789086163.8868084,1789086165.031874,1789086165.0456085,1789086165.0639937
7,1789086165.4330163,1789086165.5537515,1789086173.0505083,1789086174.193374,1789086174.2072957,1789086174.2254457
8,1789086174.5771794,1789086174.7081635,1789086182.1032903,1789086183.2607045,1789086183.2744842,1789086183.2935455
9,1789086183.663551,1789086183.7889247,1789086191.1438937,1789086192.2685437,1789086192.2822537,1789086192.2999883
10,1789086192.681797,1789086192.8008296,1789086200.1200266,1789086201.246934,1789086201.2605205,1789086201.2783031
11,1789086201.6267993,1789086201.7440178,1789086208.8203254,1789086209.9269218,1789086209.9405792,1789086209.958198
12,1789086210.3300223,1789086210.449545,1789086217.696585,1789086218.8283257,1789086218.8420494,1789086218.8599224
13,1789086219.2069464,1789086219.3258612,1789086226.599658,1789086227.7203171,1789086227.7338498,1789086227.7516384
14,1789086228.1299376,1789086228.2524564,1789086235.4989276,1789086236.6259015,1789086236.63965,1789086236.6580079
15,1789086237.1325862,1789086237.252028,1789086244.503885,1789086245.702935,1789086245.7167614,1789086245.735132
16,1789086246.0831096,1789086246.2009385,1789086253.4714358,1789086254.5906644,1789086254.6044602,1789086254.6222646
17,1789086254.9857645,1789086255.2303321,1789086262.348664,1789086263.4943562,1789086263.5081396,1789086263.5259845
18,1789086263.8802514,1789086264.0055575,1789086271.070431,1789086272.187218,1789086272.2007647,1789086272.2187548
19,1789086272.5844746,1789086272.7076464,1789086280.1389258,1789086281.2566743,1789086281.2704225,1789086281.288325
20,1789086281.6614394,1789086281.7870605,1789086288.750429,1789086290.1533108,1789086290.167174,1789086290.1849797
21,1789086290.6226861,1789086290.7406821,1789086298.0333183,1789086299.157327,1789086299.1710865,1789086299.189021
22,1789086299.5529506,1789086299.6699994,1789086306.960138,1789086308.0937054,1789086308.1074758,1789086308.1254737
23,1789086308.485457,1789086308.6033046,1789086315.8473852,1789086316.9791384,1789086316.992846,1789086317.0109413
24,1789086317.353372,1789086317.4728606,1789086324.770986,1789086325.8980165,1789086325.9119296,1789086325.9299226
25,1789086326.2887514,1789086326.4075105,1789086333.7979054,1789086335.3180695,1789086335.3318777,1789086335.349738
26,1789086335.6883242,1789086335.8109033,1789086342.9539323,1789086344.078499,1789086344.092208,1789086344.1102452
27,1789086344.4858549,1789086344.603269,1789086352.131298,1789086353.2539723,1789086353.2678552,1789086353.2858026
28,1789086353.6508806,1789086353.7684193,1789086360.9128785,1789086362.0622268,1789086362.0761657,1789086362.0939786
29,1789086362.4385958,1789086362.5570672,1789086370.4327004,1789086371.6190677,1789086371.6327944,1789086371.6507776
30,1789086371.9770124,1789086372.1074991,1789086379.0968118,1789086380.4842896,1789086380.4981332,1789086380.5160952
31,1789086380.8384378,1789086380.9600046,1789086388.0670125,1789086389.1823168,1789086389.1962302,1789086389.2146277
32,1789086389.590909,1789086389.7137856,1789086397.2190285,1789086398.34592,1789086398.3598294,1789086398.3777506
33,1789086398.7442772,1789086398.9731796,1789086405.9188807,1789086407.032124,1789086407.045812,1789086407.0637486
34,1789086407.4350564,1789086407.5608912,1789086415.062759,1789086416.2005775,1789086416.214301,1789086416.2323837
35,1789086416.592454,1789086416.7103817,1789086423.7965322,1789086425.2733712,1789086425.2871356,1789086425.3048797
36,1789086425.6771235,1789086425.798696,1789086433.106621,1789086434.2336826,1789086434.247478,1789086434.2654614
37,1789086434.6378388,1789086434.7591279,1789086442.0496745,1789086443.1744895,1789086443.1882117,1789086443.2061608
38,1789086443.5616162,1789086443.6788335,1789086450.9958751,1789086452.1202989,1789086452.1340423,1789086452.1517246
39,1789086452.5189743,1789086452.637943,,,,
