,BeforeEvaluation,BeforeSV,AfterSV,BeforeGradientRewards,AfterGradientRewards,AfterEvaluation
0,1789100262.176058,,,,,
1,1789100270.4707615,1789100263.7008572,1789100270.4380436,1789100270.4385536,1789100270.469279,1789100270.6426673
2,1789100281.1322625,1789100274.49944,1789100281.1014252,1789100281.101666,1789100281.1303256,1789100281.226722
3,1789100291.7817678,1789100285.0643563,1789100291.7537067,1789100291.7539554,1789100291.779717,1789100291.877729
4,1789100302.3082802,1789100295.5115101,1789100302.279094,1789100302.2793455,1789100302.3059611,1789100302.403047
5,1789100313.0267599,1789100306.0843096,1789100312.9970026,1789100312.997286,1789100313.024036,1789100313.121855
6,1789100323.3256702,1789100316.7796862,1789100323.297062,1789100323.297306,1789100323.3233702,1789100323.5005424
7,1789100333.8181183,1789100327.02926,1789100333.78961,1789100333.7898762,1789100333.8156028,1789100333.912995
8,1789100344.5462413,1789100337.601968,1789100344.5162368,1789100344.5165267,1789100344.543165,1789100344.6414711
9,1789100355.058346,1789100348.2011366,1789100355.029339,1789100355.0295908,1789100355.0559347,1789100355.1530228
10,1789100365.8199255,1789100359.0067942,1789100365.7901478,1789100365.7904081,1789100365.8168716,1789100365.9148676
11,1789100376.3688383,1789100369.626651,1789100376.3395329,1789100376.3397942,1789100376.3662398,1789100376.464826
12,1789100386.7829108,1789100380.0724158,1789100386.7539787,1789100386.754233,1789100386.7805867,1789100386.9508955
13,1789100397.465559,1789100390.786123,1789100397.436265,1789100397.4365273,1789100397.4625733,1789100397.5604188
14,1789100408.0692863,1789100401.2381325,1789100408.0397274,1789100408.039977,1789100408.066466,1789100408.1644516
15,1789100418.8978477,1789100411.8498485,1789100418.8677864,1789100418.8680356,1789100418.8946419,1789100418.9940832
16,1789100429.5939536,1789100422.5775175,1789100429.564196,1789100429.5644543,1789100429.590896,1789100429.690031
17,1789100440.5835338,1789100433.517525,1789100440.5542116,1789100440.5544598,1789100440.5804024,1789100440.6793334
18,1789100451.2486038,1789100444.3656318,1789100451.2193677,1789100451.219619,1789100451.2455165,1789100451.3459268
19,1789100461.9460022,1789100455.0427082,1789100461.9171195,1789100461.9173708,1789100461.9431431,1789100462.0421033
20,1789100472.941389,1789100466.05204,1789100472.9114244,1789100472.9116807,1789100472.9385417,1789100473.0359418
21,1789100483.4425201,1789100476.677622,1789100483.4131389,1789100483.4133973,1789100483.4395244,1789100483.5371344
22,1789100494.3444638,1789100487.1822276,1789100494.3146098,1789100494.314874,1789100494.3408453,1789100494.4406452
23,1789100504.952643,1789100498.094773,1789100504.9233139,1789100504.9235656,1789100504.949465,1789100505.048146
24,1789100515.683517,1789100508.8699071,1789100515.5688581,1789100515.569116,1789100515.6803014,1789100515.778473
25,1789100526.2527187,1789100519.3977687,1789100526.2232769,1789100526.22353,1789100526.2499123,1789100526.3488212
26,1789100536.7198462,1789100530.0553014,1789100536.690565,1789100536.6908283,1789100536.716844,1789100536.8151236
27,1789100547.653902,1789100540.6570852,1789100547.6247897,1789100547.6250496,1789100547.650993,1789100547.7500463
28,1789100558.590797,1789100551.4641423,1789100558.5615132,1789100558.5617723,1789100558.5877786,1789100558.6872482
29,1789100569.3002985,1789100562.3738441,1789100569.2705727,1789100569.2708437,1789100569.2968247,1789100569.397559
30,1789100579.9738274,1789100572.9720683,1789100579.9449997,1789100579.9452555,1789100579.9708643,1789100580.0706916
31,1789100591.0184755,1789100584.0106022,1789100590.9887486,1789100590.9889972,1789100591.0153008,1789100591.1142669
32,1789100601.7182305,1789100594.7708158,1789100601.6882832,1789100601.6885371,1789100601.7151606,1789100601.8145802
33,1789100612.419653,1789100605.5203402,1789100612.389308,1789100612.3895874,1789100612.41601,1789100612.5162525
34,1789100623.153235,1789100616.3684242,1789100623.1198003,1789100623.1200569,1789100623.149878,1789100623.2486882
35,1789100633.8280692,1789100626.932335,1789100633.7984788,1789100633.798736,1789100633.8246572,1789100633.9228053
36,1789100644.6423948,1789100637.5730135,1789100644.6123288,1789100644.612608,1789100644.6388266,1789100644.7381063
37,1789100655.167256,1789100648.4072306,1789100655.1383607,1789100655.1386132,1789100655.1644092,1789100655.2622628
38,1789100665.8265748,1789100659.157516,1789100665.7978516,1789100665.7981062,1789100665.8237457,1789100665.9218488
39,1789100676.4904222,1789100669.6724627,1789100676.4615688,1789100676.461832,1789100676.4874387,1789100676.5883527
40,1789100687.085468,1789100680.2503047,1789100687.0564442,1789100687.0567036,1789100687.0823462,1789100687.1814926
41,1789100697.820626,1789100691.139232,1789100697.7916734,1789100697.7919445,1789100697.8182132,1789100697.9172254
42,1789100708.8723352,1789100701.7667246,1789100708.8426661,1789100708.8429294,1789100708.8690321,1789100708.9688864
43,1789100719.6832862,1789100712.5934672,1789100719.6530862,1789100719.6533825,1789100719.679557,1789100719.7801013
44,1789100730.556977,1789100723.603884,1789100730.527378,1789100730.527637,1789100730.5539265,1789100730.6522264
45,1789100741.6124809,1789100734.6132846,1789100741.583445,1789100741.5837162,1789100741.6093,1789100741.7074084
46,1789100752.4121687,1789100745.471664,1789100752.3828413,1789100752.383095,1789100752.4082844,1789100752.5069127
47,1789100763.3017907,1789100756.3202903,1789100763.2729738,1789100763.2732425,1789100763.2984858,1789100763.3968303
48,1789100773.9153745,1789100767.0879674,1789100773.885913,1789100773.8861713,1789100773.9120874,1789100774.0103812
49,1789100784.9422944,1789100777.9145648,1789100784.913367,1789100784.9136288,1789100784.9390578,1789100785.03711
50,1789100797.1999185,1789100788.7380776,1789100795.8547723,1789100795.8550282,1789100795.8801918,1789100797.2947013
