,BeforeLocalTraining,AfterLocalTraining,BeforeLocalPartialEvaluations,AfterLocalPartialEvaluations,BeforeEvaluation,AfterEvaluation
1,1782688873.5147314,1782688874.7519367,1782688905.9425313,1782688912.8108552,1782688912.8178825,1782688913.0399435
2,1782688913.0621312,1782688914.1311135,1782688944.5807827,1782688951.4683244,1782688951.4751792,1782688951.6973941
3,1782688951.7255962,1782688952.789049,1782688984.279801,1782688991.251667,1782688991.258706,1782688991.4853735
4,1782688991.5061479,1782688992.5736382,1782689023.048945,1782689030.025309,1782689030.0320148,1782689030.2561197
5,1782689030.2782555,1782689031.338187,1782689062.516476,1782689069.52458,1782689069.5312648,1782689069.7555633
6,1782689069.7776275,1782689070.8346748,1782689101.3528163,1782689108.2911122,1782689108.297943,1782689108.5272772
7,1782689108.562742,1782689109.6242802,1782689140.7865102,1782689147.6490436,1782689147.6556695,1782689147.8795419
8,1782689147.9812858,1782689149.0429368,1782689179.5379395,1782689186.442632,1782689186.4492486,1782689186.6787298
9,1782689186.7053087,1782689187.7765293,1782689218.310007,1782689225.1618712,1782689225.168574,1782689225.391677
10,1782689225.5100193,1782689226.7002368,1782689257.0986233,1782689264.1255343,1782689264.1320503,1782689264.357648
11,1782689264.3785841,1782689265.445296,1782689296.765715,1782689303.710309,1782689303.716984,1782689303.943334
12,1782689303.9629662,1782689305.0213754,1782689335.399318,1782689342.3385153,1782689342.3450806,1782689342.5665495
13,1782689342.683584,1782689343.742718,1782689374.8171806,1782689381.6835563,1782689381.6902447,1782689381.9272926
14,1782689382.0541143,1782689383.1103845,1782689414.475304,1782689421.3556325,1782689421.3622339,1782689421.5852625
15,1782689421.6727562,1782689422.7317848,,,,
