Round,Evaluator,0,4,1,3,2
0,0,,,,,
0,1,,,,,
0,2,,,,,
0,3,,,,,
0,4,,,,,
0,Aggregated,,,,,
0,Centralized,,,,,
1,0,0.041961874499758404,0.03174431907643817,0.03997348479870854,0.03525231151058132,0.030057601256907915
1,1,0.04876066107427012,0.02426390232887694,0.04683677331250065,0.030484342051694403,0.023592214192179464
1,2,0.01957458662995791,0.05018430190637214,0.01685934359414037,0.04644061564796089,0.043225451209233705
1,3,0.03623669658616726,0.037463888917936145,0.03132873408756762,0.036871002865175195,0.036589731436612864
1,4,0.024120404544736834,0.049960432453638556,0.017172658627648312,0.046945169399760234,0.04824556754956958
1,Aggregated,0.03413207441300829,0.038721988504415425,0.030435828015928028,0.039197736668105915,0.036340650832973595
1,Centralized,0.034133291952889416,0.03872059996857136,0.030437440197286676,0.03919678350215432,0.0363391771593867
2,0,0.008955740420721002,-0.0019703252448153726,0.009743768254330818,-0.0014753576883835334,-0.011220396407850278
2,1,0.012124439005520026,-0.007318582156376224,0.017958831942530906,-0.005422355045199399,-0.01737103893770225
2,2,-0.0033853080470001027,0.011812163434066648,-0.011378227372571407,0.008766329661519785,0.009634554357960992
2,3,0.006654506080323018,0.0019079039986626264,0.0032624057576558937,-0.00032145120609274047,-0.004143150846717406
2,4,-0.00023016216216995057,0.009736159286261129,-0.010357956319327575,0.007181729599212372,0.011332156261672282
2,Aggregated,0.004824463925572795,0.002832615892622419,0.0018472636350760877,0.0017451112775296834,-0.002355256356672991
2,Centralized,0.004825073112204329,0.002831746553987773,0.0018487440409394721,0.0017444319672106018,-0.00235694824196117
3,0,0.008699982058077482,-0.020387770490060374,0.014166084932157147,0.009561921252035453,-0.011210504679106774
3,1,0.010681448888197042,-0.03238693039010433,0.024554394722385322,0.011857929112355635,-0.017308512237196424
3,2,-0.002697626271973444,0.010211672342125867,-0.012280846508769651,0.0034813084517651906,0.0075450835026093215
3,3,0.006479601452193572,-0.011651527622524456,0.0062913144625198324,0.005644311087809732,-0.003988262353838226
3,4,-0.00040284294091365487,0.006535278703850443,-0.011612039560306391,0.003562969344117583,0.009305904903913293
3,Aggregated,0.004552721335323015,-0.009537829771517651,0.004225726982426085,0.006822088171290561,-0.0031327860328111837
3,Centralized,0.004553310426656029,-0.009539806484523876,0.004227647712183898,0.006822480623966096,-0.003134329099023491
4,0,0.009017805877845116,-0.00537604588748974,0.009778668134358508,0.009139913570322926,-0.012295193414491217
4,1,0.01856392223999342,-0.013261766237956555,0.021503964367924212,0.009863084362994566,-0.01870722422751839
4,2,-0.017683203457228527,0.017520552937379492,-0.020165090511410924,0.0033655780638519326,0.012590631246841778
4,3,0.0024489211908707174,0.0017161716804934917,0.0006545355369246479,0.005454358288999891,-0.003356926897372334
4,4,-0.014526446434313603,0.015039588863944275,-0.018752263242741082,0.002699621685315648,0.013517401592560778
4,Aggregated,-0.00043406913209831583,0.0031262369392398358,-0.0013939049939640505,0.006104929472545079,-0.0016521256321469242
4,Centralized,-0.0004323499412093627,0.0031247821645234894,-0.0013917568299133436,0.00610533741920674,-0.00165398043349793
5,0,0.00656001411289312,-0.010158679313202494,0.006499573833537483,0.006234543214034281,-0.007098092017103824
5,1,0.009880859222886023,-0.019979608429461494,0.013657768950306794,0.008637750927487718,-0.013014234653404153
5,2,-0.007361766947634776,0.01569873626529508,-0.012649179262292318,-0.0017208976649450462,0.009990970121089982
5,3,0.003033430372894291,-0.0025545656490755975,-4.6124585458074314e-05,0.0018401053165828269,0.0005905696509726434
5,4,-0.003453840770738273,0.012246134760633905,-0.012391383728465174,-0.0027611773997881085,0.011704160852178533
5,Aggregated,0.0017323762276315027,-0.0009512175205788208,-0.0009844678326157165,0.002446704569381433,0.0004332903755184267
5,Centralized,0.0017330319329713268,-0.0009528226174150205,-0.0009830410215401029,0.0024473537713502304,0.00043191077918544547
6,0,0.007387671678780072,-0.012796366236570088,0.008526342010417891,0.005256631999244086,-0.006301917737481785
6,1,0.012930132081023178,-0.02363978631754322,0.01988237427198062,0.005950673228139036,-0.01218729309158037
6,2,-0.010527687419282084,0.01723946789689319,-0.02280964809996106,0.0049934279689795484,0.01203541145510786
6,3,0.002252881872425133,-0.0037981471529830624,-0.000518808943878211,0.004501693470720772,-0.0013231113256376983
6,4,-0.0049247884295941825,0.014020102355142719,-0.022838889787804725,0.003964015587964153,0.012382364380283149
6,Aggregated,0.0014244218381711474,-0.001796888711963065,-0.003549356752190799,0.004933407522642828,0.0009196827605055242
6,Centralized,0.0014252286998929608,-0.0017988171996702967,-0.003546955047239108,0.004933555620045447,0.0009182937887751722
7,0,0.008760260605047596,-0.009471381319703983,0.008666075954887758,0.003801205376130491,-0.012111609779313396
7,1,0.013267275367086306,-0.01874657923135539,0.019929054102128405,0.004094870600187409,-0.019120790292882026
7,2,-0.011242348198222389,0.01796861472867415,-0.020620523347161693,0.005276675198707801,0.010201788903863614
7,3,0.0030149895850654584,-0.0016271291809021825,-0.00037664110528021303,0.003893399043791984,-0.004016075255168583
7,4,-0.005514269180228559,0.01304001867055524,-0.020494587331543287,0.0037824143397939955,0.012134046558533935
7,Aggregated,0.001658062622306112,0.00023113540217539882,-0.0025771235207279605,0.0041697604899382295,-0.0025843358504579303
7,Centralized,0.0016589451094766894,0.0002295391955281297,-0.0025749323798934455,0.004169806840540257,-0.002586147028884528
8,0,0.006526332224127237,-0.01013690192356938,0.0044952260927344535,0.005576838941710257,-0.005562240825234218
8,1,0.011227531503010924,-0.019097266155340544,0.008180256564790399,0.005394065726160211,-0.006758849005606024
8,2,-0.009527972948294381,0.010988782030371753,-0.004232209377285866,0.000698080352516207,0.003448711901497063
8,3,0.000821699331702976,-0.00441308175690378,0.0023319469054255896,0.0031918569475773363,-0.0008214800054823506
8,4,-0.005012213731096214,0.007935902858106969,-0.004386856620093209,0.0014751632931711948,0.0027904991320715383
8,Aggregated,0.0008077901543037916,-0.0029458496088395677,0.001278368579866917,0.003267421197524674,-0.0013811841736698824
8,Centralized,0.0008084969528544345,-0.0029471852597764284,0.0012790606049277698,0.003267641400328972,-0.0013816867024438564
9,0,0.005719561753150781,-0.0052810411564983405,0.006727013365934675,0.0036753677479124986,-0.005785257834679477
9,1,0.009591999116795024,-0.012369260414491498,0.01765634793082586,0.004732276426856172,-0.010194536505847543
9,2,-0.013886423592743103,0.01822669627013301,-0.025154661593955407,0.003649095834428733,0.011706447506090737
9,3,-0.00023160694982580962,0.0013733995471374152,-0.0033722259435110995,0.004325139618466695,0.0016214069204741426
9,4,-0.008701306690542218,0.013504045691435452,-0.02427569866339962,0.004183732736753936,0.012614412691949285
9,Aggregated,-0.0015006708094509869,0.003089488754386499,-0.005681561039457821,0.004113113798670423,0.001991189691725146
9,Centralized,-0.0014997906509285157,0.0030882032786384932,-0.005679283927669922,0.004113085720077946,0.0019898696290939414
10,0,0.0028036319577450066,-0.00601412778289548,0.004020846822841405,0.005840513856920189,-0.004427262213999567
10,1,0.009141472801936367,-0.014846761084324178,0.012286610386406095,0.006320559611841665,-0.009716983330095035
10,2,-0.018460920184167416,0.020445667322894448,-0.02076002185313763,0.0009722230965809042,0.014062206425134949
10,3,-0.004198269395995614,0.0024610928694838064,-0.0047213390158360085,0.0037760684736696673,0.0025999075914799274
10,4,-0.013998627887262974,0.015266426969120847,-0.02033180614237144,0.0011114554931040957,0.015701309975529307
10,Aggregated,-0.004941430034519571,0.0034610095845571546,-0.005899369205997727,0.0036044703265778848,0.0036423544729045428
10,Centralized,-0.004940325457593792,0.0034595646247614197,-0.005897601096598006,0.0036047832978323025,0.003640870539254685
11,0,0.002882759402940796,-0.003097579887389765,0.003207949557657162,-0.0003915451938017965,-0.003049918327620357
11,1,0.0062638646827655265,-0.010697716867746336,0.009014033001850582,-0.0018634366207766642,-0.005529814496364546
11,2,-0.016027979001950445,0.018385679892060837,-0.019377089212596264,0.006684386936840622,0.009704308786045175
11,3,-0.006203807092574459,0.0034813782515210395,-0.00532465521200277,0.002688536518931518,0.003262402851682714
11,4,-0.009631548604333533,0.013974468385701804,-0.01771457517999499,0.005969897008846813,0.010474772530275015
11,Aggregated,-0.004542717055036467,0.004408070902167636,-0.006037433090934767,0.002617155908592437,0.002971428623613161
11,Centralized,-0.004542082046454343,0.00440688485626901,-0.0060360068051416955,0.002616735953136794,0.0029704941489658927
12,0,0.004932060616323118,-0.016256144863537512,0.0061109873035670465,0.004851100944218127,-0.0005178867648149441
12,1,0.007430616048368296,-0.026436949407048497,0.016992435494419887,0.0037662785014376384,-0.0035306601011711675
12,2,-0.0074891175162368024,0.021194636609158046,-0.026477631675810517,0.007361028654752865,0.010486836159908763
12,3,-0.00022689667730551127,-0.00364398817559765,-0.003282361759282801,0.006669558623689107,0.004240897504701473
12,4,-0.0022852344330033195,0.015050622557807872,-0.02534638275883314,0.005540204328352316,0.011715140865033996
12,Aggregated,0.00047262435890100076,-0.00202046151861971,-0.006398263257784428,0.005637646179395405,0.004477976582719978
12,Centralized,0.00047296393625592036,-0.0020225445738075794,-0.00639594935378305,0.00563765680395947,0.00447708488441639
13,0,0.002332306747982263,-0.004681712755909505,0.005096796764717152,0.001969245060877001,-0.0041019500993755365
13,1,0.00437362162700818,-0.010240879494710446,0.014020592798803766,0.0014929865984951625,-0.008467691062848396
13,2,-0.0029432409908237258,0.013792207043431622,-0.02063443526997926,0.001653150558004309,0.007336478822923885
13,3,-0.0016351270386844262,0.0011601087484526581,-0.002096261424459038,0.0019235233507510765,0.0008920810272955062
13,4,-0.0010393237494283572,0.010810283741264016,-0.02018887607324211,0.0023166600519096063,0.008604738245831885
13,Aggregated,0.0002178017335185342,0.0021669397836719404,-0.004758541313362544,0.0018710583901936169,0.0008517790810182169
13,Centralized,0.00021795378831412175,0.0021658847664451667,-0.004756654273527802,0.0018709971489262248,0.0008508296386463716
14,0,0.005325447621960885,-0.011256937464134743,0.0053625314464239736,0.006833015129211158,-0.00487186120058683
14,1,0.011149320229634404,-0.022642465218602196,0.014000963352678667,0.0072976797441391015,-0.008429521323916007
14,2,-0.015094956497141609,0.022847413336125357,-0.019412806096370357,-0.0022886158171532287,0.012487506384405754
14,3,-0.0035657930438454852,1.0937284796479208e-05,-0.0024410019701479073,0.0028187101345491044,0.003301378929828832
14,4,-0.010109286817443783,0.01681024567308269,-0.021247667010572995,0.00020546549140077383,0.013645385443493752
14,Aggregated,-0.0024581138981527107,0.0011519153898066235,-0.0047455690821073555,0.0029735909487686872,0.0032252977341366584
14,Centralized,-0.002457185047549265,0.001149984954714108,-0.004743561205671414,0.0029739265776368437,0.0032240013768097247
15,0,0.0072507186187311425,-0.011333779263947016,0.007179377910085109,0.0014731580003205953,-0.008937652560819265
15,1,0.011748464981085375,-0.01956206577339499,0.019909765171740115,-0.00069212601717329,-0.014828994882610174
15,2,-0.011490598054245042,0.018956408181217074,-0.026433214587251196,0.009560667397158773,0.01367557388561607
15,3,-0.0001930421293235951,-0.0015702667664664511,-0.0019013999263344063,0.003999689930249832,-0.0011717713021434345
15,4,-0.00659687866495123,0.013532209432573822,-0.026968479226349033,0.00813156086907851,0.013366298772233658
15,Aggregated,0.00014456100979254012,2.8393324125585567e-06,-0.005640170348556899,0.004494143247335237,0.00041910046176622936
15,Centralized,0.00014537226674189903,1.1789145858355962e-06,-0.005637557961477873,0.004493706820202907,0.00041748742101253844
16,0,0.0027970051148534123,-0.002940163869155286,0.005729121697896614,0.0021391667513640444,-0.00453457891944173
16,1,0.0077808173083718,-0.009167661390412007,0.015235782723900861,0.0014356090484845356,-0.010807226665179338
16,2,-0.007072759941757024,0.015575736620701379,-0.026356776685351954,0.0014816476097993443,0.011904240636303066
16,3,0.0008551119575271715,0.0025599409871546078,-0.005193062771595101,0.002674678486916937,0.00029662255456384354
16,4,-0.004704634868488076,0.012517618669307095,-0.025113129914342672,0.004108543918434163,0.011583991771923012
16,Aggregated,-6.83226018184976e-05,0.003708012108440286,-0.007137405008948916,0.0023677153348304687,0.0016873942640866688
16,Centralized,-6.7787632861759e-05,0.0037069268762287,-0.007135210102590117,0.0023675086016396968,0.0016861725785643706
17,0,0.004053685881038924,-0.013090374798715642,0.005206111719282801,0.0033966741817021955,0.0006674475789685307
17,1,0.008277027375863001,-0.023977645278861943,0.015436915633539355,0.0018242667589832876,-0.0022171877777559996
17,2,-0.011212034955329412,0.021843576949754185,-0.023106311737824955,0.00494457151139381,0.008605341392122788
17,3,-0.0019392666301307371,-0.00313259148662995,-0.0021325005374412177,0.0035231840730017977,0.005909678282164941
17,4,-0.0072538918316894805,0.015811328026016817,-0.023946349993837334,0.0046305302864265655,0.009793381308953625
17,Aggregated,-0.0016142033019982968,-0.0005111462277752896,-0.005706186520984155,0.003663726608587072,0.0045510882394248445
17,Centralized,-0.0016135371127144452,-0.0005131655378907806,-0.005703963610145422,0.0036636039571397976,0.004550434332107488
18,0,0.0008251626040836207,-0.0070030320677508156,0.0047473528064015955,0.005374480756097417,-0.0066442936792832814
18,1,0.00015982884823398104,-0.0130472374144202,0.012454767258704875,0.0056732286175475615,-0.011614263228549741
18,2,-0.0015268074897941094,0.013552294711244636,-0.00968473683161265,-0.0026067012012846937,0.007384406901056019
18,3,-0.0017880565779743933,-0.001089524423044376,0.0009988292866126458,0.0019362784368463484,-0.003317889410274698
18,4,0.001026736985780909,0.00933000042743914,-0.012224761026234666,-0.00023402045029174192,0.007184547709099351
18,Aggregated,-0.00026078527391615064,0.00034739690217959636,-0.000740299050284328,0.002028931192985899,-0.0014025531060081102
18,Centralized,-0.000260942980468278,0.0003462673737392591,-0.0007388712779399703,0.002029184947288868,-0.0014036201910804917
19,0,0.003935299764076902,-0.0036225444224461455,0.004934927515609717,0.0004889674501494292,-0.0031292704044511015
19,1,0.00951377990389179,-0.009982282330613707,0.01169448990001475,-0.00042118350090695014,-0.004767791607822937
19,2,-0.015252809680114103,0.014583233864105264,-0.016431159118343114,0.004521715794794232,0.00676480469475877
19,3,-0.0033622863464141182,0.0008101438586697906,-8.332946647943059e-05,0.0027960952862013566,0.0016011484134062352
19,4,-0.01198446398280652,0.011652112853536345,-0.015492592484287875,0.004086531404482344,0.007397572886878322
19,Aggregated,-0.00342904519539897,0.002687031572415564,-0.003074007340229626,0.00229420513324886,0.001572577305003804
19,Centralized,-0.0034280043336255912,0.0026859069142553915,-0.003072482557475678,0.002293985720485369,0.0015718681408004402
20,0,0.006819533759385554,-0.007065692173508098,0.00624596284395891,0.003493003857318967,-0.010097065680646899
20,1,0.013942834671870359,-0.01607177738369197,0.015422332049180068,0.004458488261125483,-0.017593572433267812
20,2,-0.018471762640936806,0.022136794508539535,-0.018818590135849293,0.0008752484206510221,0.014399066931289273
20,3,-0.00120437662170652,0.001036264734720733,-0.001150519698482567,0.0022990467251559443,-0.0007874171079710141
20,4,-0.013962936307895081,0.01647397983709103,-0.018653321143476915,0.0005586764027428882,0.015149184150998094
20,Aggregated,-0.002573942503391029,0.0033002957644094355,-0.0033889522752642877,0.002337111180784464,0.00021220444403402514
20,Centralized,-0.002572556764569403,0.0032986841567358475,-0.0033870578058808115,0.0023373339316675366,0.00021038069345602668
21,0,0.003733800811552667,-0.00883508603528837,0.008207087059505793,0.0031801679363734356,-0.009069246067186733
21,1,0.006705629448070693,-0.015223642334857436,0.014920403126819921,0.0037022405927153927,-0.013856956170826619
21,2,-0.011484435999857023,0.01831106293169744,-0.01568023845928332,-0.0007289520803704301,0.011507053466476158
21,3,-0.003147041128268187,-5.11662761576386e-05,-0.00015611851762788176,0.0029795559545430735,-0.00042533485743583287
21,4,-0.004530308437817501,0.01269591394691181,-0.015619131726081285,-0.000992077563991419,0.01090220227950424
21,Aggregated,-0.001744128831310668,0.0013780262560492635,-0.0016638855628557576,0.0016285088577875934,-0.00018981871681484708
21,Centralized,-0.0017438013329164402,0.0013766175203043481,-0.0016621995927308352,0.0016288085523416217,-0.0001911790394872511
22,0,0.007521669087480298,-0.007470062889686228,0.006372412204527874,0.005491470397933835,-0.009763518656894008
22,1,0.010039957057236449,-0.015617634682667064,0.013616743208891013,0.009532227462155525,-0.01618471532581296
22,2,-0.007857560994332735,0.01946816119225524,-0.01745458222514189,-0.009478950712333492,0.011530060327782376
22,3,0.00047060432555023625,0.0023236709487947887,-0.0021457337807812642,0.0018582076848322553,-0.003392029009100317
22,4,-0.005618437967082865,0.014757948892141225,-0.018450249498820296,-0.006148508257385767,0.012879837975062886
22,Aggregated,0.0009120484496488864,0.002690934485576889,-0.0036104592281195787,0.0002516754576739812,-0.0009877763143364736
22,Centralized,0.0009128700791607121,0.0026894345816479057,-0.003608648343811545,0.000252453002803107,-0.0009894779324334778
23,0,0.00610719293840387,-0.011099694091617818,0.005884063579211606,0.002997357558858536,-0.0041348025199992615
23,1,0.009316429723534558,-0.019126803987122378,0.012776809884109352,0.0038829293624439865,-0.006917471732084793
23,2,-0.009904173017216588,0.015966021861762845,-0.009886258868266214,-0.0007575294989647698,0.0089678848535745
23,3,0.00033092010106500295,-0.004840025759755868,0.003027147911526698,0.002596298971497865,0.0010665961324216441
23,4,-0.007185608745785216,0.012523069813429277,-0.013499272423092921,-0.0006341913965385453,0.010068633154022077
23,Aggregated,-0.0002661978800407314,-0.0013171864487838921,-0.00033788535353787954,0.0016172495467885505,0.0018091534552839021
23,Centralized,-0.00026529904067924083,-0.0013188308081324355,-0.0003363581402634296,0.0016175765049074799,0.0018080741939952715
24,0,0.007016574167132307,-0.012033636905515467,0.0070872336727026315,0.003219659374486138,-0.006319953983278197
24,1,0.008110855585191234,-0.018719568552133047,0.016181643729801354,0.003274302043404557,-0.01105420821402233
24,2,-0.007789193739573508,0.014966702816930487,-0.017464462653443504,-0.00016962475304379277,0.010148161874276184
24,3,0.0013995665890412623,-0.00497467441846675,0.001273255504710169,0.0028963493305415033,-0.0015875051277482884
24,4,-0.004397107284475008,0.009537528006709713,-0.01820150564190414,0.0017578238076886151,0.011578107139596209
24,Aggregated,0.0008687858797585728,-0.002246177217861765,-0.002222804393610325,0.0021957557523482043,0.0005515659338088377
24,Centralized,0.0008694506948429493,-0.0022476202949309096,-0.002220822203122648,0.0021958177005719985,0.0005502187415234283
25,0,0.005060287028390231,-0.012598815426217387,0.006300443132803308,0.0042826035135135,-0.002692274192521084
25,1,0.009863069108292566,-0.020341692631603556,0.013055398149879915,0.0025349129099567916,-0.005426741528275528
25,2,-0.00863397049125009,0.01548154878518081,-0.011613501009588849,-0.00025392847233547954,0.0053766913098289015
25,3,0.0022705534769001854,-0.006073328084534373,0.0015862051189453024,0.0016835439396798713,-0.00020717668643306653
25,4,-0.005217741483696697,0.010150911397442723,-0.013295097515376558,0.0016026013359480876,0.006985917626686282
25,Aggregated,0.0006691626235795071,-0.0026778509649987062,-0.0007917746257557073,0.001969991772382978,0.0008065242831832484
25,Centralized,0.0006698741136951264,-0.0026794307269780225,-0.0007902572054916536,0.001970036942964227,0.0008057573148807002
26,0,0.005871448961318201,-0.012175416762894967,0.00883322052502367,0.0038147685056423015,-0.009040336650068903
26,1,0.010285834227729338,-0.019794770613261757,0.017409962878443055,0.0021203575043345023,-0.011408644800669682
26,2,-0.010126109254620099,0.014646123549544931,-0.019071697933306098,0.004574416471517619,0.010666250701158531
26,3,-0.00034898547877374174,-0.004778816284208313,0.0009271822281502441,0.00533759761274237,-0.00044538238141720774
26,4,-0.006913601117319053,0.011958725490206108,-0.020204102334144457,0.005767083185668474,0.009480287995647312
26,Aggregated,-0.00024546347658109915,-0.0020305492443727096,-0.0024189023486332582,0.004322667236549256,-0.00015074801936417273
26,Centralized,-0.00024463993027075046,-0.0020322697059567815,-0.0024167166449039494,0.0043225114959858845,-0.00015193243464952746
27,0,0.005009223106073038,-0.003749069867026823,0.005310590373542866,0.0038727367764400207,-0.006056533667401787
27,1,0.00907803587061975,-0.009440605194378686,0.013608430179209747,0.004325897267522142,-0.011072830832779245
27,2,-0.010254050155205375,0.017451217398517856,-0.024258741549211635,-0.004101561498658931,0.013973032919092975
27,3,-0.0012023807432545283,0.003336439087796698,-0.003942471579687169,0.002234215015308174,0.0007015762902073244
27,4,-0.00809695675137207,0.012742262280884663,-0.024439813128258537,-0.001216078219956615,0.01491218241394534
27,Aggregated,-0.0010923653518365541,0.004066983145686893,-0.0067422273241078265,0.0010233169358608298,0.0024899595873242217
27,Centralized,-0.001091478237284967,0.004065937029456929,-0.006740067167470521,0.0010235857331620014,0.00248843046853401
28,0,0.004169135511247166,-0.015105321707516986,0.007615427205795191,0.0024710705776271784,-0.00448974230642278
28,1,0.0063050043610748995,-0.025051248060442052,0.015394430706373542,0.0018952826542086168,-0.00719045474844616
28,2,-0.006905502021576993,0.01763055776096618,-0.013720421450665925,0.0031239631101495015,0.00694704051434464
28,3,-0.0011667672153985703,-0.006441518384958531,-0.00033095655313450194,0.003418512478155334,0.0010244144849966062
28,4,-0.004369945767979513,0.011467164751733329,-0.01458423618185567,0.004482065975502482,0.008584864270209507
28,Aggregated,-0.00039312654880890895,-0.0035019117985856437,-0.0011234978552408024,0.00307800649673295,0.0009742896264593166
28,Centralized,-0.00039262336034244597,-0.0035037422594520113,-0.0011218422256899013,0.0030778518725625465,0.0009733619696293355
29,0,0.005088401307895791,-0.013217064158294784,0.007799020025127697,0.0029942032530008264,-0.002175953760308973
29,1,0.004282264334210431,-0.02008304440561448,0.017680632579076757,0.003473431350848308,-0.003927606493190998
29,2,-0.0008255355064579556,0.017174815391594055,-0.02429346267159811,-0.000787580722203766,0.006927411204854924
29,3,0.0019248784951579722,-0.003712624708710706,-0.0026029593646225277,0.002746536030146097,0.001296995824885975
29,4,0.0006911340137886144,0.012051929053503326,-0.025414614089043264,0.0012689698714074072,0.009280063331599808
29,Aggregated,0.002232417846755048,-0.0015588695970599376,-0.005363813839142041,0.0019391942811488785,0.002279322111699282
29,Centralized,0.0022326171017121393,-0.0015605427598370377,-0.005361357759170935,0.0019392719296669211,0.002278456691347771
30,0,0.007485670700575739,-0.0119298576441963,0.00944476574228952,0.003409724668963991,-0.005809268616530983
30,1,0.009988010665555321,-0.019663950111608285,0.01798510739456134,0.003636460378316177,-0.00854663773184321
30,2,-0.007572992297348891,0.016871317632516737,-0.01872211805955558,-0.004310561327666512,0.012415564837933603
30,3,0.0007503461164719856,-0.003615874093272808,0.0012230003174807046,0.001289178757681166,0.002453506847473409
30,4,-0.006126449032602257,0.011842960584007727,-0.018602549613785314,0.00013790373862082502,0.011338962303302431
30,Aggregated,0.0009057810082108112,-0.0013006951783161836,-0.0017322866481358865,0.0008326265768650879,0.002369323776060018
30,Centralized,0.0009066452819240465,-0.0013023043960967548,-0.0017302192730204034,0.0008327143410505735,0.0023682340635922056
31,0,0.003352962150925265,-0.0010005834467925006,0.004406499927138453,0.004970754278448675,-0.007716938340269922
31,1,0.005063769814292828,-0.00739341732030881,0.01348465643784257,0.007343954743364305,-0.013265845432969414
31,2,-0.008561246147310343,0.01888343296238112,-0.025361062370198736,-0.009246669896839801,0.016148854171957435
31,3,-0.001686958128473476,0.003580326800795523,-0.005482245324357588,0.00282782869556862,0.00045657513291891223
31,4,-0.003661604682244395,0.014796755996501161,-0.02877684242316412,-0.006446697570673692,0.01727716883075977
31,Aggregated,-0.0010983005446836194,0.005772194500250752,-0.008343288871407487,-0.00010938753024557994,0.002578157374373243
31,Centralized,-0.0010980011695248186,0.005771076872696474,-0.008340776715127972,-0.00010860879861862663,0.0025763464883705447
32,0,0.0044344586124777504,-0.004532816367849542,0.002931482927949154,-0.000229022273370393,-0.003207721052970333
32,1,0.006973123983633645,-0.012323117253145858,0.013104502253028321,-0.0010211652906561037,-0.007011563488581459
32,2,-0.01072874225145319,0.02000063223769963,-0.02694158952203533,0.003912011912471904,0.014659665593036735
32,3,-0.003021920472535171,0.0024584192141239593,-0.005071313342848186,0.0019051998066125684,0.003213411455123537
32,4,-0.007295800880294347,0.016302601936567424,-0.02856639497985427,0.005016678073955572,0.014873267524905484
32,Aggregated,-0.0019271167593961666,0.004379679445880083,-0.008906247652073077,0.0019163596297800869,0.0045041383530957544
32,Centralized,-0.0019264648246006082,0.004378213456496339,-0.00890382318202935,0.0019159913170216211,0.0045028515241895585
33,0,0.006081767785530101,-0.013991201412979265,0.006315786455559234,0.0025484843240677815,-0.005275599216758892
33,1,0.00922126455379716,-0.02106268293770143,0.013041265883315507,0.000617060196686627,-0.008516365767855348
33,2,-0.008903846197455578,0.017077838409591248,-0.012665285054770735,0.0024260163098815133,0.011669930054514598
33,3,-5.2816598481407e-05,-0.005208473022480207,0.00018828161631188935,0.004666073312912889,0.0014834309102517457
33,4,-0.006358634285827175,0.011654271894222957,-0.014655083811852246,0.003564737010256276,0.012461273700704609
33,Aggregated,-1.672114810607507e-06,-0.0023077643883858585,-0.0015533976856649842,0.0027643759213995733,0.002363293588545098
33,Centralized,-9.116307182708653e-07,-0.002309484656505088,-0.0015518022250295142,0.002764267196371454,0.0023620339095217118
34,0,0.004554952963691952,-0.008938274182771806,0.00813932641556163,0.0038735370506876826,-0.006210511016625077
34,1,0.006110017505102686,-0.01649853958647617,0.013600486074711846,0.005908009059751524,-0.009791580096515295
34,2,-0.011073318994078851,0.01768745536100931,-0.014486812353932696,-0.004922126495466596,0.010186980551109042
34,3,-0.004807055244231159,-0.001491992308738767,-0.0003854055026661427,0.0015989201917357718,0.002371303076259671
34,4,-0.007621866126439314,0.012408686345113345,-0.015359666822705958,-0.0016021426187363735,0.011065507382536446
34,Aggregated,-0.0025668330631076165,0.0006320205829264689,-0.0016967362028153356,0.0009715555681869914,0.0015231678817634255
34,Centralized,-0.0025661925176936173,0.0006305987379694317,-0.0016950386247895253,0.000971898454631633,0.0015220118844746972
35,0,0.0043183050127091486,-0.006232028710734694,0.004086955712810237,0.0035979815913211367,-0.0020707545872861166
35,1,0.006615748321291894,-0.014382545668051335,0.014424141926626645,0.005745882493439924,-0.005967268108146819
35,2,-0.006835924066982361,0.021167980151381098,-0.02981654821378314,-0.0016049238375690925,0.012623363485992498
35,3,-0.0005202267601893768,0.001732706325225901,-0.007068651634828784,0.004656134472551362,0.0031811957191012355
35,4,-0.0035856848676064637,0.016258595527208052,-0.029706126321151667,0.00040265871549296183,0.01225465998553646
35,Aggregated,-1.1161750643776884e-06,0.0037073998458187775,-0.009613577712992023,0.002559811652861767,0.004003225764972747
35,Centralized,-6.732533177178369e-07,0.003705847924385439,-0.009611103465661233,0.0025600830130161852,0.004002206051729809
36,0,0.0021836858666434904,-0.006436229137819194,0.0023506174554754474,0.0005612607955586842,-0.004145610926202966
36,1,0.005205020961172529,-0.012488282655767706,0.009406671579564133,-0.0003769182767919423,-0.00853361382691802
36,2,-0.008130748979600904,0.015459815389271447,-0.011179617791425563,0.0016940321162410195,0.008649457488982703
36,3,-0.0034358942101494075,0.0004269633449554944,-0.0009519040158055135,0.002298011916259247,0.0008010480642994204
36,4,-0.0054985231014186365,0.010011127878974768,-0.012596115680132833,0.003054196468322072,0.00978433706193704
36,Aggregated,-0.0019348541627226422,0.0013936204646244079,-0.0025928409756232253,0.0014459190571760815,0.0013100826690702885
36,Centralized,-0.0019343869051780065,0.0013925442697032895,-0.002591616854335615,0.0014457085144891232,0.0013090318634315173
37,0,0.001957859803872882,-0.0056301820674826055,0.005945965092252486,0.0010744314536930936,-0.001313996807765674
37,1,0.004191521348643782,-0.012704653956348589,0.012103943114271033,0.0014105881071873494,-0.003334706287359307
37,2,-0.007363998243812762,0.014605967159790317,-0.012152856140374408,-0.0018730551889063658,0.004773871956425257
37,3,-0.003558699255376289,-0.0012922403484410697,0.002324039895393262,0.002145660578801803,0.000779642902229541
37,4,-0.002689347932448432,0.010639045487967706,-0.01553640939252356,-0.00030602379598841705,0.006405791450351915
37,Aggregated,-0.0014923858314604618,0.001122418315785353,-0.0014613346270203732,0.0004904180589144899,0.0014615133308623909
37,Centralized,-0.0014922422738376019,0.001121264580537141,-0.0014596050800723534,0.0004905072251103006,0.0014608994526866524
38,0,0.005426722462306739,-0.005983239483638555,0.006524887361853275,0.003643743698385765,-0.010229485053888328
38,1,0.0104035418076034,-0.013292073633404523,0.014108458929046226,0.004746611717109204,-0.015392928738988315
38,2,-0.02135624491424036,0.021520553219006013,-0.014491548561423425,-0.0053952299436045206,0.014888358070566383
38,3,-0.005852046204941014,0.0026145974613503357,0.0014090726056694466,0.0006008323764201139,-0.0009687481607304131
38,4,-0.016767112273834373,0.016786857706575575,-0.015760881658616995,-0.0031859257764749395,0.016317652913247434
38,Aggregated,-0.005627659551601347,0.00432780869328214,-0.0016402678118956804,8.240786790858143e-05,0.0009210786254133362
38,Centralized,-0.005626295167356887,0.004326275777131078,-0.00163853757114032,8.278351212356039e-05,0.0009192076281925508
39,0,0.004400461096608646,-0.0031174110067858085,0.005320559849713877,-0.0002647847490108282,-0.004140026071697634
39,1,0.005057483742612031,-0.008445589098067596,0.01333252156605909,0.00013982732916814438,-0.008168786520276423
39,2,-0.0009752942350644121,0.01736224948305883,-0.022886076735643336,-0.003860915234155926,0.0127840132128341
39,3,0.0005967337829309037,0.002854449025857031,-0.003522809320078853,-0.00016108552187350984,0.0023700560044662604
39,4,-0.0004762225604676128,0.01324244856056647,-0.023147788823698126,-0.002011953682407641,0.012707310013070298
39,Aggregated,0.0017209022409328657,0.00437814057880243,-0.00617863435009491,-0.001231686530458108,0.0031093343962355197
39,Centralized,0.0017211784951403973,0.004377033272933562,-0.006176550828187853,-0.0012315930220259217,0.003108137353626199
40,0,0.0018681448115123603,-0.0033462192629820984,0.0038349032051967586,8.467601059464527e-05,-0.006090670847967792
40,1,0.003377311796019324,-0.010251542677725375,0.011406225465507631,-0.0008238675431458157,-0.00887259769904869
40,2,-0.009069061439029821,0.017696562089151543,-0.017237902824649366,-0.002957926003883203,0.010295570411456659
40,3,-0.004864633385226519,0.002104451400026991,-0.0013398007892571372,0.00029597853083648633,5.635266013645686e-05
40,4,-0.0066218434446558925,0.013827299035642308,-0.019004344285314882,-1.270532347008672e-05,0.011603057647181605
40,Aggregated,-0.0030615790205089795,0.004004903619612045,-0.004466398131451427,-0.0006828511806739913,0.0013970888223356988
40,Centralized,-0.0030611298100993493,0.004003680832138894,-0.004464622188981162,-0.0006829186280002583,0.0013958462815514227
41,0,0.004339464642345537,-0.014641627125552786,0.00894032903890893,0.0031379508639728547,-0.0029063357793985274
41,1,0.005574311339450034,-0.02367193623335863,0.017933499914763347,0.003523086476624108,-0.006146663801579108
41,2,-0.0036283988219361907,0.018728989940305772,-0.021941923851674247,0.001682801706505141,0.009303653076073075
41,3,-0.00021244410826055474,-0.004849621428807614,-0.000650105557961816,0.004461205114111433,0.00214149380752947
41,4,-0.0007141996420389179,0.012308226652850482,-0.02337726515534604,0.004298910453564291,0.00980253118017878
41,Aggregated,0.0010719660788990459,-0.0024270035858173517,-0.0038166904722164393,0.00342068304917643,0.0024380311057332306
41,Centralized,0.0010721916205674114,-0.002428808611703435,-0.0038142684744606873,0.003420577074455759,0.002437121189033908
42,0,0.007664440240314174,-0.009574018453564611,0.005737154651304702,0.0008852942947364092,-0.0024042595055509277
42,1,0.011425540482215018,-0.01749359437258455,0.013848383040828567,0.0015930162576502048,-0.004676559334384594
42,2,-0.013179497097579762,0.019132635408740852,-0.020625773135694508,1.817030864516613e-05,0.010245096127467263
42,3,-0.0008496027538634894,-0.0014108326638996248,-0.0025702684865916855,0.0022075714275695693,0.003806814459764143
42,4,-0.010255216026570006,0.014693691591308929,-0.021360917028499023,0.0016498413893261787,0.012431674739132191
42,Aggregated,-0.001037734836263058,0.0010679026291659111,-0.004992273610625784,0.0012707321691220997,0.0038795028232286944
42,Centralized,-0.0010366213508230305,0.0010662224505876875,-0.004990268726230538,0.0012706863993091266,0.0038784563076109174
43,0,0.0055412682310104185,-0.006690581505037581,0.005836449373698536,0.0034673697511356256,-0.007589916870475373
43,1,0.008275475845219217,-0.01413095993257439,0.01230172852563667,0.006295391688724254,-0.012897668458411777
43,2,-0.01576357254567284,0.019491265256555222,-0.012983071092766656,-0.00566369247573703,0.014871375672936515
43,3,-0.0036928090657635726,0.0006932643732431451,0.0015130211814736695,0.0013672775720449707,0.00036792024035206907
43,4,-0.012973255629299702,0.016023228009642336,-0.015144406293204005,-0.003098695891681199,0.014073438580945907
43,Aggregated,-0.0037214422209979276,0.0030756528733906193,-0.0016936034819675652,0.00047396896382506946,0.0017635177899813716
43,Centralized,-0.0037203078959753676,0.0030740643480026116,-0.0016919620319128502,0.00047440031899282964,0.0017620095711295737
44,0,0.0027918732872690396,-0.01024036345181973,0.006812432651030153,0.005890859278796902,-0.007486325622091661
44,1,0.0029368643630842055,-0.018387513767581944,0.014286441229589017,0.006642549878252078,-0.009240084938132699
44,2,-0.0033806878035581448,0.015857675155183562,-0.016096539630409572,-0.004425506299159919,0.012644492121692056
44,3,-0.0017082457347894291,-0.0022756649588649516,-0.0007652924515715785,0.0029230842309604893,0.000703924980943114
44,4,-0.0015713377355844563,0.012288949851860097,-0.01756006784881814,-0.0024921071961873224,0.012082748388871096
44,Aggregated,-0.00018613657871153512,-0.0005529608223206488,-0.002662775356820363,0.0017082919188505833,0.0017396805341937773
44,Centralized,-0.0001859755025838507,-0.0005545692352773607,-0.0026609471368875103,0.001708834940433696,0.0017384219626064826
45,0,0.005910699786764261,-0.005527681254787215,0.007585854631920745,0.004350553072264022,-0.009543843410355607
45,1,0.009301744559246568,-0.012367724687889482,0.014548561421754909,0.006239643576883345,-0.014192745120420762
45,2,-0.01588776255675303,0.016428596447618758,-0.01352632589008435,-0.005747198583563615,0.014706136623017575
45,3,-0.0041479656580497865,0.001731317036119548,0.0009911887182560766,0.0032818969721462327,-0.002096937846486704
45,4,-0.01193500344426551,0.012734568004353165,-0.015301427608745165,-0.0016351513552088795,0.015041821986295395
45,Aggregated,-0.0033506030298874855,0.00259857009168235,-0.0011386901184807065,0.0012983090571444611,0.0007811347882250488
45,Centralized,-0.003349537815990673,0.0025973493520515005,-0.0011369337695836433,0.0012986789760030546,0.0007793824989317068
46,0,0.005147034048208236,-0.007170130167156573,0.0070998167551238325,0.0022822878385814734,-0.007966079859692011
46,1,0.008899299832904932,-0.015560791195574767,0.015305531122289549,0.001992529731367316,-0.01142236633039356
46,2,-0.01059611584768921,0.018708794558084777,-0.019403785762854762,0.00021079306355886452,0.013363348588045295
46,3,-0.0013170625705382522,-0.0008248798449870194,0.0005505611730669597,0.0030263728296929518,-0.00015325865573983567
46,4,-0.007471925532488116,0.012407202458208033,-0.019216992772484166,0.0016243355777989202,0.01344921707014062
46,Aggregated,-0.0010669672848251138,0.001510700730672048,-0.0031309980339606905,0.0018272887371923075,0.0014526986149879743
46,Centralized,-0.0010661564800987955,0.0015093489815343152,-0.003129006838549182,0.001827316402924202,0.0014512286353486855
47,0,0.005536293603201103,-0.010996571854690272,0.007766697446947294,0.0010804827679948919,-0.0025386494595962253
47,1,0.007706934499443517,-0.020453759386324745,0.015083009819241723,0.005314379406621507,-0.006362017376518231
47,2,-0.009238023753020207,0.020805582854262195,-0.01620423607343877,-0.010372154319892506,0.011769889870992301
47,3,-0.001994950011391487,-0.0015951428157885625,0.0009134763269671072,-0.00029786719510194827,0.00238664806583655
47,4,-0.005888630455903512,0.01577956665409545,-0.017196037584387595,-0.005973740887099762,0.01260130885547796
47,Aggregated,-0.000775047115646476,0.0007060835953857448,-0.0019255423187512582,-0.0020492980012289125,0.0035703267043167867
47,Centralized,-0.000774398358934969,0.0007042165245046019,-0.0019236356312588526,-0.002048776565210191,0.003569259072269635
48,0,0.006422060204575646,-0.011372274732833282,0.0069967010179515935,0.00387598069342945,-0.007285595570449016
48,1,0.01047541124790432,-0.01997796847473339,0.01581727649944371,0.004146936099848789,-0.010942053763058759
48,2,-0.014274067441240573,0.021088947628734363,-0.023123255104549177,0.00046648101990666294,0.01603706595328122
48,3,-0.003582765521015043,-0.001130026432604116,-0.0004332908322204158,0.003859286745135095,0.0012277461020950315
48,4,-0.011701369838315708,0.016047196904997573,-0.023041037228681796,0.0018614260116554117,0.015621695996903903
48,Aggregated,-0.002531019863971185,0.0009293180305931566,-0.004754474968117518,0.0028421425766470077,0.002930212832879116
48,Centralized,-0.0025298970892357027,0.0009274499429186363,-0.004752227590842489,0.00284225183614314,0.002928641857437047
49,0,0.00569403177485976,-0.009969404706785038,0.007627319934612662,0.00038705734105463956,-0.0063371605294521
49,1,0.008464306852604752,-0.019215568934747827,0.01496755454027761,0.0007517458797510432,-0.009429655373489514
49,2,-0.008809619310676232,0.017824802810739424,-0.018197071677423963,0.002247515357648173,0.011328177510515418
49,3,-0.0007666783112887182,-0.0023715882391602003,-0.00023216483199355227,0.002664419386544096,-0.0005515199356264618
49,4,-0.006519691297210787,0.012774125258785768,-0.016540230721547176,0.002984734601663174,0.010298834659435428
49,Aggregated,-0.0003867767447168812,-0.00019311954525879109,-0.002473190678954163,0.001806949844545845,0.0010606005223321839
49,Centralized,-0.00038600967980323235,-0.00019469425104200465,-0.0024714563497981383,0.0018068172793210657,0.0010594680813776596
50,0,0.004192576586240907,-0.006677585492628504,0.007696204657197367,0.0011922275762042847,-0.004463634859948956
50,1,0.007482736869909432,-0.01355995344140678,0.016127161671578696,0.0020117681506680325,-0.008359741527459597
50,2,-0.009038454059854593,0.01661003490661297,-0.022842471107734384,0.00019772362579020263,0.009792764680950845
50,3,-0.003284199729716472,0.0006816371086257906,0.0005390504482962772,0.0024180158368355483,-0.0002809673506254171
50,4,-0.00736796465070155,0.013612265378832046,-0.021922687584245804,0.0012478746060963627,0.010657601612592637
50,Aggregated,-0.0016023527994528906,0.002131869540514604,-0.00407835654130579,0.0014135423082915803,0.001468075750056297
50,Centralized,-0.0016016250930814843,0.0021304790642550863,-0.004076172260018247,0.0014135543363118573,0.0014669599596609558
