Round,Evaluator,0,4,1,3,2
0,0,,,,,
0,1,,,,,
0,2,,,,,
0,3,,,,,
0,4,,,,,
0,Aggregated,,,,,
0,Centralized,,,,,
1,0,,,,,
1,1,,,,,
1,2,,,,,
1,3,,,,,
1,4,,,,,
1,Aggregated,,,,,
1,Centralized,0.8733645677566528,0.7611112594604492,0.8326292037963867,0.7983208894729614,0.820667028427124
2,0,,,,,
2,1,,,,,
2,2,,,,,
2,3,,,,,
2,4,,,,,
2,Aggregated,,,,,
2,Centralized,0.7159201502799988,0.16824086010456085,0.6791304349899292,0.31362032890319824,0.34700807929039
3,0,,,,,
3,1,,,,,
3,2,,,,,
3,3,,,,,
3,4,,,,,
3,Aggregated,,,,,
3,Centralized,0.8161777853965759,0.12629960477352142,0.8008182048797607,0.27646106481552124,0.36955371499061584
4,0,,,,,
4,1,,,,,
4,2,,,,,
4,3,,,,,
4,4,,,,,
4,Aggregated,,,,,
4,Centralized,0.7988935708999634,0.18082410097122192,0.7887744903564453,0.31122422218322754,0.4253864288330078
5,0,,,,,
5,1,,,,,
5,2,,,,,
5,3,,,,,
5,4,,,,,
5,Aggregated,,,,,
5,Centralized,0.8358755707740784,0.06541572511196136,0.8182766437530518,0.23877307772636414,0.32515063881874084
6,0,,,,,
6,1,,,,,
6,2,,,,,
6,3,,,,,
6,4,,,,,
6,Aggregated,,,,,
6,Centralized,0.8152660727500916,0.10445983707904816,0.783928394317627,0.2639099657535553,0.34502139687538147
7,0,,,,,
7,1,,,,,
7,2,,,,,
7,3,,,,,
7,4,,,,,
7,Aggregated,,,,,
7,Centralized,0.8733028769493103,0.0680004358291626,0.8465555310249329,0.23815575242042542,0.33656999468803406
8,0,,,,,
8,1,,,,,
8,2,,,,,
8,3,,,,,
8,4,,,,,
8,Aggregated,,,,,
8,Centralized,0.8339253664016724,0.09399566054344177,0.8209768533706665,0.2549401819705963,0.3543812036514282
9,0,,,,,
9,1,,,,,
9,2,,,,,
9,3,,,,,
9,4,,,,,
9,Aggregated,,,,,
9,Centralized,0.7651790380477905,0.20354753732681274,0.7124552726745605,0.3337733745574951,0.4004916250705719
10,0,,,,,
10,1,,,,,
10,2,,,,,
10,3,,,,,
10,4,,,,,
10,Aggregated,,,,,
10,Centralized,0.765923261642456,0.10418975353240967,0.7192273736000061,0.26406413316726685,0.3292860984802246
11,0,,,,,
11,1,,,,,
11,2,,,,,
11,3,,,,,
11,4,,,,,
11,Aggregated,,,,,
11,Centralized,0.5058034658432007,0.21403750777244568,0.3711954951286316,0.3600005805492401,0.2861100137233734
12,0,,,,,
12,1,,,,,
12,2,,,,,
12,3,,,,,
12,4,,,,,
12,Aggregated,,,,,
12,Centralized,0.6983000636100769,0.07748477160930634,0.7043458223342896,0.2461303174495697,0.2929266691207886
13,0,,,,,
13,1,,,,,
13,2,,,,,
13,3,,,,,
13,4,,,,,
13,Aggregated,,,,,
13,Centralized,0.7715595960617065,0.14064517617225647,0.7102183103561401,0.2903311252593994,0.3585515022277832
14,0,,,,,
14,1,,,,,
14,2,,,,,
14,3,,,,,
14,4,,,,,
14,Aggregated,,,,,
14,Centralized,0.849114716053009,0.06243589520454407,0.8108067512512207,0.2365366667509079,0.33237338066101074
15,0,,,,,
15,1,,,,,
15,2,,,,,
15,3,,,,,
15,4,,,,,
15,Aggregated,,,,,
15,Centralized,0.7228509187698364,0.10152840614318848,0.6681690216064453,0.2648940086364746,0.3092048168182373
16,0,,,,,
16,1,,,,,
16,2,,,,,
16,3,,,,,
16,4,,,,,
16,Aggregated,,,,,
16,Centralized,0.7678484320640564,0.19088131189346313,0.6965819001197815,0.3251585364341736,0.39923539757728577
17,0,,,,,
17,1,,,,,
17,2,,,,,
17,3,,,,,
17,4,,,,,
17,Aggregated,,,,,
17,Centralized,0.8156780004501343,0.08368319272994995,0.7713385820388794,0.24775013327598572,0.3378131687641144
18,0,,,,,
18,1,,,,,
18,2,,,,,
18,3,,,,,
18,4,,,,,
18,Aggregated,,,,,
18,Centralized,0.7013076543807983,0.1797286868095398,0.6146953105926514,0.3223525881767273,0.3626672327518463
19,0,,,,,
19,1,,,,,
19,2,,,,,
19,3,,,,,
19,4,,,,,
19,Aggregated,,,,,
19,Centralized,0.8251129984855652,0.12560273706912994,0.7852185368537903,0.2766626477241516,0.37609735131263733
20,0,,,,,
20,1,,,,,
20,2,,,,,
20,3,,,,,
20,4,,,,,
20,Aggregated,,,,,
20,Centralized,0.8288463354110718,0.07835406064987183,0.7876918315887451,0.2433941811323166,0.33481454849243164
21,0,,,,,
21,1,,,,,
21,2,,,,,
21,3,,,,,
21,4,,,,,
21,Aggregated,,,,,
21,Centralized,0.7583810091018677,0.1541558802127838,0.6630599498748779,0.3006196618080139,0.3574965000152588
22,0,,,,,
22,1,,,,,
22,2,,,,,
22,3,,,,,
22,4,,,,,
22,Aggregated,,,,,
22,Centralized,0.8267589807510376,0.14286461472511292,0.7875791788101196,0.283130019903183,0.39574289321899414
23,0,,,,,
23,1,,,,,
23,2,,,,,
23,3,,,,,
23,4,,,,,
23,Aggregated,,,,,
23,Centralized,0.8274515867233276,0.05914290249347687,0.8214434385299683,0.2302662432193756,0.31644049286842346
24,0,,,,,
24,1,,,,,
24,2,,,,,
24,3,,,,,
24,4,,,,,
24,Aggregated,,,,,
24,Centralized,0.7716578841209412,0.17836922407150269,0.6835132837295532,0.31639018654823303,0.3858778774738312
25,0,,,,,
25,1,,,,,
25,2,,,,,
25,3,,,,,
25,4,,,,,
25,Aggregated,,,,,
25,Centralized,0.8372783660888672,0.11562290787696838,0.7774083614349365,0.26884371042251587,0.37274250388145447
26,0,,,,,
26,1,,,,,
26,2,,,,,
26,3,,,,,
26,4,,,,,
26,Aggregated,,,,,
26,Centralized,0.8339207172393799,0.10137179493904114,0.7909898161888123,0.2590104043483734,0.3553543984889984
27,0,,,,,
27,1,,,,,
27,2,,,,,
27,3,,,,,
27,4,,,,,
27,Aggregated,,,,,
27,Centralized,0.7803704738616943,0.24186554551124573,0.6941015720367432,0.3615055978298187,0.4495311975479126
28,0,,,,,
28,1,,,,,
28,2,,,,,
28,3,,,,,
28,4,,,,,
28,Aggregated,,,,,
28,Centralized,0.7415475845336914,0.13149821758270264,0.6517680883407593,0.27705928683280945,0.33931028842926025
29,0,,,,,
29,1,,,,,
29,2,,,,,
29,3,,,,,
29,4,,,,,
29,Aggregated,,,,,
29,Centralized,0.8879868984222412,0.07985115051269531,0.8832075595855713,0.2420089691877365,0.3683669865131378
30,0,,,,,
30,1,,,,,
30,2,,,,,
30,3,,,,,
30,4,,,,,
30,Aggregated,,,,,
30,Centralized,0.8082152009010315,0.17546460032463074,0.7413856983184814,0.3075553774833679,0.4095899760723114
31,0,,,,,
31,1,,,,,
31,2,,,,,
31,3,,,,,
31,4,,,,,
31,Aggregated,,,,,
31,Centralized,0.757411003112793,0.21685191988945007,0.6514711380004883,0.3441010117530823,0.4004369080066681
32,0,,,,,
32,1,,,,,
32,2,,,,,
32,3,,,,,
32,4,,,,,
32,Aggregated,,,,,
32,Centralized,0.4574563205242157,0.1694105565547943,0.27299854159355164,0.3151761591434479,0.21412940323352814
33,0,,,,,
33,1,,,,,
33,2,,,,,
33,3,,,,,
33,4,,,,,
33,Aggregated,,,,,
33,Centralized,0.5559916496276855,0.09881125390529633,0.4267856478691101,0.25562533736228943,0.21671871840953827
34,0,,,,,
34,1,,,,,
34,2,,,,,
34,3,,,,,
34,4,,,,,
34,Aggregated,,,,,
34,Centralized,0.789294421672821,0.2080024629831314,0.6828416585922241,0.3363857567310333,0.41135361790657043
35,0,,,,,
35,1,,,,,
35,2,,,,,
35,3,,,,,
35,4,,,,,
35,Aggregated,,,,,
35,Centralized,0.7367445826530457,0.12210699170827866,0.6883516311645508,0.2728342115879059,0.3144112527370453
36,0,,,,,
36,1,,,,,
36,2,,,,,
36,3,,,,,
36,4,,,,,
36,Aggregated,,,,,
36,Centralized,0.6121416091918945,0.11912697553634644,0.46032485365867615,0.27456340193748474,0.2444755882024765
37,0,,,,,
37,1,,,,,
37,2,,,,,
37,3,,,,,
37,4,,,,,
37,Aggregated,,,,,
37,Centralized,0.8566247820854187,0.0907517522573471,0.8278343677520752,0.24707341194152832,0.36585643887519836
38,0,,,,,
38,1,,,,,
38,2,,,,,
38,3,,,,,
38,4,,,,,
38,Aggregated,,,,,
38,Centralized,0.8023260831832886,0.12375161051750183,0.7175057530403137,0.27071285247802734,0.34440675377845764
39,0,,,,,
39,1,,,,,
39,2,,,,,
39,3,,,,,
39,4,,,,,
39,Aggregated,,,,,
39,Centralized,0.7493465542793274,0.13543511927127838,0.6650758981704712,0.27993571758270264,0.3365769684314728
40,0,,,,,
40,1,,,,,
40,2,,,,,
40,3,,,,,
40,4,,,,,
40,Aggregated,,,,,
40,Centralized,0.7068320512771606,0.20761574804782867,0.5592836141586304,0.3418024182319641,0.36073818802833557
41,0,,,,,
41,1,,,,,
41,2,,,,,
41,3,,,,,
41,4,,,,,
41,Aggregated,,,,,
41,Centralized,0.7772539258003235,0.09155096113681793,0.7657980918884277,0.24686212837696075,0.31060099601745605
42,0,,,,,
42,1,,,,,
42,2,,,,,
42,3,,,,,
42,4,,,,,
42,Aggregated,,,,,
42,Centralized,0.8454715609550476,0.07852080464363098,0.841984748840332,0.23959693312644958,0.33717426657676697
43,0,,,,,
43,1,,,,,
43,2,,,,,
43,3,,,,,
43,4,,,,,
43,Aggregated,,,,,
43,Centralized,0.8033440709114075,0.03647512197494507,0.8024765253067017,0.21259041130542755,0.296177476644516
44,0,,,,,
44,1,,,,,
44,2,,,,,
44,3,,,,,
44,4,,,,,
44,Aggregated,,,,,
44,Centralized,0.7561624050140381,0.12134788185358047,0.6620783805847168,0.27007001638412476,0.3240617513656616
45,0,,,,,
45,1,,,,,
45,2,,,,,
45,3,,,,,
45,4,,,,,
45,Aggregated,,,,,
45,Centralized,0.8015065789222717,0.1557055562734604,0.7356816530227661,0.291984498500824,0.38630494475364685
46,0,,,,,
46,1,,,,,
46,2,,,,,
46,3,,,,,
46,4,,,,,
46,Aggregated,,,,,
46,Centralized,0.7815421223640442,0.06542165577411652,0.7320026159286499,0.23368458449840546,0.29937952756881714
47,0,,,,,
47,1,,,,,
47,2,,,,,
47,3,,,,,
47,4,,,,,
47,Aggregated,,,,,
47,Centralized,0.7756788730621338,0.20754210650920868,0.6773151159286499,0.335062712430954,0.4019676446914673
48,0,,,,,
48,1,,,,,
48,2,,,,,
48,3,,,,,
48,4,,,,,
48,Aggregated,,,,,
48,Centralized,0.7675496339797974,0.13417351245880127,0.6781359314918518,0.2792080044746399,0.34765711426734924
49,0,,,,,
49,1,,,,,
49,2,,,,,
49,3,,,,,
49,4,,,,,
49,Aggregated,,,,,
49,Centralized,0.7822917699813843,0.12993109226226807,0.7058196067810059,0.27435678243637085,0.3687466084957123
50,0,,,,,
50,1,,,,,
50,2,,,,,
50,3,,,,,
50,4,,,,,
50,Aggregated,,,,,
50,Centralized,0.8083962202072144,0.14525151252746582,0.7481244802474976,0.28572630882263184,0.3719542920589447
