Round,Evaluator,Classes,0,4,1,3,2
0,0,<=50K,,,,,
0,0,>50K,,,,,
0,1,<=50K,,,,,
0,1,>50K,,,,,
0,2,<=50K,,,,,
0,2,>50K,,,,,
0,3,<=50K,,,,,
0,3,>50K,,,,,
0,4,<=50K,,,,,
0,4,>50K,,,,,
0,Aggregated,<=50K,,,,,
0,Aggregated,>50K,,,,,
0,Centralized,<=50K,,,,,
0,Centralized,>50K,,,,,
1,0,<=50K,0.011255251992707594,0.0019730004324939134,0.009743764370749863,0.005764762723904332,-0.00024249083865106788
1,0,>50K,0.06805645210666172,0.11792492182985044,0.05473190397150697,0.11404875391113926,0.11431924831793398
1,1,<=50K,0.012268670637152085,-0.0033518417587710013,0.01040447561259562,0.0007032513426317925,-0.006358692069537966
1,1,>50K,0.07624136146303605,0.10015054878059866,0.056903065765366516,0.09446170099106994,0.09486814548555161
1,2,<=50K,0.009116863980346612,0.012591136812358019,0.007721319888031671,0.012937389416611256,0.011013478783608524
1,2,>50K,0.0458052082149431,0.1363724953033187,0.03545178013887223,0.11962299379350173,0.1380949770272536
1,3,<=50K,0.010716655179458261,0.0025944473031222345,0.009288769775497106,0.005666318815996805,0.0038968790718990104
1,3,>50K,0.05780177589517453,0.12131471583864459,0.05118261107905549,0.11082329820971605,0.13337058786292771
1,4,<=50K,0.010832734819258793,0.015658855489761578,0.009439535741637606,0.014575918127790992,0.01278539469907145
1,4,>50K,0.055952273588485806,0.13970328594335027,0.04804328640213979,0.12283303934228557,0.13739146410163358
1,Aggregated,<=50K,0.010910786782479656,0.005208445108380284,0.009378598994488178,0.007438757492015711,0.0035378087301088327
1,Aggregated,>50K,0.05800890021445061,0.12731231758618194,0.047491096910804366,0.11501601312134377,0.12812497664371955
1,Centralized,<=50K,0.010963349918964336,0.005691969591028904,0.009428759819693766,0.007826602683370331,0.004031819736892162
1,Centralized,>50K,0.059034074737993596,0.12596995211491813,0.04830269646206606,0.11435112968020826,0.12659711671986734
2,0,<=50K,0.003828223060790122,-0.003525943073016774,0.00447542748409374,0.00033457359228874866,-0.008877955805128172
2,0,>50K,-0.008501755093441763,0.011735136983656877,-0.027717048930245958,0.012393423352813323,0.013927540818992572
2,1,<=50K,0.005971607316438898,-0.004510766394524824,0.008549443112303856,-0.001809624767117383,-0.01132746759029611
2,1,>50K,0.0010270003453598704,0.009704759714497446,-0.014200992574365245,0.000900727046403991,0.008076616905079317
2,2,<=50K,0.0006378588832296287,0.0017362432405974386,-0.0013755012336524874,0.002429149823919563,-0.0005224154053343385
2,2,>50K,-0.01732311937046579,0.027468809246199922,-0.043067892813247396,0.016235239152573033,0.041821562500115934
2,3,<=50K,0.004725157615465875,-0.0027594668355082398,0.005572115703531272,4.6376888812245846e-05,-0.0057682434253165625
2,3,>50K,-0.00535732693497397,0.017004075848348444,-0.025461705498265867,0.010531060194872384,0.03121205656875923
2,4,<=50K,0.0007701148239470324,0.0021793515562817055,-0.00039474248237737856,0.0006205431873171574,-0.0006210861698290845
2,4,>50K,-0.01536304477850576,0.025592609430389775,-0.03435883279035744,0.010786550860482365,0.03330969755397501
2,Aggregated,<=50K,0.0033837547477883014,-0.0016428128728386547,0.0037083151739667323,0.00022302977609502524,-0.0058386070566469345
2,Aggregated,>50K,-0.010984752029374665,0.02042469209799062,-0.031500976876505785,0.011201713025024408,0.029059030256875958
2,Centralized,<=50K,0.0032878346128086358,-0.0015099876866835338,0.003529006540055002,0.00028077004289194424,-0.0056354733268749735
2,Centralized,>50K,-0.010232261679858723,0.019622148095836053,-0.030356929208109226,0.010964895449188976,0.02752288275373528
3,0,<=50K,0.006055318325404247,-0.011250042340897107,0.007408783898702792,0.005399249642360217,-0.008203846916028155
3,0,>50K,0.0042968169250321465,0.018074876678787783,-0.02692361147725391,0.003234836867103162,0.012217690298029153
3,1,<=50K,0.0062451708892663545,-0.016894529612112387,0.011775594145583346,0.0068658400596102506,-0.01134660870396884
3,1,>50K,0.010513453695962571,0.00194974052320195,-0.011396878477716114,0.005178586971168075,0.003756927127798145
3,2,<=50K,0.00234842913326986,-0.0026996687577736027,0.0007794283998235045,0.002242488178859468,-0.0005995454712830583
3,2,>50K,-0.005241607459796908,0.04128635364107092,-0.043472440227280584,-0.010003081309297246,0.03520418430024589
3,3,<=50K,0.004155632513625311,-0.01270179526347248,0.006943077464617299,0.0037863967079178975,-0.006904829886304605
3,3,>50K,-0.0015890233776388873,0.01822934630748171,-0.030077808927977054,-0.006637137394355129,0.020523397184099974
3,4,<=50K,0.003322230403524958,-0.003761808226827179,0.001342446453607384,0.0021577519347788176,-0.0015630185101063601
3,4,>50K,-0.003237708402606084,0.03472126404842692,-0.03731875613554098,-0.007817842147930493,0.030006589379868054
3,Aggregated,<=50K,0.004559674204978287,-0.009963966242365924,0.006037972214557795,0.0042619071114982565,-0.006109246864245221
3,Aggregated,>50K,-0.0006222458390615801,0.02683860950668848,-0.032831203157875806,-0.004878108791022765,0.02366950795481581
3,Centralized,<=50K,0.004508508391080899,-0.009744703220303907,0.005836701430837787,0.004189707037826198,-0.005926360224346657
3,Centralized,>50K,4.630295315047328e-05,0.02483796744562992,-0.031437919721188215,-0.004085118514054252,0.02224191483546177
4,0,<=50K,0.006141759499043525,-0.004774904754100612,0.006088299477393755,0.005784090059337471,-0.009989753455119016
4,0,>50K,-0.02552517463999192,0.026451432531810672,-0.0423184629982264,0.008148157854225178,0.019805694824468353
4,1,<=50K,0.009568865092465425,-0.006981969257726082,0.011246212770694191,0.006219415060959072,-0.010777066788480968
4,1,>50K,-0.011541398432247739,0.017186229958346934,-0.022136043289071188,0.003757619959490903,0.016896310366452325
4,2,<=50K,-0.0015773691688891736,0.0017052993189615748,-0.002882618057885115,0.0019980467700856487,0.0002706145152555184
4,2,>50K,-0.04722060327924764,0.043817122801907735,-0.06587475828007337,-0.0062259597312617895,0.05046255850431824
4,3,<=50K,0.005603896543136246,-0.004296160023751781,0.006702002695535142,0.003600871462349322,-0.005633325672204148
4,3,>50K,-0.02884867513407487,0.02708701732816704,-0.0381520380119472,-0.002100545710670156,0.03731348161181676
4,4,<=50K,-0.0014908872509155494,0.00113891605674921,-0.0021923091727208003,0.0018856492095660426,0.00010406357165168948
4,4,>50K,-0.042771276634011514,0.03525637811851103,-0.05562240520476607,-0.00432393119817559,0.04134392933633879
4,Aggregated,<=50K,0.004074215379356967,-0.002968391631541047,0.00430665911226436,0.004068882955450537,-0.00565476419110431
4,Aggregated,>50K,-0.03490982277250486,0.03240864390400716,-0.04894210688219291,-0.0014894199628845669,0.036652040656430615
4,Centralized,<=50K,0.003848369029656499,-0.0027877406013877746,0.004024659072513602,0.004016539898301678,-0.005426445640722986
4,Centralized,>50K,-0.033559540965370366,0.03141265094096515,-0.047400042165903024,-0.0007152366049418379,0.035124850614923035
5,0,<=50K,0.005402084341242064,-0.005273209049450204,0.004833407552828267,0.004116718804013542,-0.0057292896895528205
5,0,>50K,-0.010180670808675686,0.022617010847335438,-0.01930282233570462,-0.0010726397066884625,0.018948846358489462
5,1,<=50K,0.005716087003239071,-0.00852839859153948,0.006081953212538086,0.005253721742566114,-0.008253660467468647
5,1,>50K,-0.0074320098896900385,0.011625583874834282,-0.016844573405711893,-0.00024143086805604544,0.01081635537056807
5,2,<=50K,-0.0003467186656046506,0.0008236541350456669,-0.00037840566695824623,0.0014841626093894296,0.0005953469442478432
5,2,>50K,-0.027010103190446322,0.040521668435102604,-0.03366142508184392,-0.011577394515360672,0.038987180672646525
5,3,<=50K,0.003100842321765988,-0.0038175544756276843,0.0035144925131230078,0.0023382900413515375,-0.002541683104394656
5,3,>50K,-0.0167409707526012,0.027852843856907193,-0.025367530493603414,-0.01062236390912958,0.033313872865919525
5,4,<=50K,-0.001412719325025465,0.00095485743282084,-0.00086036475084596,7.993353746248803e-05,0.0015301866206445267
5,4,>50K,-0.02691205779389839,0.03494762719302729,-0.030626115893507718,-0.013297068585405874,0.03591949334091575
5,Aggregated,<=50K,0.002771926354720591,-0.003517717044278103,0.002907583289542183,0.0028284406243429257,-0.003233464616221745
5,Aggregated,>50K,-0.020115973257382905,0.030349238033420177,-0.027017398893910083,-0.008888621894151067,0.030566671331388177
5,Centralized,<=50K,0.002628575861636284,-0.0033314793499704307,0.002758712174550787,0.0027502039592345686,-0.0030433497503085014
5,Centralized,>50K,-0.01923357851558734,0.029223994111696842,-0.02613313437747985,-0.008204517036499983,0.029419455673056587
6,0,<=50K,0.005310823750012541,-0.008192556409741132,0.005494667476484153,0.0028746181261017504,-0.005413908784417178
6,0,>50K,0.0016492297600193403,0.030358360520958774,-0.045366930489725996,0.0046080587082862464,0.016680602574112628
6,1,<=50K,0.004948185097902271,-0.011661451622085005,0.009279243850491259,0.00399335308915737,-0.006277234339769827
6,1,>50K,0.003981463776516375,0.016253030287962125,-0.03410385585690893,0.0029129627853071677,0.015754817189941137
6,2,<=50K,0.0005995468181384522,-0.00017537604353916789,-0.003279694686477893,0.002860483383363958,0.0003939312626484448
6,2,>50K,-0.012283058050524261,0.04994469426657718,-0.07088895534278788,0.0010155831632879134,0.03562471411661847
6,3,<=50K,0.0030027641738851253,-0.006355247686614749,0.004515867776238567,0.002765219324324382,-0.0028443993986400204
6,3,>50K,-0.007586467769224889,0.0362257098118449,-0.051985736082764335,0.0006247403754929113,0.02836404090555238
6,4,<=50K,0.0011806596234894531,0.0009875890433415154,-0.004943624996882068,0.001913372815013394,0.003442576443938609
6,4,>50K,-0.009767960876702878,0.047464790399871344,-0.06660930944770659,0.0002015667203594529,0.039060778052741
6,Aggregated,<=50K,0.0031816680834543315,-0.005545063854069075,0.002738158446554807,0.00293479540784638,-0.0024872902154468184
6,Aggregated,>50K,-0.006581411028443997,0.03961510453818102,-0.05779943044524399,0.0015010557030734944,0.029919481191525734
6,Centralized,<=50K,0.003104623722048851,-0.0053057610150502275,0.00243253896303785,0.0029193588855364826,-0.0023005153786148703
6,Centralized,>50K,-0.0059293429878657785,0.03807529213582312,-0.056358385198801896,0.0019151651758698854,0.028878254525984536
7,0,<=50K,0.005498762754952193,-0.006219159627326202,0.00564943055285444,0.0017300576673147567,-0.00785711566352898
7,0,>50K,-0.009520921158384432,0.01939632726504671,-0.03745475149930737,0.009264761308444195,0.019268181311736514
7,1,<=50K,0.00643191359293994,-0.007988085864756559,0.009892441833037188,0.001939567919204475,-0.011306238757816667
7,1,>50K,-0.0029661188621798915,0.01950991278858072,-0.027225236080187225,0.006610894174570077,0.010312819905196446
7,2,<=50K,-0.0006154802666497743,0.0005447766182033779,-0.0017601015362927427,0.0034515407644996462,-0.0002474683779261133
7,2,>50K,-0.027358569344773646,0.04057829262100288,-0.05622153488857779,0.012773195369406699,0.04315798616485795
7,3,<=50K,0.00425653216029264,-0.005743580161870523,0.004174317634936126,0.002023491209508808,-0.005740447192871162
7,3,>50K,-0.015096465225850801,0.023902542360813815,-0.043290499505505536,0.009290010878481489,0.03327358134984961
7,4,<=50K,0.0003312653679750329,0.0007616626292506534,-0.0030062127262585744,0.0028290837574930744,0.000745828367413424
7,4,>50K,-0.02169810987616513,0.03613024929934896,-0.052320733614878455,0.00968647718700152,0.04043758709363718
7,Aggregated,<=50K,0.0034448037594106257,-0.004077699126141651,0.0034522436066910913,0.0023414215910806616,-0.005322237165683391
7,Aggregated,>50K,-0.017788671853344387,0.030417374714942894,-0.046327612708809994,0.00997153478651492,0.0328982426624615
7,Centralized,<=50K,0.003310235066589762,-0.0038928862289164478,0.003213336256565045,0.0023788822493244267,-0.005102333094040904
7,Centralized,>50K,-0.016893605968423844,0.029268228571975367,-0.04493449955260189,0.01005781383299544,0.03137983070734837
8,0,<=50K,0.004505457182041169,-0.006737406673367086,0.0025613369232679686,0.002262777513673514,-0.002500232388443574
8,0,>50K,-0.009760385523441011,0.015524168270485111,-0.009000720722566215,-0.0021009109718183464,0.003527641971981747
8,1,<=50K,0.005478396478188258,-0.009172957253757075,0.003895725909609815,0.004223197214111143,-0.0020159777984931682
8,1,>50K,-0.004241457678709733,0.009355131359220392,-0.00225663797685009,0.002857130721809503,0.005605831954036631
8,2,<=50K,-0.001179818626440582,-9.622432811574229e-05,-0.00038361217419658665,0.0016664116506382924,-0.0008658561274733246
8,2,>50K,-0.027824973660656623,0.03295279863119283,-0.016075061524148265,-0.0054712906716925325,0.01019495924652523
8,3,<=50K,0.00246431055865212,-0.006779540188247281,0.0024811486282582283,0.0019500932802395934,-0.0002826502859300917
8,3,>50K,-0.019976460193638725,0.015608411935254814,-0.012502410828312254,-0.0038305378502987266,0.012387601652508613
8,4,<=50K,-0.0008097187399885426,5.222334274734471e-05,-0.0010296109756744295,0.0005746157668889659,0.0008224160164251648
8,4,>50K,-0.025103154726540827,0.03095295964849345,-0.01792717903377135,-0.006939104411613374,0.012050265465711698
8,Aggregated,<=50K,0.0023490364408391565,-0.0049078396217465976,0.0016863485621417887,0.0022387926370105843,-0.001062173377806663
8,Aggregated,>50K,-0.019960716077462547,0.02364124457922584,-0.013177305292827428,-0.004057690493104732,0.009533187545612344
8,Centralized,<=50K,0.0022057371847347537,-0.004739672345815021,0.0015930989351934414,0.002194646871005331,-0.0010032081020321067
8,Centralized,>50K,-0.019167716604447424,0.02238380942710041,-0.012602744222806628,-0.0036056690346366735,0.009206077008776705
9,0,<=50K,0.004425780576861686,-0.003859520778787227,0.004918072283738055,0.001089897680734834,-0.004973120862558468
9,0,>50K,-0.00029536024253981976,0.02131793585537991,-0.04083151308184343,0.0047514440621452235,0.015155691681984013
9,1,<=50K,0.003090652734660219,-0.005592811783017332,0.00769660109686342,0.0023393322596569972,-0.006756198033098054
9,1,>50K,-0.003389082122937051,0.016616925450017375,-0.03683830734045347,0.007049445091460027,0.011670343125401977
9,2,<=50K,0.00048226709999850864,0.00042456714185638383,-0.001578849741867866,0.003052992024604878,4.9125069487621076e-05
9,2,>50K,-0.013447895956020039,0.030327169398818205,-0.05836006745973478,0.009298789921366752,0.033435269804508186
9,3,<=50K,0.001971035548249093,-0.003303803715245766,0.004232994427913119,0.0018574577324734756,-0.0018102252354945502
9,3,>50K,-0.010549573171016072,0.022542226849940044,-0.043594312461394134,0.007373946791132874,0.03099707794928537
9,4,<=50K,0.0016468127208043525,0.001341146045342471,-0.004349082791969065,0.0022623614523155406,-0.00011893053335999918
9,4,>50K,-0.007828109547392827,0.031382332031786225,-0.05831311539861338,0.006607877233022935,0.02696361664334475
9,Aggregated,<=50K,0.002421691791475311,-0.0024538045858329806,0.0026127510015312144,0.0020895078052844945,-0.002969876406934981
9,Aggregated,>50K,-0.008067338358745601,0.026140050959391176,-0.05030966220211487,0.007204839101467823,0.025692367771190973
9,Centralized,<=50K,0.0023610345235599408,-0.0023154368618224304,0.002360887422584466,0.0021130402869758997,-0.0028227263556736253
9,Centralized,>50K,-0.007662732271391807,0.025351111588874344,-0.04910478448384679,0.0073331648180389505,0.024839849135583267
10,0,<=50K,0.004680274160917502,-0.0048136326149005515,0.0046304511134014886,0.0023492667543311956,-0.004707483995515314
10,0,>50K,-0.021345828986814024,0.022421847585253857,-0.026139347565420985,-0.0020194091210934332,0.020069685517222977
10,1,<=50K,0.004952643612061895,-0.006000551036014401,0.00538257442788763,0.003326196560539966,-0.005384012945770561
10,1,>50K,-0.01742655511528346,0.020139031549444696,-0.02801773278744404,-0.002745297938932645,0.021146607633062066
10,2,<=50K,-0.003733755392573057,0.0023554654448466566,-0.002047100556550065,0.001054675410893219,0.0018469020339325405
10,2,>50K,-0.04616314405428519,0.04357351278506276,-0.04557474656192267,-0.00870158375108387,0.04353978351111631
10,3,<=50K,0.0005882111485714103,-0.003437666175855114,0.0020646197963218225,0.002554385684751868,-0.001120593771941819
10,3,>50K,-0.03877043307895691,0.02777427328266219,-0.03908404870743536,-0.00513246809661268,0.03679703109372678
10,4,<=50K,-0.0017088862393941824,0.0020684483571336565,-0.002014845090124673,0.0008798172694864289,0.002825477262263898
10,4,>50K,-0.03907998592966703,0.03824859028894363,-0.03813775876131491,-0.008083168925030025,0.039128892531297
10,Aggregated,<=50K,0.0012625663572406061,-0.002299839581705924,0.001905231321739052,0.0021208117550792103,-0.001624141601373417
10,Aggregated,>50K,-0.03547841235201336,0.03304623896418315,-0.03713867261473622,-0.006112559211038632,0.03470299811428952
10,Centralized,<=50K,0.0010680807340807176,-0.002112228676502028,0.0017306190897683539,0.00206922700960383,-0.001429611474716878
10,Centralized,>50K,-0.0346902106048359,0.03211157978637945,-0.036273765557900094,-0.0057106099928922625,0.03380233737851752
11,0,<=50K,0.0033406214167189716,-0.005259806600973795,0.0032696872993699944,-0.0013027313455020728,-0.004478037801061208
11,0,>50K,-0.0028887210017054282,0.008766933251120072,-0.012794071539747535,0.005152621385567071,0.004102632599368694
11,1,<=50K,0.0023778601549282186,-0.005620205401565381,0.004596152106420938,0.0002468459001786864,-0.004437135979573292
11,1,>50K,-0.005271198234924364,0.012793323690719333,-0.011427982976967588,0.008942918113382851,0.0065447176847426
11,2,<=50K,0.0002841683636745455,-0.0001329549792255432,-0.0004711769957206809,0.002171024900254633,-0.0011068865732578777
11,2,>50K,-0.012580105333809927,0.024527143817351073,-0.023895255403879496,0.01170394610018152,0.016161698421134837
11,3,<=50K,0.0008745323060922553,-0.0037862306681191262,0.0024442322806787673,0.0013607438181393594,-0.0018916938193648165
11,3,>50K,-0.012623240707017737,0.018281681250908323,-0.018563071803178937,0.014436125469894527,0.018526586828994433
11,4,<=50K,0.00018953120065930232,-9.512174280674931e-05,-0.0024487220962613873,0.0012801016534301824,0.001246829214171552
11,4,>50K,-0.012048121860251865,0.02292860222326705,-0.02573884676603416,0.012274415924230033,0.019274639543598246
11,Aggregated,<=50K,0.0015148716385308565,-0.0032094662191534057,0.001725921022042133,0.00067296857082177,-0.0023312256210564633
11,Aggregated,>50K,-0.010049484297498891,0.019059649347154747,-0.020206489370695236,0.01101617435444574,0.014442958098045473
11,Centralized,<=50K,0.0014498287783223447,-0.003094090681838646,0.0016040034698155015,0.0007195523936896745,-0.002233846804432488
11,Centralized,>50K,-0.009712683647477257,0.018252276983541406,-0.01944663469421407,0.010910598419385914,0.013729547707196843
12,0,<=50K,0.004595050316218461,-0.009801055467621904,0.007700080144121337,0.0029951447928916407,-0.0018423862118213915
12,0,>50K,0.0032734093623930796,0.02021063090478176,-0.0350006568002128,0.007538778999774617,0.013692642303052144
12,1,<=50K,0.0033659335655115714,-0.012450031870017315,0.008141984056315695,0.0041623628868010165,-0.002852703270093726
12,1,>50K,-5.057158063345446e-05,0.010738208336730804,-0.03944242430209488,0.008729534257087123,0.014721416386824396
12,2,<=50K,0.0006991538484790209,-0.001792921707971662,-0.0019900564483175454,0.002544514727873892,0.0006395179912618139
12,2,>50K,-0.009399597938948512,0.04504518491039474,-0.061758861726202166,0.003995870008423685,0.021391934546946753
12,3,<=50K,0.0014585909884679172,-0.007644777041752946,0.003826633560778103,0.00222122686230087,-0.0005624588995597961
12,3,>50K,-0.010485730444657112,0.030265257213582798,-0.049398609224291,0.0005002085627030149,0.021303144694833506
12,4,<=50K,0.0013226243943747311,-0.0011963522243121083,-0.004307691016118627,0.001388440109747822,0.00031840081271933274
12,4,>50K,-0.00701875853192757,0.039377747279736745,-0.060522269924954394,0.0026363554138346067,0.018384784160776393
12,Aggregated,<=50K,0.002398044203524997,-0.0070049656368443925,0.0031577260172608243,0.002738508663865448,-0.0009809094059204573
12,Aggregated,>50K,-0.005828647881819141,0.03272770063910488,-0.052282277445920025,0.004088709988158983,0.01852416265466491
12,Centralized,<=50K,0.0023424930116558956,-0.006780263143038621,0.002891671912232289,0.0027336907516450127,-0.0009028145035607911
12,Centralized,>50K,-0.005366499471588213,0.031172734231171253,-0.05091930114206621,0.004569954839199739,0.018144587930750265
13,0,<=50K,0.0022283425766702726,-0.00528541110958223,0.004303718104097929,-0.0005433912764504574,-0.003974363895576166
13,0,>50K,6.936121846837043e-05,0.009526770600786667,-0.02869984492024675,0.0032412285641022385,0.007826940892205637
13,1,<=50K,0.0019310569070579357,-0.005228849523356753,0.007196975803550324,0.0014043138926265945,-0.0029558503001565557
13,1,>50K,0.0005656520295554801,0.01156702486250467,-0.021272083075310057,0.0065404595468065724,0.015896546429705612
13,2,<=50K,0.00041637005596503,0.00030574659547047596,-0.0016736541560263718,0.0009713640506989307,0.00040113746146934194
13,2,>50K,-0.00698660904190101,0.025738382443704785,-0.043916145492208944,0.005233665595675624,0.021065136443680167
13,3,<=50K,0.0006436044568389643,-0.004935305338348241,0.0038728151854491096,0.0019015868705908674,-0.001343165075651189
13,3,>50K,-0.007398891654073029,0.013518735583445775,-0.030615200792666865,0.011193873719274916,0.018596635919575128
13,4,<=50K,0.0022095747693558782,0.0009290401232849503,-0.0029098476114799506,0.0020776315151981046,1.955142178010072e-05
13,4,>50K,1.7567113156754152e-05,0.024534665883565534,-0.042125806672346965,0.008575757350534754,0.017081377496002855
13,Aggregated,<=50K,0.0015035080069384574,-0.0031047640593901203,0.0025274370113098927,0.0011274661890454197,-0.0017159018531241563
13,Aggregated,>50K,-0.0030751125080301835,0.01891887243996579,-0.03586765688523607,0.007123156608475707,0.016801097992546806
13,Centralized,<=50K,0.0014827142313406409,-0.002977737644940346,0.002333956857382639,0.0011550164323718545,-0.0016346086384625758
13,Centralized,>50K,-0.002915309962160236,0.018066760452054784,-0.03480423980064549,0.007134221537808914,0.016320172707957274
14,0,<=50K,0.005255472531417353,-0.009015454089676933,0.006733687401673049,0.0034377765093558904,-0.003544366161374346
14,0,>50K,-0.005378834344544988,0.02472284309737854,-0.03185010416323631,0.0049221040351265935,0.014525413745178078
14,1,<=50K,0.004906644448697972,-0.012930615481637398,0.007800659822667198,0.004124854676558476,-0.004260803390841674
14,1,>50K,-0.004286744563998405,0.008180650917802214,-0.0285265203134899,0.006395491821348185,0.01612518972017537
14,2,<=50K,-0.0007478861334480705,0.0006546105720664589,-0.002074471641977632,0.0019149539372693518,0.002133022504388673
14,2,>50K,-0.024562056816637277,0.0483635128634677,-0.05367336580557363,-0.0002458966435863038,0.033220520792621916
14,3,<=50K,0.002302402848552389,-0.006589066115221203,0.003280629535891407,0.00265657132487781,-0.0012652549742974287
14,3,>50K,-0.017227732375597826,0.033471812480295876,-0.04321177818907403,-0.00019952280441538258,0.024965735370598607
14,4,<=50K,0.0006970182710370439,-7.080672612077565e-05,-0.003306646905283663,0.0019299866773823263,0.0027180811428209567
14,4,>50K,-0.019038526501416013,0.04104250438191586,-0.049833489691427243,-0.0026137680389969552,0.03125778031220037
14,Aggregated,<=50K,0.0026877511622975495,-0.006087920960326635,0.0029204220294454983,0.0028935827086154094,-0.0011183184308443132
14,Aggregated,>50K,-0.01622399211897503,0.0350371529915052,-0.04423844479707767,0.000696629959050996,0.02617818834768603
14,Centralized,<=50K,0.002566885260407816,-0.0058618735080890145,0.002692759821932539,0.0028631780649822913,-0.0009667168337365121
14,Centralized,>50K,-0.01553925497755086,0.03333650936595649,-0.04297806625612357,0.0011515907709846044,0.025431455450912792
15,0,<=50K,0.005196654496597397,-0.008392185885265996,0.00783261581228778,-3.720154457294752e-05,-0.007213709639195441
15,0,>50K,-0.0037483079709730027,0.015737190034825804,-0.04045727133588174,0.01199536145697386,0.01363662159000943
15,1,<=50K,0.004704115042477025,-0.010838461606397056,0.011957698418506888,0.000635757925888449,-0.009403314013087073
15,1,>50K,-0.0024050466249818546,0.006779286151414767,-0.029205437166715965,0.014543471980465409,0.009740905237581782
15,2,<=50K,0.00040827868005764804,-0.0008838705151457627,-0.0019257572224379701,0.0022214129682063414,-0.0008584543778369591
15,2,>50K,-0.01648733379358729,0.03911552371751376,-0.06766546471574937,0.017411838780909464,0.03501667211667374
15,3,<=50K,0.002723913329421231,-0.006777841495504009,0.004148401649843755,0.001434081815999222,-0.003671879797481342
15,3,>50K,-0.012433849270720554,0.02280171668967176,-0.05757822749421164,0.01682987747330096,0.02979407439179261
15,4,<=50K,0.001617142837288312,-0.0006725121731332607,-0.0036019480680265113,0.0024205332282458154,-0.0007428512373443256
15,4,>50K,-0.012445072688683525,0.033693403713630526,-0.06210431547216513,0.01619080597297269,0.030833499143124166
15,Aggregated,<=50K,0.0030860412350844405,-0.005906138565811794,0.004246081702892191,0.0012537331930531407,-0.004701171359416053
15,Aggregated,>50K,-0.010920585693855345,0.027048696163859083,-0.05537314887383078,0.015771005906438526,0.026503011173282767
15,Centralized,<=50K,0.0030033298905680866,-0.00571061409703175,0.003953264263965848,0.001313715203448035,-0.004531216012588087
15,Centralized,>50K,-0.010317349468942517,0.0256576641541308,-0.05365179509633643,0.015701620782737895,0.025325594599920086
16,0,<=50K,0.003264117667302955,-0.003990430929075778,0.006162715880040544,0.0008959447311423877,-0.003920628816672859
16,0,>50K,-0.006638027143762041,0.014539542643543112,-0.026930564304454223,0.009277070550901025,0.012042719404277325
16,1,<=50K,0.004172324581708936,-0.0051646393684892196,0.007367453168582634,0.0010930879194559207,-0.005985787112978656
16,1,>50K,-0.00016290368489042342,0.008662757391515083,-0.027517727434270885,0.00712926263773662,0.004840041266424742
16,2,<=50K,0.0005491985612962454,-0.0003438407229526319,-0.0009752889216015692,0.0017025681639814309,-0.0008335703897136892
16,2,>50K,-0.013769859520412668,0.0224112395595128,-0.04680788036957118,0.007881666271140935,0.021338712942175396
16,3,<=50K,0.0020093815179916966,-0.0030926139940445204,0.0039348838647890235,0.00325514531026377,-0.003649237541403037
16,3,>50K,-0.009956116019061401,0.01622917996773022,-0.037947979657169374,0.016343962305417542,0.014774357859482291
16,4,<=50K,0.00024142100191399212,0.0012801064419177498,-0.002343480215066331,0.0010468851424186613,-0.00016293144154136963
16,4,>50K,-0.012858954902210647,0.025281788843016722,-0.044126938441226726,0.0068734240201358725,0.02070104183230114
16,Aggregated,<=50K,0.0021927604530966823,-0.0024924311074988933,0.0032019272464922513,0.001597081345913731,-0.0031162886247626982
16,Aggregated,>50K,-0.010062953789091025,0.019205137415930773,-0.0390029878791562,0.00928181349755389,0.016517733336256956
16,Centralized,<=50K,0.002116675816103266,-0.0023746255226590146,0.003000777639207913,0.0016126895367075437,-0.0030049748401226465
16,Centralized,>50K,-0.009530518955354525,0.018482955350122048,-0.03787185974857542,0.009396945200394198,0.015770051394932073
17,0,<=50K,0.003766429692449286,-0.010622370430733058,0.006290400965316066,0.0003345087301391325,-0.0017030190705213332
17,0,>50K,-0.004142858331146748,0.015975050985275806,-0.032970869259049095,0.007240136119631054,0.006640382985000738
17,1,<=50K,0.0037933385324165586,-0.012924876528519487,0.00927208304006721,0.001420910350050464,-0.0013006283303450493
17,1,>50K,0.00017863990943018938,0.007362662363114734,-0.023915424965872165,0.009224911044512972,0.012612808042972767
17,2,<=50K,0.0005157922360947032,-0.0010566363043330695,-0.0014605710837737706,0.001686439536858947,0.0011455604942012699
17,2,>50K,-0.012846713679618064,0.04381669635818506,-0.05408381986720708,0.010063537564553353,0.017496084585204626
17,3,<=50K,0.002064835546894813,-0.007702823536989635,0.0038054662946712206,0.0007676694082787335,0.0004006711581892586
17,3,>50K,-0.010615173469986413,0.02896834977328162,-0.04180351203097825,0.007048011860437325,0.015484448800112367
17,4,<=50K,0.000778195948246387,-0.001284151346048009,-0.003223086648283822,0.002108216684192364,0.0013319292023070306
17,4,>50K,-0.010573668473382185,0.03691095863941771,-0.0498032433789773,0.008874508611859521,0.014516507295723272
17,Aggregated,<=50K,0.0023133910857930026,-0.007180988273872055,0.0033908793297391013,0.0012220223173968682,-0.00013582722255803332
17,Aggregated,>50K,-0.008871200211962275,0.030410008939643893,-0.04369604896114413,0.008631488810884946,0.014005424419712087
17,Centralized,<=50K,0.00224323303757503,-0.006962721251535564,0.0031545694629990535,0.0012534787600573824,-6.879308450481088e-05
17,Centralized,>50K,-0.008383283915424913,0.02872576629046221,-0.04233578594064125,0.008659699426441207,0.013719602482078949
18,0,<=50K,0.0014327215959711057,-0.006594462789768873,0.004779053231828276,0.0025521569328899336,-0.003946032614750719
18,0,>50K,0.005069934140922721,0.005288210806488656,-0.01641174588313079,0.003278457342728826,0.010448033270928919
18,1,<=50K,0.0010376831711887838,-0.007073873942917395,0.007983789389306056,0.002981660651118606,-0.006993670004700881
18,1,>50K,0.006247786139286645,0.0035303668830278727,-0.004976805355436929,8.381259584921234e-05,8.880070400383855e-05
18,2,<=50K,-5.5122123180097644e-05,-0.0012096976684745928,0.0008644637049180393,3.09853884789435e-05,-0.00048527202873538584
18,2,>50K,-0.0006599673719098882,0.022338513094060493,-0.02634258875848367,-0.007525782953466923,0.020182085459956013
18,3,<=50K,-0.0005630230713029408,-0.004125452074921108,0.004108289118605678,0.0022626321944858954,-0.002916461617045174
18,3,>50K,-0.002994668592979068,0.014594756872074705,-0.019918682517959963,0.0009635916291989399,0.01495362487570353
18,4,<=50K,0.0020773359430074395,-0.0005973937414395466,-0.0006571616604913233,0.0010000623032017228,-0.0017510962484096762
18,4,>50K,0.004139150251191814,0.019577665229838184,-0.02691195132805221,-0.002881691918490185,0.01305655593697127
18,Aggregated,<=50K,0.000775725553414767,-0.004175376855447842,0.003707618510423536,0.0018614383336069892,-0.0034109491857461185
18,Aggregated,>50K,0.001990020705557211,0.015214768078162352,-0.02120455321525427,-0.0020516810880705375,0.0132721962514644
18,Centralized,<=50K,0.0007733322402871186,-0.004054057673044899,0.0035698254306015327,0.0018261863657408229,-0.003325053536865937
18,Centralized,>50K,0.00203130619020222,0.01425207471867322,-0.020179467927016838,-0.0016708695401248216,0.01249540764293886
19,0,<=50K,0.00413065343436572,-0.004436678304090652,0.00513535302946268,-0.00014850226373138524,-0.0020498261672961928
19,0,>50K,-0.00738141071304114,0.012006046571983762,-0.018461618933092266,0.004403162784058251,0.012269971103367213
19,1,<=50K,0.004212581778497062,-0.006570248400777518,0.007013894421402698,0.0005551546872403095,-0.0037490630452378143
19,1,>50K,-0.006496703697666363,0.003902707931393216,-0.012972563583041285,0.004514776097979871,0.005028545373257992
19,2,<=50K,-0.0003313262773860237,-0.00045756330270510515,-0.00019249836818333957,0.0007063435713658694,3.861894978039274e-05
19,2,>50K,-0.02148932578634605,0.021732405840231762,-0.031923522634983374,0.005945750018575352,0.0172550788532751
19,3,<=50K,0.0019665195982446425,-0.003976040630747733,0.0038133249700994464,0.00047913793217371217,-0.0003475004640693909
19,3,>50K,-0.014554654303282056,0.014855789195453233,-0.024446612104859846,0.006490464504366648,0.017854621475139165
19,4,<=50K,0.000429517803122322,-0.000906870249682192,-0.0014582766086199276,0.001484908007167666,0.0003721135031815537
19,4,>50K,-0.01739903632132489,0.019298634532053376,-0.03090728184450458,0.0085933876644913,0.015354824339944277
19,Aggregated,<=50K,0.0022510235625400558,-0.0034862331884603394,0.0031734966046378004,0.0005778616510374805,-0.001283198241054052
19,Aggregated,>50K,-0.015055752989556538,0.01611898979382732,-0.025883807873603407,0.006382361797431539,0.014581496103067679
19,Centralized,<=50K,0.0021492064483667563,-0.0033811280487713036,0.0030240414700939966,0.0006121507684466639,-0.001206612783486577
19,Centralized,>50K,-0.014480375618694884,0.015318210692190392,-0.024878097954388934,0.006360862831704589,0.014129222478611111
20,0,<=50K,0.005937904124623616,-0.007465582588000354,0.006332340782130173,0.0016876615324923775,-0.006950533867916048
20,0,>50K,-0.016837189507915552,0.01668444987071051,-0.028934569951975946,0.006089964841722863,0.018388487836485685
20,1,<=50K,0.007035036181856426,-0.00867406778547321,0.009370851266342746,0.0032503445440734266,-0.009730223906437263
20,1,>50K,-0.013229850697235779,0.010801483087922515,-0.01968253961622498,0.010639894131167695,0.011905235047579848
20,2,<=50K,-0.0011275882810804346,0.0004738620723081196,-0.0008005832515338744,0.002790720056580474,0.0008812504475870564
20,2,>50K,-0.03693176856110583,0.037378630070186644,-0.04573382040179506,0.007559499675372696,0.040515071105798876
20,3,<=50K,0.0038123549372274597,-0.00611161409015478,0.00437136684646766,0.0019326011937032706,-0.004426050905065234
20,3,>50K,-0.025870519994313577,0.021240093162266747,-0.036159401119536735,0.004472073733481332,0.031660035274669006
20,4,<=50K,-0.00044333389321383755,0.0006680957788533855,-0.0018228938143535045,0.002356412981312772,-0.00046252394405080406
20,4,>50K,-0.031175903443898218,0.03393785559452213,-0.043439817454577936,0.00670097734451981,0.03213156872267489
20,Aggregated,<=50K,0.003355979521341503,-0.004603712282434056,0.0039013254200628428,0.0024067747573445525,-0.004507985191371765
20,Aggregated,>50K,-0.027287643390225574,0.02701488973918039,-0.03757293421921846,0.006889804849755588,0.02962761668694039
20,Centralized,<=50K,0.0031897425445611047,-0.0044215095051481175,0.003696547557614264,0.002421010400598019,-0.004331561738970045
20,Centralized,>50K,-0.026270818271994296,0.025757703429429336,-0.036264584685733486,0.007139012740063971,0.028332215798793213
21,0,<=50K,0.0035248960131196937,-0.00594720839289945,0.005711683279676336,0.0020189609149701545,-0.006459065230975674
21,0,>50K,-0.0015197906641978935,0.011434989150163529,-0.017149704035988943,0.0037611246414033794,0.007881958800740172
21,1,<=50K,0.003127779027023488,-0.00804371738892529,0.008270476874518259,0.0017899537838687455,-0.00736954996897202
21,1,>50K,-0.00021923939947205613,0.0051334318008448765,-0.009669105353359934,0.0014839644185744869,0.0068931094553235485
21,2,<=50K,-0.00021521070394160403,-0.00298689714761925,-7.139776958211367e-05,0.0010739540346943169,-0.001467112577680657
21,2,>50K,-0.013346758399432685,0.021530456850868115,-0.03340303045748334,0.00033155635264480544,0.02406024061993374
21,3,<=50K,0.0010791754396617058,-0.004984905310625191,0.004030484848255341,0.0018550627041105142,-0.002014192580388759
21,3,>50K,-0.010884359543423578,0.0173197681946524,-0.02588560276647348,0.0024532227850763977,0.024824898343586897
21,4,<=50K,0.0011511956997029968,-0.0007313063090287213,-0.0007934390051864933,0.001536239009391375,-3.124551201991732e-05
21,4,>50K,-0.0079458392243189,0.023862209126927256,-0.030791089724356135,0.00224050727410815,0.022421841410082844
21,Aggregated,<=50K,0.0018413814155782888,-0.004778133529218928,0.0037620063035133096,0.0016780261208590328,-0.0037286173025447987
21,Aggregated,>50K,-0.007945722845168054,0.017870247654555832,-0.025894773714083993,0.001934675114035108,0.019153921007033975
21,Centralized,<=50K,0.0017792292368256116,-0.004649609882951272,0.0036012845844445437,0.0016773115895751664,-0.003602874696591148
21,Centralized,>50K,-0.0075474761409703665,0.016899513684920434,-0.024762379081450413,0.002134746227801489,0.01815525468023463
22,0,<=50K,0.004394371956644141,-0.007554375042944078,0.0058160391941686745,0.0033278867592598403,-0.006628050213701953
22,0,>50K,-0.007346462066073604,0.010302565262337382,-0.016267148780849946,-0.0001815449991531511,0.012493380000445099
22,1,<=50K,0.005520023940769501,-0.008804065053666139,0.008535985349011148,0.005046160472263776,-0.00894570144470026
22,1,>50K,-0.005294747912169193,0.009045965237149038,-0.010738673265540784,0.0035994350014786217,0.007730806463130518
22,2,<=50K,0.00027586876923207384,-0.002004994018700427,0.0017677760238554293,0.0017855276678881925,0.00012260247484925565
22,2,>50K,-0.020378470068776473,0.028514551189536084,-0.028506440971348083,-0.007886256677003902,0.030980524487002614
22,3,<=50K,0.002057285607798587,-0.005207194408188698,0.0027688133036170995,0.003438027696009969,-0.0031274041044000297
22,3,>50K,-0.018132255759204446,0.020911128136391486,-0.03111774095577912,-0.0018955552320530941,0.027669298435294698
22,4,<=50K,0.0011340700440658233,-0.0003066959497556476,-0.0013319870856010774,0.0014185953419600494,-0.0003316734228883752
22,4,>50K,-0.016608217033408132,0.029220550250568474,-0.033370283968614446,-0.006291676504429074,0.025362985863359465
22,Aggregated,<=50K,0.0028534765766563557,-0.005086750026283819,0.003826530447145867,0.0031255575275797964,-0.004111173510709333
22,Aggregated,>50K,-0.015055396964910322,0.022136556757621457,-0.026319816356029046,-0.0037510421201142003,0.023107449488675717
22,Centralized,<=50K,0.002755785176557753,-0.0049259610525730245,0.0036670840817710606,0.00307175636783593,-0.003969780575552628
22,Centralized,>50K,-0.014382010059076994,0.020969676389516127,-0.025182935209439854,-0.0031985673678175306,0.02191034467539695
23,0,<=50K,0.004211606629680551,-0.008095769313054774,0.005062416620722623,0.0022343032596237747,-0.0028986933290710876
23,0,>50K,-0.008049850768132033,0.013780174742072647,-0.025709751661567474,0.0038638052660547356,0.010709598254586224
23,1,<=50K,0.005811497076951705,-0.012107427179936885,0.007842867337185793,0.0024256290178402435,-0.004277187589657855
23,1,>50K,0.00022544054229624023,-0.0007606401825306808,-0.018105489465463212,0.0028853357542147646,0.004850943953349592
23,2,<=50K,0.0006453435283929924,6.1525155821732605e-06,-0.0009045791558379201,0.0011684270903079127,8.947922658676574e-05
23,2,>50K,-0.01679929407021176,0.0366416076196062,-0.03936454297030666,-0.0011345199362243707,0.01973537806523208
23,3,<=50K,0.002978851458666032,-0.007979539869539599,0.002782769159584351,0.0024411631719811716,-0.001520132252988641
23,3,>50K,-0.013733701906209126,0.018302315624548576,-0.03490394426778408,0.0036747278046972568,0.016924216801162087
23,4,<=50K,0.00045908854747340187,-0.0014941263250003482,-0.002345985550445799,0.0012561696702514077,-0.0002661059933005361
23,4,>50K,-0.015992165531235697,0.02926562016539881,-0.03809583320807433,0.000336784359206449,0.016851061365579702
23,Aggregated,<=50K,0.0030190201027430305,-0.006355768224917435,0.0028496793789888984,0.0019561019194136507,-0.0019259348383302219
23,Aggregated,>50K,-0.012596575785915862,0.023120547672185646,-0.03350130847058091,0.0014289431869649993,0.015206574914517865
23,Centralized,<=50K,0.0029264899955436757,-0.00617135673869631,0.0026758912039744303,0.001939484068014998,-0.0018353862286978272
23,Centralized,>50K,-0.01185331894640094,0.021590937067815015,-0.032364437870821994,0.0017197464681652785,0.014693223919594493
24,0,<=50K,0.004381050171528265,-0.008048471393587985,0.005938297844763541,0.001475291400938896,-0.005393818739616443
24,0,>50K,0.0015837137931584181,0.011619015087437767,-0.027238108589871798,0.00389474285236542,0.010636677390508172
24,1,<=50K,0.0038468645887409967,-0.010122298343397056,0.010557300516949303,0.002124523675710801,-0.007622229949009611
24,1,>50K,0.0011342203434171415,0.00471012351868201,-0.012384913685801224,0.0050053053895437035,0.006674755773795573
24,2,<=50K,0.0003874520667312031,-0.001905453181943112,-0.00045930752343499305,0.0010962943570508846,-0.00022327748481700642
24,2,>50K,-0.011520088964063865,0.02918855049173328,-0.044523019629222456,0.0013221998293560966,0.027142263608008574
24,3,<=50K,0.0015845115157074633,-0.006887834872567949,0.0051347877181236404,0.002965972289209227,-0.0032256428368274653
24,3,>50K,-0.00948513316126928,0.01680079521625548,-0.031424965145550335,0.009293734432057749,0.021224149184733993
24,4,<=50K,0.002134739667923828,-0.00046940117665414025,-0.0008459971926117249,0.001198700674110481,0.00012930681645706804
24,4,>50K,-0.006175812515557847,0.029623827899384537,-0.039776727014352045,0.0023333556422107495,0.02311153683874759
24,Aggregated,<=50K,0.0025707166965596826,-0.005844322013189073,0.004472546485982538,0.0018102836374765123,-0.003551771323580118
24,Aggregated,>50K,-0.006071868850673198,0.021350459945979002,-0.034212187887699225,0.003919683820907079,0.019880937357034088
24,Centralized,<=50K,0.002512758013688528,-0.005677287415055315,0.004267889104836295,0.0018041708755466678,-0.0034215023829601452
24,Centralized,>50K,-0.005614108197900412,0.020016859361282568,-0.03286861861506776,0.004144536823516596,0.018854149156790328
25,0,<=50K,0.00493066064493824,-0.008454423314579188,0.005237390647833086,0.002036960725602623,-0.0023630373000218677
25,0,>50K,-0.008695522577721446,0.01199162657811329,-0.013420445577309927,0.00739980121724179,0.011581139563966121
25,1,<=50K,0.005788226088245025,-0.012094829327149509,0.008879898164872902,0.002133555388937904,-0.004742236914158497
25,1,>50K,-0.005513334155769863,0.0006614320270292814,0.0020295455560926804,0.006088066195204722,0.004490884094949545
25,2,<=50K,0.00017495222838696163,-0.001142370252845056,0.0018749724118785967,0.0005335883979862178,0.0003265418483864561
25,2,>50K,-0.020444176962571118,0.03187750339407056,-0.02030710384800508,-8.560856311282487e-05,0.018906969700574268
25,3,<=50K,0.003743154465525241,-0.008254267980322005,0.00441657170628754,0.0022917852018528528,-0.0010718950631855352
25,3,>50K,-0.013953130585702408,0.016605167473508667,-0.01773834154205586,0.007072313643535281,0.01652680316255805
25,4,<=50K,0.0017233291516975187,-0.0020671463372683276,-0.00047467019677060275,0.0008474232836417517,-0.000564082410437892
25,4,>50K,-0.015577398380519702,0.026353403256170003,-0.024161602658892577,0.0018820912619357884,0.012878566455862155
25,Aggregated,<=50K,0.0034583662750981925,-0.006794470996433169,0.004286382383395021,0.0016309565786245847,-0.0018327456348006298
25,Aggregated,>50K,-0.014247568002576037,0.020652201268522713,-0.017165165441853304,0.0036970582928289005,0.013889607400188493
25,Centralized,<=50K,0.0033675840079350947,-0.006628211448501555,0.004158394693199702,0.0016159542472036215,-0.001760162179891056
25,Centralized,>50K,-0.013527105620170598,0.019130267162229604,-0.016034764401693092,0.003986021919232191,0.01334597964394565
26,0,<=50K,0.0055301965866243,-0.008138618232802266,0.006903274357490772,0.001805791543904837,-0.005976479861560387
26,0,>50K,-0.00303166581933114,0.013841311303428886,-0.027062560215289553,0.006477536288872773,0.007465424082546337
26,1,<=50K,0.005346224625797372,-0.012390669169596845,0.010748263842559074,0.0021623600277360508,-0.007018565310174489
26,1,>50K,-0.0036435627967418244,-0.0037395248466522203,-0.013752502844238191,0.005275649102877453,0.005244169902457577
26,2,<=50K,0.0008383952627668093,-0.0019904662061468736,-1.8920125964216883e-05,0.0017957191599476212,-0.0009518998700656275
26,2,>50K,-0.01680742934377594,0.029175137833667462,-0.04408871264743848,0.006370052886504296,0.023591137126801432
26,3,<=50K,0.00300012312443587,-0.00833051675499693,0.005372359976046457,0.0021828395679504174,-0.00370574592847344
26,3,>50K,-0.014165992360422085,0.015563011411081396,-0.032835456607588076,0.006776882768760709,0.017757768881112152
26,4,<=50K,0.001957095649490755,-0.0008059053619535035,0.0002937182986948228,0.002222213279195423,-0.0007758619478729301
26,4,>50K,-0.012815550535799584,0.028794610177138406,-0.03767206365484208,0.006946310320196893,0.021180114233617785
26,Aggregated,<=50K,0.003496036150653287,-0.0067444602239591575,0.005048867530461643,0.0020339197585504073,-0.003928643184160076
26,Aggregated,>50K,-0.011463982877962034,0.020214460691759292,-0.033902334570381734,0.006493026939151476,0.017117561406796943
26,Centralized,<=50K,0.003411865264651439,-0.006570378069115226,0.004853530405570946,0.0020567791473909912,-0.003806564563910177
26,Centralized,>50K,-0.010783782943486303,0.018635645363846664,-0.03254399658335797,0.006686082303571506,0.01621382621567417
27,0,<=50K,0.004778028417351615,-0.005172472628601867,0.005795778755568526,0.0025797567337088323,-0.006818380210982976
27,0,>50K,-0.005212084859668642,0.011158314141630299,-0.028821045957619394,0.003993114266791919,0.009709205511327966
27,1,<=50K,0.005358560268517222,-0.006238533960104938,0.009484816105730962,0.0026653269019661567,-0.00713819250056662
27,1,>50K,-0.0013947604598886479,0.007494846460527571,-0.013094322452304496,0.0023224520868695437,0.008077782551822734
27,2,<=50K,-9.090409578583203e-05,-4.680817165400216e-05,-0.0008831199072037314,-0.0001523879693674938,0.0002886352193546863
27,2,>50K,-0.019194819474790938,0.02573040741968841,-0.04613976351746818,-0.005757528527945812,0.031189594126191808
27,3,<=50K,0.0029750005902401677,-0.004150419782031141,0.0036813892442705645,0.0026761307502567167,-0.0036966763897599195
27,3,>50K,-0.010461223153857653,0.015062877676047476,-0.03573658266076975,0.0015224045196061372,0.02195626743006439
27,4,<=50K,0.0003469756681848069,0.0003718364823211177,-0.0027000722497273993,0.0008033038528460712,-0.00011407660769679658
27,4,>50K,-0.016071357074380867,0.024413991897916577,-0.04442815881121218,-0.0016659052996742326,0.023303102100202314
27,Aggregated,<=50K,0.0028840294871073377,-0.0033080263490803904,0.003503339346443059,0.0018133390651278176,-0.0037933930883158433
27,Aggregated,>50K,-0.01238517735704397,0.018931393768549104,-0.03706887640410677,-0.0007698600430728674,0.02113484736121215
27,Centralized,<=50K,0.00278422248525228,-0.0031783599813194766,0.003283253061170725,0.001782956040657918,-0.0036517937184048555
27,Centralized,>50K,-0.011666740680921142,0.018069933891984656,-0.03576162263998817,-0.00038949701791023416,0.020096424979613406
28,0,<=50K,0.003575915735648612,-0.010645572640850039,0.00661519990776885,0.0017563365447982797,-0.0028382151338203006
28,0,>50K,-0.0011241681746831322,0.012183939539514556,-0.011342115379055218,0.0076657183307542506,0.00862999865449168
28,1,<=50K,0.004172527572868651,-0.01547251191993037,0.010317673242712414,0.0018666524640205406,-0.004769924843953148
28,1,>50K,0.005274080640377306,-0.004592083222400276,-0.002031609489089246,0.00678802093623695,0.003197140884239802
28,2,<=50K,0.0006935012580911152,-0.0034928565278623184,0.001246033947942804,0.0011709892792640193,-0.0005989523448718966
28,2,>50K,-0.009269921353687233,0.030833325045481707,-0.027959752929892775,0.0032960396122433937,0.01590855743154851
28,3,<=50K,0.0024725844895386114,-0.010134533503013882,0.004704701241804737,0.001663672799157595,-5.585895979707822e-05
28,3,>50K,-0.006094276680159816,0.017272921401148535,-0.02527818001422064,0.007394344369331796,0.019412073966130625
28,4,<=50K,0.002861860326836818,-0.003322711876876644,-0.0013049826040546979,0.0014263404184239493,0.0002324978830869055
28,4,>50K,-0.003662723426514173,0.0290904599532558,-0.031222973284856324,0.004016976527586064,0.01544140543857454
28,Aggregated,<=50K,0.0028357619381804786,-0.00905577133161486,0.004705810590446001,0.001598411670846385,-0.00176242203547279
28,Aggregated,>50K,-0.004082094899780443,0.020678725572036923,-0.022682619085035386,0.00535503531615591,0.01375952233865408
28,Centralized,<=50K,0.0027905283559771193,-0.008880346660482192,0.00453993758939629,0.0016007009720513073,-0.001679030393276043
28,Centralized,>50K,-0.003672901051927528,0.01883752576174794,-0.021256310687905337,0.00553277621411436,0.013183562685543444
29,0,<=50K,0.0019016824281369823,-0.009146405105152956,0.006589104017579049,0.0018949170366268143,-0.0025355159289846495
29,0,>50K,-0.0013399887786482822,0.007648477868682065,-0.028285473512143024,0.003785798982976511,0.00773955841447199
29,1,<=50K,0.0022488585473620687,-0.012182096538988087,0.011449177034962536,0.0026972066909250413,-0.003592910966646921
29,1,>50K,0.0022831076689928636,-0.0036394651177060608,-0.013826504350833869,0.0036421956366557576,0.005747283528695159
29,2,<=50K,0.0011116578231591197,-0.0034464415295537955,0.0017021462880598673,0.0014789674974463763,-0.00015759695765800165
29,2,>50K,-0.00213066640863957,0.025412956327467724,-0.04041539443355271,-0.0003952478298880439,0.01491590201828268
29,3,<=50K,0.0007749715941818854,-0.008083107041659245,0.006007327527213226,0.002123124783648356,-0.001418737936661953
29,3,>50K,-0.0057454469415190315,0.014249980965231246,-0.03131921864288142,0.0035783929763144816,0.013752693543251182
29,4,<=50K,0.0015965770178512917,-0.0014817409512698498,-0.0016298266433155777,0.0018006535460573607,0.0004392561050487742
29,4,>50K,-0.001762993850990017,0.026951278924524147,-0.04405881629724111,0.0019094233660595483,0.014478536013522824
29,Aggregated,<=50K,0.0015521767929118089,-0.007244684581474814,0.005248864631290787,0.002030452411419484,-0.00159569066735713
29,Aggregated,>50K,-0.0020384596349808702,0.017531852278702062,-0.034683808109999936,0.0021248083763395656,0.012357856329412385
29,Centralized,<=50K,0.001535689895199092,-0.007076041332758933,0.005038121304124255,0.002021602189603163,-0.0015232781413207922
29,Centralized,>50K,-0.0018402512196628565,0.01601382101002534,-0.0332073415675594,0.0023641747241407644,0.011859533847802608
30,0,<=50K,0.0052207802948456205,-0.008408378622436262,0.007041573476671931,0.003456160157574062,-0.00440545967148841
30,0,>50K,-0.006014941297951762,0.016186417128233967,-0.025662438077402983,0.007593792062137393,0.01005492514822459
30,1,<=50K,0.005518294640942926,-0.011595666672638881,0.010920123482418156,0.0031473198415347126,-0.005614882363444522
30,1,>50K,-0.001979936126846271,0.003100249695749846,-0.011992363252622254,0.0039926767564310945,0.005643680939774641
30,2,<=50K,0.001659354533538071,-0.002043833221917855,0.0005686208673833274,0.001068154256640219,0.00019750415167548718
30,2,>50K,-0.015362711292796183,0.03312484238816688,-0.04293672297648829,-0.0028630602841222966,0.024077973188060688
30,3,<=50K,0.0028665181456833926,-0.007181668869781158,0.00587570231804472,0.003185709833167033,-0.001960012917007427
30,3,>50K,-0.016169592949263702,0.021942865563653182,-0.03216002700234514,0.0054644272487651335,0.019370874118228264
30,4,<=50K,5.966137113988708e-05,-0.0022982584851776715,-0.0017189089748010902,0.0023586334823020787,0.00016641733727795944
30,4,>50K,-0.019431208123516345,0.03019161507505309,-0.043167759112128605,0.0024723698488955262,0.02012661479508569
30,Aggregated,<=50K,0.0032610774633129993,-0.006656315774870514,0.004977854385378731,0.00270613587434084,-0.0025453662395037067
30,Aggregated,>50K,-0.013596534840870395,0.023987647178487198,-0.034605926527650516,0.002631942565822212,0.017693214629096624
30,Centralized,<=50K,0.003156362963882797,-0.00648107398942308,0.004761825381137289,0.002686692739679358,-0.002431565235551867
30,Centralized,>50K,-0.012842705421148045,0.022644025354256365,-0.033147299344088554,0.002998868987075108,0.016942254760060355
31,0,<=50K,0.0033461815387246926,-0.0031961531436060656,0.0052353994868987955,0.0033241715326925198,-0.006841853959862251
31,0,>50K,-0.0027405717934253595,0.01819438973135046,-0.03628951362319615,-0.0007084349522360848,0.01623151167034529
31,1,<=50K,0.0038030452151309496,-0.005337583056544753,0.008661634095143759,0.004392520383422817,-0.008431128263327859
31,1,>50K,0.00036662148034273073,0.010312024105140045,-0.021146108009823583,0.00235109737841623,0.01025583901341528
31,2,<=50K,-0.0006345687794297672,0.0007023292982176151,-0.00223991429796289,0.0004170521118922706,0.0008153464670562826
31,2,>50K,-0.013815590304597001,0.026608664203495218,-0.051457828593307234,-0.0099715839580638,0.03654878979159508
31,3,<=50K,0.001946577282436122,-0.003822840348064288,0.003698510268723926,0.0036051040617879116,-0.00431441698451349
31,3,>50K,-0.010071637941829978,0.01620196822004651,-0.03882804916692284,-0.00034396474770656733,0.026873395115183125
31,4,<=50K,-0.00016015063488764025,0.0005942901035147496,-0.004267815246056017,0.001012847177824951,0.0005180247134989139
31,4,>50K,-0.013295011039522154,0.025683117443597362,-0.05282572235995732,-0.007996783665617485,0.032393979959634826
31,Aggregated,<=50K,0.0018291720254791969,-0.0024398580018966634,0.002682379729480955,0.002692344264169946,-0.004010852756639832
31,Aggregated,>50K,-0.009548683690919503,0.02116028173824446,-0.04351123426863352,-0.004715748245205028,0.027266283417399916
31,Centralized,<=50K,0.0017493640686523685,-0.0023181666169768745,0.0024446845134426186,0.002632849936710567,-0.0038382564560475413
31,Centralized,>50K,-0.008991874141193113,0.020448810562541917,-0.04221572567984135,-0.0041656406446646055,0.026075927917497518
32,0,<=50K,0.0032618334216246345,-0.00494445723436938,0.004953453070376303,-0.00024575233442712213,-0.0032321845426054505
32,0,>50K,-0.005997673067413695,0.019053530818320723,-0.02890034309700038,0.0058013244988699975,0.014337139973309885
32,1,<=50K,0.004195798943417758,-0.007793641868431348,0.007366272542481702,0.0007757076737558765,-0.005019680525205678
32,1,>50K,0.0008735920084008864,0.006802250778965696,-0.021386389728241237,0.007883198890940466,0.007876829705694845
32,2,<=50K,0.0003460298537404242,-0.00032940928043955766,-0.0009070297484715329,0.0009734948476003295,0.000785502805285208
32,2,>50K,-0.013576391222891837,0.029524353817511794,-0.04262967063288081,0.007198917012750938,0.025821699492077955
32,3,<=50K,0.001498118831818777,-0.004643711116273417,0.003937302209336824,0.00014498225860933855,-0.0016670811836712652
32,3,>50K,-0.012590656232753647,0.019002510724451176,-0.03178750984921204,0.0052983479278533386,0.02026562019466103
32,4,<=50K,0.0001332532370851014,0.0004116662874540193,-0.002387507265951383,0.00249618726739446,0.0016098614311594965
32,4,>50K,-0.014524268803185967,0.03144850516707527,-0.04229050244922529,0.011711909767602198,0.0241913294690762
32,Aggregated,<=50K,0.002036982446860995,-0.0037552632025978708,0.002948054314111773,0.0007623999813607743,-0.0017424289752018276
32,Aggregated,>50K,-0.010744876647557657,0.023767496792673308,-0.035844319421406874,0.007989594289960121,0.02039099317560811
32,Centralized,<=50K,0.001954515889426626,-0.0035980928843933964,0.0027571156426860403,0.0008023253978725349,-0.0016192316182694418
32,Centralized,>50K,-0.010212945756245784,0.02278841124121011,-0.03478132835469809,0.00791990639822451,0.019669461992069814
33,0,<=50K,0.004261425266648141,-0.008623968675962667,0.004518602502616559,0.0018122923468428143,-0.0030267929889410423
33,0,>50K,-0.006341791820091234,0.010661631793203008,-0.016316999312221143,0.007629415833555656,0.011623881110874694
33,1,<=50K,0.005201994140758781,-0.011731819620081713,0.00727597512653728,0.0016886081841566332,-0.004690854097005037
33,1,>50K,0.0014559196756088132,0.0007610862395702967,-0.00859729010090576,0.005153961233870661,0.006172318967095926
33,2,<=50K,-0.00019303165632573912,-0.002136397138930235,0.0006811629428712717,0.0008764610540328066,0.0003619547898467653
33,2,>50K,-0.018376866276397903,0.030159773371358525,-0.02873927331525006,0.002714758694411281,0.02132637212880937
33,3,<=50K,0.002366295901697822,-0.008290566750855799,0.0032379233103549897,0.002444352030841242,-0.0016851760915054582
33,3,>50K,-0.015912521256946515,0.01683597659537599,-0.022800494780900002,0.0075010609524380325,0.018036540778096154
33,4,<=50K,0.0009564643310485658,-0.0016596260327472394,-0.0017522495001725646,0.0008430841167759052,0.0011692229178843939
33,4,>50K,-0.015515085342829768,0.02972226159116458,-0.030497128685758743,0.0019717105716327565,0.02095249460355647
33,Aggregated,<=50K,0.0027005827407442654,-0.0068664908270007294,0.0030904204716100483,0.0015755089611151534,-0.0017816338176429814
33,Aggregated,>50K,-0.012854582689903686,0.021010466013443342,-0.02378583401209884,0.00444477363306657,0.017281426763637888
33,Centralized,<=50K,0.0026034262168027713,-0.006690925081710486,0.002936931625765351,0.0015695435418079384,-0.0016759630033837403
33,Centralized,>50K,-0.012200241642508602,0.019555199461436697,-0.022805588365667925,0.004680296215660586,0.01662222252559934
34,0,<=50K,0.0031485211004374644,-0.006889328675229425,0.005500308482543204,0.0029613066358626316,-0.005301972364776203
34,0,>50K,-0.00488843211113244,0.012383093528166822,-0.01969580165636629,0.0016305315331285727,0.00838804773506555
34,1,<=50K,0.003141886307842627,-0.00986888853239951,0.008654976175970492,0.003347153832335233,-0.007106014541974242
34,1,>50K,-0.0005128182584862435,0.0006409014449396732,-0.01117615511437176,0.0010471800955792533,0.0005637668868162304
34,2,<=50K,0.0003836534283178354,-0.00036826624176692914,-0.0006258092116708728,0.0004251963017681252,0.0004121657679726017
34,2,>50K,-0.011016786855653658,0.029523477814371483,-0.03470420488145951,-0.005735701785253907,0.024412349149763816
34,3,<=50K,0.0007491025613139523,-0.005038289569811993,0.0032917500359797218,0.0029239617094633354,-0.002244700390380187
34,3,>50K,-0.012152544221362,0.020049827946140027,-0.029154006217706207,0.0010054525445395053,0.021365393608323933
34,4,<=50K,0.000403514052853036,-0.0008095130275516893,-0.0014399237143668568,0.0016142686406041792,0.0007111380768679158
34,4,>50K,-0.010787356202968716,0.02681991916076243,-0.03485323911302516,-0.003710244977483375,0.023302256247601964
34,Aggregated,<=50K,0.0016754309491702852,-0.004939225303706881,0.0034388072053078084,0.0023453475826410333,-0.002998026332829267
34,Aggregated,>50K,-0.008943508236713606,0.02087172182985323,-0.028557503026175574,-0.0019587481963724332,0.018173889148840695
34,Centralized,<=50K,0.0016113967447763168,-0.004782212369825247,0.0032714854037286484,0.0023123153267136615,-0.002865662921470987
34,Centralized,>50K,-0.008528940750504537,0.019626194749008664,-0.027390217042135498,-0.0015542134498782686,0.017185868214846564
35,0,<=50K,0.003975565758603018,-0.005699590652871049,0.005281275122854506,0.0028937154906062412,-0.0032243386257010767
35,0,>50K,-0.003720007032756754,0.016916311285973172,-0.030998054256807798,0.00425098307664716,0.013463763792024729
35,1,<=50K,0.0038406038853467327,-0.007978597900791072,0.008658319785031976,0.0037336510296946163,-0.004765564397509808
35,1,>50K,-0.0011185024524060726,0.008382745862898599,-0.021988149196879955,0.0034624109649915727,0.00723762485453886
35,2,<=50K,0.00011309355139475137,-0.00044771338511218246,-0.0018500511779604453,0.0006951631200525758,0.0005590251497577229
35,2,>50K,-0.014765909293936303,0.03058233899227476,-0.04759556648336406,-0.004838741319668042,0.022546398193921798
35,3,<=50K,0.002585097903944724,-0.005726364980535322,0.0034746456348925905,0.0030268257755212504,-0.0017779577721353153
35,3,>50K,-0.008858051769588204,0.018519919297883398,-0.04003875078357754,0.0019417447661047897,0.018912704708269112
35,4,<=50K,0.0010938115769628665,0.0001817703136884711,-0.0035324729283261283,0.0014833406895326713,8.006442649359051e-05
35,4,>50K,-0.010808371566806507,0.030745795496317684,-0.049518377324544074,-0.001602345912697837,0.01831507067983231
35,Aggregated,<=50K,0.0024570364037197045,-0.004242037905955986,0.002844145385128674,0.002465437105912424,-0.002013037582173247
35,Aggregated,>50K,-0.009197568684489977,0.0236092249609479,-0.041083319682525474,-0.0002611809807516037,0.017425370728576396
35,Centralized,<=50K,0.0023830004195497653,-0.004082219709397128,0.0026234676493637975,0.0024356001587033604,-0.0019191844401431587
35,Centralized,>50K,-0.008693358361986044,0.022554176721978864,-0.03979869899703924,0.00019865155839118853,0.016812938482728957
36,0,<=50K,0.0024181929732200198,-0.006278221227369224,0.0040704293548325865,0.000282555942138063,-0.003515706619432973
36,0,>50K,-0.0043832365902727564,0.005468668431484806,-0.014318367937519835,0.004656224459338169,0.00919747112637394
36,1,<=50K,0.003462590652195933,-0.007031562070530055,0.006604832373681757,0.0011214135744004317,-0.006898223791930003
36,1,>50K,0.0021463546730739747,0.00245276501050253,-0.003861248274119646,0.00723159577783794,-0.0006560132585215483
36,2,<=50K,0.0007337380766824942,-0.0008168007657879968,1.4892073369169682e-06,0.000411450142177137,-0.0003354765782764113
36,2,>50K,-0.008376829277808756,0.02088503118304942,-0.023211598698208123,0.003071210822921061,0.018064167510518488
36,3,<=50K,0.0012809680739291692,-0.004839231201882762,0.0032495816003757765,0.0001984641603965831,-0.002451842940277858
36,3,>50K,-0.009875367732393926,0.012192334743912491,-0.020772626083760293,0.004276603142226954,0.01653766091103735
36,4,<=50K,0.0010561549344337154,-0.001209929384057834,-0.0005547097640613137,0.001015024856255418,-0.00038131980060809314
36,4,>50K,-0.007147830596881285,0.020129797232189696,-0.023343689883805585,0.005707915771338098,0.016667459031630524
36,Aggregated,<=50K,0.0018774098472163969,-0.004279384320006428,0.0029299207223919582,0.0006049495330369802,-0.0029369692788056966
36,Aggregated,>50K,-0.006417852146784768,0.014453247833024954,-0.01908775664929741,0.004785878090140827,0.013756025057057112
36,Centralized,<=50K,0.0018305236103194197,-0.004162363188979109,0.0028117886898824606,0.0006159808937885906,-0.002843520360079136
36,Centralized,>50K,-0.006033773448180572,0.013542196050076512,-0.01820201533783815,0.004858941008485575,0.012913929539121587
37,0,<=50K,0.002145579729907802,-0.0050602791890860975,0.004942666589475381,0.0005947210906033433,-0.0019813851305647075
37,0,>50K,-0.004056941782857313,0.008703581791328994,-0.018254618578609074,0.004881325645126964,0.009753061096966527
37,1,<=50K,0.0036340760413918816,-0.007449627970354241,0.007268330917690493,0.0017177141632621685,-0.004325183183737919
37,1,>50K,0.005031672967639513,0.0005569588124157809,-0.012412474869867175,0.006301437976333037,0.0006114999103427628
37,2,<=50K,0.00014675820308126714,-0.00030246340978959765,-0.0012051100778828982,0.00107574658435949,0.0007579305202171427
37,2,>50K,-0.008067413393654365,0.02243085315319348,-0.034342022923053994,0.004692088518667061,0.016059639098159932
37,3,<=50K,0.0020253878769059303,-0.005151608515718586,0.005005720107879247,0.0009913171227139916,-0.00185204196698631
37,3,>50K,-0.005510346035448072,0.010787106529053911,-0.018531245030656222,0.004608212985212938,0.011585072624629426
37,4,<=50K,0.0002533464211804504,-0.00013157833542827845,-0.0015124140712322023,0.001835962501448881,0.001089560749515219
37,4,>50K,-0.008587219475462643,0.02177909409238067,-0.0331535993635751,0.007107816880792876,0.014567661458753826
37,Aggregated,<=50K,0.0017641681678084134,-0.0038961100727822108,0.0032404744666630933,0.0012320995890761981,-0.0014514544048821374
37,Aggregated,>50K,-0.005543600173737995,0.01533397767056761,-0.025951794275342027,0.00558269285210817,0.011973818997674007
37,Centralized,<=50K,0.0017094963929289813,-0.003770553736365765,0.0030769870588987316,0.0012550383083103633,-0.0013735414858245347
37,Centralized,>50K,-0.005091257007342507,0.014358619920535002,-0.024916942815344775,0.005690083430698874,0.011371135268877314
38,0,<=50K,0.0050920769968878735,-0.0052085129805747735,0.0056582638944121,0.001961992149526659,-0.007126888284903271
38,0,>50K,-0.013964120545235475,0.014599849831376964,-0.016231862470559515,0.005649671315298965,0.011602091008191973
38,1,<=50K,0.0066854634701594496,-0.007308747060679699,0.008333512532501862,0.0022148658984644963,-0.009708125288787933
38,1,>50K,-0.008055378689317825,0.0101299070244486,-0.007977177699028308,0.0015986241089037882,0.004123430194268642
38,2,<=50K,-0.00016565012204954876,-0.0002480305482592667,2.5910261793277155e-05,0.000933189104183511,2.5101503468087186e-05
38,2,>50K,-0.02849372787731969,0.0285738839824735,-0.03262073283303035,0.00022892905097407119,0.032399329616927965
38,3,<=50K,0.0031479269491986096,-0.005922976647450242,0.005054140926173961,0.0017610742008276577,-0.005270068899544645
38,3,>50K,-0.020530640619457346,0.014264723878450233,-0.020344730038324592,0.0025537365970744,0.020640819664300307
38,4,<=50K,-5.235869496632017e-05,-0.00046816927589161673,-0.0006283330513612869,0.0018265769430536852,-5.621303203132329e-05
38,4,>50K,-0.02587875406607022,0.027209077087018772,-0.02997815965812424,0.0025970149138781836,0.02781514169578181
38,Aggregated,<=50K,0.0032027707356049456,-0.00410281215027353,0.004021049784825313,0.0017671023573963343,-0.004799033769677635
38,Aggregated,>50K,-0.021567301557124066,0.021158609139042932,-0.024096971071996966,0.0023354737772839436,0.022298572763260097
38,Centralized,<=50K,0.003064674430672448,-0.003961610884861283,0.0038605752567078804,0.0017656481581682074,-0.004636023470313168
38,Centralized,>50K,-0.020694269448255993,0.020220962160557413,-0.02298041479357323,0.002569550392360553,0.020980032209858637
39,0,<=50K,0.0031767132702003966,-0.0032420378228252924,0.0037990110482601556,0.0008598251090396469,-0.0037168108919716134
39,0,>50K,-0.00014252769157236574,0.012242286323433126,-0.03278060380126616,0.00427457751116021,0.01275328306243063
39,1,<=50K,0.003355592712574529,-0.005217766734867807,0.007065414967966941,0.0019074742715974795,-0.005527042995436168
39,1,>50K,0.0020806893537834658,0.004005854464099155,-0.021354218813313626,0.005159791425400429,0.006293681157697243
39,2,<=50K,0.001399412486336097,0.0002856694575980016,-0.002747651313807962,0.0005644035715096436,0.0003880160302117297
39,2,>50K,-0.0059476158122916565,0.021373112195048546,-0.04744460581816015,0.0013920652168774325,0.023092696078975513
39,3,<=50K,0.0018494871821063555,-0.003382593935378064,0.003967230267236643,0.0027645566991442217,-0.0024603488399062606
39,3,>50K,-0.005947573243709758,0.012945452609934396,-0.03217377033066541,0.00945344399642189,0.01822503955108873
39,4,<=50K,0.0001414410358425248,0.00019166778522472505,-0.004348747795291198,0.0013206208886559396,0.001318686888937622
39,4,>50K,-0.009596241167363533,0.02077931684907214,-0.048171397237000986,0.003475795717969815,0.023168022124118535
39,Aggregated,<=50K,0.002094542533896735,-0.002478110835155089,0.0019638998611653286,0.001512726205217961,-0.0022460270541745813
39,Aggregated,>50K,-0.005109742655316143,0.016142650882401917,-0.03941657734263788,0.004367804893518227,0.018587174774530524
39,Centralized,<=50K,0.0020373898047753008,-0.0023692393426695104,0.0017460645325524178,0.001513639339766798,-0.0021298732446036863
39,Centralized,>50K,-0.00465193438298994,0.015471504114594536,-0.03830501230256798,0.004562205882354806,0.017787188971185083
40,0,<=50K,0.0026225430963290977,-0.004442821120190908,0.004429854477538593,0.0004252323531939069,-0.005051491355920322
40,0,>50K,-0.0026215933679732315,0.011722253818207433,-0.01994205585972203,0.005214248316399282,0.008904530319924256
40,1,<=50K,0.002719274416146698,-0.006938996756338935,0.0074099886712810595,0.0007645493933593151,-0.006575865671830352
40,1,>50K,-0.00033277347656389676,0.0035725463564769246,-0.01171859592575445,0.005368244380956845,0.0062125987073564206
40,2,<=50K,0.00032521138131471244,-0.00037288070909418286,-0.0006470563793519642,-4.3889661866099626e-05,-0.0006181662254699701
40,2,>50K,-0.008921142880663443,0.0219956503360938,-0.03087540303864679,0.002045576188961016,0.021312769711896707
40,3,<=50K,0.0010719835279603906,-0.005035141642145613,0.003934033530719781,0.0006126732231290547,-0.0026572530137738653
40,3,>50K,-0.010157933276232933,0.011306436392140575,-0.024545211437073514,0.005536723287246377,0.01996572599365261
40,4,<=50K,0.0013898374317291165,-0.0016294087379063404,-0.0025791760133030547,0.0020408867953596735,0.000957235050304378
40,4,>50K,-0.0062382416969404275,0.019228465846382117,-0.03481610839525008,0.0074656980959074415,0.022768280283908943
40,Aggregated,<=50K,0.001694433612689949,-0.003897856842102946,0.002859158850094895,0.0007353003486418522,-0.0030542524374788512
40,Aggregated,>50K,-0.006376486727599776,0.015429284164702748,-0.02681740802397941,0.005114043406188215,0.01772799917932775
40,Centralized,<=50K,0.0016519442246848647,-0.00378929306037087,0.0026993973702426474,0.0007520191310087002,-0.002938797643417355
40,Centralized,>50K,-0.006050177618267305,0.014634775694587878,-0.025715416283565176,0.005098206456014712,0.016769442172613603
41,0,<=50K,0.003910948243722143,-0.00913250534825167,0.007703932891710852,0.0022711704552996685,-0.004232188541026321
41,0,>50K,-0.00082407732934013,0.01474115395769409,-0.02547981659599868,0.0034033117086996615,0.011467549214124807
41,1,<=50K,0.0043014729840893905,-0.014462099028890547,0.011915087681734503,0.0030038474812120242,-0.006574471295318438
41,1,>50K,0.006092538679021962,-0.00374451617851795,-0.014506484191485583,0.006332474565531621,0.0026742751728210707
41,2,<=50K,0.0014805145474775332,-0.0030727708723489824,-0.0002912732311138773,0.000992162486372063,0.00044242637516525574
41,2,>50K,-0.005705116528288038,0.030268141469658207,-0.04522428137542429,0.0008319439481707436,0.02290375013387068
41,3,<=50K,0.0022244921344240333,-0.008906108091455513,0.0060221356412733075,0.0027756694612603456,-0.0028288351814086564
41,3,>50K,-0.005870621384206056,0.01840391539923277,-0.03466036455202985,0.005784600495533774,0.019621628127507746
41,4,<=50K,0.0028051507327801263,-0.0036205051223381674,-0.0019236348757264469,0.002663801923476387,0.0006945732252712093
41,4,>50K,-0.0036465360960440357,0.029129384886835762,-0.0472459139308081,0.005136186468415797,0.022107927769127934
41,Aggregated,<=50K,0.00301899167158777,-0.008227574045610232,0.0051818915942100485,0.0023752073452953616,-0.002766392100186622
41,Aggregated,>50K,-0.0029746202231295043,0.02125284320360158,-0.03708154310762317,0.004022963222440941,0.017860551744494038
41,Centralized,<=50K,0.0029787547923591155,-0.008050793572863478,0.00495279872835089,0.0023800996619286123,-0.002648572072123728
41,Centralized,>50K,-0.002558090369901093,0.019639806461330414,-0.03542411775280138,0.0042971002954130455,0.01693797786588585
42,0,<=50K,0.004954920677759842,-0.005618731084030648,0.005001784503861759,0.0011081098161831746,-0.0034345652160895617
42,0,>50K,-0.013381931607990867,0.018132151830080927,-0.017990203250020164,0.004218487522623436,0.01045581819531365
42,1,<=50K,0.007265302057842765,-0.010780408003297853,0.008387890203590872,0.0024297457342122445,-0.004351252092338317
42,1,>50K,-0.003198204665833441,0.0009063789488554833,-0.013814466897112054,0.007801314782482595,0.008889417135150656
42,2,<=50K,0.00021425343338222398,-0.0008699996202195267,-0.0005815771221968006,0.0015423578601945745,0.00021696885163459688
42,2,>50K,-0.025858457285635725,0.029715552993701363,-0.034978037192455555,0.0037170706270167496,0.0197114672306693
42,3,<=50K,0.00384194158596828,-0.005998237913935982,0.003574720487405166,0.001955201583644021,-0.0012871143700861714
42,3,>50K,-0.01682084364840782,0.01743332791713625,-0.029193167689601753,0.003974418416245926,0.018861391006630555
42,4,<=50K,-0.0003466396235317896,-0.0019936051152386223,-0.0024287712770803436,0.0016561485766163175,0.0015916405236138169
42,4,>50K,-0.02537209594733586,0.02649203912338107,-0.03690506881275269,0.004047562485329668,0.020585146794500443
42,Aggregated,<=50K,0.0034643889568723267,-0.005366310959042561,0.0031662868745690343,0.0017537577144994879,-0.00166381658441286
42,Aggregated,>50K,-0.019388487479227636,0.02127371557422294,-0.029266965327623937,0.004427181955376235,0.01705913931500272
42,Centralized,<=50K,0.0033253008532603064,-0.005216176277966567,0.002990133891326378,0.001757004804915981,-0.0015672338949011008
42,Centralized,>50K,-0.018435771290755288,0.02008788793535625,-0.0280426480368228,0.004645070418163941,0.01637508471252695
43,0,<=50K,0.005179864587761433,-0.005523456912967541,0.004148255483217191,0.0019326323278470946,-0.006139486990857494
43,0,>50K,-0.008426007847497296,0.016628799693212584,-0.02287498711686035,-0.0006188853458802564,0.009590845745590956
43,1,<=50K,0.005445762534380925,-0.009101159407673923,0.007724206381812513,0.0037826500946011995,-0.007754002512595491
43,1,>50K,-0.00785534264825676,0.0059776384198091115,-0.010858085050436506,0.003010258324762214,0.006390668036227398
43,2,<=50K,-0.0007367619516439716,-7.551150836050402e-05,0.00020691069477870954,0.001187642188629895,-6.20517744864472e-05
43,2,>50K,-0.02698349093626628,0.03101750750972613,-0.029571501946891364,-0.003051208440737611,0.02901002921757858
43,3,<=50K,0.0027220265712489663,-0.005725926263629459,0.004062682829900913,0.0026970548239843148,-0.00386174423889911
43,3,>50K,-0.01651609955813051,0.01828548260832593,-0.02378829063655057,0.000936404431637918,0.022719149359486004
43,4,<=50K,-0.0013415794174394258,-0.0007538715171832577,-0.0021822959874984818,0.0016386526920676252,0.000401643415712194
43,4,>50K,-0.025766488247254957,0.027791845590560624,-0.03367439677940081,-0.0017701498849272894,0.026675526039106345
43,Aggregated,<=50K,0.0025271608433820106,-0.004551921679585495,0.0031203155276992387,0.0023196661199552946,-0.0037949164234378297
43,Aggregated,>50K,-0.019521491344562915,0.022508701843590863,-0.026373180810648093,-0.000846891457619525,0.021447153988007134
43,Centralized,<=50K,0.0023856944881570307,-0.0043995551699687755,0.002968276771682251,0.002299889717285327,-0.0036453962947791464
43,Centralized,>50K,-0.018673153254513065,0.021370764435348983,-0.02530708781299597,-0.0004699484525056234,0.020352255804143075
44,0,<=50K,0.002674145512845057,-0.008625414959470874,0.0062098551064545034,0.0027226155790685603,-0.003774396033597216
44,0,>50K,0.0017211616088911492,0.012854649910218535,-0.017288904025821675,0.0013118097775576636,0.007810128586784343
44,1,<=50K,0.0028582589277042123,-0.01195954722023438,0.00905679654283038,0.0035509282422600077,-0.005948689357625612
44,1,>50K,0.006347411784693902,-0.00013977529700855417,-0.009370001471509822,0.0032519304538881836,0.0037007522641590686
44,2,<=50K,0.0011722237750570908,-0.0023607720743787104,0.0003248488241104149,0.0012340316962478782,-3.807549973035007e-05
44,2,>50K,-0.0023896515214763456,0.02920148117982579,-0.03238594319055819,-0.004921359911736062,0.02041088862611788
44,3,<=50K,0.00018078892119783492,-0.007969240971853746,0.003921301396250963,0.0023351361161466984,-0.0015022288739645544
44,3,>50K,-0.006529316738874106,0.016074057112282974,-0.029392444294961788,-0.000209948682826383,0.018155200182436756
44,4,<=50K,0.0016632501277355474,-0.001890741015171136,-0.0004195265725830325,0.0016355048145634524,0.001953685356446233
44,4,>50K,-0.0008345586201759977,0.029072580729416556,-0.03193098353697376,-0.0031910946485788536,0.02236167546060531
44,Aggregated,<=50K,0.0017556091904333754,-0.006933167836737362,0.0041604459489084445,0.0023702501670185973,-0.0021241549217766026
44,Aggregated,>50K,-0.0010214181433156823,0.02067322477248816,-0.026587094087325975,-0.0016108907230641565,0.016575216352432084
44,Centralized,<=50K,0.0017331780729194963,-0.006762739291603925,0.003999203587956024,0.002335358093726166,-0.0020067707435228546
44,Centralized,>50K,-0.0007516851203059524,0.01923765037807582,-0.02536934923917297,-0.001242510960230166,0.01569227493309998
45,0,<=50K,0.004049575351324993,-0.004700957992301583,0.005085306493568425,0.002478986687338042,-0.006208363489632666
45,0,>50K,-0.010692514380158929,0.01478117741549881,-0.022909403607977396,0.0023509123348395998,0.011817265222937067
45,1,<=50K,0.005629291021138485,-0.007707648310866875,0.008014293591019727,0.0036917541080821884,-0.008268976347744839
45,1,>50K,-0.005468836308983325,0.007040719982363812,-0.015447084515669073,0.005251451547816421,0.005843295294505983
45,2,<=50K,-0.0009458710132470423,0.0001326215182163637,-0.0008186135558784631,0.001168530708309797,0.00031722317075724336
45,2,>50K,-0.024978431873170948,0.026236563751453935,-0.03678363409502209,-0.003382848119489005,0.029735359357723555
45,3,<=50K,0.0023235841882143283,-0.004047361172531436,0.004105220613016395,0.0032776007470335616,-0.00396015779019633
45,3,>50K,-0.01701510087631876,0.019208027466239685,-0.028393538058036193,0.004281250264353178,0.022019089610068952
45,4,<=50K,-0.0007298785295070368,-0.0008117948208150668,-0.0019975544284629053,0.001806564777302929,0.0004572610172192885
45,4,>50K,-0.022985479357450118,0.024881574790701372,-0.038081002027754815,-0.002861182891635302,0.0282215410492669
45,Aggregated,<=50K,0.0023130069337295913,-0.00368984502321479,0.0032405182761155284,0.0025608691236883962,-0.0038672241423049966
45,Aggregated,>50K,-0.01837747796897451,0.020466646099076558,-0.03087879598144593,0.0001073388435799933,0.02222271581026148
45,Centralized,<=50K,0.0021869588398156095,-0.0035641554067638525,0.0030634521757576952,0.0025262029962614266,-0.0037131509627349123
45,Centralized,>50K,-0.017589307909850294,0.01952096151493701,-0.029732147731979724,0.00048794670548880833,0.021063299018518934
46,0,<=50K,0.004065156910130626,-0.0066290451403776245,0.006705264269285741,0.0009737588581707498,-0.00552627585915577
46,0,>50K,-0.005805475009229842,0.013825842917806457,-0.02074032447645434,0.0055637171648546925,0.010646530311063019
46,1,<=50K,0.006255515449847134,-0.010369388360406498,0.009529086439414356,0.0020963139933821927,-0.007349111437214438
46,1,>50K,0.004440642864934346,0.0037676032775132207,-0.014239887023971444,0.009244173797364776,0.005328806913842397
46,2,<=50K,0.00024320712424037068,-0.0003842387345649752,-0.0015653400167218556,0.0005323794201593031,0.000543441569382989
46,2,>50K,-0.01625146450191916,0.03122320424341115,-0.04331045803927583,0.002672926176417989,0.02808141466641656
46,3,<=50K,0.0025980665634683393,-0.006173387068633294,0.005528839041033963,0.0013760243826589746,-0.003015053114084609
46,3,>50K,-0.01339981808787367,0.018795285324947012,-0.029471191843862432,0.004048356503517351,0.02260231381427265
46,4,<=50K,0.0013776566423589728,-0.0011916145977648304,-0.0004383393999233672,0.0013897910954597118,0.00047786967570830156
46,4,>50K,-0.013542733756151804,0.02731851066279186,-0.03689954697224075,0.005444703517977847,0.026426633401973786
46,Aggregated,<=50K,0.003095964222532139,-0.005298286025250409,0.00435543156634021,0.0013011230602931322,-0.003275405881940789
46,Aggregated,>50K,-0.010845235206833783,0.02181937431407812,-0.031938366243659096,0.004950377274747758,0.02115319446461455
46,Centralized,<=50K,0.0030053532855873755,-0.005141390622847704,0.004164153180377476,0.0013055222339385941,-0.0031318432541755556
46,Centralized,>50K,-0.010115231631895578,0.02052848113895407,-0.030620539179797634,0.005165223269223893,0.020142590489318997
47,0,<=50K,0.003922495299022068,-0.008255150136062785,0.005918702189652684,0.002450769225843987,-0.002873230168804536
47,0,>50K,-0.004853641492265534,0.016146963732773526,-0.025519838486762328,0.0028554495668874284,0.011219673934933035
47,1,<=50K,0.005354555480987529,-0.012339046416190502,0.0086327603353058,0.003425382080620302,-0.004757253823707054
47,1,>50K,0.0017225438724217815,0.003142222986869277,-0.020856019844627725,0.007263542156871857,0.005341952162635681
47,2,<=50K,0.0004092072970680409,-0.0008734417356880316,-0.0012097139620903068,0.002281392195922327,0.0005424108896641319
47,2,>50K,-0.01481563489895674,0.03528282344882155,-0.0447702832370844,0.001269471467649469,0.021042689644296193
47,3,<=50K,0.0024400116810210687,-0.00839661418699399,0.004715972253934742,0.0028656445753711254,-0.002186587492495447
47,3,>50K,-0.01020995510449087,0.01903777603434418,-0.031211537689407712,0.0025999114154074965,0.017271655460363213
47,4,<=50K,0.0002338807977178096,-0.0013595674449510171,-0.0019239445126533379,0.002312392681845706,0.001504984366938115
47,4,>50K,-0.015300028263722188,0.03375203011144428,-0.04156846038642478,0.0010128239955333666,0.02107459927240727
47,Aggregated,<=50K,0.002661616503290491,-0.006664252076505532,0.0036251560224377947,0.0027006072564855245,-0.0017754140443812026
47,Aggregated,>50K,-0.010564162119400096,0.02501307619153468,-0.03549427083433125,0.0024097668072729167,0.01693934474665364
47,Centralized,<=50K,0.0025690630515321556,-0.006473886279695181,0.0034265816119984508,0.002686739855113479,-0.001668033172745705
47,Centralized,>50K,-0.009877177181602888,0.023471803543642287,-0.034259576982381426,0.0027123422756292186,0.016222080401884425
48,0,<=50K,0.0052365284646885,-0.008471986272121599,0.006605962580154519,0.0021852428697742934,-0.00503400880690157
48,0,>50K,-0.010900238489657398,0.016081405885531426,-0.025372066314822365,0.006407201361716537,0.01255831068910702
48,1,<=50K,0.006269716168798637,-0.011542173161656347,0.009757626082672726,0.002085710786733545,-0.007024917228748626
48,1,>50K,-0.005354239501215095,0.0017594833051937505,-0.015751294465796466,0.007250642959803353,0.006112556960890649
48,2,<=50K,0.00010167056477650149,-0.0015602365117002859,-0.0006219511208855703,0.002167147971289557,0.00023705767296240224
48,2,>50K,-0.02318080088261169,0.03599914480643027,-0.04457948915734825,0.005537397096570953,0.028060223666899125
48,3,<=50K,0.0031221063079926504,-0.006742790673698405,0.004857449894483784,0.001761339826741746,-0.0028182378474902125
48,3,>50K,-0.019130710824006598,0.02327184306068261,-0.03443735552988896,0.004586659072395171,0.022987208949509407
48,4,<=50K,0.00013719902649909078,-0.002052385445676036,-0.0025705230439574994,0.0022973098080768767,0.0013287392209290168
48,4,>50K,-0.021602240126115165,0.031907080281897635,-0.0462194217641343,0.005956491279606776,0.027799428698955516
48,Aggregated,<=50K,0.003216264373870903,-0.0064372202149445105,0.004049415278095271,0.002092057607356813,-0.0029646203126068604
48,Aggregated,>50K,-0.017932361486331528,0.025278842448334105,-0.03671738467403438,0.005822295445461591,0.02199873901628161
48,Centralized,<=50K,0.0031000133104488754,-0.006247071159506242,0.0038277684188183616,0.0021031746310904266,-0.0028184100846290637
48,Centralized,>50K,-0.017084922166404653,0.02393915203448063,-0.035333431156803,0.005987255068167985,0.0210014050360421
49,0,<=50K,0.003475117918939032,-0.008507110445283557,0.0062679831302136745,0.0008294887536102987,-0.004625985695106836
49,0,>50K,-0.006756700185855672,0.013450618885848033,-0.01816435022702249,0.004289665444356916,0.007544766446673499
49,1,<=50K,0.00555468347006644,-0.012324816372217868,0.009762182327520689,0.001603301942727838,-0.006080490133427397
49,1,>50K,0.0028163477264228094,0.001658286643096892,-0.009659487837813266,0.007095360416171326,0.004877127460724432
49,2,<=50K,0.00011550271674474754,-0.002482885261715915,-0.00014059596050453778,0.0010439111085473296,0.0004804266945390545
49,2,>50K,-0.015091425739277483,0.029387710347903877,-0.0342104804441933,0.00397577084354056,0.022800665513556632
49,3,<=50K,0.003308372093169916,-0.008073308969751562,0.004720217231809104,0.00098509272521905,-0.002653900823389042
49,3,>50K,-0.008945127600499952,0.017861688937023355,-0.025817083167638526,0.005199011292346188,0.01895526411386465
49,4,<=50K,0.0013824497914525576,-0.0026651568660493287,-0.00012224205999632846,0.000916019309602221,0.0002895748118463807
49,4,>50K,-0.012470692537060242,0.02710989845417085,-0.03216123531460991,0.0026515901646286923,0.019840300973407884
49,Aggregated,<=50K,0.0029349894545990796,-0.0071681572462938895,0.004462596297796448,0.0010897857791741586,-0.0027669229643069674
49,Aggregated,>50K,-0.009766958158536024,0.020804427716285365,-0.02663400382863235,0.004250696097655507,0.01672424197687125
49,Centralized,<=50K,0.002853984990138307,-0.007006541255611279,0.004298970574278664,0.0010908075089340126,-0.00265524309530944
49,Centralized,>50K,-0.009132094499937609,0.019344689546674666,-0.025358162784233727,0.00438094175527694,0.01584502311959804
50,0,<=50K,0.003921246057574795,-0.006369646655602014,0.006922496547065023,0.00092768198488688,-0.004089996132591284
50,0,>50K,-0.0045727942120803,0.011785897474988637,-0.02077497576391172,0.00397697880474058,0.011109088768844961
50,1,<=50K,0.005394441765206787,-0.009245884141150582,0.009705186439351124,0.0024142247336476443,-0.0065956296011637034
50,1,>50K,0.0028443130061307107,0.002785989200053248,-0.01508191141439859,0.00861936149484039,0.0018175428051143028
50,2,<=50K,0.00024031155992679427,-0.0004001128608600006,-0.0021896466319342887,0.001068256300987902,0.0003185111292853001
50,2,>50K,-0.015744605477667935,0.02907060270258733,-0.048887391024646745,0.003922885350327994,0.024159126833986376
50,3,<=50K,0.002260402088477161,-0.006100083269669102,0.0054804704252768895,0.0008389474542977689,-0.0021050488412946654
50,3,>50K,-0.01457255155843857,0.015368662537449706,-0.03245464890903187,0.0022154801589566136,0.020424000529356074
50,4,<=50K,0.00031466489202898923,-0.0002845962579340333,-0.0027443234062262865,0.0023662399198029946,0.0021237839798318816
50,4,>50K,-0.014558596982191148,0.02759646288221924,-0.04588345287985182,0.00708335326129337,0.026006718426927887
50,Aggregated,<=50K,0.0026168072717215845,-0.004819978217473607,0.003917749507146064,0.0015197815452108086,-0.0023666983656489937
50,Aggregated,>50K,-0.011218147324454841,0.02027774653679184,-0.03656849843597442,0.005075300778766066,0.019274593988800957
50,Centralized,<=50K,0.002523286042607196,-0.004663054192459071,0.0036808331650777385,0.0015369338223907626,-0.002229266710573232
50,Centralized,>50K,-0.010506175774377917,0.019077334949530803,-0.03508447180989235,0.0052313848221666815,0.018318029157751943
