Round,Evaluator,0,3,2,4,1,5
0,0,,,,,,
0,1,,,,,,
0,2,,,,,,
0,3,,,,,,
0,4,,,,,,
0,5,,,,,,
0,Aggregated,,,,,,
0,Centralized,,,,,,
1,0,0.01796998420221169,-0.0525671406003159,0.0531200631911531,0.06251974723538697,0.015481832543443885,0.010110584518167423
1,1,-0.022848788638262302,-0.05756056808688383,0.06378446115288208,0.0644110275689224,0.026441102756892286,0.02101086048454472
1,2,0.0029239766081871287,-0.05196324143692569,0.0683792815371762,0.07497911445279884,0.031704260651629054,0.01683375104427738
1,3,-0.016791979949874605,-0.05827067669172921,0.061236424394318985,0.07172096908939037,0.025438596491228063,0.011904761904761887
1,4,-0.01675020885547203,-0.05881370091896418,0.06729323308270686,0.08178780284043449,0.02038429406850456,0.021386800334168746
1,5,-0.008521303258145305,-0.06198830409356719,0.0647869674185461,0.07418546365914813,0.034544695071010816,0.01228070175438592
1,Aggregated,-0.007095573024410448,-0.056819749000138114,0.06300510274444912,0.07151427389325614,0.02556888705006199,0.015535788167149277
1,Centralized,-0.007095573024410448,-0.056819749000138114,0.06300510274444912,0.07151427389325614,0.02556888705006199,0.015535788167149277
2,0,0.04308846761453394,0.05055292259083703,0.00892575039494474,0.04668246445497637,0.04680094786729853,0.017219589257504074
2,1,0.0047201336675021,0.06537176274018376,0.02844611528822033,0.0633249791144528,0.06917293233082715,0.039640768588137094
2,2,0.009732664995822883,0.06432748538011686,0.02142857142857132,0.05647451963241427,0.06060985797827898,0.03053467000835394
2,3,0.01177944862155389,0.06808688387635733,0.024812030075188025,0.06370091896407687,0.06553884711779442,0.03425229741019229
2,4,0.019423558897243086,0.06854636591478697,0.02664995822890546,0.06675020885547202,0.07005012531328327,0.041812865497076086
2,5,0.004594820384294091,0.06875522138680004,0.013241436925647464,0.060568086883876306,0.07869674185463664,0.024770258980785345
2,Aggregated,0.01581850779202865,0.06414287684457316,0.020473038201627287,0.059460764032547124,0.06497034891739079,0.031237070748862037
2,Centralized,0.01581850779202865,0.06414287684457316,0.020473038201627287,0.059460764032547124,0.06497034891739079,0.031237070748862037
3,0,-0.0033175355450236984,0.00031595576619273326,-0.014889415481832566,0.003041074249605052,0.015560821484992065,-0.0030805687203791367
3,1,-0.027192982456140314,0.012573099415204703,-0.0073099415204678185,0.01232247284878866,0.025187969924812,0.014494569757727652
3,2,-0.024018379281537192,0.01537176274018382,-0.0027568922305764203,0.01269841269841273,0.02685881370091903,0.019465329991645772
3,3,-0.027192982456140276,0.004594820384294065,-0.0015873015873015788,0.015998329156223876,0.019298245614035092,0.008939014202172097
3,4,-0.030451127819548854,0.012698412698412648,0.0032581453634085143,0.00898078529657478,0.020718462823725962,0.014870509607351716
3,5,-0.03550543024227238,0.011695906432748555,-0.01044277360066834,0.010609857978279041,0.0346700083542188,0.006516290726817052
3,Aggregated,-0.02441042614811741,0.009453868431940434,-0.0057095573024410545,0.010536477727210052,0.02363811888015442,0.0100744724865536
3,Centralized,-0.02441042614811741,0.009453868431940434,-0.0057095573024410545,0.010536477727210052,0.02363811888015442,0.0100744724865536
4,0,0.018167456556082165,0.004028436018957373,0.013467614533965182,-0.008214849921011054,0.0266192733017379,0.005173775671406003
4,1,-0.020133667502088518,0.017502088554720175,0.020593149540517938,0.0007101086048454547,0.045279866332497816,0.013742690058479496
4,2,-0.03287385129490382,0.014661654135338351,0.014912280701754375,-0.01959064327485381,0.029866332497911537,0.008061821219715931
4,3,-0.035380116959064276,0.014786967418546413,0.024018379281537158,0.0034670008354218637,0.04670008354218878,0.014076858813700879
4,4,-0.04607351712614877,0.021679197994987423,0.020843776106934032,-0.015413533834586454,0.04005847953216384,0.01649958228905595
4,5,-0.022974101921470445,0.011069340016708451,0.019381787802840403,-0.004553049289891408,0.0500000000000002,0.004720133667502074
4,Aggregated,-0.022817542407943755,0.01386015721969384,0.018818094055992298,-0.007274858640187571,0.03962901668735346,0.010329609709005686
4,Centralized,-0.022817542407943755,0.01386015721969384,0.018818094055992298,-0.007274858640187571,0.03962901668735346,0.010329609709005686
5,0,0.00039494470774091914,-0.0002369668246445576,0.015639810426540342,0.03408372827804109,0.02263033175355452,-0.008530805687203762
5,1,0.016290726817042564,0.0037176274018379364,0.008604845446950662,0.03575605680868835,0.018170426065162924,-0.017376775271512053
5,2,0.03358395989974931,0.01712614870509608,0.01796157059314949,0.044444444444444384,0.021888053467000863,-0.01971595655806174
5,3,0.015538847117794482,0.0016708437761069443,0.015037593984962388,0.033918128654970806,0.024853801169590663,-0.013324979114452663
5,4,0.020634920634920725,0.01846282372598157,0.015580618212197191,0.03287385129490396,0.023391812865497123,-0.02322472848788637
5,5,0.024101921470342465,0.012071846282372503,0.01917293233082699,0.03429406850459476,0.023642439431913163,-0.020551378446115248
5,Aggregated,0.01825265480623358,0.008716039167011452,0.015335815749551777,0.0358778099572471,0.022431388773962228,-0.017039029099434635
5,Centralized,0.01825265480623358,0.008716039167011452,0.015335815749551777,0.0358778099572471,0.022431388773962228,-0.017039029099434635
6,0,0.017061611374407523,0.011690363349131129,0.030094786729857853,0.010939968404423395,0.020655608214849953,0.011453396524486568
6,1,-0.021846282372598117,0.02101086048454469,0.021679197994987465,0.035129490392648274,0.020927318295739343,0.025856307435254838
6,2,-0.014661654135338346,0.021094402673350048,0.02585630743525485,0.038763575605680875,0.017084377610693383,0.01712614870509607
6,3,-0.02389306599832915,0.025020885547201385,0.031077694235588853,0.015664160401002485,0.02610693400167082,0.018755221386800327
6,4,-0.02999164578111945,0.014035087719298237,0.020802005012531304,0.017167919799498735,0.025355054302422738,0.020300751879699236
6,5,-0.024185463659147827,0.016040100250626556,0.031161236424394292,0.027109440267334955,0.02226399331662488,0.027861319966583153
6,Aggregated,-0.015935733002344524,0.018087160391670142,0.026810095159288436,0.024003585712315496,0.022052130740587535,0.020142049372500352
6,Centralized,-0.015935733002344524,0.018087160391670142,0.026810095159288436,0.024003585712315496,0.022052130740587535,0.020142049372500352
7,0,-0.01860189573459718,0.0005924170616113657,-0.000868878357030034,-0.0008688783570300439,-0.012638230647709373,0.01105845181674569
7,1,-0.031328320802005025,0.00020885547201335964,-0.0043441938178779985,0.001670843776106948,-0.02326649958228914,0.02197159565580615
7,2,-0.025898078529657476,-0.002589807852965761,-0.003467000835421917,-0.009649122807017498,-0.010025062656641657,0.011528822055137817
7,3,-0.02406015037593987,0.00492898913951544,0.002130325814536344,0.009941520467836227,-0.018964076858813773,0.015998329156223904
7,4,-0.024519632414369226,0.008354218880534645,-0.0020885547201336674,0.0016290726817042578,-0.010275689223057662,0.011862990810359218
7,5,-0.017293233082706756,0.0014202172096908858,-8.354218880535039e-05,-0.0046783625730994274,-0.008020050125313325,0.018629908103592326
7,Aggregated,-0.023569162874086388,0.00213763618811197,-0.0014480761274307142,-0.0003309888291269943,-0.013853261619086964,0.015135843331954233
7,Centralized,-0.023569162874086388,0.00213763618811197,-0.0014480761274307142,-0.0003309888291269943,-0.013853261619086964,0.015135843331954233
8,0,-0.0273696682464455,0.005094786729857819,0.010584518167456543,0.01386255924170615,0.015758293838862604,0.015244865718799409
8,1,-0.07025898078529659,0.01507936507936509,0.028362573099415193,0.029490392648287397,0.032038429406850484,0.027944862155388422
8,2,-0.06959064327485383,0.008228905597326674,0.02309941520467836,0.02205513784461155,0.023099415204678373,0.023182957393483708
8,3,-0.07890559732664995,0.017752715121136155,0.028446115288220462,0.028822055137844676,0.030367585630743557,0.02364243943191308
8,4,-0.08103592314118624,0.018546365914786967,0.029114452798663346,0.03258145363408527,0.031787802840434407,0.024143692564745172
8,5,-0.07706766917293234,0.014661654135338322,0.02923976608187137,0.025647451963241426,0.027485380116959026,0.027652464494569755
8,Aggregated,-0.06699075989518694,0.013149910357192133,0.024672458971176422,0.025299958626396384,0.02665149634533166,0.023555371672872714
8,Centralized,-0.06699075989518694,0.013149910357192133,0.024672458971176422,0.025299958626396384,0.02665149634533166,0.023555371672872714
9,0,0.005687203791469177,0.00971563981042655,-0.030845181674565313,0.015442338072669839,-0.00043443917851504477,0.0075434439178515295
9,1,-0.0399331662489558,0.0167919799498747,-0.03203842940685042,0.02573099415204674,-0.0033834586466165773,0.015288220551378438
9,2,-0.040810359231411894,0.02314118629908101,-0.025480367585630655,0.032456140350877176,0.006182121971595634,0.017042606516290703
9,3,-0.047201336675020876,0.021929824561403497,-0.01595655806182125,0.025605680868838798,0.007059314954051773,0.02360066833751043
9,4,-0.038178780284043375,0.020008354218880548,-0.014076858813700804,0.02218045112781952,0.003258145363408508,0.014327485380116982
9,5,-0.04181286549707603,0.02151211361737682,-0.026357560568086746,0.02986633249791149,0.0072681704260652135,0.02205513784461157
9,Aggregated,-0.03333333333333328,0.01876292925113779,-0.024189766928699404,0.025120673010619324,0.003289201489449727,0.01655633705695761
9,Centralized,-0.03333333333333328,0.01876292925113779,-0.024189766928699404,0.025120673010619324,0.003289201489449727,0.01655633705695761
10,0,-0.047788309636650914,-0.0035545023696682333,0.008333333333333338,0.020813586097946313,0.015244865718799355,-0.00015797788309636427
10,1,-0.05797827903091071,0.00881370091896408,0.009231411862990846,0.019715956558061798,0.013074352548036712,0.002130325814536343
10,2,-0.055639097744361085,0.0026733500417710707,0.012280701754385974,0.016332497911445296,0.015538847117794538,0.0012949039264828835
10,3,-0.06954887218045101,0.002589807852965752,0.013742690058479558,0.02639933166248953,0.01441102756892232,0.004887218045112803
10,4,-0.06516290726817027,0.0010860484544695298,0.011946532999164563,0.020467836257309892,0.01102756892230574,0.003091060985797816
10,5,-0.06290726817042618,-0.0010860484544695005,0.010776942355889692,0.020342522974101992,0.019507101086048445,-0.0016708437761069055
10,Aggregated,-0.0597227968556062,0.0017032133498827706,0.011026065370293749,0.020679906219831796,0.014804854502827163,0.001579092538960132
10,Centralized,-0.0597227968556062,0.0017032133498827706,0.011026065370293749,0.020679906219831796,0.014804854502827163,0.001579092538960132
11,0,-0.018443917851500794,0.012559241706161177,0.011769352290679332,-0.007622432859399684,0.011413902053712526,0.004541864139020529
11,1,-0.02351712614870507,0.013157894736842105,0.015873015873015924,-0.0018379281537176232,0.018379281537176276,0.008020050125313288
11,2,-0.03913951545530492,0.009314954051796163,0.01720969089390147,0.0006265664160400863,0.018796992481203003,0.013241436925647445
11,3,-0.036967418546366024,0.014202172096908954,0.014536340852130328,-0.0039682539682539715,0.014202172096908945,0.008020050125313281
11,4,-0.04185463659147866,0.009482038429406866,0.016457811194653303,0.0037176274018379456,0.014828738512949023,0.009899749373433608
11,5,-0.03191311612364231,0.010317460317460296,0.0182539682539683,-0.0026733500417711054,0.013659147869674164,0.0073934837092732115
11,Aggregated,-0.03184388360226174,0.011515653013377454,0.015646117776858308,-0.002013515377189355,0.015177216935595088,0.00848158874637981
11,Centralized,-0.03184388360226174,0.011515653013377454,0.015646117776858308,-0.002013515377189355,0.015177216935595088,0.00848158874637981
12,0,0.007030015797788316,-0.01390205371248028,-0.008372827804107438,0.010860979462875233,-0.0010663507109004559,-0.004028436018957331
12,1,-0.017502088554720043,-0.014160401002506238,-0.0034252297410192053,0.017627401837928186,0.0036340852130325686,0.0012949039264828846
12,2,-0.013617376775271512,-0.010985797827903073,-0.0066416040100250335,0.017669172932330834,0.003592314118629895,-0.002548036758563083
12,3,-0.015329991645781117,-0.010233918128654953,0.003550543024227221,0.019966583124477803,0.004928989139515444,0.007142857142857132
12,4,-0.023224728487886395,-0.013617376775271505,-0.0035923141186299,0.015789473684210527,0.004678362573099417,-8.354218880534146e-05
12,5,-0.02084377610693403,-0.011695906432748565,-0.00509607351712614,0.0185881370091896,0.0025062656641603896,-0.0010025062656641782
12,Aggregated,-0.013715349606950755,-0.012446559095297197,-0.003971865949524178,0.016694249069093992,0.0030064818645704075,8.964280788858099e-05
12,Centralized,-0.013715349606950755,-0.012446559095297197,-0.003971865949524178,0.016694249069093992,0.0030064818645704075,8.964280788858099e-05
13,0,0.021090047393364984,-0.00537124802527647,0.010071090047393365,0.009715639810426549,0.0067535545023696755,0.002764612954186424
13,1,-0.03274853801169588,0.004427736006683378,0.01378446115288221,0.0271094402673349,0.021679197994987413,0.005847953216374268
13,2,-0.03149540517961569,0.0030075187969924896,0.01808688387635757,0.024227234753550507,0.020927318295739388,0.012865497076023434
13,3,-0.029741019214703422,-0.001712614870509614,0.014828738512949032,0.017460317460317443,0.011069340016708399,0.005639097744360896
13,4,-0.031996658312447836,0.0017126148705096094,0.021929824561403487,0.030576441102756945,0.02380952380952383,0.01161236424394318
13,5,-0.02506265664160403,0.0026733500417711045,0.017084377610693393,0.017126148705096114,0.01720969089390138,0.016081871345029197
13,Aggregated,-0.02125224107019719,0.0007309336643221494,0.015908150599917303,0.020928147841677007,0.01681147427940976,0.009074610398565722
13,Centralized,-0.02125224107019719,0.0007309336643221494,0.015908150599917303,0.020928147841677007,0.01681147427940976,0.009074610398565722
14,0,0.05687203791469183,-0.006951026856240137,-0.009241706161137429,-0.007069510268562404,-0.012835703001579744,-0.016034755134281115
14,1,0.007477025898078495,-0.0010860484544694979,0.014786967418546359,0.003508771929824562,-0.008688387635755966,-0.008479532163742667
14,2,0.009941520467836215,-0.005639097744360905,0.009899749373433561,0.009189640768588102,-0.000710108604845463,-0.015162907268170484
14,3,0.0010860484544695224,0.007518796992481182,0.007602339181286524,0.003299916457811209,-0.0032581453634084995,-0.0012113617376775252
14,4,0.0058061821219715926,-0.0018796992481202967,0.017042606516290734,0.008939014202172121,-0.007560568086883815,-0.014828738512949014
14,5,0.003968253968253968,-0.010442773600668325,0.01390977443609023,0.00718462823725984,0.00133667502088556,-0.01846282372598166
14,Aggregated,0.014597986484622785,-0.0031168114742794275,0.00882636877672049,0.004068404358019576,-0.005357881671493586,-0.012398289891049477
14,Centralized,0.014597986484622785,-0.0031168114742794275,0.00882636877672049,0.004068404358019576,-0.005357881671493586,-0.012398289891049477
15,0,-0.016232227488151722,0.01840442338072669,-0.002014218009478661,-0.004502369668246446,-0.012835703001579813,-0.006516587677725122
15,1,-0.03872180451127829,0.019172932330827078,0.002673350041771106,0.0031328320802005045,-0.008312447786131962,-0.003007518796992481
15,2,-0.025229741019214734,0.020091896407685824,-4.1771094402682906e-05,-0.004177109440267347,-0.009314954051796128,-0.006390977443609006
15,3,-0.03558897243107779,0.024644945697577237,0.0007936507936507871,0.004511278195488717,-0.010651629072681666,0.0012531328320801948
15,4,-0.04055973266499587,0.020927318295739412,0.006098579782790297,-0.0035923141186299233,-0.008688387635756042,-0.006766917293233087
15,5,-0.025772765246449458,0.02314118629908099,0.007017543859649145,-0.007393483709273183,-0.01390977443609027,-0.0031328320802005063
15,Aggregated,-0.030216521859053967,0.021038477451385987,0.0023789822093504484,-0.0020273065784029865,-0.010639911736312254,-0.004116673562267269
15,Centralized,-0.030216521859053967,0.021038477451385987,0.0023789822093504484,-0.0020273065784029865,-0.010639911736312254,-0.004116673562267269
16,0,0.02081358609794625,0.0062401263823065,-0.036334913112164434,0.010426540284360207,0.009241706161137458,-0.0009083728278041104
16,1,-0.02159565580618215,0.013450292397660792,-0.0386382623224729,0.020593149540517944,0.017126148705096034,0.009064327485380106
16,2,-0.020634920634920634,0.002548036758563089,-0.03412698412698431,0.0263575605680869,0.016624895572264042,0.009231411862990768
16,3,-0.020634920634920628,0.012238930659983323,-0.03241436925647474,0.017752715121136214,0.020969089390142026,0.00960735171261487
16,4,-0.021428571428571425,0.00530492898913955,-0.03174603174603177,0.026441102756892203,0.020676691729323383,0.0032581453634085143
16,5,-0.018253968253968307,0.008939014202172095,-0.041228070175438364,0.024895572263993266,0.02155388471177944,0.00659983291562236
16,Aggregated,-0.013294717969935192,0.008102330713005104,-0.03575368914632448,0.0209764170459248,0.017618259550406853,0.006075024134602109
16,Centralized,-0.013294717969935192,0.008102330713005104,-0.03575368914632448,0.0209764170459248,0.017618259550406853,0.006075024134602109
17,0,0.008925750394944667,-0.006714060031595585,-0.00043443917851500405,-0.00039494470774091263,0.002132701421800944,0.003593996840442339
17,1,-0.043441938178780184,0.0017126148705096408,0.014202172096908952,0.011319966583124508,0.0288220551378447,0.014954051796157093
17,2,-0.049958228905597285,0.009273182957393477,0.01908939014202177,0.015789473684210527,0.024018379281537182,0.019381787802840368
17,3,-0.049916457811194685,0.0065580618212196925,0.023057644110275756,0.012656641604010015,0.021762740183792793,0.015956558061821273
17,4,-0.053634085213032485,0.009649122807017529,0.017794486215538856,0.013032581453634078,0.030701754385965115,0.022556390977443667
17,5,-0.04849624060150384,0.009273182957393492,0.014452798663324959,0.015580618212197112,0.02723475355054308,0.022055137844611473
17,Aggregated,-0.038960143428492626,0.0048476072265894446,0.014549717280375107,0.011219142187284483,0.022252103158185075,0.016294304233898767
17,Centralized,-0.038960143428492626,0.0048476072265894446,0.014549717280375107,0.011219142187284483,0.022252103158185075,0.016294304233898767
18,0,0.03846761453396534,-0.008451816745655611,-0.006279620853080557,-0.006082148499210104,-0.008096366508688772,-7.898894154819733e-05
18,1,-0.024937343358396064,0.007268170426065141,0.006307435254803675,0.010233918128654955,0.009816207184628195,0.0063492063492063145
18,2,-0.022556390977443684,0.0013366750208855542,-0.005137844611528823,0.00609857978279027,-0.004887218045112762,8.354218880533651e-05
18,3,-0.02121971595655803,-4.177109440266132e-05,0.001879699248120313,0.003968253968253936,0.0036340852130325777,0.00676691729323307
18,4,-0.02731829573934839,0.003216374269005864,-0.0010860484544694979,0.01144527986633247,-0.001963241436925653,0.005680868838763555
18,5,-0.02289055973266501,0.007351712614870519,4.177109440265885e-05,0.006850459482038392,-0.004344193817878057,0.002965747702589802
18,Aggregated,-0.012915459936560457,0.001682526548062365,-0.0007654116673562121,0.005309612467245905,-0.0010412356916287367,0.0035926079161495124
18,Centralized,-0.012915459936560457,0.001682526548062365,-0.0007654116673562121,0.005309612467245905,-0.0010412356916287367,0.0035926079161495124
19,0,0.040600315955766256,-0.007464454976303313,-0.014178515007898901,-0.0036729857819905033,-0.00394944707740915,-0.01133491311216431
19,1,-0.00417710944026734,-0.0005012531328320595,-0.00041771094402675104,0.008730158730158727,0.002548036758563052,-0.006182121971595657
19,2,0.0038011695906432544,-0.001169590643274878,0.002965747702589779,0.0037176274018379234,0.010066833751044264,0.0031746031746031794
19,3,-0.010860484544695051,0.00020885547201335115,0.004093567251461944,0.010108604845446909,0.002339181286549695,-0.0033834586466165435
19,4,-0.002631578947368417,-0.0035923141186299133,-0.0009189640768588103,0.006349206349206353,0.0077276524644945685,-0.0019214703425229792
19,5,0.00288220551378446,-0.0017961570593149425,0.0005430242272347501,0.0010025062656641563,0.005764411027568911,0.0016290726817042593
19,Aggregated,0.005275134464211835,-0.0024341470142049495,-0.001441180526823866,0.0042959591780444,0.004006343952558264,-0.0030823334712453466
19,Centralized,0.005275134464211835,-0.0024341470142049495,-0.001441180526823866,0.0042959591780444,0.004006343952558264,-0.0030823334712453466
20,0,0.028199052132701283,0.00371248025276461,0.0015402843601895716,-0.010387045813586123,-0.005292259083728284,-0.03199052132701403
20,1,-0.04331662489557243,0.016499582289056004,0.017627401837928196,0.0005430242272347391,0.008354218880534638,-0.01975772765246452
20,2,-0.027025898078529762,0.011278195488721774,0.010025062656641577,-0.00818713450292399,0.0012531328320802065,-0.02744360902255635
20,3,-0.03454469507101073,0.017376775271512084,0.020843776106933942,-0.0005430242272347526,0.007309941520467802,-0.022974101921470345
20,4,-0.037719298245614145,0.01616541353383462,0.01090225563909766,-0.0021720969089390244,0.004594820384294053,-0.016833751044277385
20,5,-0.04837092731829584,0.01290726817042605,0.014160401002506238,-0.004302422723475332,0.003842940685045926,-0.025856307435254747
20,Aggregated,-0.026603227141084006,0.012901668735346844,0.012412081092263117,-0.004233898772583072,0.003261619087022479,-0.02421734933112685
20,Centralized,-0.026603227141084006,0.012901668735346844,0.012412081092263117,-0.004233898772583072,0.003261619087022479,-0.02421734933112685
21,0,0.016271721958925928,-0.016429699842022114,0.005055292259083768,0.0016587677725118757,0.003949447077409161,0.001342812006319118
21,1,-0.006307435254803677,-0.010526315789473679,0.0075605680868838605,0.005096073517126156,0.013617376775271452,0.0005847953216374178
21,2,0.0049289891395154495,-0.027861319966583132,0.017502088554720092,0.005847953216374268,0.012155388471177954,0.0024644945697577165
21,3,-0.003926482873851341,-0.02226399331662485,0.01257309941520464,0.00701754385964912,0.014661654135338324,0.0019632414369256364
21,4,-8.354218880533621e-05,-0.0173767752715121,0.01336675020885543,0.005263157894736842,0.016833751044277433,0.0020467836257309943
21,5,-0.003049289891395159,-0.01771094402673344,0.017418546365914736,0.006558061821219721,0.014786967418546348,0.00956558061821217
21,Aggregated,0.0014480761274307057,-0.01867328644324923,0.012177630671631514,0.005206178458143729,0.012584471107433461,0.0029788994621431464
21,Centralized,0.0014480761274307057,-0.01867328644324923,0.012177630671631514,0.005206178458143729,0.012584471107433461,0.0029788994621431464
22,0,-0.03037124802527646,0.0038309636650868924,0.006398104265402834,0.009162717219589216,0.010347551342812008,-0.00410742496050554
22,1,-0.06023391812865504,0.006558061821219711,0.008437761069339985,0.015622389306599822,0.019214703425229733,0.00037593984962405887
22,2,-0.04110275689223061,0.005764411027568936,0.013492063492063491,0.010985797827903081,0.020342522974101964,-0.001963241436925631
22,3,-0.05254803675856312,0.0061821219715956464,0.011361737677527123,0.013241436925647419,0.015371762740183792,0.0038847117794486206
22,4,-0.056516290726816965,0.005847953216374268,0.016332497911445247,0.013993316624895539,0.022013366750208842,-0.004177109440267346
22,5,-0.061862990810359085,0.009064327485380093,0.0170426065162907,0.011988304093567234,0.019089390142021722,-0.00033416875522136795
22,Aggregated,-0.05024824162184526,0.006185353744311152,0.012122465866776982,0.012467245897117646,0.01765963315404769,-0.001082609295269616
22,Centralized,-0.05024824162184526,0.006185353744311152,0.012122465866776982,0.012467245897117646,0.01765963315404769,-0.001082609295269616
23,0,0.02736966824644544,-0.006951026856240115,-0.008451816745655594,-0.011453396524486573,-0.015126382306477127,0.009873617693522945
23,1,-0.027067669172932306,0.001837928153717629,0.003842940685045933,0.0003341687552213831,-0.0015873015873016,0.02514619883040935
23,2,-0.028822055137844603,0.005054302422723466,0.006516290726817041,-0.002506265664160399,-0.012322472848788636,0.02456140350877195
23,3,-0.02727652464494568,0.001086048454469515,0.011487050960735146,-0.0028822055137844773,-0.008855472013366748,0.021428571428571495
23,4,-0.03467000835421886,0.0012531328320802054,0.007518796992481199,-0.004594820384294046,-0.013659147869674202,0.024101921470342555
23,5,-0.034377610693400236,0.002130325814536341,0.009690893901420201,-0.002715121136173769,-0.008980785296574756,0.03425229741019219
23,Aggregated,-0.020348917390704713,0.000661977658254039,0.004971728037512061,-0.0040408219555923275,-0.01013653289201491,0.023100262032823077
23,Centralized,-0.020348917390704713,0.000661977658254039,0.004971728037512061,-0.0040408219555923275,-0.01013653289201491,0.023100262032823077
24,0,0.02831753554502363,0.001382306477093209,0.00031595576619273657,-0.009162717219589245,-0.005726698262243292,-0.003278041074249596
24,1,-0.020384294068504578,0.012949039264828767,0.013784461152882238,0.0022138680033417,0.009523809523809528,0.00697577276524644
24,2,-0.03880534670008345,0.02042606516290719,0.01796157059314956,-0.005597326649958198,0.004344193817878048,0.009189640768588116
24,3,-0.029908103592314075,0.011779448621553874,0.013241436925647432,0.0015037593984962316,0.008980785296574775,0.009440267335004212
24,4,-0.027610693400167047,0.02276524644945695,0.02021720969089398,0.0009189640768588269,0.013324979114452814,0.012990810359231452
24,5,-0.029782790309106112,0.01888053467000837,0.013742690058479513,-0.004594820384294055,0.005680868838763568,0.016123642439431894
24,Aggregated,-0.019238725693007847,0.014570404082195537,0.013087849951730792,-0.0025168942214866996,0.005909529720038609,0.008460901944559354
24,Centralized,-0.019238725693007847,0.014570404082195537,0.013087849951730792,-0.0025168942214866996,0.005909529720038609,0.008460901944559354
25,0,0.06078199052132704,-0.002488151658767778,-0.00608214849921013,-0.006516587677725124,-0.03696682464454946,-0.008728278041074268
25,1,0.0038429406850459653,0.00747702589807847,0.005931495405179585,0.006599832915622363,-0.032247284878864094,0.003383458646616539
25,2,0.016791979949874622,0.018421052631578977,0.009607351712614844,0.0015037593984962227,-0.04314954051796159,-0.0006683375104427844
25,3,0.0038847117794486045,0.009482038429406831,0.004010025062656656,0.0016290726817042693,-0.034126984126983916,0.002589807852965751
25,4,-0.002506265664160415,0.016917293233082747,0.006892230576441093,0.004010025062656653,-0.03588137009189642,0.0030492898913951584
25,5,0.0006265664160400857,0.015371762740183816,0.009273182957393463,0.001837928153717629,-0.03354218880534661,0.003926482873851281
25,Aggregated,0.014349744862777567,0.0107364501448076,0.004833816025375793,0.0014342849262170628,-0.03599503516756305,0.0005033788442973345
25,Centralized,0.014349744862777567,0.0107364501448076,0.004833816025375793,0.0014342849262170628,-0.03599503516756305,0.0005033788442973345
26,0,0.033175355450237004,-0.006753554502369691,-0.002567140600315969,-0.006832543443917838,-0.001974723538704603,-0.010308056872037915
26,1,-0.02113617376775273,0.0035923141186299133,0.008228905597326645,0.0026733500417710867,0.006683375104427727,-0.002548036758563053
26,2,-0.0068922305764410954,-0.00208855472013366,0.006850459482038431,0.017167919799498724,-0.0005012531328320722,-0.0020050125313283112
26,3,-0.018045112781954878,0.005012531328320798,0.013032581453634102,0.011278195488721781,0.006892230576441087,0.004385964912280692
26,4,-0.025271512113617417,0.0017126148705096092,0.00944026733500417,0.01161236424394318,0.006140350877193001,-0.0011278195488721777
26,5,-0.01649958228905592,0.0016290726817042504,0.007769423558897213,0.004385964912280682,0.004761904761904749,-0.002046783625730995
26,Aggregated,-0.00870914356640463,0.00044821403944283653,0.007033512618949116,0.0065852985795062735,0.0036132947179699135,-0.002351399806923205
26,Centralized,-0.00870914356640463,0.00044821403944283653,0.007033512618949116,0.0065852985795062735,0.0036132947179699135,-0.002351399806923205
27,0,-0.003317535545023735,0.00039494470774093887,-0.007266982622432868,-0.0036334913112164363,0.004699842022116944,-0.002725118483412316
27,1,-0.06900584795321613,0.003341687552213849,0.007017543859649103,0.0067669172932330445,0.015956558061821245,0.005847953216374245
27,2,-0.06177944862155379,-0.0023391812865497194,-0.0008771929824561369,0.00639097744360902,0.01729323308270676,0.0037176274018378974
27,3,-0.07339181286549686,0.00083542188805345,0.0026733500417710806,0.0048454469507100886,0.013617376775271457,0.006307435254803643
27,4,-0.07690058479532182,0.0024644945697577135,0.0038847117794485833,0.009356725146198784,0.020885547201336743,0.005221386800334144
27,5,-0.07706766917293277,0.002339181286549699,0.003968253968253922,0.006641604010025015,0.019172932330827102,0.007351712614870433
27,Aggregated,-0.05970211005378579,0.0011653565025513846,0.001482554130464771,0.004978623638118873,0.015170321334988243,0.00422010757136949
27,Centralized,-0.05970211005378579,0.0011653565025513846,0.001482554130464771,0.004978623638118873,0.015170321334988243,0.00422010757136949
28,0,0.06172985781990524,-0.0054897314375987405,-0.010703001579778866,-0.006674565560821497,-0.009636650868878376,-0.01737756714060034
28,1,-0.006766917293233094,0.01361737677527151,0.005304928989139503,0.012071846282372586,0.009565580618212173,-0.0012113617376775412
28,2,-0.0009607351712614716,0.014076858813700951,0.0067669172932330705,0.01186299081035924,0.013533834586466205,-0.002673350041771094
28,3,0.0012949039264828902,0.010192147034252294,-0.00029239766081871806,0.010317460317460322,0.015914786967418618,0.0001670843776107193
28,4,-0.003675856307435262,0.014828738512949122,0.004678362573099417,0.012949039264828726,0.015789473684210523,0.0005430242272347501
28,5,0.002756892230576436,0.016750208855472015,0.008521303258145367,0.009398496240601528,0.009941520467836227,0.005263157894736843
28,Aggregated,0.009564198041649407,0.01050889532478278,0.002254861398427811,0.00817818231968006,0.00900565439249756,-0.0026892842366570205
28,Centralized,0.009564198041649407,0.01050889532478278,0.002254861398427811,0.00817818231968006,0.00900565439249756,-0.0026892842366570205
29,0,0.05134281200631911,-0.0090047393364929,-0.00813586097946291,-0.011216429699841983,-0.011255924170616115,-0.016469194312796153
29,1,-0.020802005012531332,0.007978279030910602,0.006307435254803662,0.006432748538011682,0.0045530492898914025,0.0030492898913951536
29,2,-0.028822055137844638,0.004928989139515425,0.003299916457811189,0.006056808688387632,-0.0009189640768588306,0.0029239766081871127
29,3,-0.02848788638262338,0.005806182121971581,0.00025062656641603516,0.010651629072681659,0.0048454469507101154,0.00442773600668336
29,4,-0.030200501253132624,0.00714285714285713,0.006307435254803666,0.005680868838763564,0.002756892230576431,0.005806182121971566
29,5,-0.03492063492063492,0.002506265664160411,0.00906432748538008,0.001587301587301583,0.005555555555555544,0.006182121971595655
29,Aggregated,-0.014680733691904556,0.0031099158736725917,0.0027444490415115177,0.0030616466694248926,0.0008067852709971048,0.0008205764722107261
29,Centralized,-0.014680733691904556,0.0031099158736725917,0.0027444490415115177,0.0030616466694248926,0.0008067852709971048,0.0008205764722107261
30,0,0.0675750394944708,-0.014060031595576606,-0.008214849921011052,-0.01425750394944708,-0.009952606635071132,-0.01398104265402844
30,1,-0.01842105263157895,0.0007518796992481113,0.005555555555555558,-0.006725146198830386,0.005472013366750186,0.005847953216374233
30,2,0.0007518796992481085,-0.0037593984962406082,0.0065162907268170155,-0.011403508771929777,0.001754385964912264,0.011152882205513758
30,3,-0.002673350041771091,-0.00037593984962406906,0.007101086048454439,-0.00467836257309943,0.004761904761904745,0.0008771929824561403
30,4,-0.013700918964076849,-0.0050960735171261306,0.007226399331662475,-0.00764411027568922,0.0033834586466165487,0.00580618212197157
30,5,-0.008312447786132009,-0.0024227234753550764,0.005513784461152862,-0.00747702589807852,0.0033834586466165465,0.0068086883876357
30,Aggregated,0.0048062336229485435,-0.004254585574403519,0.0038339539373879504,-0.008750517170045507,0.001358433319542146,0.002592745828161656
30,Centralized,0.0048062336229485435,-0.004254585574403519,0.0038339539373879504,-0.008750517170045507,0.001358433319542146,0.002592745828161656
31,0,0.05805687203791445,-0.003475513428120066,-0.007424960505529241,-0.03420221169036334,-0.008767772511848307,-0.0018167456556082095
31,1,-0.0441938178780284,0.017167919799498717,0.009314954051796123,-0.017167919799498742,0.01583124477861321,0.019047619047619
31,2,-0.032915622389306634,0.01169590643274856,0.007602339181286543,-0.014870509607351682,0.017000835421888058,0.013993316624895523
31,3,-0.04774436090225568,0.01031746031746032,0.01169590643274856,-0.022472848788638256,0.013324979114452767,0.02234753550543021
31,4,-0.04369256474519658,0.012406015037593983,0.011988304093567251,-0.012907268170426055,0.015747702589807858,0.02147034252297411
31,5,-0.03245614035087711,0.012364243943191314,0.006558061821219721,-0.014411027568922314,0.013492063492063456,0.011946532999164549
31,Aggregated,-0.023045097227968568,0.00995035167563094,0.006488760171010896,-0.019480071714246323,0.010915735760584735,0.014342849262170752
31,Centralized,-0.023045097227968568,0.00995035167563094,0.006488760171010896,-0.019480071714246323,0.010915735760584735,0.014342849262170752
32,0,0.11721958925750402,0.0019747235387045812,-0.009913112164296977,-0.004818325434439167,-0.0024486571879936804,-0.019075829383886342
32,1,-0.02903091060985803,0.01716791979949876,0.004051796157059354,0.008187134502923986,0.00898078529657477,-0.006850459482038408
32,2,-0.026942355889724216,0.02422723475355056,-0.001420217209690871,0.004928989139515462,0.0012949039264828772,-0.0071010860484545
32,3,-0.03968253968253951,0.024477861319966612,0.006265664160400983,0.00843776106934002,0.00939849624060149,-0.006390977443609029
32,4,-0.027401837928153698,0.02021720969089395,-0.0006265664160400987,0.010233918128654965,0.010651629072681692,-0.008061821219715964
32,5,-0.014076858813700997,0.02218045112781956,-0.003550543024227231,0.009356725146198825,0.007017543859649122,-0.010902255639097741
32,Aggregated,-0.0021721141911460675,0.018218176803199555,-0.0009515928837401889,0.005950903323679492,0.005737139704868278,-0.009819335264101432
32,Centralized,-0.0021721141911460675,0.018218176803199555,-0.0009515928837401889,0.005950903323679492,0.005737139704868278,-0.009819335264101432
33,0,0.03558451816745653,-0.01358609794628754,-0.035939968404423324,-0.022353870458136048,-0.023459715639810454,-0.0279225908372828
33,1,-0.0172096908939014,0.010359231411862976,-0.007142857142857135,-0.0005012531328320842,0.004051796157059304,0.0029239766081871213
33,2,-0.005137844611528813,0.011319966583124473,-0.012656641604010099,-0.007017543859649086,-0.0007101086048454571,0.006683375104427711
33,3,-0.009482038429406812,0.010693400167084357,-0.00856307435254802,-0.004845446950710053,0.0027986633249791177,0.006892230576441099
33,4,-0.01608187134502921,0.020384294068504626,-0.01136173767752716,-0.004761904761904747,-0.00012531328320802712,0.0069340016708437655
33,5,-0.020551378446115307,0.01549707602339178,-0.014285714285714294,-0.007685881370091872,0.0018796992481203059,0.010108604845446923
33,Aggregated,-0.005088953247827874,0.008895324782788608,-0.015191008136808683,-0.007998896703902946,-0.0027927182457592008,0.0006619776582540445
33,Centralized,-0.005088953247827874,0.008895324782788608,-0.015191008136808683,-0.007998896703902946,-0.0027927182457592008,0.0006619776582540445
34,0,0.03281990521327014,-0.007543443917851479,-0.018522906793049007,-0.0015797788309636592,0.0018562401263823162,-0.0022906793048973135
34,1,-0.014076858813700893,0.005012531328320837,-0.01102756892230576,0.002130325814536351,0.012197159565580575,0.008270676691729302
34,2,-0.0017126148705096204,0.00576441102756893,-0.015413533834586445,0.01591478696741853,0.0011695906432748584,0.006808688387635758
34,3,-0.00680868838763577,0.0017543859649122604,-0.00994152046783626,0.007351712614870498,0.007017543859649122,0.010651629072681683
34,4,-0.013742690058479546,0.008479532163742667,-0.020718462823726008,0.0021720969089390235,0.010192147034252282,0.003592314118629914
34,5,-0.01223893065998329,0.012740183792815383,-0.015998329156223942,0.009482038429406824,0.013492063492063451,0.010066833751044248
34,Aggregated,-0.002289339401461836,0.004254585574403558,-0.015301337746517676,0.00584057371397048,0.007598951868707777,0.00610260653702936
34,Centralized,-0.002289339401461836,0.004254585574403558,-0.015301337746517676,0.00584057371397048,0.007598951868707777,0.00610260653702936
35,0,-0.004107424960505542,-0.01670616113744071,-0.000947867298578196,0.007503949447077394,0.0005924170616113802,-0.00529225908372826
35,1,-0.08191311612364233,-0.006098579782790322,0.022096908939014174,0.025522138680033397,0.015956558061821186,0.011904761904761826
35,2,-0.06992481203007535,-0.009106098579782774,0.019172932330827154,0.020217209690893873,0.005764411027568875,0.0038011695906432523
35,3,-0.08111946532999113,-0.005221386800334183,0.019214703425229695,0.0222222222222222,0.008813700918964043,0.008521303258145303
35,4,-0.08638262322472896,-0.009064327485380077,0.024018379281537147,0.02623224728487883,0.008688387635755992,0.011445279866332468
35,5,-0.08492063492063527,-0.013575605680868871,0.018671679197995065,0.023851294903926547,0.007059314954051766,0.008813700918964065
35,Aggregated,-0.06745276513584322,-0.010026203282305902,0.016866639084264255,0.020797131430147577,0.0077437594814508005,0.006419804164942776
35,Centralized,-0.06745276513584322,-0.010026203282305902,0.016866639084264255,0.020797131430147577,0.0077437594814508005,0.006419804164942776
36,0,0.0842022116903634,-0.0018167456556081978,-0.004107424960505521,0.0009873617693523002,-0.0016192733017377516,-0.001816745655608213
36,1,-0.0323308270676693,0.01466165413533834,0.006516290726817077,0.012740183792815366,0.009899749373433582,0.011069340016708437
36,2,-0.0147869674185464,0.012364243943191302,0.007685881370091904,0.004845446950710123,0.010776942355889718,0.006683375104427733
36,3,-0.04749373433583976,0.019131161236424395,0.018128654970760247,0.01708437761069358,0.012447786131996654,0.013283208020050084
36,4,-0.04014202172096902,0.01867167919799498,0.01115288220551378,0.016917293233082706,0.018003341687552233,0.012990810359231431
36,5,-0.025939849624060155,0.014745196324143691,0.0033416875522139034,0.008813700918964103,0.013993316624895577,0.01261487050960738
36,Aggregated,-0.011825955040684007,0.012818921528065111,0.0070128258171286905,0.010143428492621714,0.01046752172114196,0.009033236794924878
36,Centralized,-0.011825955040684007,0.012818921528065111,0.0070128258171286905,0.010143428492621714,0.01046752172114196,0.009033236794924878
37,0,0.07176145339652461,-0.020971563981042718,-0.027211690363349188,-0.02436808846761455,-0.014612954186413982,-0.03199052132701424
37,1,-0.011737677527151222,-0.0026733500417710954,-0.002631578947368393,0.0007518796992481018,0.011069340016708389,-0.007309941520467854
37,2,0.007602339181286535,-0.011403508771929803,-0.00772765246449455,0.004135338345864651,0.0136591478696742,-0.011278195488721771
37,3,-0.00568086883876357,-0.007309941520467851,-0.0028822055137844465,0.0027151211361737516,0.010192147034252282,-0.007059314954051805
37,4,-0.0008354218880534994,-0.007351712614870512,-0.004761904761904746,0.002380952380952369,0.012698412698412676,-0.009649122807017551
37,5,-0.0007518796992481336,-0.005304928989139535,0.0006265664160400802,0.0030910609857978297,0.010192147034252277,-0.015371762740183773
37,Aggregated,0.010646807336919044,-0.009281478416770126,-0.007619638670528187,-0.0020962625844711097,0.00699213901530822,-0.01394980002758243
37,Centralized,0.010646807336919044,-0.009281478416770126,-0.007619638670528187,-0.0020962625844711097,0.00699213901530822,-0.01394980002758243
38,0,0.0923775671406002,-0.006990521327014224,-0.012124802527646108,-0.017812006319115323,-0.006832543443917821,-0.027290679304897317
38,1,-0.009189640768588133,0.005472013366750207,0.0009607351712614972,0.003299916457811187,0.010693400167084352,-0.016248955722639926
38,2,0.006641604010025088,0.004093567251461991,0.0045948203842940665,-0.006307435254803668,0.009231411862990764,-0.010735171261487033
38,3,-0.0002923976608187239,0.0030075187969924953,-5.551115123125783e-18,0.0011695906432748408,0.0059314954051795914,-0.014828738512949032
38,4,-0.005931495405179601,0.0027568922305764433,0.0048872180451127595,-0.0053049289891395025,0.010609857978279007,-0.012030075187969898
38,5,-0.003926482873851305,0.008646616541353354,0.005513784461152876,0.001921470342522976,0.007685881370091886,-0.009816207184628216
38,Aggregated,0.01403254723486418,0.0027375534409047092,0.0005171700455109787,-0.0039718659495242125,0.0060957109364225565,-0.015273755344090532
38,Centralized,0.01403254723486418,0.0027375534409047092,0.0005171700455109787,-0.0039718659495242125,0.0060957109364225565,-0.015273755344090532
39,0,0.13676935229067927,-0.008333333333333375,-0.016429699842022114,-0.01670616113744085,-0.014020537124802527,-0.01492890995260661
39,1,-0.00016708437761068785,0.007602339181286546,0.004051796157059317,0.004135338345864651,0.0005430242272347594,0.006390977443609017
39,2,0.003049289891395139,0.007560568086883841,-0.0002506265664160444,-0.0004177109440267344,-0.0108187134502924,0.0033834586466165283
39,3,-0.0009607351712614984,0.011946532999164558,-0.0002506265664160493,0.0017543859649122868,0.0017961570593149345,0.003258145363408504
39,4,-0.001169590643274855,0.0106516290726817,0.003091060985797836,0.0005430242272347711,-0.004887218045112768,0.004302422723475366
39,5,0.0018379281537176458,0.007477025898078534,-0.0010442773600668313,-0.0025480367585630566,-0.010233918128654975,0.0070175438596491325
39,Aggregated,0.024306992139015257,0.006012963729140809,-0.0019445593711212206,-0.002344504206316378,-0.006343952558267855,0.0014135981243966118
39,Centralized,0.024306992139015257,0.006012963729140809,-0.0019445593711212206,-0.002344504206316378,-0.006343952558267855,0.0014135981243966118
