,BeforeLocalTraining,AfterLocalTraining,BeforeLocalPartialEvaluations,AfterLocalPartialEvaluations,BeforeEvaluation,AfterEvaluation
1,1786835744.809909,1786835744.9708178,1786835772.7223892,1786835773.9767475,1786835773.984739,1786835774.0217783
2,1786835788.5771842,1786835788.7388859,1786835815.1747177,1786835816.4263291,1786835816.433902,1786835816.4711664
3,1786835830.9202406,1786835831.081349,1786835857.45879,1786835858.6180408,1786835858.6255004,1786835858.6626375
4,1786835873.2309248,1786835873.3897352,1786835899.7699172,1786835901.0250723,1786835901.03242,1786835901.0697937
5,1786835915.5286336,1786835915.689077,1786835942.2201889,1786835943.381064,1786835943.3883476,1786835943.42598
6,1786835957.9220052,1786835958.083146,1786835984.4996905,1786835985.7591841,1786835985.7665164,1786835985.803624
7,1786836000.2079542,1786836000.368229,1786836026.6388233,1786836027.89463,1786836027.901919,1786836027.938572
8,1786836042.4697633,1786836042.6312642,1786836069.0738745,1786836070.2334375,1786836070.2407367,1786836070.2781775
9,1786836084.734141,1786836084.899409,1786836111.2910516,1786836112.5577865,1786836112.5650165,1786836112.6026297
10,1786836127.0750837,1786836127.2397568,1786836153.6724606,1786836154.8223708,1786836154.8295522,1786836154.8664188
11,1786836169.4258168,1786836169.5877094,1786836196.11459,1786836197.3701801,1786836197.3774543,1786836197.4150739
12,1786836211.8501804,1786836212.0122435,1786836238.3977325,1786836239.6644218,1786836239.6720347,1786836239.7094135
13,1786836254.158424,1786836254.319621,1786836280.7654564,1786836281.9155216,1786836281.9226408,1786836281.9596095
14,1786836296.5387452,1786836296.698761,1786836323.1228292,1786836324.3829017,1786836324.390253,1786836324.4275434
15,1786836338.9227436,1786836339.0854642,1786836365.5916226,1786836367.100806,1786836367.1080658,1786836367.1452684
16,1786836381.4465253,1786836381.6091504,,,,
