,BeforeLocalTraining,AfterLocalTraining,BeforeLocalPartialEvaluations,AfterLocalPartialEvaluations,BeforeEvaluation,AfterEvaluation
1,1791293926.4383008,1791293926.6037552,1791293933.9495833,1791293935.6031082,1791293935.6177301,1791293935.6443672
2,1791293936.2964506,1791293936.4567914,1791293943.2515194,1791293944.8924172,1791293944.9059732,1791293944.932595
3,1791293945.622995,1791293945.7808955,1791293952.9132774,1791293954.6246974,1791293954.6384637,1791293954.6654687
4,1791293955.3244662,1791293955.483383,1791293962.736257,1791293964.5164754,1791293964.5302236,1791293964.5603254
5,1791293965.2275853,1791293965.3877544,1791293972.3897061,1791293974.0592601,1791293974.0767198,1791293974.1083825
6,1791293974.7582963,1791293974.9262424,1791293982.215352,1791293983.9850347,1791293983.9991078,1791293984.0277617
7,1791293984.6515975,1791293984.8106637,1791293992.0391219,1791293993.790815,1791293993.8049312,1791293993.8334513
8,1791293994.4678702,1791293994.6322742,1791294001.8833497,1791294003.5480218,1791294003.5618057,1791294003.5884345
9,1791294004.26029,1791294004.4178572,1791294011.4935539,1791294013.2209263,1791294013.235379,1791294013.2635577
10,1791294013.8744144,1791294014.0314064,1791294020.9947488,1791294023.017438,1791294023.0312467,1791294023.0574286
11,1791294023.7677128,1791294024.0205858,1791294030.9327838,1791294032.660515,1791294032.674455,1791294032.7022834
12,1791294033.3996327,1791294033.5676813,1791294040.8642204,1791294042.5524137,1791294042.566236,1791294042.5919597
13,1791294043.2708275,1791294043.4336746,1791294050.8694546,1791294052.5958955,1791294052.6097205,1791294052.6358013
14,1791294053.27726,1791294053.4385338,1791294060.3624117,1791294062.0085084,1791294062.0224867,1791294062.0488539
15,1791294062.7342672,1791294062.8911326,1791294070.1343768,1791294071.8169105,1791294071.8309839,1791294071.8575132
16,1791294072.4615834,1791294072.6187153,1791294079.3427372,1791294081.0294065,1791294081.0434122,1791294081.070188
17,1791294082.0218043,1791294082.181013,1791294089.3198366,1791294090.9845204,1791294090.9983094,1791294091.0245101
18,1791294091.6827545,1791294091.8410304,1791294098.749474,1791294100.4432483,1791294100.4571476,1791294100.4841583
19,1791294101.0942268,1791294101.2520187,1791294108.3360527,1791294110.0041358,1791294110.0180647,1791294110.0444186
20,1791294110.7096362,1791294110.869749,1791294117.8097126,1791294119.5043483,1791294119.5181508,1791294119.544399
21,1791294120.207252,1791294120.368054,1791294127.584943,1791294129.2859166,1791294129.2998123,1791294129.326473
22,1791294129.960865,1791294130.1180024,1791294136.8860352,1791294138.5825698,1791294138.5966134,1791294138.6230192
23,1791294139.2408695,1791294139.3987699,1791294146.7413464,1791294148.4139545,1791294148.427882,1791294148.4543283
24,1791294149.0981898,1791294149.255226,1791294156.404609,1791294158.091182,1791294158.1051068,1791294158.1321669
25,1791294158.8671198,1791294159.0283704,1791294166.2966447,1791294167.9259696,1791294167.9402695,1791294167.966694
26,1791294168.657908,1791294168.8139331,1791294175.7364662,1791294177.425324,1791294177.439128,1791294177.4649057
27,1791294178.123265,1791294178.2838051,1791294185.3166797,1791294186.971871,1791294186.9855783,1791294187.0114255
28,1791294187.6797032,1791294187.8371818,1791294194.691781,1791294196.3349214,1791294196.3487942,1791294196.3749483
29,1791294197.0229077,1791294197.1822357,1791294204.2055771,1791294206.2111316,1791294206.2248955,1791294206.2511399
30,1791294206.945843,1791294207.1032028,1791294214.075555,1791294215.7256465,1791294215.7394676,1791294215.7653453
31,1791294216.390603,1791294216.549358,1791294223.4934485,1791294225.1493337,1791294225.1631403,1791294225.1895459
32,1791294225.825611,1791294225.983332,1791294232.6643293,1791294234.3049965,1791294234.3187845,1791294234.3450756
33,1791294235.1176734,1791294235.4396665,1791294242.2638943,1791294243.88597,1791294243.8999531,1791294243.9256399
34,1791294244.5774684,1791294244.7382944,1791294251.6629603,1791294253.304507,1791294253.3184903,1791294253.344584
35,1791294253.998657,1791294254.1549027,1791294261.1373081,1791294262.787953,1791294262.8022974,1791294262.8286912
36,1791294263.4590833,1791294263.6165843,1791294270.7213252,1791294272.372817,1791294272.3866978,1791294272.4135997
37,1791294273.0689886,1791294273.2355912,1791294280.3068757,1791294281.9643111,1791294281.9781096,1791294282.004074
38,1791294282.6644528,1791294282.824535,1791294289.5979412,1791294291.2366698,1791294291.25031,1791294291.27628
39,1791294291.9150295,1791294292.0881422,1791294299.194722,1791294300.8287416,1791294300.8427007,1791294300.8689108
40,1791294301.5324988,1791294301.6898742,1791294308.4635735,1791294310.4362779,1791294310.458758,1791294310.4876113
41,1791294311.2490566,1791294311.405352,1791294318.3728118,1791294320.02183,1791294320.0356765,1791294320.0616434
42,1791294320.6874146,1791294320.8562965,1791294327.8013804,1791294329.4482074,1791294329.4620225,1791294329.4888632
43,1791294330.146052,1791294330.304866,1791294337.0300267,1791294338.6805017,1791294338.6943574,1791294338.720372
44,1791294339.3671424,1791294339.526082,1791294346.4809682,1791294348.1114302,1791294348.1253057,1791294348.1512973
45,1791294348.8290467,1791294348.9894853,1791294356.0746403,1791294357.7188046,1791294357.7334723,1791294357.759803
46,1791294358.4789739,1791294358.6362896,1791294365.4091866,1791294367.0708058,1791294367.084485,1791294367.1106088
47,1791294367.7587838,1791294367.9171898,1791294375.042146,1791294376.8083785,1791294376.8225787,1791294376.8492217
48,1791294377.5064142,1791294377.6647491,1791294384.8169386,1791294387.045277,1791294387.06071,1791294387.0982845
49,1791294387.8000562,1791294387.9664001,1791294395.0950897,1791294396.7872381,1791294396.801104,1791294396.8272247
50,1791294397.470237,1791294397.6274564,1791294405.033726,1791294406.7507038,1791294406.764364,1791294406.7939029
