,BeforeLocalTraining,AfterLocalTraining,BeforeLocalPartialEvaluations,AfterLocalPartialEvaluations,BeforeEvaluation,AfterEvaluation
1,1789102663.1550717,1789102663.401537,1789102669.9009929,1789102671.9521415,1789102671.9667566,1789102671.9996629
2,1789102672.021884,1789102672.2376616,1789102678.8158991,1789102680.835313,1789102680.8489223,1789102680.880505
3,1789102680.9018915,1789102681.1150472,1789102687.6667497,1789102689.7152812,1789102689.7289042,1789102689.7604313
4,1789102689.7821531,1789102689.9967613,1789102696.603377,1789102698.9051368,1789102698.918997,1789102698.9531417
5,1789102698.974862,1789102699.19292,1789102705.5768802,1789102707.6062827,1789102707.6200678,1789102707.6538656
6,1789102707.6757221,1789102707.888972,1789102714.602261,1789102716.626225,1789102716.6399915,1789102716.6715379
7,1789102716.6931474,1789102716.9049613,1789102723.5488837,1789102725.5595481,1789102725.573369,1789102725.6057448
8,1789102725.6273115,1789102725.837636,1789102732.275363,1789102734.320224,1789102734.3340437,1789102734.367238
9,1789102734.3890038,1789102734.6016033,1789102741.1651044,1789102743.1806974,1789102743.1943686,1789102743.226845
10,1789102743.2485735,1789102743.4628859,1789102750.355841,1789102752.3778799,1789102752.3915987,1789102752.4241288
11,1789102752.4457617,1789102752.6563199,1789102759.050452,1789102761.0800312,1789102761.0939121,1789102761.125627
12,1789102761.146643,1789102761.3582373,1789102768.0294237,1789102770.047456,1789102770.06147,1789102770.0959377
13,1789102770.1174736,1789102770.337173,1789102777.1799324,1789102779.2071562,1789102779.221098,1789102779.2535727
14,1789102779.275374,1789102779.4887016,1789102785.7702582,1789102787.8067274,1789102787.8211493,1789102787.853228
15,1789102787.8748157,1789102788.0899868,1789102794.7080834,1789102796.7392738,1789102796.7531946,1789102796.785577
16,1789102796.8071096,1789102797.0189037,1789102803.401473,1789102805.6629083,1789102805.6768904,1789102805.708716
17,1789102805.853303,1789102806.0750825,1789102812.805538,1789102814.8388188,1789102814.8526247,1789102814.8840315
18,1789102814.9053426,1789102815.1175225,1789102821.5448284,1789102823.577539,1789102823.591212,1789102823.6236498
19,1789102823.6461115,1789102823.8639684,1789102830.4313803,1789102832.4884536,1789102832.501988,1789102832.5331397
20,1789102832.5551162,1789102832.7658265,1789102839.6026185,1789102841.6384988,1789102841.6521635,1789102841.6839366
21,1789102841.7051458,1789102841.9177096,1789102848.6446602,1789102850.814125,1789102850.8278377,1789102850.8606687
22,1789102850.8829494,1789102851.0969925,1789102857.4136686,1789102859.4245677,1789102859.4382954,1789102859.4704235
23,1789102859.4916637,1789102859.7019286,1789102866.2081983,1789102868.2065008,1789102868.2202423,1789102868.2526743
24,1789102868.281402,1789102868.4965007,1789102875.2016213,1789102877.2207425,1789102877.2345333,1789102877.2672343
25,1789102877.3258626,1789102877.5361729,1789102883.9949348,1789102886.004503,1789102886.018847,1789102886.0515509
26,1789102886.073261,1789102886.2874289,1789102892.592972,1789102894.9829218,1789102894.996467,1789102895.0288734
27,1789102895.0512986,1789102895.265555,1789102901.5809932,1789102903.6224434,1789102903.6361535,1789102903.6674879
28,1789102903.688688,1789102903.8995605,1789102910.6222548,1789102912.6375496,1789102912.6510935,1789102912.6844149
29,1789102912.7061427,1789102912.9272633,1789102919.4948776,1789102921.4853454,1789102921.4989483,1789102921.5309167
30,1789102921.5641556,1789102921.7744844,,,,
