Round,Evaluator,1,4,3,5,2,0
0,0,,,,,,
0,1,,,,,,
0,2,,,,,,
0,3,,,,,,
0,4,,,,,,
0,5,,,,,,
0,Aggregated,,,,,,
0,Centralized,,,,,,
1,0,,,,,,
1,1,,,,,,
1,2,,,,,,
1,3,,,,,,
1,4,,,,,,
1,5,,,,,,
1,Aggregated,,,,,,
1,Centralized,0.18008579313755035,0.15475894510746002,0.17159855365753174,0.16136211156845093,0.17184007167816162,0.16035456955432892
2,0,,,,,,
2,1,,,,,,
2,2,,,,,,
2,3,,,,,,
2,4,,,,,,
2,5,,,,,,
2,Aggregated,,,,,,
2,Centralized,0.17522689700126648,0.15939520299434662,0.1700185388326645,0.16300083696842194,0.16963505744934082,0.16272352635860443
3,0,,,,,,
3,1,,,,,,
3,2,,,,,,
3,3,,,,,,
3,4,,,,,,
3,5,,,,,,
3,Aggregated,,,,,,
3,Centralized,0.17194737493991852,0.1623079776763916,0.16875870525836945,0.1642952859401703,0.16843020915985107,0.16426047682762146
4,0,,,,,,
4,1,,,,,,
4,2,,,,,,
4,3,,,,,,
4,4,,,,,,
4,5,,,,,,
4,Aggregated,,,,,,
4,Centralized,0.1699693500995636,0.16406510770320892,0.16797438263893127,0.16506795585155487,0.16777686774730682,0.16514639556407928
5,0,,,,,,
5,1,,,,,,
5,2,,,,,,
5,3,,,,,,
5,4,,,,,,
5,5,,,,,,
5,Aggregated,,,,,,
5,Centralized,0.16876035928726196,0.16511447727680206,0.16750667989253998,0.165546715259552,0.16739140450954437,0.16568034887313843
6,0,,,,,,
6,1,,,,,,
6,2,,,,,,
6,3,,,,,,
6,4,,,,,,
6,5,,,,,,
6,Aggregated,,,,,,
6,Centralized,0.16803227365016937,0.16577720642089844,0.16721604764461517,0.16586260497570038,0.16713596880435944,0.1659759283065796
7,0,,,,,,
7,1,,,,,,
7,2,,,,,,
7,3,,,,,,
7,4,,,,,,
7,5,,,,,,
7,Aggregated,,,,,,
7,Centralized,0.16757725179195404,0.16614526510238647,0.16705910861492157,0.16609708964824677,0.16697433590888977,0.16614702343940735
8,0,,,,,,
8,1,,,,,,
8,2,,,,,,
8,3,,,,,,
8,4,,,,,,
8,5,,,,,,
8,Aggregated,,,,,,
8,Centralized,0.16729891300201416,0.16638077795505524,0.16695381700992584,0.1662207990884781,0.16688695549964905,0.1662587970495224
9,0,,,,,,
9,1,,,,,,
9,2,,,,,,
9,3,,,,,,
9,4,,,,,,
9,5,,,,,,
9,Aggregated,,,,,,
9,Centralized,0.16713958978652954,0.1665365993976593,0.16687224805355072,0.1662927269935608,0.16682875156402588,0.16633005440235138
10,0,,,,,,
10,1,,,,,,
10,2,,,,,,
10,3,,,,,,
10,4,,,,,,
10,5,,,,,,
10,Aggregated,,,,,,
10,Centralized,0.16699141263961792,0.1666097640991211,0.1668260097503662,0.16635967791080475,0.16678951680660248,0.16642364859580994
11,0,,,,,,
11,1,,,,,,
11,2,,,,,,
11,3,,,,,,
11,4,,,,,,
11,5,,,,,,
11,Aggregated,,,,,,
11,Centralized,0.16691212356090546,0.1666536033153534,0.1667824536561966,0.1664186716079712,0.1667443960905075,0.16648878157138824
12,0,,,,,,
12,1,,,,,,
12,2,,,,,,
12,3,,,,,,
12,4,,,,,,
12,5,,,,,,
12,Aggregated,,,,,,
12,Centralized,0.16683809459209442,0.16668245196342468,0.16676434874534607,0.16643841564655304,0.1667274683713913,0.16654925048351288
13,0,,,,,,
13,1,,,,,,
13,2,,,,,,
13,3,,,,,,
13,4,,,,,,
13,5,,,,,,
13,Aggregated,,,,,,
13,Centralized,0.1667991280555725,0.1666780561208725,0.16674117743968964,0.1664913445711136,0.16669876873493195,0.16659153997898102
14,0,,,,,,
14,1,,,,,,
14,2,,,,,,
14,3,,,,,,
14,4,,,,,,
14,5,,,,,,
14,Aggregated,,,,,,
14,Centralized,0.16678714752197266,0.16668708622455597,0.16672006249427795,0.16650289297103882,0.16669969260692596,0.16660313308238983
15,0,,,,,,
15,1,,,,,,
15,2,,,,,,
15,3,,,,,,
15,4,,,,,,
15,5,,,,,,
15,Aggregated,,,,,,
15,Centralized,0.16678352653980255,0.16669133305549622,0.16667784750461578,0.1665276736021042,0.16667775809764862,0.16664187610149384
16,0,,,,,,
16,1,,,,,,
16,2,,,,,,
16,3,,,,,,
16,4,,,,,,
16,5,,,,,,
16,Aggregated,,,,,,
16,Centralized,0.1667700558900833,0.16668939590454102,0.16666455566883087,0.16653382778167725,0.16669057309627533,0.16665151715278625
17,0,,,,,,
17,1,,,,,,
17,2,,,,,,
17,3,,,,,,
17,4,,,,,,
17,5,,,,,,
17,Aggregated,,,,,,
17,Centralized,0.16675609350204468,0.16670051217079163,0.16667230427265167,0.16652916371822357,0.16669827699661255,0.1666436493396759
18,0,,,,,,
18,1,,,,,,
18,2,,,,,,
18,3,,,,,,
18,4,,,,,,
18,5,,,,,,
18,Aggregated,,,,,,
18,Centralized,0.1667182296514511,0.16669832170009613,0.16670167446136475,0.16654792428016663,0.16668245196342468,0.1666513830423355
19,0,,,,,,
19,1,,,,,,
19,2,,,,,,
19,3,,,,,,
19,4,,,,,,
19,5,,,,,,
19,Aggregated,,,,,,
19,Centralized,0.1667257398366928,0.16670076549053192,0.16670307517051697,0.16657161712646484,0.16669227182865143,0.16660654544830322
20,0,,,,,,
20,1,,,,,,
20,2,,,,,,
20,3,,,,,,
20,4,,,,,,
20,5,,,,,,
20,Aggregated,,,,,,
20,Centralized,0.16673827171325684,0.16668063402175903,0.16667650640010834,0.1665848344564438,0.16669130325317383,0.1666283756494522
21,0,,,,,,
21,1,,,,,,
21,2,,,,,,
21,3,,,,,,
21,4,,,,,,
21,5,,,,,,
21,Aggregated,,,,,,
21,Centralized,0.16674666106700897,0.16667166352272034,0.1666940599679947,0.1665649116039276,0.16669484972953796,0.16662783920764923
22,0,,,,,,
22,1,,,,,,
22,2,,,,,,
22,3,,,,,,
22,4,,,,,,
22,5,,,,,,
22,Aggregated,,,,,,
22,Centralized,0.16673806309700012,0.16668055951595306,0.16669313609600067,0.16656352579593658,0.1666935682296753,0.16663113236427307
23,0,,,,,,
23,1,,,,,,
23,2,,,,,,
23,3,,,,,,
23,4,,,,,,
23,5,,,,,,
23,Aggregated,,,,,,
23,Centralized,0.1667279601097107,0.1666937619447708,0.16669493913650513,0.16656279563903809,0.1666814386844635,0.1666390746831894
24,0,,,,,,
24,1,,,,,,
24,2,,,,,,
24,3,,,,,,
24,4,,,,,,
24,5,,,,,,
24,Aggregated,,,,,,
24,Centralized,0.1667252629995346,0.16669924557209015,0.1666642278432846,0.16656494140625,0.16669102013111115,0.16665531694889069
25,0,,,,,,
25,1,,,,,,
25,2,,,,,,
25,3,,,,,,
25,4,,,,,,
25,5,,,,,,
25,Aggregated,,,,,,
25,Centralized,0.1667218953371048,0.16668976843357086,0.16666336357593536,0.16657927632331848,0.16669386625289917,0.16665177047252655
26,0,,,,,,
26,1,,,,,,
26,2,,,,,,
26,3,,,,,,
26,4,,,,,,
26,5,,,,,,
26,Aggregated,,,,,,
26,Centralized,0.16671988368034363,0.16668981313705444,0.16667865216732025,0.16661003232002258,0.16668370366096497,0.16661794483661652
27,0,,,,,,
27,1,,,,,,
27,2,,,,,,
27,3,,,,,,
27,4,,,,,,
27,5,,,,,,
27,Aggregated,,,,,,
27,Centralized,0.16671927273273468,0.16669197380542755,0.166680708527565,0.16660229861736298,0.166684091091156,0.1666216403245926
28,0,,,,,,
28,1,,,,,,
28,2,,,,,,
28,3,,,,,,
28,4,,,,,,
28,5,,,,,,
28,Aggregated,,,,,,
28,Centralized,0.1667192429304123,0.16669058799743652,0.1666760891675949,0.1666233390569687,0.16669298708438873,0.16659778356552124
29,0,,,,,,
29,1,,,,,,
29,2,,,,,,
29,3,,,,,,
29,4,,,,,,
29,5,,,,,,
29,Aggregated,,,,,,
29,Centralized,0.16671712696552277,0.1666993796825409,0.16665320098400116,0.166623055934906,0.1666972041130066,0.1666099578142166
30,0,,,,,,
30,1,,,,,,
30,2,,,,,,
30,3,,,,,,
30,4,,,,,,
30,5,,,,,,
30,Aggregated,,,,,,
30,Centralized,0.16668783128261566,0.1666765660047531,0.166666641831398,0.16665001213550568,0.16670778393745422,0.16661112010478973
31,0,,,,,,
31,1,,,,,,
31,2,,,,,,
31,3,,,,,,
31,4,,,,,,
31,5,,,,,,
31,Aggregated,,,,,,
31,Centralized,0.16668623685836792,0.16667306423187256,0.16668693721294403,0.16665925085544586,0.16670694947242737,0.16658756136894226
