Round,Evaluator,1,4,3,5,2,0
0,0,,,,,,
0,1,,,,,,
0,2,,,,,,
0,3,,,,,,
0,4,,,,,,
0,5,,,,,,
0,Aggregated,,,,,,
0,Centralized,,,,,,
1,0,0.08401018291733839,-0.0027683791472617883,0.07854372581539469,0.011295354189695317,0.06175684861801992,0.04275860790103364
1,1,0.11026548760077609,0.06932503957623523,0.06341643159569679,0.0488385222634923,0.027633592316999862,0.014025974973586111
1,2,0.03243256857377769,-0.018634565920225245,0.01568871327555138,0.08997584824708792,0.08211210926267974,-0.053213934041919514
1,3,0.08011659605646272,0.04037707591470585,0.10097085537976916,0.002187398936118,0.055423177903711,0.012388456276486538
1,4,0.044193553845048215,0.09721521444771067,0.044630480567246285,0.10789094274605006,0.0674132610062517,-0.03520648343971109
1,5,0.04053895694784426,0.04026054632418308,0.013934977273464776,0.12936516405945322,0.05702254132854655,-0.06390458064667447
1,Aggregated,0.07430433799355501,0.030733504031486843,0.058563653013057354,0.06010510089854772,0.05613406539437897,-0.009014129662703364
1,Centralized,0.07430433799355501,0.030733504031486843,0.058563653013057354,0.06010510089854772,0.05613406539437897,-0.009014129662703364
2,0,0.13238850853900794,-0.004379557710285524,0.01172494521952367,0.01886532031560351,-0.07916603231378921,-0.027030669905193143
2,1,0.15659051037272195,-0.0032542298225307284,-0.019645793828728268,0.06684251406471162,-0.10525510310274783,-0.07867095128311857
2,2,0.10634714056314756,0.024028516285353223,-0.02698632898354116,0.1589260581826171,0.024539178563340012,-0.04891336501967034
2,3,0.14608859689908932,0.03572191711573468,0.029703275432243128,0.017560896321947645,-0.11169542013318061,-0.05811872593749232
2,4,0.08482868268959964,0.09332188193195988,0.0016910704314928495,0.15216716874226152,-0.08879021578271253,-0.0649977510011692
2,5,0.06521839000150295,0.045225348803095325,-0.03136664369486891,0.20205328795952585,0.004224319160707814,-0.08822949873286909
2,Aggregated,0.13185728875373248,0.015275829256555353,-0.0074490302606126865,0.09239892347074255,-0.06151069397370856,-0.059453477171924576
2,Centralized,0.13185728875373248,0.015275829256555353,-0.0074490302606126865,0.09239892347074255,-0.06151069397370856,-0.059453477171924576
3,0,0.10474522930982794,-0.04604167825414806,0.027419305194977036,-0.030842195689690325,0.051312330232804716,0.08762623971508365
3,1,0.10318901095706103,-0.027792511637477642,-0.002894879366053082,0.00250563719178193,0.025922488900326935,0.07630551516640742
3,2,0.020556234668124965,-0.05299230191569573,-0.04168821829765656,0.068358450480075,0.09160464089908538,0.0016893255185143224
3,3,0.06880130673104172,0.015666718207827536,0.0651098623208892,-0.04356831940904032,0.016221604474605064,0.06281355015197619
3,4,-0.006824161958263999,0.04704527615656379,-0.017099664403991327,0.11159221085593421,-0.00917219199062893,-0.034819305559557465
3,5,-0.019282788032407436,-0.011389883176563725,-0.04651908143699978,0.11842651377078361,0.056895997294324,-0.04040215062803727
3,Aggregated,0.0628498929731977,-0.032157824893059996,-0.0016390967938809823,0.012755110465961077,0.04859896556124939,0.04034531065082279
3,Centralized,0.0628498929731977,-0.032157824893059996,-0.0016390967938809823,0.012755110465961077,0.04859896556124939,0.04034531065082279
4,0,0.07795594599777426,-0.052962670972789914,0.03454824309243185,-0.015452685144342827,0.040492954222556235,0.09045031773294596
4,1,0.07043294124987334,-0.04454628711958768,0.019415951983259332,0.029023003115923214,0.028641454396413756,0.0743192528500492
4,2,0.0279851679276863,-0.03704729989704387,-0.023874629112438057,0.10122453626829969,0.09493784634495119,0.02386686850687144
4,3,0.06454785152448864,-0.007315046916447957,0.05200436090848331,-0.007409281020979349,-0.01727000476687466,0.05718487305070366
4,4,0.0027743024387851733,0.0604208058846633,-0.011608000022360981,0.10429414627761224,-0.014921242511240903,-0.04296190759449355
4,5,-0.019517578780424597,0.010033288859554441,-0.055278891355925966,0.16884679136481745,0.09056849648047284,-0.030519294751965187
4,Aggregated,0.056333244210499324,-0.03054732050898036,0.014392941772883458,0.04991047899872081,0.05164175914161033,0.05240465896382982
4,Centralized,0.056333244210499324,-0.03054732050898036,0.014392941772883458,0.04991047899872081,0.05164175914161033,0.05240465896382982
5,0,0.07068677509693984,-0.12142438405164913,0.005812320608641893,-0.06426108609562141,0.0048910008755178435,0.07601655391455545
5,1,0.07028099161033817,-0.12102241860495574,0.002540925849007357,-0.028767946504055,0.0175061771451785,0.04207869304631903
5,2,0.053837149158209495,-0.11688355279705953,-0.02825529065737177,0.039583551189553375,0.05574201773796185,-0.004833534356292861
5,3,0.0728646436087445,-0.074725484153236,0.04449074088490047,-0.079006455770157,-0.02822070251649866,0.044767046981615634
5,4,0.016419823131322377,0.03130461436953936,0.023281836379101136,0.04595014795601371,-0.016792423375151185,-0.06428325975982861
5,5,0.02931953023642185,-0.04839292763533896,-0.04480295925989327,0.1029471394170608,0.0483775320350636,-0.05604558492572245
5,Aggregated,0.06455228555646898,-0.10996481036393681,0.0014561462045625806,-0.0126589755774476,0.021655682959660364,0.025563235305731194
5,Centralized,0.06455228555646898,-0.10996481036393681,0.0014561462045625806,-0.0126589755774476,0.021655682959660364,0.025563235305731194
6,0,0.06679097152409826,-0.0811433915905195,0.021386997579457993,-0.023814664150440718,0.03186896586556977,0.09478412871268255
6,1,0.047692077199287475,-0.07527707228154913,-0.0028379417724315047,0.01658009554975927,0.04071627596703323,0.06701082473437117
6,2,0.03212586854241308,-0.0645390194682615,-0.019538809370706695,0.068137085750834,0.05517394882872175,0.007941742029332375
6,3,0.06890751006648711,-0.048658498420421206,0.047527430023401804,-0.03510949637282016,0.018029639233441714,0.08170440672948062
6,4,0.023154456867398057,0.021772925570461045,-8.001506497788845e-05,0.0351276381817469,-0.014330875699825366,-0.06044399231519805
6,5,0.011584696559752706,-0.03456547224311446,-0.055799280038076965,0.11168095495056996,0.035059153911516844,-0.06496334239608845
6,Aggregated,0.04720686647660471,-0.06338421247282976,0.0028138658657673337,0.026108824468389077,0.039084071325177626,0.04542650175706132
6,Centralized,0.04720686647660471,-0.06338421247282976,0.0028138658657673337,0.026108824468389077,0.039084071325177626,0.04542650175706132
7,0,0.047954764459497264,-0.06735802533460368,0.02763305870786798,-0.04180532752401678,-0.005422688911772071,0.08966636144420909
7,1,0.0404317755085555,-0.06202582185336932,0.0037613714381802294,-0.014864245025365291,0.009786501429494712,0.07644303981215723
7,2,0.016532380036044732,-0.06394729072355587,-0.03649453800916816,0.05448542540594465,0.04824073970518067,0.017715755452126423
7,3,0.03816864723582535,-0.015784570367086952,0.049354832491654524,-0.05553896463847923,-0.030554375875220793,0.05891248232472923
7,4,-0.020038461275954187,0.06316398342651855,0.0002620478433861216,0.0427312936325637,-0.01305784107435083,-0.052409389359766245
7,5,-0.007864321208214358,-0.03855338502009464,-0.05586600379734124,0.10102858787628838,0.05395935085219321,-0.04144332689194317
7,Aggregated,0.03044395067880576,-0.0583030489315304,-0.004536640394678236,0.004953373211698346,0.015185414090867712,0.05018113352208169
7,Centralized,0.03044395067880576,-0.0583030489315304,-0.004536640394678236,0.004953373211698346,0.015185414090867712,0.05018113352208169
8,0,0.033946007367136745,-0.07958928908801004,0.013149380797114264,-0.10131245404906088,0.011818768884098226,0.06624851647365364
8,1,0.024784530537674716,-0.07664543783543486,0.0007013816862470465,-0.06582966479233338,0.015853999903331906,0.05618162072542485
8,2,0.012245460869248137,-0.07273461888690289,-0.04240425282640266,0.010478473793155817,0.043879667450526,0.0185696296473649
8,3,0.04056723140700214,-0.05070985003087209,0.03117553484109568,-0.11140471810422237,-0.013692640903602947,0.05103260049430701
8,4,0.008363348383365735,0.025933523906769597,0.0008975667797245629,0.017998744212848403,-0.01508059574824344,-0.03514663191519227
8,5,-0.001027270643832008,-0.03078926085516828,-0.06621136537782683,0.09007760713321827,0.03930615488123414,-0.019834982313730966
8,Aggregated,0.022832584982322327,-0.07169037009873357,-0.011349347368218594,-0.04501348021336824,0.023324581971881028,0.042850682325216216
8,Centralized,0.022832584982322327,-0.07169037009873357,-0.011349347368218594,-0.04501348021336824,0.023324581971881028,0.042850682325216216
9,0,0.048931599180748846,-0.044839793747549095,0.02758441172230975,-0.049242106381724986,0.025381297977480365,0.0733786953693927
9,1,0.03731414941426971,-0.04188435428670478,0.006838442951121072,-0.018194954453328246,0.028306308315087358,0.04755423130889958
9,2,0.027120704367044248,-0.03862659578739649,-0.01854646623604451,0.04024944669525958,0.041214962287628026,0.0008504166134514111
9,3,0.039069104434271654,-0.013358596408100266,0.050255469879665705,-0.0554103743847224,0.006138286636006714,0.03519116692563049
9,4,0.007494962085386838,0.043178363047044685,0.022375797348930013,0.026910104489063683,-0.01867992500250489,-0.0870102278927101
9,5,0.0044226257250068275,-0.019195620837750667,-0.03515279104099303,0.08249932978310352,0.024307482880912234,-0.06769025458239493
9,Aggregated,0.032387154881073486,-0.035715977075972044,0.005183822040400016,-0.00430658130752339,0.027944493892238412,0.02596427743827033
9,Centralized,0.032387154881073486,-0.035715977075972044,0.005183822040400016,-0.00430658130752339,0.027944493892238412,0.02596427743827033
10,0,0.032599056042074644,-0.048753468933207054,0.02629889880192022,-0.10693343633856557,0.023516861302520415,0.049923583931505595
10,1,0.026072805768222546,-0.06377911548731754,0.023518402565086048,-0.07534195223269656,0.010597104908976005,0.05786756678879473
10,2,0.005091412400679344,-0.046984007467834696,-0.011207879999141815,-0.01194006926366811,0.04306990303379712,0.012315597613514266
10,3,0.027492310239550392,-0.021581622130450454,0.051275786462454113,-0.10523847945954395,-0.025759977831124665,0.04310710920337914
10,4,-0.018223143204038623,0.04706645696186274,0.02168753010020338,0.036700861168211016,-0.05212128580971604,-0.03245915196186426
10,5,-0.00938396333716174,-0.024926404972499167,-0.02197679506079958,0.06488377178412465,0.019863614273560436,-0.014760269064665075
10,Aggregated,0.018280820409084495,-0.04805783357673831,0.015586232368734501,-0.05739507124520245,0.020298651001278555,0.03846616144507174
10,Centralized,0.018280820409084495,-0.04805783357673831,0.015586232368734501,-0.05739507124520245,0.020298651001278555,0.03846616144507174
11,0,0.03236655129129511,-0.03567199241378439,0.02355716173006191,-0.07208686445450464,0.025742337044368093,0.059028077682519636
11,1,0.02955340998937551,-0.036247102142889204,0.010483031496684187,-0.04387208140565387,0.029492515204791035,0.04476467494642038
11,2,0.01637863749725033,-0.03557426646994088,-0.02055761031262264,0.0085654280985672,0.04077575329313588,-0.001559392945873606
11,3,0.028219387958110798,0.00017576830242945084,0.04063677262910643,-0.05859560349674757,0.006225534365319549,0.02356751402547478
11,4,0.007468644393968766,0.036323281197149095,0.00989632915444999,0.052353342897367344,-0.02702154716174606,-0.07904097338812902
11,5,0.00907984869777289,-0.028962703744855114,-0.033250845627799404,0.06227336341633177,0.030572126344171915,-0.03982459980161207
11,Aggregated,0.025388999446999065,-0.030325537399099347,0.002281785716480135,-0.026745661882276752,0.030597942297544162,0.022835526696090284
11,Centralized,0.025388999446999065,-0.030325537399099347,0.002281785716480135,-0.026745661882276752,0.030597942297544162,0.022835526696090284
12,0,0.03247060932852152,-0.034576552859057065,0.023476823992958105,-0.11369073552777106,0.011262489951682457,0.054910033221994954
12,1,0.028731340127975038,-0.029705841223415595,0.012612865118535953,-0.07678887885341326,0.013468287987802374,0.05211502029212334
12,2,0.019613149209283535,-0.031717526169384946,-0.022561338334574504,-0.012266898547828961,0.03531735724115689,0.021339356144339787
12,3,0.014304314788126934,0.010644325520224889,0.04956010189062537,-0.10082538025397887,-0.030052952582030182,0.03304463738863193
12,4,-0.028611850889185157,0.04196190997257675,0.025021189901186434,0.03346492104187831,-0.04270619937050182,-0.054091219966626504
12,5,0.009202183432653508,-0.019653210809599548,-0.04032743135837144,0.05421697443333373,0.033834112008005894,-0.01076176252537151
12,Aggregated,0.02512124004368566,-0.02686299252947416,0.0039070222239258835,-0.06012808730375351,0.019769200629308474,0.03780444935032985
12,Centralized,0.02512124004368566,-0.02686299252947416,0.0039070222239258835,-0.06012808730375351,0.019769200629308474,0.03780444935032985
13,0,0.04328563347973773,-0.028909240490158236,0.020370571904045596,-0.084132032096899,0.015505312973175318,0.039362360223407916
13,1,0.03214478939011687,-0.024456691493906422,0.0075447889930597,-0.052209365647466845,0.022015171988664598,0.02708949589622745
13,2,0.015689023328636382,-0.019821382720903315,-0.026018335220020294,0.008150178626826503,0.03880166942367393,-0.007573430689484737
13,3,0.030197058714009295,0.01102156435772192,0.0516815977550121,-0.09043900086021145,-0.011803956241099551,0.022919295959502723
13,4,0.001121373883764331,0.04614053686483564,0.018479666636686924,0.007774123591522149,-0.03947503679037753,-0.037562096506675476
13,5,-0.0020139024749721763,-0.013910792499278131,-0.048588654373033544,0.062375950281227444,0.03413772361952917,-0.02995938940137672
13,Aggregated,0.025673648751245153,-0.021111805827686035,-0.0022496716353403163,-0.03641470958515254,0.027598779201666333,0.014213622973829398
13,Centralized,0.025673648751245153,-0.021111805827686035,-0.0022496716353403163,-0.03641470958515254,0.027598779201666333,0.014213622973829398
14,0,0.029724078297838998,-0.010742176488484993,0.019518247123756285,-0.12544616582403084,0.01568835755817999,0.06550629699942782
14,1,0.0277218816993001,-0.014361866779400234,0.0012108230627339896,-0.08684173077934519,0.025274855466638303,0.03899252529895991
14,2,0.0008678132805835417,-0.012746079287586443,-0.02891925668298578,-0.024802868418131115,0.03926100606149064,0.023114240265322872
14,3,0.0023572875218849493,0.02151388045758227,0.052065207469475044,-0.12473913191907882,-0.009529440274904388,0.034080808876770036
14,4,-0.04219956614648875,0.052551549418255454,0.03987204621303046,0.010116581415654888,-0.03010562989854732,-0.02607978946958014
14,5,-0.005076992327287448,-0.004364715238615693,-0.047506354161486276,0.05370284569688954,0.02884718320877686,-0.014003346463329371
14,Aggregated,0.017587581240501013,-0.007893233638439858,-0.005018686394180685,-0.07010094268968277,0.026138904214699263,0.03571684614011608
14,Centralized,0.017587581240501013,-0.007893233638439858,-0.005018686394180685,-0.07010094268968277,0.026138904214699263,0.03571684614011608
15,0,0.04656761616506954,-0.0011510916538304094,0.030400158559296595,-0.09807047263218505,0.00889393626017723,0.05037592391293285
15,1,0.027800302861938877,-0.009514425509778126,-0.0014370365665078704,-0.06274375176743459,0.018222704148597967,0.03443223680972324
15,2,0.01033680980967342,-0.011413282375834803,-0.035702835743490646,-0.011923342289250108,0.023042627520840242,0.022446722809178674
15,3,0.03625391009426102,0.025244785835031446,0.06541043724993138,-0.10528625689340439,-0.007383361536048788,0.012909368865284014
15,4,-0.006380141629313408,0.04315707100307467,0.033530513062542414,-0.009286630694929679,-0.018071396319189196,-0.046035069883986104
15,5,-0.0069892512916580754,-0.018237576098571205,-0.06312621284987605,0.04663298898065302,0.023023265610114713,0.0013121217953166468
15,Aggregated,0.02304765868493188,-0.005776878995071789,-0.006372903640744403,-0.05115896542150236,0.017465986535741097,0.030065018484556522
15,Centralized,0.02304765868493188,-0.005776878995071789,-0.006372903640744403,-0.05115896542150236,0.017465986535741097,0.030065018484556522
16,0,0.03155748403248075,-0.025517613322910283,0.03038926260010585,-0.11650704530896054,0.010839836093465697,0.03900543735245458
16,1,0.02528671455215611,-0.014914248021883821,0.031480506735239236,-0.0828231005536707,0.019627868168742048,0.021964852081667707
16,2,0.01752250833748599,-0.01876231122186816,-0.0064680127922452394,-0.016881733213049848,0.03837825711718086,-0.0014820489964298988
16,3,0.014254745407726692,0.0194705478253436,0.05745835235055019,-0.12016325313675004,-0.010146028341797224,0.03991909180769375
16,4,-0.018120853645271936,0.05110650243794268,0.014281389116294693,-0.0057727926880178065,-0.021196023782832595,-0.016925779873111505
16,5,0.00475376128475029,-0.012985499712456423,-0.03709302138278674,0.05600159888131411,0.027882043206269188,-0.022802447085348357
16,Aggregated,0.020766511891843316,-0.013589371380660246,0.01701415592828547,-0.06192542535709407,0.021389511323782893,0.01805085059162042
16,Centralized,0.020766511891843316,-0.013589371380660246,0.01701415592828547,-0.06192542535709407,0.021389511323782893,0.01805085059162042
17,0,0.037795850932684415,-0.03149643684329131,0.02617507151575609,-0.08212564872140321,0.038901991347272354,0.04152447410806032
17,1,0.03446787790999821,-0.027982747470787276,0.012132499825414126,-0.04550845105720273,0.02954190082359357,0.012594297202858248
17,2,0.02218119727530073,-0.01355657803985629,-0.011665176210063747,0.013050056375171116,0.016109940301357106,-0.016192405269108732
17,3,0.012571815022047263,-0.012860416054020189,0.03990345539694314,-0.08326194655130317,0.03197665889216832,0.012755513801047103
17,4,-0.020658067203731378,0.05288865127828224,0.025769679162279877,0.020896737253864553,-0.0032133268170592404,-0.04233542690642971
17,5,0.010196761333236519,-0.006304416695324996,-0.027383228825327968,0.05876139468982889,-0.0003922571517784465,-0.044983833550184926
17,Aggregated,0.02773361956678294,-0.02164484412465749,0.007331677345419565,-0.03174530745592544,0.023427610987487264,0.002084042369889966
17,Centralized,0.02773361956678294,-0.02164484412465749,0.007331677345419565,-0.03174530745592544,0.023427610987487264,0.002084042369889966
18,0,0.026620856783131884,-0.011897608990349721,0.04307146745327031,-0.12022557148976663,-0.0186339251638415,0.05557382454296465
18,1,0.025652260087208577,-0.0068778601905555795,0.014607872974070315,-0.09347354615248714,-0.0003240493813753415,0.04118888094309854
18,2,0.00958588910215132,-0.019208089155942902,-0.013591850533716119,-0.013786816226964082,0.01244376622296923,0.01854303190234697
18,3,0.01701932829303227,0.026436624290494398,0.06349670281056759,-0.12775631071915114,-0.034335062583962024,0.03356587108586602
18,4,-0.030693215912847523,0.04377185049959403,0.01987079936775211,-0.014617997719998504,-0.01325209266072485,-0.041296780675741426
18,5,-0.005819533822493269,-0.007687863321763048,-0.032780889238220416,0.05139536780736764,0.02831671660936838,-0.015137168334502155
18,Aggregated,0.01862493708101587,-0.0083606905647997,0.012403315221545336,-0.06568010416597832,0.0009967761763882057,0.03246693726051573
18,Centralized,0.01862493708101587,-0.0083606905647997,0.012403315221545336,-0.06568010416597832,0.0009967761763882057,0.03246693726051573
19,0,0.02576474104563097,-0.0012052205799113211,0.03791669351743681,-0.11106579484544568,0.02640940764611826,0.039477701175922086
19,1,0.03005608051101684,0.0007330134646082399,0.011208569902242053,-0.06474768524119126,0.023103543035826412,0.016634936106692408
19,2,0.018819070057139495,-0.009955014989322393,-0.023418063348266557,-0.006744155386552177,0.03372854075373513,0.0013984651518572067
19,3,0.004721924702733862,0.024531381211226284,0.0716173077948977,-0.10886470343962244,-0.0010527018355889347,0.02446847416805833
19,4,-0.020978663567081387,0.03462576205952018,0.0397166019380778,-0.019430264521344744,-0.030607584914185134,-0.023476119130123745
19,5,0.01438666630888265,-0.0012108496487041698,-0.039438219118984534,0.04394059815007851,0.008670316394303783,-0.0185755087110444
19,Aggregated,0.023743215001212462,0.0012225078379315085,0.004734166832213068,-0.053384094326320665,0.023593546305325144,0.013846481367181925
19,Centralized,0.023743215001212462,0.0012225078379315085,0.004734166832213068,-0.053384094326320665,0.023593546305325144,0.013846481367181925
20,0,0.03608376902793068,-0.03295235834762959,0.019592986346606438,-0.11322086945627216,0.02705238534441816,0.04478115989419006
20,1,0.029704005777467086,-0.02400979419499597,0.007767334167035591,-0.07971191980694477,0.02638895777094591,0.02240356511198634
20,2,0.021968214459015385,-0.02538430614106288,-0.025006495970262402,-0.021236099321279858,0.03268933085876956,-0.0009264283339665992
20,3,0.0057124053901108935,0.008879582727996821,0.05486924575630605,-0.09799231912602742,-0.0013791976480015263,0.030659097991355105
20,4,-0.012868517899943723,0.0222503245790805,0.00870319736618472,0.021333627003254342,-0.006877800716225705,-0.007992570333651784
20,5,0.010638596514376687,-0.009409441641858373,-0.042497661253949874,0.03590493853024494,0.013149819225153896,-0.015520267461601206
20,Aggregated,0.026304425755237285,-0.018104168947918678,0.0013509142288698742,-0.06257667907034258,0.024661651083566827,0.018680963422328948
20,Centralized,0.026304425755237285,-0.018104168947918678,0.0013509142288698742,-0.06257667907034258,0.024661651083566827,0.018680963422328948
21,0,0.04523483955069047,-0.034374816088705996,0.043973965044165675,-0.09611203945410658,0.02987569921473366,0.03266211244510773
21,1,0.03583312716077146,-0.028958666061100126,0.026823191032102865,-0.056767956304015904,0.015395922645708672,0.021669204095483736
21,2,0.01602295828376327,-0.013667188384380394,-0.00035535051740847234,-0.008551177863064221,0.023722231602985422,-0.01304097702734178
21,3,0.03330279388337956,-0.014266838810144098,0.052347934439737925,-0.08814806439124272,0.017260666423174992,0.006921292228082507
21,4,-0.011497628108571098,0.031843176762126855,0.015156402013319855,0.018725248387895674,-0.00850401164088531,-0.05106863773901697
21,5,6.597275141459684e-05,-0.002695133858323535,-0.02622384956255141,0.04469052731787204,0.003445398070489667,-0.029148020261414193
21,Aggregated,0.029396435331920538,-0.02432577731550081,0.01910312944725948,-0.04560145848375682,0.019469376714770496,0.007983958390705616
21,Centralized,0.029396435331920538,-0.02432577731550081,0.01910312944725948,-0.04560145848375682,0.019469376714770496,0.007983958390705616
22,0,0.044065041785609854,-0.00011468041249889341,0.023084888272692092,-0.11152830761233808,0.007352932006129082,0.03901129354960599
22,1,0.03666380985763918,0.004002871086913952,-0.00678133312414402,-0.06807738051238868,0.004788702926172275,0.02172195187066035
22,2,0.023281206977160556,-0.010229414120197613,-0.02759403068666396,-0.013188185974911877,0.022200011311500782,-0.0038361845978359243
22,3,0.024349750548419122,0.01989196422467859,0.030286724173628418,-0.09695417397805994,0.0009201728415764859,0.018192326768678706
22,4,-0.004965546528095067,0.020756963203375677,0.0020906772926464457,0.016602534308403572,5.194002674120926e-05,-0.0325355081387464
22,5,0.008554162200263317,-0.01853886516230683,-0.04696813228324756,0.04987708009956065,0.015477731339191603,-0.013687533619753302
22,Aggregated,0.029517601140518327,0.0003586158245894464,-0.007483526267480147,-0.05286350980462352,0.009800672307796875,0.01467334873102732
22,Centralized,0.029517601140518327,0.0003586158245894464,-0.007483526267480147,-0.05286350980462352,0.009800672307796875,0.01467334873102732
23,0,0.02896205742460448,0.012901577798623283,0.029070999622138292,-0.10588393449351689,0.006675870237601417,0.0409762869950291
23,1,0.033047811594213855,0.003181760532450292,0.008637984396744063,-0.07135793401106293,0.013697658079684061,0.030685868078945657
23,2,0.004443373640656793,0.004199664253364177,-0.02094743480510778,-0.010255698599491875,0.023269415070081765,0.030446233850705124
23,3,0.015118087188276483,0.031247007241656247,0.04174185755328907,-0.09420621353216525,0.006917489510561946,0.008805132327015961
23,4,-0.020278066450117673,0.03231264925533762,-0.0063345467234994885,0.009422390015354713,0.00016757492594769472,-0.039084193522778685
23,5,0.0002973632246334364,-0.005324669807690806,-0.03479263476243767,0.041960997685701926,0.01626541455414302,0.0006789981497833028
23,Aggregated,0.01907660966632524,0.006920325966412852,-0.00011867169693896685,-0.05276072575066088,0.015298503770710363,0.029252711207454
23,Centralized,0.01907660966632524,0.006920325966412852,-0.00011867169693896685,-0.05276072575066088,0.015298503770710363,0.029252711207454
24,0,0.0339209830059482,0.0063322975903301135,0.02317221192281703,-0.13857797212333714,0.022405216549124578,0.0475857844595349
24,1,0.0281029056705225,0.0004904026353764807,0.003261542180939268,-0.07652893690557105,0.019867904788448455,0.024494356754253543
24,2,0.00664199786954216,-0.01357777497143466,-0.032196125488042134,-0.014564106249379486,0.0334198509175961,0.012283294626529223
24,3,0.019500739814798017,0.04039918008423865,0.025853413036270787,-0.13607277813286525,-0.00021865467581896336,0.027534534466147065
24,4,-0.0027273432912767034,0.033126714231663835,0.005673485271222011,-0.0082005120975664,-0.013503447567431801,-0.012826164947473252
24,5,-0.0013609311413676983,-0.016198859987266653,-0.03464262665689783,0.052807853988159986,0.01269753200396485,-0.009067404989722038
24,Aggregated,0.019483333501792828,0.00039129659455077104,-0.005680950059728568,-0.062361889040782686,0.022603724779260446,0.024051801395118567
24,Centralized,0.019483333501792828,0.00039129659455077104,-0.005680950059728568,-0.062361889040782686,0.022603724779260446,0.024051801395118567
25,0,0.03257262761852915,-0.008685143698671523,0.040188779362870464,-0.12628086851999692,-0.0029124151832440283,0.04938826291955264
25,1,0.020725318828583687,-0.0022793949960671325,0.02077505886775039,-0.09669162972374164,0.0005478367624125673,0.025714653253858365
25,2,0.019350122809450882,-0.013555145713089665,-0.007844412807159347,-0.03849960623806427,0.015706326206803265,0.012422297482467272
25,3,0.028360766446578378,0.008547372666275562,0.0387408826702844,-0.11573516905282358,-0.000651498384918067,0.03384280472784391
25,4,0.0018528499487217972,0.0211740586854268,0.011149205756540163,-0.003488941653190151,0.0038257041526558793,-0.0107326144607349
25,5,-0.001926692731149916,-0.013337367159799746,-0.021263905764673106,0.03198727375259573,0.009207302056704446,-0.015441429356545596
25,Aggregated,0.021118970118151524,-0.006039108463826778,0.013948698708476225,-0.07630604424220544,0.005320631415000317,0.021847009505899424
25,Centralized,0.021118970118151524,-0.006039108463826778,0.013948698708476225,-0.07630604424220544,0.005320631415000317,0.021847009505899424
26,0,0.006878410294742115,0.008462716581078117,0.03374830477334253,-0.0602493332426439,0.013849981955415593,0.02426231426268332
26,1,0.027504105310454236,0.008321267100488857,0.013943201828717397,-0.023138872718957555,0.019533751750963675,-0.009676489139786063
26,2,0.018344699927191302,0.002671430434462633,-0.011409879690181852,0.0048058041215701345,0.02943759969969573,-0.0462856063812865
26,3,0.011973854427599176,0.03153255449156724,0.03672830732819342,-0.05137150455689125,-0.0016128014805638358,0.007799989260227999
26,4,-0.00837884149623259,0.03332401389935567,0.019396836385922205,0.011478201858015322,-0.027091038060517554,-0.053807885008955725
26,5,0.016972489303043296,-0.000850454047158696,-0.019582733673883853,0.04349746545131123,0.016184070828387614,-0.05683344735049113
26,Aggregated,0.021692592444992352,0.010132894863873894,0.006754263344208547,-0.01830906480756556,0.020986770300039627,-0.021583674860425353
26,Centralized,0.021692592444992352,0.010132894863873894,0.006754263344208547,-0.01830906480756556,0.020986770300039627,-0.021583674860425353
27,0,0.031524105132955706,0.01375431272982535,0.03365778285676248,-0.13951075542739388,0.007804555988974204,0.032623768264925
27,1,0.029279512366931534,-0.0020846644730933266,0.017347393898824538,-0.09989779265428166,0.013305743433926133,0.01712802715921348
27,2,0.018628205646980502,0.003295902855984376,-0.017676872073955706,-0.026272743032716227,0.03816199742984443,-0.0015567656523163766
27,3,0.001903745946219154,0.03452550944649574,0.04806488360189201,-0.13913523404591924,-0.014516342517009197,0.018421581804451543
27,4,-0.01373454062002359,0.0369887065589703,0.020245166907124527,-0.011376484070729555,-0.008787774320597465,-0.022036624461750916
27,5,0.004554397713805948,-0.007659905410080481,-0.02040795178617903,0.0394880369874255,0.015174792751208137,-0.01791692311433582
27,Aggregated,0.022493739123392302,0.006045779466615676,0.00952574291180266,-0.07726288104340692,0.017362814421556166,0.012593137865394701
27,Centralized,0.022493739123392302,0.006045779466615676,0.00952574291180266,-0.07726288104340692,0.017362814421556166,0.012593137865394701
28,0,0.029699597985757383,-0.001308958075372652,0.03693657693737317,-0.09461985499960292,0.006674627886180667,0.03761983048543634
28,1,0.02841524258106162,-0.002331283909838807,0.014123545856503118,-0.058414198913898915,0.0073807262113433185,0.027367012662212867
28,2,0.018774747909461435,-0.0065092325708037335,-0.031314010874885584,-0.015664026396943604,0.022742178957911047,0.024678135782608558
28,3,0.01643333706195284,0.02722517015651108,0.06101441725394076,-0.08406727840567833,-0.004600993097371974,0.016010221873376584
28,4,0.0009394852712477827,0.045079643895694035,0.031434598929767396,-0.011358906419269416,-0.018179254112482994,-0.030088117166760627
28,5,0.0026324577182617,-0.005686969363292832,-0.03680575317397731,0.028829869214992653,0.005897688282601912,-0.006515763432799895
28,Aggregated,0.021687147198378068,-0.0015962561031781012,0.0017032126863851557,-0.047037953247008525,0.012167030266482623,0.025182926745657256
28,Centralized,0.021687147198378068,-0.0015962561031781012,0.0017032126863851557,-0.047037953247008525,0.012167030266482623,0.025182926745657256
29,0,0.030139593368046644,-0.012463112113251995,0.04232457013679306,-0.13845429352477037,0.011127717076375197,0.041677102357902014
29,1,0.020362054403478665,-0.011718456880154713,0.014825147118249496,-0.10479398622211081,0.02179209382500623,0.03785235160784245
29,2,0.01667808775047451,-0.01679687216303158,-0.026832672957468825,-0.0414545704376365,0.019134163038302582,0.026601354062074103
29,3,0.002501567145913229,0.016946680815329938,0.05608952525169555,-0.13475541061418325,0.0007222638360523158,0.020257149828515522
29,4,-0.03871741977452053,0.03406811192337607,0.02316730084549159,-0.022504572001102632,-0.002980900081561731,-0.011920320600839748
29,5,-0.0010350156494280715,-0.008152279283675677,-0.02832274022745889,0.029764438051039382,0.01195532445813521,0.007135601498248381
29,Aggregated,0.018456930348776796,-0.010211618408679572,0.007108830517819476,-0.08251221522982453,0.018498595224998096,0.030503064036312897
29,Centralized,0.018456930348776796,-0.010211618408679572,0.007108830517819476,-0.08251221522982453,0.018498595224998096,0.030503064036312897
30,0,0.03832354100739613,-0.02873090059147775,0.03231221027140978,-0.07641761762460264,0.027694746932325348,0.042651806436844256
30,1,0.012243684334879212,-0.012765097020229994,0.021466582851432613,-0.04882018508150497,0.027725859235658432,0.031572428672406345
30,2,-0.01041874537241597,-0.013668789623745087,-0.015176350544164737,-0.008144935286767269,0.01747856039794748,0.03105254190210514
30,3,0.026998663529353435,0.008051196527248191,0.06564298418125344,-0.06992241380236267,0.015301223073451388,0.013100635182455318
30,4,-0.012245034999678613,0.032568414665653286,0.03044668559584011,-0.01270835907591166,-0.019520138982062205,-0.01720849885790365
30,5,-0.017984766642953284,0.003685087829229182,-0.022340001447928637,0.027340062402355658,0.006211436687570493,0.00048119379433383524
30,Aggregated,0.005599013093830469,-0.008834719562755925,0.012949098012367764,-0.03582288573071674,0.0210263416605046,0.025727357954770415
30,Centralized,0.005599013093830469,-0.008834719562755925,0.012949098012367764,-0.03582288573071674,0.0210263416605046,0.025727357954770415
31,0,0.019840038535797428,0.011902033793129376,0.019899076619377166,-0.07989257551710299,0.00837262900869972,0.03169949750691905
31,1,0.019012822594940783,0.005949588388745503,0.002781979533477062,-0.048125488741489704,0.011218014682020107,0.013597620695047939
31,2,0.0021760319570672234,0.00401763860975019,-0.027693899304788515,0.00027193922646306224,0.010260959995391821,0.01552876594989608
31,3,-0.01064891128820388,0.02534510307493746,0.03466324197182749,-0.06926456348586263,0.027987349928939413,-0.005322981136575551
31,4,-0.03246785299405703,0.020916015922067484,0.00924685107735304,0.0009264086307576802,0.028423049752574675,-0.027044472388695843
31,5,0.00098366562587878,-0.00465401413973178,-0.024929576820618814,0.032574948167824996,-0.0010320521750396031,-0.00348627750346183
31,Aggregated,0.010125150557769616,0.006762027678711331,-0.004009039175204675,-0.031518087759980634,0.009579087968737571,0.012573689062872819
31,Centralized,0.010125150557769616,0.006762027678711331,-0.004009039175204675,-0.031518087759980634,0.009579087968737571,0.012573689062872819
