Round,Evaluator,2,0,4,3,1
0,0,,,,,
0,1,,,,,
0,2,,,,,
0,3,,,,,
0,4,,,,,
0,Aggregated,,,,,
0,Centralized,,,,,
1,0,0.16842618003825566,0.16910931318387562,0.1692518801012226,0.17006569958774406,0.16938850673034658
1,1,0.16894892540186032,0.16901426857231114,0.16930237255111621,0.17027360967554153,0.1695578049446959
1,2,0.16876121229402055,0.1693166292428508,0.169497808033646,0.17055517933730152,0.16942949471908378
1,3,0.16895783583419474,0.16945682004490867,0.16959344667403262,0.1703686542871061,0.16953998408002757
1,4,0.15307390064050805,0.1534937294795196,0.15363905484686993,0.15430378384197216,0.15364712847838957
1,Aggregated,0.1653785450406095,0.16582258443732115,0.16600066576811218,0.16685324468840423,0.16605537049064303
1,Centralized,0.1653785450406095,0.16582258443732115,0.16600066576811218,0.16685324468840423,0.16605537049064303
2,0,0.0017506029392546252,0.0014535885281153794,0.00026850102766987814,0.00010514310154329243,-0.0017601074004110781
2,1,0.0013775528388637493,0.0015082391797650104,-1.247460526785001e-05,0.0005667034964536651,-0.001657934442979155
2,2,0.0014173527699564037,0.0013935916170652485,0.0004461156455310959,0.0007312494802247641,-0.0018141640232384201
2,3,0.001448242268714887,0.0013383469365933543,0.0001978115978187182,0.0004799752884009782,-0.001468439248672343
2,4,0.0012288067172614306,0.0010861725604176678,0.00027880940847191946,0.0003299424080951463,-0.0015996555250551566
2,Aggregated,0.001440130918876394,0.0013505082883474202,0.00023662702320177234,0.0004403148198585116,-0.0016588334159723845
2,Centralized,0.001440130918876394,0.0013505082883474202,0.00023662702320177234,0.0004403148198585116,-0.0016588334159723845
3,0,-0.0020440531774601404,-0.00027384728707034457,-0.0006332347245488405,0.002057715840372572,0.0009647028073802189
3,1,-0.002164641028382689,-0.00018355490608404357,-0.0007746135842511085,0.002145038077247511,0.0009421297121336528
3,2,-0.0020660322438844653,-0.00023939361537823612,-0.0007472882584262856,0.002029796485725514,0.0010942010906369389
3,3,-0.0018795071936890321,-0.0002815696617599913,-0.000884508916372606,0.002198500671252562,0.0009896520179158875
3,4,-0.0015921201356369874,-0.000313795145056206,-0.0007013294579902037,0.0018472468916518677,0.0008568814252650936
3,Aggregated,-0.0019420176498385695,-0.00025955644945401256,-0.0007472432311635209,0.0020514270948999084,0.0009672260515528163
3,Centralized,-0.0019420176498385695,-0.00025955644945401256,-0.0007472432311635209,0.0020514270948999084,0.0009672260515528163
4,0,0.0018765370495776406,0.006551543880909107,-0.015160209573368515,0.006361454657779986,0.006964393912392619
4,1,0.001872378847821717,0.006600848273158227,-0.015066353019448506,0.0064226396264746655,0.006978056575305034
4,2,0.0019329697876941,0.006512932007460992,-0.015783939836760876,0.0062782906226610145,0.006726782383481241
4,3,0.002128999299045988,0.00682479713915722,-0.01630371505625452,0.00676539425692936,0.0070713191004027655
4,4,0.0009107056353948021,0.005224716077291523,-0.011608805640777231,0.005262393024382369,0.005571882232628239
4,Aggregated,0.0017273889086756923,0.006320257740718247,-0.014720109688788311,0.006198627027857503,0.0066403385640359395
4,Centralized,0.0017273889086756923,0.006320257740718247,-0.014720109688788311,0.006198627027857503,0.0066403385640359395
5,0,0.001831390859084479,0.0013561678012617355,-0.01342326929702626,0.002021480082213591,0.002404628672583187
5,1,0.0016466478953558702,0.0016882299129153734,-0.013652564422425776,0.0020832590797305556,0.0023179004645305424
5,2,0.0016787254517589185,0.0017054567487614451,-0.012521533544807591,0.0020292024569031806,0.0022965154269285006
5,3,0.0016769433652920828,0.001519525727388286,-0.012959926815649095,0.0020125696498793865,0.0022977034845730548
5,4,0.0012772485063781776,0.0010511868238333333,-0.009476828677539165,0.0011265407180149419,0.0016620916088056566
5,Aggregated,0.0016151860309745192,0.0014557275844489885,-0.012347321447277437,0.001839824572430232,0.002184929896480059
5,Centralized,0.0016151860309745192,0.0014557275844489885,-0.012347321447277437,0.001839824572430232,0.002184929896480059
6,0,0.0007983747371422157,-0.00016098181083746833,0.0008132254576992108,0.002954699362013034,0.0011904337598460082
6,1,0.0014910123439189256,0.0005821482458328678,-0.0006682824250632546,0.0027117415737011596,0.0016929821434935877
6,2,0.0006926376067766989,-0.0004865096054460412,0.00010751921683242276,0.0030390514547766014,0.0010312340354754017
6,3,0.0012480545556070569,0.00031839944874125224,-0.0005518527758967106,0.0025281866676171143,0.0015896211284171494
6,4,0.0007190914473330053,-0.0002739652295602598,0.0004230582916195713,0.0021642714893158944,0.0009720652349427039
6,Aggregated,0.0009843358264719178,-9.660621212857306e-06,3.282283351837741e-05,0.002669124887389718,0.0012887035911904377
6,Centralized,0.0009843358264719178,-9.660621212857306e-06,3.282283351837741e-05,0.002669124887389718,0.0012887035911904377
7,0,0.0003730501003908852,-0.0015011108338976453,-0.0009516341732900649,0.0008215418612111114,0.0017214955269629628
7,1,0.0006249183210369565,-0.0011868695869123795,-0.0009344073374440264,0.0007882762471634959,0.001563483860236875
7,2,0.00033384419812046613,-0.0013621080894845206,-0.0008957954639959094,0.001224887431538176,0.0014476482398925665
7,3,0.0003902769362369903,-0.0016620926447351025,-0.0010591533901224692,0.0015545734279027261,0.0013466633401052475
7,4,0.0005673071747672194,-0.0013838204424350205,-0.000920932235319442,0.0009979008558049526,0.001385435168738904
7,Aggregated,0.0004601016343908933,-0.0014184818159174236,-0.000951745779006861,0.0010758207454275323,0.0014907618854739255
7,Centralized,0.0004601016343908933,-0.0014184818159174236,-0.000951745779006861,0.0010758207454275323,0.0014907618854739255
8,0,0.0018426774067077803,-0.000414632117950355,-0.0009908400755604804,0.0006516496180394534,0.0008714402822825189
8,1,0.00169773437407185,-0.0005239334212495709,-0.0008298582647229953,0.0006195720616364364,0.0007829299877630221
8,2,0.0012741918237873147,-0.0002197906642430377,-0.0004989842107139172,0.0009088640980860115,0.00038908887859240293
8,3,0.001301517149612084,-0.00016870418552706692,-0.0005102707583372057,0.0008262940917893313,0.0006896674626652721
8,4,0.0013526024005597844,-0.0001006512729425498,-0.00048549437537004727,0.0009839065611712142,0.0008009042467301608
8,Aggregated,0.0014908782785005847,-0.0002817875175462614,-0.0006594828890611563,0.000801831560667506,0.0007087171393387234
8,Centralized,0.0014908782785005847,-0.0002817875175462614,-0.0006594828890611563,0.000801831560667506,0.0007087171393387234
9,0,0.0017808984091908175,0.0013561678012617372,-0.004806881229877274,0.001189839731023771,0.0005869004764110915
9,1,0.0015688301196373896,0.0012629052761639929,-0.00495954663720287,0.0012569649879411856,0.0007282793361133706
9,2,0.0019662354017416987,0.001027669862541734,-0.004977961530693453,0.0015236839291442427,0.0005316557959392436
9,3,0.001933563816516339,0.0007841180454075706,-0.004600753228546663,0.001496952632141709,6.534317045061577e-05
9,4,0.0009360030141557785,-0.0001350987674255862,-0.001515689757252812,0.0006211313848969261,-0.0006491199741643731
9,Aggregated,0.0016228679707341283,0.0008389609361723764,-0.004118218069319033,0.00120559897015452,0.00023429916266858123
9,Centralized,0.0016228679707341283,0.0008389609361723764,-0.004118218069319033,0.00120559897015452,0.00023429916266858123
10,0,-7.36595739625386e-05,0.00033919045752097327,-0.003370519537607993,0.0008441149564576792,0.0017262477575411643
10,1,-0.000251274191823786,0.0004556201066875913,-0.003473880552684422,0.0008684701381711124,0.0018664385595989004
10,2,-0.0005346259400506166,0.0006653122809518612,-0.0031156811728504873,0.0007039241543999468,0.0016395195494885496
10,3,-0.000826294091789335,0.0007746135842511233,-0.00315488707512089,0.000652837675684013,0.002019103966924485
10,4,-0.0007336239840680418,0.0004854943753700584,-0.0028435330211529163,0.000563539480058121,0.0018176435760804929
10,Aggregated,-0.0004889671050028059,0.0005428570763468661,-0.0031846296024712487,0.0007232662676713612,0.0018138689274848204
10,Centralized,-0.0004889671050028059,0.0005428570763468661,-0.0031846296024712487,0.0007232662676713612,0.0018138689274848204
11,0,-0.001752385025721446,0.002584025376911309,-0.005266065509498493,0.0025929358092454872,0.003445367169215065
11,1,-0.0015765524943270142,0.002534126955839905,-0.004837770728635726,0.0022371125447006868,0.003282603271910748
11,2,-0.0016240748001092838,0.0027776787729740736,-0.00505756139287876,0.0022103812476981363,0.003333095721804434
11,3,-0.0015266540732556343,0.0025602642240201384,-0.004660156110774485,0.0021830559218733226,0.003296859963645432
11,4,-0.001783734323698762,0.0017067657032132921,-0.0011055492760643586,0.0012627159696431227,0.0024710694870552683
11,Aggregated,-0.0016553416251725646,0.0024178323428286743,-0.004122873790385477,0.002080292565511817,0.003151690375926212
11,Centralized,-0.0016553416251725646,0.0024178323428286743,-0.004122873790385477,0.002080292565511817,0.003151690375926212
12,0,0.00022929512539947202,0.0006272944363260442,-0.0019626712288080233,0.0006777868862197074,0.0006065034275462973
12,1,0.0002827577194045324,0.0003688918986349284,-0.0018290147437953837,0.0007193689037792272,0.000600563139323516
12,2,0.0004217604638176997,0.0005583870929417497,-0.0020078174193011813,0.0007722374689619893,0.000397999310926563
12,3,4.336410402633328e-05,0.0005215573059605128,-0.0014922004015634576,0.0005809601881883545,0.0004888857207351882
12,4,7.858334678935708e-05,0.0003988373970612099,-0.001358523063674022,0.00043113192313903685,0.00044997039668441817
12,Aggregated,0.00020845991074981788,0.0004930408609359301,-0.0017225004015559283,0.0006321305277958211,0.0005075899892685828
12,Centralized,0.00020845991074981788,0.0004930408609359301,-0.0017225004015559283,0.0006321305277958211,0.0005075899892685828
13,0,0.0015854629266612186,0.0014607168739827554,-0.004479571348801856,0.001356761830083993,4.0987988737212214e-05
13,1,0.0013169618989913405,0.0015664540043483037,-0.004572833873899553,0.0012813201696546446,0.00062194817692555
13,2,0.001497546660963985,0.0017767402074348644,-0.004460562426488938,0.0013401290230601788,0.0001669220990602275
13,3,0.0015426928514571336,0.0014922004015634797,-0.004801534970476775,0.0013199320431027432,0.0003754262156799526
13,4,0.0006636525108993855,0.0006932558264707677,-0.0010371925291996467,0.0006152107217826682,-0.0006442757952527041
13,Aggregated,0.0013079084405894874,0.0013835639079191424,-0.0038128027673606144,0.0011711466342628392,9.6838998181951e-05
13,Centralized,0.0013079084405894874,0.0013835639079191424,-0.0038128027673606144,0.0011711466342628392,9.6838998181951e-05
14,0,-0.0029844008031269837,0.0007965926506753928,9.860878449823122e-05,0.000558981121764035,0.001957918998229785
14,1,-0.002636893942094087,0.000725309192001979,-0.0005637333523422568,0.0005975929952120892,0.0018420833778854877
14,2,-0.003222606360860597,0.0007336255955139056,-0.0002613726818025112,0.0006920435779543839,0.0018801012225113211
14,3,-0.0027259982654358286,0.0008559955329032568,-3.2077556403007725e-05,0.00021444440484251945,0.0017589193427665257
14,4,-0.002920501641638427,0.0008068249098444446,-0.00014317239894504804,0.00017977286183327724,0.00172183648204961
14,Aggregated,-0.002898535542938537,0.0007841398206150541,-0.00017959444013792384,0.0004431082524983698,0.0018299311651640171
14,Centralized,-0.002898535542938537,0.0007841398206150541,-0.00017959444013792384,0.0004431082524983698,0.0018299311651640171
15,0,-0.0002833517482268159,0.0003255277946086062,-0.0005922467358116301,1.782086466861621e-06,0.00022751303893266036
15,1,-4.455216167088734e-05,0.0004989842107139319,-0.0004811633460455452,0.00017820864668354936,0.00016929821434938003
15,2,-9.148043863088465e-05,0.00029166815173873873,-0.0005874945052333842,0.00012831022561213452,0.00011642964916657543
15,3,-8.078791982987776e-05,0.00039740528210427395,-0.0006421451568830172,4.989842107138339e-05,6.177899751695175e-05
15,4,-5.0594757521937875e-05,0.0003719252919963315,-0.000451585122988298,0.00010280424134777958,0.00015662845147746963
15,Aggregated,-0.0001089438729546884,0.0003769970133549572,-0.0005489095137331979,9.24160631688172e-05,0.0001465388205661833
15,Centralized,-0.0001089438729546884,0.0003769970133549572,-0.0005489095137331979,9.24160631688172e-05,0.0001465388205661833
16,0,0.0040067244062681655,0.004912618360242843,-0.012278575756495713,0.000733625595513876,0.003730501003908713
16,1,0.004102363046655024,0.0046845112924879286,-0.012500742536027832,0.001239144123272847,0.00350833422437656
16,2,0.004136222689524888,0.004819355835145101,-0.012042152285228895,0.000961138634446516,0.003515462570243916
16,3,0.004230079243444888,0.004639959130817047,-0.012031459766427876,0.0007550106331159175,0.003582587827161371
16,4,0.002370956456213998,0.0030222293987835843,-0.005239786856127898,-0.0007347004682706326,0.0018407879864362838
16,Aggregated,0.003740871876884148,0.004387435139985909,-0.010705248627144235,0.0005639242141725083,0.0032072098496434757
16,Centralized,0.003740871876884148,0.004387435139985909,-0.010705248627144235,0.0005639242141725083,0.0032072098496434757
17,0,-0.00033622031340960944,0.0020666262727067454,-0.005180525359090423,0.00218246189305103,0.0015527913414358978
17,1,-0.00044552161670883644,0.0021206828955340853,-0.005218543203716249,0.0020761307338632204,0.0016098181083746
17,2,-0.0006599660215513669,0.0021289992990459823,-0.005168644782644867,0.0021616708842712978,0.0015735823502156317
17,3,-0.0004051276567939188,0.0020482113792161176,-0.005201910396692459,0.00216404699956043,0.001679913509403471
17,4,-0.0013811292319285443,0.0011809031702460005,-0.0015076161257333797,0.0010248129608698012,0.0005538511222347775
17,Aggregated,-0.0006605304263011091,0.0018942965089075337,-0.004395582651852204,0.001903607951040422,0.0013769295053994693
17,Centralized,-0.0006605304263011091,0.0018942965089075337,-0.004395582651852204,0.001903607951040422,0.0013769295053994693
18,0,-0.0006124437157690806,0.00015385346497014766,0.00015979375319291795,0.0004033455703270646,7.365957396255895e-05
18,1,-0.00044314550141972463,-3.029546993621272e-05,2.3761152890933166e-06,0.0006379869551270419,4.692827695997696e-05
18,2,-0.0004615603949103357,-6.0590939872392134e-05,-4.871036342683303e-05,0.0005274975941832738,-2.791935464706759e-05
18,3,-0.00048710363426830624,-0.00010395504389870135,2.673129700251353e-05,0.0004039395991493296,-1.7820864668333104e-05
18,4,-0.0003024920609289846,-0.00010603369395553174,-4.4135852306359526e-05,0.00045373809139352775,9.580709403091229e-05
18,Aggregated,-0.0004581229529376507,-3.096054509182008e-05,1.7924526105781807e-05,0.00048466056301634436,3.5383480104946484e-05
18,Centralized,-0.0004581229529376507,-3.096054509182008e-05,1.7924526105781807e-05,0.00048466056301634436,3.5383480104946484e-05
19,0,0.0010217295743189247,-0.00014553706145822853,0.0007841180454075392,0.0001366266291240407,-0.0017256537287189215
19,1,0.0007769896995402648,-0.00025959059533567364,0.0009076760404414704,0.00032849793871998306,-0.001575364436682436
19,2,0.0009504461156455146,-0.0003148352758075845,0.0010336101507645208,0.0004900737783797108,-0.001731594016941701
19,3,0.0008851029451948729,-0.00026731297002531297,0.001027669862541721,0.0002791935464708776,-0.0017108030081619838
19,4,0.0009483825824856,-0.0002626621454330458,0.0009510737929920909,0.00021099090370846896,-0.0014602508208191904
19,Aggregated,0.000917177050088582,-0.0002502450073211167,0.0009410376205541046,0.00028749077585266125,-0.001637067919986764
19,Centralized,0.000917177050088582,-0.0002502450073211167,0.0009410376205541046,0.00028749077585266125,-0.001637067919986764
20,0,0.00048591557662377625,0.0004651245678440293,-0.0017357522186976634,0.0006136317734136384,-0.002038706918059661
20,1,0.0002542443359351461,0.00035819937983389005,-0.0016020957336849995,0.0006403630704161686,-0.0019317817300495514
20,2,0.00026077865298024434,0.0005162110465599871,-0.0013104275819462608,0.0006261063786815106,-0.001447054211070329
20,3,0.0003397844863432753,0.0003457247745660641,-0.0016650627888465165,0.0006427391857052822,-0.0013739886659300594
20,4,0.00034985736584314996,0.0003041067872328866,-0.0016227999354109439,0.0006351256795306571,-0.001636255987943371
20,Aggregated,0.0003383545285034595,0.00039596907670067145,-0.0015879500627358656,0.0006316649556891725,-0.0016845562748644663
20,Centralized,0.0003383545285034595,0.00039596907670067145,-0.0015879500627358656,0.0006316649556891725,-0.0016845562748644663
21,0,0.001190433759846038,0.0007716434401397095,-0.0016341732900880164,0.0009439117986004553,0.0011161801570611918
21,1,0.0011868695869123812,0.0005364080265174654,-0.001331812619548295,0.0010175713725630161,0.0011215264164617415
21,2,0.0009825236720485612,0.00032909196754225546,-0.0012153829703817416,0.00078946430480805,0.0007538225754713634
21,3,0.0009866818738045236,0.0005381901129842881,-0.0013508215418612099,0.0008203538035665574,0.0009302491356880809
21,4,0.0006485817320630638,0.00013994294633729588,3.229452607783253e-05,0.000600139942946328,0.0007104795737122268
21,Aggregated,0.000991901373204938,0.0004564934505643936,-0.0010769846756940964,0.0008295331010128674,0.0009220655572083533
21,Centralized,0.000991901373204938,0.0004564934505643936,-0.0010769846756940964,0.0008295331010128674,0.0009220655572083533
22,0,0.0011025174941488246,0.0008084732271209964,-0.005393187677466129,0.0017470387663209334,0.0008084732271209871
22,1,0.001093013032992359,0.0008346104953012079,-0.004874006486794743,0.0015118033526986875,0.0007930284777417418
22,2,0.0010033146808283452,0.0008696581958156757,-0.005026077865298006,0.0015022988915422161,0.000795404593030848
22,3,0.0012040964227584216,0.0010169773437407178,-0.005196564137291948,0.0017209014981406775,0.000791246391274882
22,4,0.001265407180149647,0.0008536519726573137,-0.004789816459443443,0.0015991172829538992,0.0006518111846708789
22,Aggregated,0.0011363451192912136,0.0008762067047039301,-0.005050526212873565,0.0016158843891344828,0.0007656333293759828
22,Centralized,0.0011363451192912136,0.0008762067047039301,-0.005050526212873565,0.0016158843891344828,0.0007656333293759828
23,0,0.000713428615556431,0.0027628280524170878,-0.011146356821232979,0.0029053949697639267,0.0003094890164070885
23,1,0.0007063002696890623,0.0025893716363117898,-0.010363426833469976,0.0029576695061244275,0.00036770384099035953
23,2,0.000650461560394916,0.002898860652718873,-0.010541041451331222,0.003192904919746692,0.00027028311413669165
23,3,0.000680163001508823,0.002572144800465711,-0.01050836986610589,0.0029939052642834383,0.00030592484347340593
23,4,-8.45040099036835e-05,0.0017024597664029029,-0.006758706065988486,0.0020953765003498457,-0.00047472953334411666
23,Aggregated,0.0005206260082546006,0.002488832089091882,-0.009800525630908411,0.0028141505986093106,0.00014293063673965952
23,Centralized,0.0005206260082546006,0.002488832089091882,-0.009800525630908411,0.0028141505986093106,0.00014293063673965952
24,0,0.00129379477492248,0.0014749735657174226,0.0001710803008161917,0.0013175559278136165,0.0012314217485832576
24,1,0.0007716434401397114,0.0011726128951776826,0.0002726592294257942,0.0011607323187321236,0.0009706430956029836
24,2,0.0008726283399270451,0.001175583039289052,0.00024295778831186685,0.0012023143362915878,0.0010330161219422411
24,3,0.0008904492045953912,0.0011874636157346277,0.000352853120433407,0.0010627175630561648,0.0009973743926055248
24,4,0.0008019807309327924,0.0009607621508154641,0.0003014155767264326,0.0010603369395554359,0.000912320361698682
24,Aggregated,0.000923578666554938,0.0011895367324752455,0.0002688678915868825,0.0011586925804101236,0.0010265864951499151
24,Centralized,0.000923578666554938,0.0011895367324752455,0.0002688678915868825,0.0011586925804101236,0.0010265864951499151
25,0,0.00021682052013163682,8.61341792303664e-05,0.00021088023190884801,-0.0007722374689619819,0.0002584025376911307
25,1,0.00023464138479999583,0.00019305936724050196,5.346259400507147e-05,-0.000706894298511368,0.00033265614047594166
25,2,7.722374689620079e-05,0.00020493994368607217,0.00023167124068859863,-0.0007306554514025121,0.0002168205201316405
25,3,0.00017286238728303854,0.00017583253139443755,0.00019365339606279471,-0.0007835240165852741,0.000312459160518469
25,4,0.00025943269282521406,4.682706281283385e-05,1.9914957747979577e-05,-0.0006367404058345516,0.0002782711663706324
25,Aggregated,0.00019356160333721856,0.00013943884593986173,0.00013943884593986173,-0.0007241974118846324,0.0002796924430663835
25,Centralized,0.00019356160333721856,0.00013943884593986173,0.00013943884593986173,-0.0007241974118846324,0.0002796924430663835
