,BeforeLocalTraining,AfterLocalTraining,BeforeLocalPartialEvaluations,AfterLocalPartialEvaluations,BeforeEvaluation,AfterEvaluation
1,1789096072.3426967,1789096072.5268476,1789096077.8243144,1789096079.182808,1789096079.1973157,1789096079.218977
2,1789096079.6350205,1789096079.802906,1789096085.24053,1789096086.6029828,1789096086.6167545,1789096086.63856
3,1789096087.063333,1789096087.2385852,1789096092.482631,1789096093.8253095,1789096093.838949,1789096093.860187
4,1789096094.302624,1789096094.4651892,1789096100.1273851,1789096101.4782043,1789096101.4918973,1789096101.513122
5,1789096101.9408996,1789096102.1046567,1789096107.6134436,1789096108.9626665,1789096108.9763727,1789096108.9981692
6,1789096109.4338562,1789096109.6153474,1789096115.1377227,1789096116.4889908,1789096116.5026963,1789096116.5247097
7,1789096116.9662254,1789096117.1326132,1789096122.4332144,1789096123.7839377,1789096123.797959,1789096123.8194227
8,1789096124.2526345,1789096124.4204965,1789096130.092049,1789096131.445736,1789096131.459616,1789096131.4812114
9,1789096131.9210234,1789096132.0843039,1789096137.4728816,1789096138.8228369,1789096138.8365526,1789096138.8578162
10,1789096139.2851174,1789096139.44892,1789096144.9749982,1789096146.3361084,1789096146.3496318,1789096146.3709643
11,1789096146.7900257,1789096146.9522228,1789096152.1217792,1789096153.4703357,1789096153.4840357,1789096153.5055647
12,1789096153.9341893,1789096154.0963047,1789096159.5348082,1789096160.8791337,1789096160.8927915,1789096160.9141107
13,1789096161.3373356,1789096161.5002797,1789096166.8266504,1789096168.1939147,1789096168.2074368,1789096168.2292364
14,1789096168.649586,1789096168.8166635,1789096174.233891,1789096175.592653,1789096175.606703,1789096175.6284223
15,1789096176.0474293,1789096176.2106264,1789096181.5475223,1789096182.9042048,1789096182.9180741,1789096182.939695
16,1789096183.3710244,1789096183.5336733,1789096188.9067376,1789096190.25197,1789096190.2657132,1789096190.2870185
17,1789096190.7306404,1789096190.8935907,1789096196.1113641,1789096197.468836,1789096197.4827116,1789096197.5043104
18,1789096197.9341264,1789096198.0963523,1789096203.5123403,1789096204.8749084,1789096204.8886275,1789096204.910636
19,1789096205.3315253,1789096205.4949129,1789096210.7761836,1789096212.119121,1789096212.1328626,1789096212.1549702
20,1789096212.598696,1789096212.7678604,1789096218.3380232,1789096219.6810925,1789096219.6949935,1789096219.7173798
21,1789096220.1691494,1789096220.3309233,1789096225.9000347,1789096227.2626715,1789096227.2761512,1789096227.2977812
22,1789096227.7122135,1789096227.8740535,1789096233.3917198,1789096234.7426052,1789096234.7563195,1789096234.777738
23,1789096235.2314818,1789096235.3936863,1789096240.6614275,1789096242.0072489,1789096242.0208755,1789096242.0421884
24,1789096242.470743,1789096242.6323435,1789096247.9522667,1789096249.311646,1789096249.3255308,1789096249.3471334
25,1789096249.7736526,1789096249.9363291,1789096255.3713243,1789096256.7405407,1789096256.7542746,1789096256.7760136
26,1789096257.2048986,1789096257.3669214,1789096263.0043867,1789096264.3720467,1789096264.385854,1789096264.407382
27,1789096264.8175101,1789096264.9806387,1789096270.455404,1789096271.8000908,1789096271.813878,1789096271.8353355
28,1789096272.2835069,1789096272.4459848,,,,
