Round,Evaluator,5,2,0,1,3,4
0,0,,,,,,
0,1,,,,,,
0,2,,,,,,
0,3,,,,,,
0,4,,,,,,
0,5,,,,,,
0,Aggregated,,,,,,
0,Centralized,,,,,,
1,0,4.649885443290961,4.6695991512860155,4.815566038574612,4.466423049147963,4.781858595102508,4.677478476959818
1,1,4.6837371481121375,4.703624766968717,4.850881656474837,4.49865593180599,4.81687542913566,4.711573403265405
1,2,4.872949763775362,4.893688313601456,5.047253354955649,4.679911628775586,5.011794167090182,4.9019839201178685
1,3,4.790793280741811,4.81115249447416,4.961907119021173,4.601298401210096,4.92709584165967,4.819291952525585
1,4,4.871737976936409,4.892426083457231,5.0456439392866885,4.679123932386893,5.0102670083039005,4.9007100870874565
1,5,4.762138328379994,4.782254130394355,4.931199662839588,4.574887759898042,4.8968071612780575,4.790298498750611
1,Aggregated,4.763870527633819,4.784071854566348,4.933657509147834,4.575837956701927,4.899116349750414,4.792150510557319
1,Centralized,4.763870527628369,4.784071854691758,4.933657509083311,4.575837956810638,4.899116349568633,4.792150510489894
2,0,2.5443614543282025,2.568209891307371,2.6385426958601523,2.6681021575092227,1.9207969187144545,2.7260761471340325
2,1,2.6357688093804734,2.3986829943957306,2.7233785934694503,2.6343607917601606,1.9562305509744147,2.6543392843583837
2,2,2.416628919620741,2.7549369363657124,2.5508834903266737,2.6942368750068946,1.9462581727474861,2.8459082024848987
2,3,2.4799476829648404,2.6389787113001533,2.6534069120784753,2.693483518989701,1.945209125832601,2.8206307923083553
2,4,2.4253167123297237,2.511275666333376,2.6239746966783724,2.6078458837962706,1.9884055584329885,2.7246656251409287
2,5,2.38335743289374,2.5373113385078896,2.5572360549218742,2.5930536348367976,1.9187354987357805,2.7124149026602655
2,Aggregated,2.4814732352808306,2.5591092484889173,2.6225512542829614,2.64366211855806,1.942058281645809,2.7394369260532097
2,Centralized,2.4814732342484596,2.5591092484547517,2.622551253263741,2.6436621169875307,1.9420582811287317,2.739436925089607
3,0,0.6981245612915049,0.39363379647109786,0.9191539405484375,0.5142068039609209,0.5239631844485478,0.23506217097981358
3,1,0.6511539573684432,0.37708610255004865,0.8397601732041929,0.48601065648147684,0.4044974226199743,0.212261293218175
3,2,0.7954344831770492,0.46854410116080536,0.9743019288407276,0.358630076436108,0.47682607765661317,0.1122830107559268
3,3,0.7263824753660295,0.4064834216476268,0.9257761990863247,0.445194046044193,0.424993583979405,0.12952413255873954
3,4,0.7483935511933899,0.42888185947934687,1.0141760504681003,0.3830187301158525,0.314188549890449,0.04201254939159518
3,5,0.7868871441437051,0.3658717985565558,0.9451338398154061,0.36941193355301094,0.2758457380608571,-0.010531644029696599
3,Aggregated,0.7297138094562376,0.40396702413463803,0.9306730627065511,0.4289533369972282,0.4045519438107732,0.12413626419427379
3,Centralized,0.7297138057424155,0.4039670257259019,0.9306730626968149,0.4289533396532363,0.4045519438793292,0.1241362630364456
4,0,1.149960686228014,0.8177176926561783,0.8591298190596539,0.8903553345215472,0.1506182107678674,0.5973390348796346
4,1,1.104420955537371,0.831871777256832,0.9327915777231461,0.9870318287864848,0.4341371488296759,0.563795420336021
4,2,0.9700454358597218,0.7708515518001888,0.8215964885004343,0.9747862424664692,0.5029720521281912,0.3767359322174342
4,3,1.0180658433248777,0.7831954664250459,0.8239069014925158,0.9919777844026607,0.16019955176537148,0.43310645762038325
4,4,1.1461406636181553,0.908503867937678,0.9831743672225147,1.1000812284973964,0.4544512460459479,0.5677145102885888
4,5,1.0806295602605664,0.6802682542194561,0.9632032488032141,1.1300516467406518,0.6726062399307975,0.34925113577848865
4,Aggregated,1.0777930145061978,0.7963141681189578,0.8949795518542244,1.0065869091572721,0.38945403969966413,0.48371320169735205
4,Centralized,1.0777930157331406,0.7963141685850461,0.89497955310706,1.0065869092598494,0.3894540418112339,0.4837132012422941
5,0,0.7635255152933303,0.0499478655390761,0.5963814186207672,0.5739703198285623,-0.24560206988934452,0.1553789495602732
5,1,0.6686240662035672,0.1877910654285922,0.4984278071024087,0.710349672581222,-0.051220133023469235,0.29280221009513985
5,2,0.5159955158273614,0.25357437337264693,0.35460550710487054,0.48775446733754124,0.022021429608887526,0.26090808280452094
5,3,0.6247291147936164,0.12850653927100109,0.479852122058187,0.5537819163850344,-0.21421847324175727,0.11534835130766534
5,4,0.6081686171469086,0.16835647737153742,0.5274659271289351,0.5772037237276734,-0.23302522251874008,0.23611636933921581
5,5,0.6104341624906171,0.1613322198579561,0.4407311272699275,0.5759676840581182,0.029116240817533997,0.28840747202184186
5,Aggregated,0.6351468285350234,0.15481052051081115,0.4849465624734504,0.5815447341590116,-0.11646142313738694,0.22345633939609055
5,Centralized,0.6351468316350473,0.15481052436779988,0.4849465620066261,0.5815447291332896,-0.11646141981748695,0.22345634290912134
6,0,0.41269202458909554,0.11279047787565055,0.34774228255240663,0.3019737456830087,0.2846064047101508,0.30330528814752505
6,1,0.3803310119115996,0.23627187259419308,0.37315822736863236,0.5718213852179239,0.4061156365687901,0.2077231463380453
6,2,0.27853835738799126,0.30523954453766966,0.28220589011445896,0.42891080572760387,0.1647033941495837,0.04547077328334564
6,3,0.35291913863112795,0.1671460251967636,0.3703333480290189,0.4507076118765291,0.1728373074152015,0.0082202475215207
6,4,0.33954828584982094,0.1813491264571039,0.2983137616900355,0.40874491861988627,0.2515392118882783,0.15078359332747293
6,5,0.39719102735296224,0.21982369357338274,0.3463029706873455,0.5400478692664898,0.14050321867087742,-0.041582490290146504
6,Aggregated,0.3620322699724806,0.20093617197824512,0.3375852604969873,0.4490535376507784,0.2402830148949888,0.11731311760185735
6,Centralized,0.3620322673039436,0.2009361675370912,0.33758526202529615,0.44905353678471627,0.24028300937315433,0.1173131140488124
7,0,0.5628019569083934,-0.01778128693249291,0.5842733133596332,0.30774274452811895,-0.10761343920684101,-0.19212934728389952
7,1,0.4881371462083932,0.27501820615681777,0.5056232408759647,0.3101753265708886,0.023732046140869104,-0.0083232134591731
7,2,0.30926910511268296,0.36291286332160444,0.3410703674028106,0.20745918743100653,-0.4198184061030561,0.12714829128075186
7,3,0.4041385491360329,0.17908630438206152,0.44100097969335766,0.3900859963031512,-0.3786290991311732,-0.08845793759111018
7,4,0.4636999707504724,0.22559009080387904,0.5537115813142228,0.20465811794995967,-0.3813486402912595,-0.07308796591099254
7,5,0.5143875311558775,0.358332160777824,0.3364035105589609,0.2524767006883985,-0.3881797273467766,0.24251781313881865
7,Aggregated,0.46033059916123636,0.2240565362940929,0.4623227751304223,0.28137951453477483,-0.2639362666974797,-0.0031150967938311266
7,Centralized,0.46033060467316395,0.22405653967386843,0.46232278075627264,0.28137952211880346,-0.26393626321440494,-0.0031150916624593152
8,0,0.24801197501927363,0.05583779767905928,-0.015650637729528682,-0.004762680846426785,0.3187075643742067,0.33103185909217664
8,1,0.09194253419765659,0.08614664321371848,0.06107512712238581,0.21057878393196752,0.3783467896037244,0.3754023880102957
8,2,0.08321185362657436,0.06336371036259034,0.09741767674762372,0.12120129039248874,0.17389866019130748,0.37913048924277803
8,3,0.12551979181320247,0.08433746410496899,0.05510044128147461,0.1876687109210574,0.16860970148766552,0.25490452535613073
8,4,0.046156688090178595,0.08920069565331208,-0.013418329704515723,0.03339729673760369,0.29922673280014533,0.3489187515164556
8,5,0.29847735084663085,-0.09704054606798602,0.24341107916136479,0.3104423853848565,0.10372025118450752,0.35144930519945855
8,Aggregated,0.15210340768592906,0.046852632793603514,0.07007236325377875,0.14248820329671955,0.24311207568432158,0.3387194477249336
8,Centralized,0.1521034114303467,0.04685263089682034,0.07007236239058087,0.14248820005135093,0.2431120733255868,0.338719453297709
9,0,0.36258268108064096,0.08376614442797778,0.1287292781536712,-0.19456532467869314,0.38345761853833005,-0.11138091664080865
9,1,0.3256758549633221,0.10405509870571356,0.08858505027322713,-0.11819772848311247,0.42558887729634165,-0.04704979836088867
9,2,0.1639957440364536,0.15444623971744625,0.15892904054161688,-0.18525711573833148,0.21844774956669824,-0.04475845718721475
9,3,0.26557556083379175,0.1252274266110447,0.053288018568550415,-0.15547183650542395,0.24733306837474653,-0.1307150951573761
9,4,0.3022931264543493,0.17910140799292082,0.16184981458648132,-0.3256222383412168,0.27297996823638915,-0.17287618951321976
9,5,0.345955079643746,0.08556996539790475,0.16928934483207148,-0.04326667487410892,0.2007749237488388,0.03884292449060342
9,Aggregated,0.29680365206266285,0.11945975088880115,0.12484967753413442,-0.16733784199743104,0.2955479603036878,-0.07728038835046291
9,Centralized,0.2968036575733216,0.11945975453076944,0.12484968338096677,-0.1673378338429309,0.2955479629614552,-0.0772803892630821
10,0,0.4077385947521041,0.22230672549271477,0.17928056290301483,-0.8016747858862413,0.6419290593473301,0.035338572759107005
10,1,0.3119601071963581,0.2697540886477413,0.06218424945192401,-0.5487185469057951,0.669068512174459,-0.03813332677410474
10,2,0.25545284358146053,0.3420380276321537,0.13858482142577533,-0.7363207435713071,0.5531309879800184,0.052990102662039955
10,3,0.3261971897484265,0.24999583794073563,0.1349812674798079,-0.6710923683872501,0.48251739709346675,-0.0461311539815591
10,4,0.30263586211348403,0.4147043334852155,0.07818648155030226,-0.7723431628941638,0.6737827348048192,-0.10530406702581975
10,5,0.37564463202077014,0.1540466652061973,0.16746290413066364,-0.5848653054927883,0.4304716053412451,0.08993351238840713
10,Aggregated,0.33177433486044045,0.2706484395037218,0.1273164058846908,-0.682889606467005,0.5748311435166019,-0.0008966958953315896
10,Centralized,0.33177433835125403,0.2706484406141651,0.1273164080589338,-0.6828896117985674,0.5748311386692987,-0.000896697027182114
11,0,0.2535758530887622,-0.11496095242769312,0.2677366442135769,0.2904708777592976,0.09933490360915774,0.22777913045681047
11,1,0.17013303257004536,0.04626226321253514,0.11031597859109978,0.17383195168314428,0.15465112183992324,0.22170309726154439
11,2,0.05779987646768963,0.06000239906209318,0.04237559740839837,0.12144247381946592,0.19846328860028484,0.2338995823235061
11,3,0.15244964279767895,-0.04511412609565717,0.2141696669129789,0.2700437267708267,0.011781291529384556,0.12221144013732141
11,4,0.13069629826870266,0.07372608559090814,0.1659522574459101,0.15119954193360546,0.09338688239846825,0.17318046331892084
11,5,0.18353789964493364,-0.022741874882399316,0.08437134649131331,0.10371202741795112,0.13701704856281585,0.21197543455646395
11,Aggregated,0.16139335855489595,-0.004252985493716466,0.15041869800403956,0.1883126737718891,0.11454334565980413,0.19849755744375297
11,Centralized,0.16139336248014474,-0.00425298197944232,0.15041869460479695,0.18831266867036864,0.11454334012433386,0.19849755610584727
12,0,0.27129908334394653,-0.2100970705153843,-0.23827070952835988,0.3714145278621483,0.031118948288769013,0.04294837195054792
12,1,0.16207549994936,-0.10032478867073645,-0.18425252391618407,0.2706840836656538,0.17037224974051202,0.0011438442016387996
12,2,0.03615243026242882,-0.026398266704327492,-0.06324075024715654,0.1965088039326893,-0.01155940318967706,0.15671222059691228
12,3,0.24807565976370366,-0.15246133540144768,-0.1856303509499776,0.3665432493778477,-0.1132519999331367,-0.021932142344953456
12,4,0.14069920817488968,-0.10335220284950704,-0.18139729681399544,0.2714987484405201,0.03395285604362582,-0.033312330442253214
12,5,0.1745470019802941,-0.0821685289236991,-0.023632683067206863,0.14074091113443488,0.06932535433515478,0.10150473215149734
12,Aggregated,0.1760703503077786,-0.11541349479099523,-0.14890160921643178,0.2723720612178034,0.03159048117072653,0.039905739893522946
12,Centralized,0.17607035395727033,-0.11541350900284567,-0.14890160817030182,0.27237205143053583,0.03159048357999079,0.03990573983377968
13,0,0.44468588075222315,-0.36545049062922075,0.35957607316793083,-0.056717177322453814,-0.34091698627710576,0.3934064492359926
13,1,0.29787670139214867,-0.2927835995890297,0.16161228034968866,0.061551395026368284,-0.17888163884876157,0.2777733341746037
13,2,0.14838335866683672,-0.15149933949862762,0.23054273048930615,0.00023425979363977945,-0.12104161140117896,0.28713673393945305
13,3,0.35292043652144545,-0.31021763407855885,0.34799540313133315,0.035946517820780954,-0.420724972577288,0.26708707362991746
13,4,0.3555909769034032,-0.35409558683788134,0.2723435492288468,-0.014774206176096764,-0.3167001140509065,0.2615143778795345
13,5,0.25461957235154914,-0.1691528898912732,0.18467062843542414,0.03255425490507875,-0.16424917731484678,0.23705301539516427
13,Aggregated,0.312432823391675,-0.2759544364899673,0.26019461716659525,0.00966850428702711,-0.2588442288164738,0.28899036949519974
13,Centralized,0.31243281747215257,-0.2759544409968223,0.2601946039976678,0.009668505014962985,-0.25884422145631336,0.2889903817421256
14,0,0.2219241352991559,-0.20960238012578636,0.12020024055490872,0.3970652973929557,-0.37579199781265127,-0.121059668423981
14,1,0.09578166750587652,0.0008656633884183881,0.10300306981802812,0.39193300381457974,-0.4070027131714088,-0.1161777037307857
14,2,-0.175700038270838,-0.07893905373715583,0.1321114782842108,0.4120431975261652,-0.2109229822421638,-0.06782334019094165
14,3,0.1541574818347631,-0.24962565261283984,0.19412788954835322,0.3998336472440188,-0.47356242183378183,-0.1707555715729155
14,4,0.12271140832882622,-0.09616536860667343,0.10677738927859497,0.3234743420378392,-0.468117254694332,-0.13442285087090677
14,5,0.10848155206765885,-0.1582375058469575,0.1162130339182443,0.29882125530707687,-0.25052621796644226,-0.0694469814480861
14,Aggregated,0.09357396641914759,-0.13314869442515093,0.12854276412667495,0.3707452451541146,-0.36537042143694004,-0.11372329259777
14,Centralized,0.09357396794516523,-0.1331487029314569,0.12854276058304848,0.37074524397717096,-0.3653704318400925,-0.11372329908264452
15,0,-0.1888339048187202,0.10244425119916571,0.1764278299853711,0.2693074391972909,0.27186410796734695,0.027349550342583604
15,1,-0.3697146963479418,0.32171133542981756,0.003689676788611962,0.2555908253979423,0.3213535212951642,0.045441091242966775
15,2,-0.35539044456841185,0.10116051761794738,0.1624751902516219,0.061998464869408444,0.27790339751738535,0.2523042089731422
15,3,-0.19927454213782658,0.05129578471835181,0.2448742151036503,0.2517432618255266,0.16815587780108143,0.0038405528147659853
15,4,-0.3994021903676167,0.28067908636553013,0.1110062598563124,0.29435607652091356,0.20737661193810822,0.01925650891394497
15,5,-0.1280466838364752,0.09014250737360403,0.11695844292356282,0.07590190576190921,0.2120901845994043,0.14779500131097123
15,Aggregated,-0.26928856094821846,0.15699177844416148,0.13529089083820953,0.20397147333009583,0.24382533074257973,0.07900074658478999
15,Centralized,-0.2692885581368526,0.1569917803130825,0.13529089423566443,0.20397147059839366,0.24382532371102172,0.07900074888183539
16,0,-0.08575982894740133,-0.06494074776450715,0.06777400789013346,0.04178629399023883,0.2187386571748966,0.160251674380825
16,1,-0.3724794791846351,0.0051740119716843225,0.09513523296962821,0.048918925214090456,0.3176393947606668,0.2185413912235142
16,2,-0.2836779572419409,-0.08999389098056287,0.23996981388948788,0.1527121027616622,0.18871008700032602,0.006600812854132224
16,3,-0.10247224016342867,-0.13186409087354928,0.17131747137780573,0.12313110253284053,0.1058479374134485,-0.016964893982235434
16,4,-0.3695735292352742,-0.01002698918749895,0.14651017911967024,-0.0048433186829312785,0.2196444540032831,0.18121136118772563
16,5,-0.08839009447725132,-0.12416191701841042,0.11331055299133946,0.11159542191977607,0.12461580264324906,0.07215192880934278
16,Aggregated,-0.2125506395261913,-0.06881108785266411,0.13549146145330887,0.07795659612253729,0.19676085797570733,0.10552669494114382
16,Centralized,-0.21255064415873415,-0.06881109463516981,0.13549144654129616,0.07795659151551852,0.19676085908065757,0.10552669550195695
17,0,0.18916378419770932,-0.04721559411361736,0.08744589233303235,-0.03347704116780257,0.007461222056837968,0.07543920296014418
17,1,-0.013609450489978414,0.13961450856775667,-0.030641357851047126,0.05107022454455835,0.19548975539498814,0.03755089293070739
17,2,0.029722578924458294,-0.3595137548302818,0.07003731898213328,0.08506101987555656,0.21839352842797544,0.18303701933576086
17,3,0.1969107930682139,-0.3090729119628325,0.16349861561383364,0.1540836882181339,0.017667777055203497,0.050028011257419534
17,4,0.02348740707188289,-0.030678580394747516,0.1092389535901832,-0.020847610138005734,0.11627655161158083,0.03557771382493253
17,5,0.14371888356764406,-0.35098229730925773,0.09764202722726689,0.10429398211521138,0.11047842271765952,0.20968388450199163
17,Aggregated,0.09759711869743638,-0.15351104388059175,0.08173056969362875,0.05589171691705784,0.1077361606557601,0.09650071131894661
17,Centralized,0.09759711604374739,-0.15351104292066306,0.08173057250074223,0.0558917212785083,0.10773615859325783,0.09650071089619669
18,0,-0.1480653732799488,-0.0952903582544637,0.23363116410598567,0.19916387045327785,-0.00714641464119173,-0.0663861515642477
18,1,-0.28320384098044066,0.19779169995186266,0.12034262595453726,0.10440587973199619,-0.09332346235269652,-0.15870475579691223
18,2,-0.15337674464671758,0.03961477598996789,0.11357463991337233,0.040487681215730355,0.0635383367764651,-0.021716158603333233
18,3,-0.13805374170831233,-0.008230346451200275,0.2063898596879853,0.1631156450507967,-0.021345092646881624,-0.159191398524704
18,4,-0.2627545323272837,0.15299492519048552,0.16874327736580771,0.09125421745298519,-0.15567594848524693,-0.18419490975688133
18,5,-0.05313944276342954,0.02725354727967364,0.050719401538497716,0.06101194125191742,0.014941277116258079,-0.06415808290697102
18,Aggregated,-0.17266803984122112,0.04969560936552298,0.15056341151199173,0.11288715358497736,-0.03304488927111133,-0.10904573358496421
18,Centralized,-0.17266804039192246,0.049695604246260315,0.15056340391348158,0.11288714651745026,-0.033044878931702826,-0.10904573561816489
19,0,0.21193375279992407,0.06758194138209166,-0.18846360512344806,0.1672947076149621,-0.009123129275222179,0.11560740477370879
19,1,0.02778132782865098,0.3659795222942271,-0.3820936417376979,0.21784309385440254,0.11431438929312529,0.10845275756273924
19,2,-0.08972192025038166,0.2699061881044364,-0.7121431736627326,0.17699435116793258,0.3311129409768325,0.23781901842816772
19,3,0.17908661401982198,0.055210690920702986,-0.32971690547612054,0.20769472258349808,0.025066615641780386,0.1235765171430147
19,4,0.03831044041378663,0.300322953218926,-0.3433448235990448,0.20901307160839472,0.045730315174793056,0.09230780913709478
19,5,0.1315079389853373,0.1613259668635823,-0.617372525687171,0.11194159436116258,0.21355641167088224,0.224905747956213
19,Aggregated,0.0881417679387893,0.19937314535207945,-0.41960529629864923,0.18166102081597593,0.11484487973927802,0.14840586135879066
19,Centralized,0.08814175330964816,0.19937314097604864,-0.41960530532889206,0.1816610121541177,0.11484487432140941,0.14840585721983107
20,0,-0.10365361032685369,0.02535321097315896,-0.2701915742244998,0.12653109106757807,0.021035463365012674,-0.1530561525785804
20,1,-0.3357646957503188,0.3474675493327748,-0.2372067083963358,0.05999810393701009,0.06115095603874294,-0.10877093229227056
20,2,-0.1592398078657067,0.02077511756736534,-0.05851186232702096,0.09925341111370369,-0.015922273367390716,0.023057769215033493
20,3,-0.141868399423928,-0.07172733359261642,-0.10397824620845227,0.1349512025775121,-0.02963323105164927,-0.127084087098705
20,4,-0.27674898404262666,0.25941152598922607,-0.17903757305097814,0.03819517642021673,0.061959863177553566,-0.2527280043007142
20,5,-0.13476224504103465,0.01478976187356634,-0.08168101577177302,0.0895736260793438,0.06132097447413017,-0.01218711465233362
20,Aggregated,-0.1906112811559509,0.0985755636720422,-0.15878540955729553,0.09241707766557848,0.0266767248130454,-0.10603649002137669
20,Centralized,-0.19061128404592687,0.09857556794861261,-0.15878539064639294,0.09241708464840254,0.026676715687008586,-0.10603648768880274
21,0,0.28484085688060307,-0.08487234751007572,0.10127468110467262,0.11091865895987832,-0.2527216598187004,0.2939689505889095
21,1,-0.1486281619854075,0.14028367394517602,0.2467727044419801,0.053232262682072456,-0.06996335273899336,0.2176114807061619
21,2,-0.16272532889274885,0.06508169628922691,0.2864328466729083,-0.05931453349639059,-0.049194986318705995,0.22215148277188035
21,3,0.0999001741603609,-0.04524630183461286,0.18441584420751236,0.09005985768574686,-0.16114165032334413,0.24652725694894642
21,4,-0.025722983897667598,0.048347694453470424,0.20946076060333937,0.07729824203280498,-0.16020232733808226,0.1984562883051807
21,5,-0.01040936705403214,0.012381495083977848,0.18856276644687814,-0.05605621051662884,-0.01859421660297767,0.26646227376829984
21,Aggregated,0.012814003088104304,0.020670620203049595,0.19961285032792422,0.03889803484993202,-0.12122101331673688,0.24185323282778262
21,Centralized,0.01281400095107029,0.020670629398227783,0.19961284819802289,0.038898035475106,-0.12122101524120377,0.2418532266799879
22,0,0.1853152556630088,-0.11389154407440366,0.16892279823727224,-0.022445872865026337,-0.05003075874807169,0.12392112659167347
22,1,-0.09542367332384316,0.1626735042053209,0.07750570547632248,-0.20613549364877448,0.051177189585832276,0.13845080640386417
22,2,-0.18625541219467281,0.04658701772206516,0.20205531812163374,-0.3943968865072159,0.20298710818882834,0.1705380990865802
22,3,0.03466735666517528,-0.16418597607262456,0.19059352764570459,-0.20322848488546041,0.03580827389749797,0.14473317652080808
22,4,-0.015977456289260297,0.007593621948138008,0.24871636034247216,-0.25858797116787735,0.011524979031584575,0.05276652239176668
22,5,-0.07412116108669148,-0.034206132995736986,0.16484986620421999,-0.38582816255641916,0.15570867153995666,0.18863218288823272
22,Aggregated,-0.01959514943826475,-0.017566315879794993,0.17271571957151252,-0.23723683473503748,0.0638336341533126,0.1365923897388551
22,Centralized,-0.019595144824865466,-0.01756630798864857,0.17271573055207742,-0.23723682170957844,0.06383363265419627,0.13659239678928697
23,0,-0.10349672321878768,-0.7148816109111452,0.18559772928572263,0.17207881727272634,-0.08569530581970544,0.1692785229777836
23,1,-0.6619258203219205,-0.4830253766305672,0.2423264753374064,0.15622829154461548,-0.05313568246130951,0.22936514028894972
23,2,-0.8344530316062618,-0.9744031523681334,0.4918300630679728,0.2870153367592475,-0.09834662366393644,0.25988323645665695
23,3,-0.427671737970109,-0.8579882714979493,0.38425767021753227,0.2546944375081788,-0.1493134248105265,0.23498821823448365
23,4,-0.43767683854731915,-0.7176731303102307,0.35693828545940787,0.10790420101303771,-0.15232101578952081,0.13695173741491032
23,5,-0.6451015427871485,-0.8617642904587915,0.34946591630793067,0.2591563905859795,-0.20553784714863282,0.2874282188151805
23,Aggregated,-0.5084932957308957,-0.7609453564414164,0.32895207769486207,0.2052618630218776,-0.12192990348080204,0.21917989439609234
23,Centralized,-0.5084933009501308,-0.7609453591046336,0.32895207616627953,0.2052618673022572,-0.1219299076211853,0.21917989865796075
24,0,0.0715302333875388,0.21825388220439232,0.2053354920298994,0.3310929586348929,0.10382681715583458,-0.45568040983141134
24,1,0.002264103208368932,0.5406334497931745,0.27403132797009583,0.5318160436864809,0.2702687655648016,-0.8432409979009665
24,2,0.12510712883723535,0.42509030271049925,0.48829759294475356,0.7738242245529818,0.18886214424932007,-1.1140502980099916
24,3,0.2040048919675582,0.27854439276340764,0.3422693982279988,0.5401353588350747,0.017184938100432725,-0.8226745898242105
24,4,0.07845685594549463,0.5033406446084305,0.34852323021412857,0.40259503040597644,0.27380980584792564,-0.7943575462399971
24,5,0.24299699207347653,0.39448816227206285,0.45207984698826736,0.6733570222667359,0.16579814592476366,-0.9741365672403972
24,Aggregated,0.11921080021534083,0.388541472218836,0.3456176486542497,0.5353865032624582,0.16721498320728284,-0.8226435051216353
24,Centralized,0.11921080616216181,0.388541486117048,0.34561765976683423,0.5353865019830102,0.16721498342216734,-0.8226435092167708
25,0,0.19836823073634227,-0.3149522649072142,-0.012275778334399195,0.2405663410527996,-0.0772964058785205,0.03831020935766093
25,1,0.18021531112328468,-0.285502171421976,0.04250801709868948,0.1713511816112065,0.06649812918919398,0.12133264997167068
25,2,0.0669415191610496,-0.6323778773081581,0.3629388190922346,0.18492725504712704,0.07498668132416278,0.31125214130749873
25,3,0.23208336043622552,-0.4980023002232663,0.18882161486850835,0.17489293580089346,0.01659171902343258,0.12485276947109251
25,4,0.21755874459693716,-0.41053415122492,0.11061256756636063,0.15912494826347728,-0.0420720202467385,0.049766014975560324
25,5,0.239697235755931,-0.5747213831765325,0.19856182326912877,0.1844829181463047,0.0568044770540034,0.2494833279204381
25,Aggregated,0.19029252277956785,-0.4454311495055262,0.14154403803338467,0.18670676026487157,0.014493408776738666,0.14493260035776803
25,Centralized,0.1902925126770396,-0.4454311513354616,0.14154404527659764,0.18670675452548077,0.014493406000053591,0.14493259645556908
26,0,0.08795075708501762,0.06370226309760957,0.03546223683503472,0.06171250583112003,0.04334373467746851,-0.15536062189484612
26,1,-0.23231362042875914,0.21025341842397682,0.005850579393097632,-0.0037757667978868406,0.03710971482990277,0.02005721274763334
26,2,-0.2125403412017102,0.08302926311691602,0.03744307681270745,-0.08493092188645097,0.2109240357415191,0.09270399868504957
26,3,-0.09209304067211505,0.06407006046356033,0.11836072776345298,-0.05385582049374579,0.022493213849205655,-0.06841551041739087
26,4,-0.2783903561941451,0.2161516641356921,0.0979656830034974,-0.0721687279578782,0.03987375095492709,-0.03469052775572609
26,5,-0.1570392118800939,0.06676517353041736,0.007185118054493955,-0.09360268418679077,0.145188277192559,0.15401833338451384
26,Aggregated,-0.1406865139443049,0.11619011172073143,0.04975058977502632,-0.037485177344322315,0.07983776262096119,-0.003288289300761467
26,Centralized,-0.14068650001075625,0.11619012734198003,0.04975059690017787,-0.03748518013260511,0.07983777159453803,-0.0032882970443530724
27,0,0.11153563795904557,0.007063267241626766,-0.25640394710808534,0.13187295734917442,0.013196919952474791,-0.005827859012673879
27,1,0.01025588227322866,0.25824616624554825,-0.42138401143870025,0.13684197477365206,0.1267328218549537,0.042924647691898105
27,2,0.0029924711030848805,0.24967068033348974,-0.6549273506513991,0.14190687874840927,0.0963858572317076,0.1584468098838534
27,3,0.1298403364776022,0.054958056928601805,-0.40199870083325107,0.17908974050647883,0.07581304050308724,0.09571186809144985
27,4,0.012044055160835043,0.18571326694626636,-0.40815787836801937,0.1462216153067204,0.14609205925507898,0.03409650995047251
27,5,0.10356986794389497,0.16862181410503443,-0.6647896856758726,0.13584630119463167,0.166674489496501,0.207218967107694
27,Aggregated,0.06378893033257806,0.1495395970372743,-0.45963985266357976,0.1450026790997918,0.10167565468886264,0.08558097482543232
27,Centralized,0.06378892266449311,0.14953959777118725,-0.45963986105315385,0.145002673256482,0.10167564597550902,0.0855809677783532
28,0,0.1650597426489462,-0.27016748958998194,0.02243885213005754,0.013070266215148507,0.1476574092282098,-0.29065529494445475
28,1,-0.006797405967227613,0.03645904184827688,-0.047270069152955924,-0.05785038140996169,0.14928243763281807,-0.1505188174337097
28,2,-0.13130178037990933,-0.08658737032331712,0.10223201387246983,0.026514514935193863,0.22318605932876526,-0.1398323989315347
28,3,0.06631952466111372,-0.07029914476042301,0.08855957147800322,0.01722591847054519,-0.007659279502954459,-0.24272017038645008
28,4,-0.05577582547448282,0.07418239809471648,0.010094414985818527,-0.09789333825297189,0.042383891972569525,-0.12965228360195116
28,5,0.03126172424157237,-0.03691919290661876,-0.02788493643686453,0.019708064199627156,0.059725961076898905,-0.03535295442219445
28,Aggregated,0.017349173336100775,-0.06334773251197691,0.023549298809056415,-0.012581502257530512,0.10203261659154893,-0.1684816162796349
28,Centralized,0.0173491687520625,-0.06334772203814971,0.023549298826749283,-0.012581504054507064,0.10203262209707946,-0.1684816061132874
29,0,0.27102546958713103,0.129161981056891,-0.4540750070637117,0.07676779750953054,0.11760168003140507,0.022768251246030147
29,1,0.16030101930130328,0.2090913253664672,-0.6509062976401654,0.025105133855963874,0.13596915807629825,0.02300269673237357
29,2,0.2657824222470897,0.05678051403358448,-0.8027950382379389,-0.005279510933066393,0.2865430185198745,-0.1244297779505874
29,3,0.3070580676759018,-0.006299215999657548,-0.629602799734211,0.05015525529964782,0.16061547936024342,-0.016430537377422973
29,4,0.2152175355431177,0.21877100594538135,-0.6831337579902212,-0.05231434417464852,0.056048842564742865,0.08065274210925004
29,5,0.3511748617909193,0.015281333609510008,-0.7686850871833728,-0.019537178587867902,0.19239118716900863,-0.059181330416709935
29,Aggregated,0.2608360764366517,0.10410453932026764,-0.6566040855570209,0.015278540743492285,0.15627473692047006,-0.010532499035355159
29,Centralized,0.26083607793040864,0.1041045611603607,-0.6566040799310717,0.015278536897482198,0.15627474220235987,-0.010532489599259343
30,0,-0.6774717541553176,-0.14394969681104464,0.33385378560293144,0.3156465696478886,-0.16037609928292026,0.07602755488295483
30,1,-0.7093137734996937,0.13094266469905,0.3023243669663186,0.3449170348021139,0.03105137762702235,0.10432780249403957
30,2,-0.5200893980817611,0.0250223709049313,0.3000524366470289,0.3538075086322466,0.103354111421785,0.09410830454504274
30,3,-0.5385421851196397,0.10884990964286405,0.32483198949835984,0.21801760548176038,-0.02848811358165347,0.10831966436388266
30,4,-0.7130999526873498,0.13100986928584082,0.33909888963292917,0.23416525163864502,-0.03569343373325431,0.1381036085921599
30,5,-0.38001175978607243,0.07938297662177712,0.2437275751463641,0.2840273054449609,0.06256533794041938,0.16804106796392407
30,Aggregated,-0.591436620327473,0.05158581237925818,0.30720861601558275,0.29144117064457964,-0.008973358318943525,0.1134626838659155
30,Centralized,-0.5914366309924263,0.0515858053776037,0.3072086297450173,0.2914411689456775,-0.008973358939899256,0.11346268638150939
31,0,0.38869795924152206,-0.2384838877804962,-0.3018899773082947,-0.32519017349649154,0.0803658382125871,0.37587852530072363
31,1,0.16680271498559185,0.03179588644639363,-0.3805939480599946,-0.3694819026133287,0.1554261154928428,0.4476924352533888
31,2,0.06728923507584879,-0.1163580022809428,-0.14058936233212993,-0.25812398096573225,0.1790935622304176,0.2894239510112554
31,3,0.2165892621964939,-0.13873033094806939,-0.23742024218304805,-0.282650877683242,0.0700996274204042,0.319359501825723
31,4,0.22113198784776883,0.03097227232283317,-0.38350283454890005,-0.44086631409747296,0.15331420944081395,0.38623055244864357
31,5,0.1556954255419854,-0.10787239458350122,-0.15331101410403675,-0.24154800580463312,0.12398655892352925,0.2890283037584369
31,Aggregated,0.20759868359034103,-0.09259342207294566,-0.2682172055749657,-0.31903981108529983,0.12469052779847109,0.3523750528391424
31,Centralized,0.20759868512621016,-0.09259341526668942,-0.26821720674272015,-0.3190398084187241,0.12469051020788521,0.3523750571426415
32,0,0.31880995469383805,0.006027424788353505,0.13218215577712045,0.08168047069676045,-0.10923083036513691,-0.05642596227637616
32,1,0.1157203236015344,0.1179750454387693,0.12766833754923404,0.047263508653693026,-0.11484410273459782,0.06386046326711371
32,2,0.07642357981525633,-0.19137396229198297,0.07415400778965146,-0.22985946070249347,0.30464013122307626,-0.022686558301538304
32,3,0.24341053755535044,-0.09935732690608713,0.12224813617106747,-0.1291752104600495,0.04028223551301598,0.010518863241380908
32,4,0.15831650759331645,0.1091783599147298,0.1579701261856763,-0.1371178787411394,-0.0806894133817345,0.04081535810989969
32,5,0.2030104637065432,-0.18373086408215403,-0.02288197612126967,-0.1269989894429152,0.2019582676883321,0.015541472359679294
32,Aggregated,0.1896825374718837,-0.03711421728179628,0.09973930158958541,-0.07517686088154309,0.0327806013030006,0.007991237924744373
32,Centralized,0.18968255698204015,-0.03711420306678974,0.09973931285157425,-0.07517685295959899,0.03278061286246672,0.00799122198246458
33,0,0.08276505542902086,0.0012706579346393927,0.01925275916951771,0.12678252447343294,-0.1363522748538159,-0.11504074454920625
33,1,-0.01751819951829804,0.1574043809415063,0.011835267383564486,-0.006582741940256653,0.06696476635721803,-0.17198485541413688
33,2,-0.09603319725362446,-0.000941493247464938,0.16821309116824898,0.027535333067969247,0.11785529633413362,-0.10745421870316048
33,3,0.14462767788758216,-0.03891829037269202,0.06544871558555533,0.03615852392120082,-0.06084988782759074,-0.08996588836187597
33,4,0.013217421367904335,0.18964505293071232,0.05937628360891054,-0.04653240708912409,0.04125511760797013,-0.1611212093123538
33,5,0.057120183330580096,-0.02215329493727296,0.06856263063939944,0.0031615511759027254,0.0815706644523748,-0.01701518454405786
33,Aggregated,0.03378892293451929,0.04643256977072229,0.06249634677399906,0.026136118501371895,0.013148879078419995,-0.11056462388904799
33,Centralized,0.0337889128284349,0.0464325909089105,0.06249635547861487,0.026136131531206412,0.013148875696598238,-0.1105646164931195
34,0,0.006246158989848046,0.003029029305485705,-0.04037402838717779,-0.021318323224746413,0.1320509983338448,0.012618151943506817
34,1,-0.14756384865230376,0.1236602480885415,0.08170114363642414,-0.13796093792172237,0.0902434592340439,0.04997725864138
34,2,-0.006066172003180744,-0.24757656172672435,0.24047575568563365,-0.06950222742777541,0.09538265293546008,0.025045373834264476
34,3,0.02056219418951757,-0.1956940756161089,0.1190426588365333,0.026362911044781532,0.027740082792061454,0.022282811389024815
34,4,-0.1453063981323556,0.00022502485585863417,0.10732478756023767,-0.13931284034136063,0.045683329773618435,0.05335490494403399
34,5,0.04859281703805792,-0.24355590187523607,0.12556598142834782,-0.034893955365492224,0.05463350422169479,0.09186751603266113
34,Aggregated,-0.0365370414352774,-0.08820275376395387,0.10030964341634269,-0.061037656415420236,0.0753306001434312,0.04170990480694942
34,Centralized,-0.03653704631908167,-0.08820276767794717,0.10030964496518179,-0.06103766038762899,0.07533059248721136,0.04170990458351156
35,0,0.1406443377124124,-0.10874751115209828,0.09260766184947992,0.06599165592091498,-0.08551451592054989,-0.06828132273621239
35,1,-0.027148810751177047,0.06689492369812271,-0.015129978959168965,0.0742333592687178,0.0360571818569363,0.01495903513008668
35,2,-0.15635000645513347,-0.19317193526510373,0.19763918920402151,0.13787979377295695,0.03473609091218203,0.08399061916526827
35,3,0.006293206181020849,-0.10089424155939625,-0.021400436865901065,0.10961381426727382,0.054585392846583855,-0.010459802191667814
35,4,-0.003676682554593095,-0.0013438517666731543,0.07836153803777973,0.022012437050768222,0.008832038703443483,-0.013684845639300036
35,5,-0.015136893643286697,-0.19568511661350219,0.027588660160612476,0.10824920247762831,0.08241583344577244,0.11021897199220586
35,Aggregated,-0.004202688653483833,-0.08667320472013659,0.05725548848023081,0.08564458677211478,0.019616058997554357,0.016376827890373966
35,Centralized,-0.004202693921307462,-0.08667320827690048,0.057255493987263976,0.0856445790088248,0.019616071302982856,0.016376827765368893
36,0,0.27931997865309827,-0.14222564531662488,0.13783904273084324,-0.19773803471694526,-0.31796222846324046,-0.23902020036845478
36,1,0.06717308592679673,0.07033102577157115,0.05268988253574896,-0.2597796021096756,-0.08347096020445623,-0.22951768204260822
36,2,0.011374109773809909,0.007395302809321909,0.19575733446049645,-0.18667089035867562,-0.1366931239315993,-0.18305299019157914
36,3,0.17494327589178288,0.08774396299446015,0.21877856142831742,-0.18424447147693906,-0.2693982969591149,-0.2627865596266708
36,4,0.07197441555290682,0.12780666307392327,0.16679607519450512,-0.32128715720083645,-0.20809484716646381,-0.2597450744950032
36,5,0.11953213538585025,0.03770543391329954,0.13356458006718583,-0.19071154544134075,-0.07932179878550726,-0.15778749876491582
36,Aggregated,0.12562838128171097,0.02769012827397825,0.14908080940244864,-0.2219580471247518,-0.18546070000083203,-0.222532934152027
36,Centralized,0.12562839090227054,0.027690135108663957,0.14908082123118396,-0.22195802497457084,-0.18546069563777925,-0.2225329270387592
37,0,0.1892541991554077,-0.2149883900652603,0.21301893481355563,0.12127649961087658,0.184613817428472,-0.011997553177691363
37,1,-0.0696117198182313,-0.06269422603599727,0.15368063201651472,0.2072819563694827,0.26324004377015925,0.05008731973981521
37,2,-0.25192834804466924,-0.5120445080440399,0.384460544248096,0.1511537663041698,0.3423210170658839,0.07381841088127056
37,3,0.03273275141623297,-0.310849067133437,0.19879540019758532,0.14661517238878666,0.07890272016352652,0.15207529946621046
37,4,-0.007232228928880839,-0.20784387700840742,0.22869937528824186,0.14143837035548096,0.14842931336718296,0.09322511185104382
37,5,-0.10445688020694865,-0.4877153228292236,0.18088601384183045,0.17456961674117916,0.2686369747255201,0.1689042309119032
37,Aggregated,-0.027427389210282153,-0.29225422421961494,0.223123240721206,0.15660275808203633,0.21150574858547325,0.0853153991501685
37,Centralized,-0.027427386439893554,-0.2922542163172251,0.2231232300782515,0.15660274459957294,0.21150574422230253,0.08531538607843044
38,0,-0.09717150511453042,-0.07926512380093502,0.13575832301751733,0.15490568416735687,-0.10079494720980409,-0.1063316847313937
38,1,-0.18141704950570928,0.21142835473376104,0.0011115783201981106,0.057137878610573976,-0.14453668780532772,-0.016404286921739578
38,2,-0.3704807685207496,0.07234368947456984,0.25057608048795693,0.08122642316436099,-0.10689803462438781,-0.07960314604160791
38,3,-0.1248600582306196,-0.043303964122893036,0.1945863152323408,-0.012658976123841252,-0.20783408834976413,0.020399592505480395
38,4,-0.15439508713088262,0.16492986140385574,0.13653150409086334,0.014401437411777589,-0.2135889471093008,-0.04163454092944943
38,5,-0.20487444854986472,0.06565451480629181,0.08306938986273595,0.11241310573710844,-0.15997160376686187,-0.031004236354483083
38,Aggregated,-0.18389643471822956,0.06136697598523168,0.13130492777397806,0.06907846806570615,-0.1542771954203184,-0.04251810740068142
38,Centralized,-0.18389643235004022,0.061366975312265246,0.1313049311130655,0.06907846066072913,-0.1542772086014211,-0.042518101677572064
39,0,-0.014746666165664972,-0.027362770514745925,-0.06361772498889297,0.03416299625532358,0.07361778778368896,-0.002296278225672073
39,1,-0.11299602856459322,0.23364449876875315,-0.2918154741865562,-0.01297023681887346,0.13086894176956637,0.1395001055248827
39,2,-0.11723476926857752,0.07482830487129716,-0.10782901325968801,0.029386239707016416,0.1112626487414507,0.19047139945916827
39,3,-0.02659033643418738,0.017207710965013116,-0.043928810374799336,-0.015424725993864049,0.013753126855172581,0.18762535691682164
39,4,-0.1264383349568614,0.22419104487190047,-0.1737530252348852,-0.1005403494799873,0.05817224498333265,0.15613608441592214
39,5,-0.010679153607067941,0.08703430791042048,-0.1358578761430385,0.05536047744855992,0.039350807149389176,0.20883404219644394
39,Aggregated,-0.06588995943617432,0.09817893854964008,-0.1349137954165362,-0.0007555755877917866,0.07095727324118961,0.1423457416139135
39,Centralized,-0.06588994937177214,0.09817893254483843,-0.1349137841735305,-0.000755571192011099,0.07095729115340639,0.14234574147228926
40,0,0.039097284131355894,0.0027662672299501403,0.12560891674231034,-0.053321841415202326,-0.02280883796387426,0.013170659096752739
40,1,-0.30437090593768823,0.37018882799695607,0.10029068756415689,-0.15013876078440888,-0.12552786559284074,0.09419030207988978
40,2,-0.4460911533876153,0.14178713258089873,0.4175563063942193,-0.2738825956476665,-0.2297039452491479,0.13385929919714104
40,3,-0.16197774773904097,0.16491019485404987,0.3051437726860481,-0.25676323325603573,-0.17470934890639628,0.08146376561271763
40,4,-0.22170947387511147,0.24479135879844618,0.2608680966679398,-0.24816822671864516,-0.14398652498662526,0.1514607579702219
40,5,-0.35013579101860476,0.22071092857755067,0.3044860460072765,-0.2632558961126005,-0.26844371509234377,0.21563605570015468
40,Aggregated,-0.23166563209762808,0.18774156588652707,0.24579712865154313,-0.20213587191065088,-0.15608772611649124,0.11115310959920544
40,Centralized,-0.23166563446059757,0.18774158026855592,0.24579713326790342,-0.20213585373862317,-0.1560877213641948,0.11115311845353995
41,0,0.04605009759071947,0.029257265842703717,0.04657593398883445,0.04365163981119421,-0.2426724219451266,-0.2048934517713286
41,1,-0.1769596733925837,0.09335094757959209,0.18387848058251288,0.016937541582607452,-0.16966454865136635,-0.015567583446209572
41,2,-0.07846189395268617,0.18956306162422246,0.0826951273500806,0.14483248531256263,-0.056517911486177755,0.033849727189313346
41,3,0.07828323796748424,0.22442157798733126,0.030404709319711287,0.029718944083599177,-0.22100733195593278,0.017448639554121806
41,4,-0.1039249817688835,0.19727396317249596,0.1897288074546712,-0.03479478721353845,-0.2491576921965429,-0.03139807317894032
41,5,0.0013629677540218192,0.18268160099980252,0.0950247476930254,0.0678865733752731,-0.12516872068325896,0.10018222528471803
41,Aggregated,-0.03642174253030047,0.1484676710684971,0.10286452874305445,0.04364358323487849,-0.1796250390592308,-0.021793604694863095
41,Centralized,-0.03642173800046287,0.14846767432950528,0.10286452859026379,0.04364359626515283,-0.1796250497425257,-0.0217935960563891
42,0,0.283022803467424,-0.3801633929135789,0.1306253124181983,0.13438224449858754,-0.04235542129867847,0.1503037040315757
42,1,0.1441763553710914,-0.2370747960158069,0.11434335843902056,0.04237276737802323,0.10952170816819301,0.046774496738839606
42,2,0.02311559354299817,-0.1562489142490285,0.18037915840219268,0.2578660006426744,-0.27636275746048894,0.10048215158315199
42,3,0.15527125701657118,-0.12616027475760153,0.10029611242101905,0.26458725635308805,-0.2757188604698088,0.016028767011890467
42,4,0.08572829743317598,-0.15342787701717656,0.21093900375281874,0.0790814103937174,-0.12293436994835424,0.05552250955264822
42,5,0.1410630439608363,-0.09705587832119081,0.11454595120130726,0.17863278912400607,-0.30053585916402425,0.09269244049413541
42,Aggregated,0.14379015331937223,-0.1965616794613682,0.13974581108873432,0.15762868245036243,-0.14526920887472086,0.07760898313691662
42,Centralized,0.14379015079026675,-0.1965616876192654,0.13974580900022418,0.15762869501245425,-0.14526920453767583,0.07760899494309872
43,0,0.1538236330615993,-0.18574816068176894,-0.01399113474292939,0.07368662910941026,0.05184676100885864,-0.2579479506981537
43,1,-0.013834329375739075,0.010799012652183157,-0.06820670098722369,-0.011719501703897942,0.213705565511402,-0.15803345399421748
43,2,-0.17354026456953914,-0.038036937655619,0.026916992726248878,0.09782165861389076,0.14102598792533666,-0.11144129510284918
43,3,0.014716438821048072,-0.14505269888536532,0.039994218818983046,0.018402491974449476,0.021604976093964605,-0.0763309518956902
43,4,-0.06653619215678183,0.0664576218777557,0.05794770165756778,-0.055274983397927475,0.05580528077550492,-0.1506515997745633
43,5,0.010678559358652962,-0.045020027952446404,0.013353664683336675,0.05972780382384642,0.05617712556096398,-0.02689660583498501
43,Aggregated,-0.0060445578561939325,-0.06044876213080516,0.0076035615795899975,0.03067129051504646,0.08940669154023437,-0.13324509021536488
43,Centralized,-0.006044560764451508,-0.06044875295557652,0.007603555697631966,0.030671301578689143,0.08940668996407007,-0.13324509127731832
44,0,0.24555192498603395,0.17772420443597509,-0.3391210291198842,0.239840315902534,-0.371636351636144,-0.04823800869757081
44,1,-0.003802988877464604,0.35260587007469296,-0.3723427980321056,0.16759817247868122,-0.34779458302617466,0.052343257284484385
44,2,-0.003463399565119355,0.10695108966352096,-0.14954505522752629,0.07882716555291469,-0.15146152069630495,0.0009173726675650566
44,3,0.17545687564921567,0.19447754302010173,-0.18556012666860738,0.23002067217578734,-0.29127767311502867,-0.03780668017669247
44,4,0.04500688184903818,0.30464058002270955,-0.2584005443366309,0.11891080823802584,-0.38201768599571245,0.05102760978697082
44,5,0.09990545574996423,0.1278370978246922,-0.2527163356204928,0.084144469610323,-0.16205726580969296,0.0432791499098227
44,Aggregated,0.09760838691813359,0.21145744745709827,-0.262634151580394,0.15715288987631618,-0.2876911164510471,0.008525219801325434
44,Centralized,0.09760838967917995,0.21145744617563353,-0.2626341517520049,0.15715288185435722,-0.287691109717526,0.0085252288714963
45,0,0.23950418978961022,-0.3124134598203584,-0.24836968120871855,0.18431532748078958,-0.08763329041471976,0.22558369033451736
45,1,0.0746248595815794,-0.11115130545206482,-0.3120933501622334,0.1769399589611121,0.017715818113866768,0.21359041587397756
45,2,-0.047484466406037144,-0.18890038253236097,-0.08818020412835044,0.20350585280334466,0.0823464791266465,0.1680993019439722
45,3,0.04784184330186214,-0.11831900296785665,-0.26055929167641656,0.23266918258013847,-0.09671818927493601,0.21052601972618515
45,4,0.05109688043320564,-0.08855124403677882,-0.17880164811436522,0.123493768702853,-0.09046349005001476,0.21490382181442413
45,5,0.06328279931510146,-0.14094949884871058,-0.18924249737688928,0.13355784025891743,-0.009945152039931198,0.22544466488798826
45,Aggregated,0.07671597040876167,-0.16276102436047618,-0.21643412771939718,0.1762779414837226,-0.03303110392127498,0.20990209867438905
45,Centralized,0.07671596620227668,-0.1627610191817048,-0.21643413642874237,0.1762779291338366,-0.03303109494337898,0.2099020988104619
46,0,0.3041795821302214,-0.07716377967516522,0.1424778015571543,0.033954291193565564,0.11362940512037009,-0.21254105361280548
46,1,0.09530811842653478,0.1376136988716601,-0.010996909334168217,0.1256571827101769,0.2519091548140935,-0.24240572247051645
46,2,0.0005488319491281541,0.09791788467901813,-0.033741608212326135,0.28995690986560685,0.38383265146656714,-0.7037104544448313
46,3,0.13862872702059986,0.04024963336886492,0.11393051612143155,0.16550359047672136,0.16645730245332951,-0.5181736617272129
46,4,0.11516584681658902,0.1870445275692916,0.09946583354609734,0.06841741228540468,0.2123624335307089,-0.42758170752569513
46,5,0.07873844189098536,0.040816750959519844,-0.07000353801186177,0.3316680747837237,0.3182065426174357,-0.5581557528554236
46,Aggregated,0.12771764535511146,0.06688151343140457,0.04359867912347796,0.16391977725831147,0.23530058792101466,-0.43301187257121854
46,Centralized,0.12771763123291355,0.06688150277957344,0.043598693205289786,0.16391976498556965,0.23530057755973713,-0.4330118841019643
47,0,0.06442934752602822,-0.06870509685904537,0.07319998327240249,-0.031169462959985832,0.03685616026069383,-0.12708268633367753
47,1,-0.15697689460643396,-0.11130564711757501,0.03404879811624622,-0.032722775612322744,0.09103822722176971,0.02483251994664215
47,2,0.044291676165249094,-0.24491459226182333,0.2241258716894717,-0.28515002030745884,0.029949437969844322,0.18738113889353888
47,3,0.11918257886494033,-0.006772549813739559,0.1159039834386346,-0.14066364478360818,-0.06776036771523954,0.025490282353457752
47,4,-0.037048029423558546,-0.00825918388959725,0.11621238658879941,-0.19446994252437663,-0.027824055372873364,0.05643207480705661
47,5,0.07018565400387146,-0.207451916263173,0.1424762561400032,-0.26448600348109885,0.056235123464567174,0.16066300816456372
47,Aggregated,0.017376550406030193,-0.10476625412777801,0.11417512085656427,-0.15106349764332086,0.02033679120619662,0.047585181593364584
47,Centralized,0.017376568986909004,-0.1047662497719354,0.11417512469424304,-0.15106349629443525,0.020336792603683543,0.04758518357493742
48,0,0.1666893919317029,-0.1718208716578889,-0.162093001070267,0.04421844135801803,0.10373968291580637,-0.03402072724637198
48,1,0.0399621590593276,-0.16128488439455774,-0.16144897049497484,0.07228666533329632,0.1958625165264519,-0.009154423039022438
48,2,0.015293620640949454,-0.39434655435601285,-0.25959545657068284,0.13849387939322028,0.28656485567577533,-0.18253735995881293
48,3,0.061429501971100975,-0.15574010804322688,-0.14927741241610007,0.07530476369717103,0.11888286934929329,-0.09929734894593392
48,4,0.03606378085204819,-0.10697516542168217,-0.12855976855286155,-0.004215623997530452,0.13015138351217673,-0.057499491375074284
48,5,0.10228587663112623,-0.3913208460801154,-0.24585574268201998,0.1450991555086512,0.2603425762829332,-0.09634335855992937
48,Aggregated,0.07277333264723715,-0.22567855673690754,-0.18226923297547656,0.07727382926545871,0.17889451400287276,-0.07695047620121936
48,Centralized,0.07277332626967545,-0.22567854319475755,-0.1822692288576113,0.07727384212376194,0.17889453200641653,-0.07695048116843854
49,0,0.1935557959522457,0.10077219856428556,0.12478954475585427,0.08794653959982775,-0.434261301717589,-0.0574738366509339
49,1,-0.02686208428318153,0.24389706451193058,0.1655363368179212,0.13388233700232688,-0.3406227319401073,-0.10835961285569007
49,2,-0.08886852307893137,-0.01835723561717361,0.19703490294021264,0.286029289925608,0.03463057290366041,-0.02745614260091429
49,3,0.06657892849091643,0.015039315127552891,0.17432934659601346,0.15400963833593234,-0.127746267112133,-0.10572059921080008
49,4,-0.01652893444217748,0.21626697182572654,0.20276530380216085,0.07655769807666815,-0.2697332380403412,-0.08309101579800503
49,5,0.08188617622790442,-0.0075231039268163135,0.11002651436743863,0.23164192866190597,-0.08683174110061963,0.013088656981154263
49,Aggregated,0.039796593243629275,0.09315648416394051,0.16085392529389583,0.15814866426622634,-0.21252363253042184,-0.06259537231617995
49,Centralized,0.0397965876787224,0.0931564830225731,0.1608539145230561,0.15814865771215542,-0.21252363123561918,-0.0625953809440625
50,0,0.2198645340723842,0.05254795539320239,0.1585826063603472,-0.15803163700587808,-0.19656051852079875,-0.19665386868143422
50,1,-0.07330135870862382,0.17936287789318975,0.1791688526841761,-0.10819087109073174,-0.16071784200775444,-0.12180565804606781
50,2,0.0684184536590962,0.013783244911430495,0.035942457488550045,0.014747605865602273,-0.029143487609943244,-0.01717114860349914
50,3,0.16009500505953198,0.12158123457332341,0.03547808308821379,-0.09757227512401004,-0.05860752823717327,-0.11726742030311818
50,4,0.012601621660474056,0.24935340339915837,0.08795676857138669,-0.21425265204189453,-0.13266896919817592,-0.07742919541024212
50,5,0.1257795121035081,0.06765042923950494,-0.05791209598152321,-0.00960503919442621,-0.07450744269156778,0.01019804497020272
50,Aggregated,0.08806489178995681,0.11328391451730649,0.07679368048984937,-0.09764304324287261,-0.11151602369454619,-0.09109967286954838
50,Centralized,0.08806488581960122,0.11328390490799346,0.07679366810821686,-0.09764304607714727,-0.11151603297578207,-0.09109968177654698
