Round,Evaluator,4,0,3,2,1
0,0,,,,,
0,1,,,,,
0,2,,,,,
0,3,,,,,
0,4,,,,,
0,Aggregated,,,,,
0,Centralized,,,,,
1,0,0.0,0.0,0.0,0.0,0.0
1,1,0.0,0.0,0.0,0.0,0.0
1,2,0.0,0.0,0.0,0.0,0.0
1,3,0.02083333333333333,-0.006944444444444443,0.0,-0.006944444444444443,-0.006944444444444443
1,4,0.0,0.041666666666666664,0.041666666666666664,0.041666666666666664,0.041666666666666664
1,Aggregated,0.004629629629629634,0.003086419753086426,0.004629629629629634,0.003086419753086426,0.003086419753086426
1,Centralized,0.004629629629629634,0.003086419753086426,0.004629629629629634,0.003086419753086426,0.003086419753086426
2,0,0.0,0.0,0.0,0.0,0.0
2,1,0.03888888888888888,-0.04444444444444444,-0.016666666666666663,-0.016666666666666663,-0.04444444444444441
2,2,0.0,0.0,0.0,0.0,0.0
2,3,0.0,0.0,0.0,0.0,0.0
2,4,0.0,0.0,0.0,0.0,0.0
2,Aggregated,0.008641975308641988,-0.00987654320987656,-0.003703703703703709,-0.003703703703703709,-0.009876543209876569
2,Centralized,0.008641975308641988,-0.00987654320987656,-0.003703703703703709,-0.003703703703703709,-0.009876543209876569
3,0,0.0,0.0,0.0,0.0,0.0
3,1,0.0,0.0,0.0,0.0,0.0
3,2,0.0,0.0,0.0,0.0,0.0
3,3,0.0,0.0,0.0,0.0,0.0
3,4,0.0,0.0,0.0,0.0,0.0
3,Aggregated,0.0,0.0,0.0,0.0,0.0
3,Centralized,0.0,0.0,0.0,0.0,0.0
4,0,0.06666666666666662,-0.05138888888888889,-0.01666666666666666,-0.03749999999999999,-0.04444444444444443
4,1,0.0,0.0,0.0,0.0,0.0
4,2,0.05416666666666667,-0.022222222222222233,0.012500000000000006,-0.022222222222222233,-0.02222222222222224
4,3,0.0,0.0,0.0,0.0,0.0
4,4,0.0,0.0,0.0,0.0,0.0
4,Aggregated,0.026851851851851856,-0.01635802469135801,-0.0009259259259259189,-0.013271604938271599,-0.01481481481481481
4,Centralized,0.026851851851851856,-0.01635802469135801,-0.0009259259259259189,-0.013271604938271599,-0.01481481481481481
5,0,0.03333333333333333,-0.008333333333333333,-0.008333333333333333,-0.008333333333333333,-0.008333333333333333
5,1,-0.016666666666666663,0.02499999999999999,0.02499999999999999,0.02499999999999999,0.02499999999999999
5,2,-0.045833333333333295,0.016666666666666663,-0.004166666666666666,-0.004166666666666666,0.03749999999999999
5,3,0.0,0.0,0.0,0.0,0.0
5,4,0.0,0.0,0.0,0.0,0.0
5,Aggregated,-0.0064814814814814934,0.007407407407407404,0.002777777777777768,0.002777777777777768,0.012037037037037039
5,Centralized,-0.0064814814814814934,0.007407407407407404,0.002777777777777768,0.002777777777777768,0.012037037037037039
6,0,-0.05694444444444442,0.012499999999999994,-0.015277777777777777,0.012499999999999994,0.047222222222222214
6,1,0.0,0.0,0.0,0.0,0.0
6,2,0.016666666666666663,0.016666666666666663,0.016666666666666663,0.016666666666666663,0.016666666666666663
6,3,-0.01944444444444444,0.022222222222222216,0.015277777777777774,0.015277777777777774,0.049999999999999996
6,4,-0.13333333333333325,0.03333333333333333,0.03333333333333333,0.03333333333333333,0.03333333333333333
6,Aggregated,-0.028086419753086418,0.015123456790123453,0.007407407407407415,0.013580246913580247,0.029012345679012338
6,Centralized,-0.028086419753086418,0.015123456790123453,0.007407407407407415,0.013580246913580247,0.029012345679012338
7,0,0.016666666666666663,0.0375,0.0375,0.0375,0.0375
7,1,-0.011111111111111112,-0.004166666666666666,-0.011111111111111112,-0.011111111111111112,0.0375
7,2,-0.008333333333333331,0.04722222222222221,0.033333333333333326,0.04722222222222221,0.04722222222222221
7,3,-0.015277777777777763,0.04722222222222221,0.040277777777777767,0.040277777777777767,0.054166666666666655
7,4,0.03333333333333333,0.075,0.075,0.075,0.075
7,Aggregated,-0.0003086419753086424,0.0367283950617284,0.03055555555555555,0.03364197530864197,0.047530864197530866
7,Centralized,-0.0003086419753086424,0.0367283950617284,0.03055555555555555,0.03364197530864197,0.047530864197530866
8,0,-0.04166666666666665,0.020833333333333336,-0.006944444444444443,-0.006944444444444443,0.03472222222222221
8,1,0.0,0.041666666666666664,0.041666666666666664,0.041666666666666664,0.041666666666666664
8,2,0.0,0.0,0.0,0.0,0.0
8,3,0.0,0.0,0.0,0.0,0.0
8,4,0.0,0.04166666666666666,0.04166666666666666,0.04166666666666666,0.04166666666666666
8,Aggregated,-0.009259259259259248,0.01851851851851852,0.012345679012345687,0.012345679012345687,0.021604938271604937
8,Centralized,-0.009259259259259248,0.01851851851851852,0.012345679012345687,0.012345679012345687,0.021604938271604937
9,0,0.0,0.02083333333333333,0.02083333333333333,0.02083333333333333,0.02083333333333333
9,1,0.0,0.0,0.0,0.0,0.0
9,2,0.0,0.0,0.0,0.0,0.0
9,3,0.0,0.0,0.0,0.0,0.0
9,4,0.0,0.0,0.0,0.0,0.0
9,Aggregated,0.0,0.0046296296296296224,0.0046296296296296224,0.0046296296296296224,0.0046296296296296224
9,Centralized,0.0,0.0046296296296296224,0.0046296296296296224,0.0046296296296296224,0.0046296296296296224
10,0,0.0,0.0,0.0,0.0,0.0
10,1,0.0,0.0,0.0,0.0,0.0
10,2,0.0,0.0,0.0,0.0,0.0
10,3,0.0,0.0,0.0,0.0,0.0
10,4,-0.013888888888888895,-0.013888888888888895,-0.013888888888888895,0.0,0.04166666666666668
10,Aggregated,-0.0015432098765432167,-0.0015432098765432167,-0.0015432098765432167,0.0,0.00462962962962965
10,Centralized,-0.0015432098765432167,-0.0015432098765432167,-0.0015432098765432167,0.0,0.00462962962962965
11,0,0.016666666666666673,-0.004166666666666668,-0.004166666666666668,-0.004166666666666668,-0.004166666666666668
11,1,-0.011111111111111117,0.016666666666666673,0.016666666666666673,0.030555555555555572,0.030555555555555572
11,2,0.0,0.0,0.0,0.0,0.0
11,3,0.0,0.0,0.0,0.0,0.0
11,4,0.0,0.0,0.0,0.08333333333333336,0.08333333333333336
11,Aggregated,0.0012345679012345733,0.00277777777777779,0.00277777777777779,0.015123456790123469,0.015123456790123467
11,Centralized,0.0012345679012345733,0.00277777777777779,0.00277777777777779,0.015123456790123469,0.015123456790123467
12,0,0.02083333333333334,-0.0069444444444444475,0.0,-0.0069444444444444475,-0.0069444444444444475
12,1,0.0,0.0,0.0,0.0,0.0
12,2,0.0,0.0,0.0,0.0,0.0
12,3,0.0,0.0,0.0,0.0,0.0
12,4,0.0,0.0,0.0,0.0,0.0
12,Aggregated,0.0046296296296296224,-0.0015432098765432074,0.0,-0.0015432098765432074,-0.0015432098765432074
12,Centralized,0.0046296296296296224,-0.0015432098765432074,0.0,-0.0015432098765432074,-0.0015432098765432074
13,0,0.04166666666666668,0.0,0.04166666666666668,0.0,0.0
13,1,0.0,0.0,0.0,0.0,0.0
13,2,0.0,0.0,0.0,0.0,0.0
13,3,0.0,0.0,0.0,0.0,0.0
13,4,0.0,0.0,0.0,0.0,0.0
13,Aggregated,0.009259259259259247,0.0,0.009259259259259245,0.0,0.0
13,Centralized,0.009259259259259247,0.0,0.009259259259259245,0.0,0.0
14,0,0.016666666666666653,-0.004166666666666663,-0.004166666666666663,-0.004166666666666663,-0.004166666666666663
14,1,0.0,0.0,0.0,0.0,0.0
14,2,0.0,0.0,0.0,0.0,0.0
14,3,0.016666666666666673,0.016666666666666673,0.016666666666666673,0.016666666666666673,0.016666666666666673
14,4,0.0,0.0,0.0,0.0,0.0
14,Aggregated,0.007407407407407418,0.002777777777777768,0.002777777777777768,0.002777777777777768,0.002777777777777768
14,Centralized,0.007407407407407418,0.002777777777777768,0.002777777777777768,0.002777777777777768,0.002777777777777768
15,0,0.06805555555555544,-0.029166666666666657,-0.001388888888888906,0.033333333333333326,0.012499999999999992
15,1,0.0,0.0,0.0,0.0,0.0
15,2,0.016666666666666673,-0.004166666666666668,-0.004166666666666668,-0.004166666666666668,-0.004166666666666668
15,3,0.0,0.0,0.0,0.0,0.0
15,4,0.0,0.0,0.0,0.0,0.0
15,Aggregated,0.018827160493827218,-0.00740740740740742,-0.0012345679012345531,0.0064814814814814934,0.001851851851851862
15,Centralized,0.018827160493827218,-0.00740740740740742,-0.0012345679012345531,0.0064814814814814934,0.001851851851851862
16,0,-0.015277777777777788,-0.001388888888888906,-0.022222222222222244,0.06111111111111109,0.06111111111111113
16,1,0.0,0.0,0.0,0.0,0.0
16,2,0.04444444444444447,-0.011111111111111118,-0.004166666666666668,-0.01111111111111112,-0.01805555555555557
16,3,0.0,0.0,0.0,0.0,0.0
16,4,0.0,0.0,0.0,0.0,0.0
16,Aggregated,0.006481481481481472,-0.0027777777777777735,-0.005864197530864188,0.011111111111111096,0.009567901234567884
16,Centralized,0.006481481481481472,-0.0027777777777777735,-0.005864197530864188,0.011111111111111096,0.009567901234567884
17,0,0.016666666666666673,0.016666666666666673,0.016666666666666673,0.016666666666666673,0.016666666666666673
17,1,0.0,0.0,0.0,0.0,0.0
17,2,0.016666666666666673,0.016666666666666673,0.016666666666666673,0.016666666666666673,0.016666666666666673
17,3,0.016666666666666673,-0.004166666666666668,-0.004166666666666668,-0.004166666666666668,-0.004166666666666668
17,4,0.0,0.0,0.0,0.0,0.0
17,Aggregated,0.011111111111111117,0.006481481481481466,0.006481481481481466,0.006481481481481466,0.006481481481481466
17,Centralized,0.011111111111111117,0.006481481481481466,0.006481481481481466,0.006481481481481466,0.006481481481481466
18,0,0.0,0.0,0.0,0.0,0.0
18,1,0.0,0.0,0.0,0.0,0.0
18,2,0.0,0.0,0.0,0.0,0.0
18,3,0.05416666666666668,-0.008333333333333337,-0.008333333333333337,-0.008333333333333337,-0.02916666666666671
18,4,0.0,0.0,0.0,0.0,0.0
18,Aggregated,0.01203703703703709,-0.0018518518518518602,-0.0018518518518518602,-0.0018518518518518602,-0.00648148148148151
18,Centralized,0.01203703703703709,-0.0018518518518518602,-0.0018518518518518602,-0.0018518518518518602,-0.00648148148148151
19,0,0.0,0.0,0.0,0.0,0.0
19,1,0.016666666666666653,-0.004166666666666663,-0.004166666666666663,-0.004166666666666663,-0.004166666666666663
19,2,0.0,0.0,0.0,0.0,0.0
19,3,0.016666666666666673,0.016666666666666673,0.016666666666666673,0.016666666666666673,0.016666666666666673
19,4,0.0,0.0,0.0,0.0,0.0
19,Aggregated,0.007407407407407418,0.0027777777777777957,0.0027777777777777957,0.0027777777777777957,0.0027777777777777957
19,Centralized,0.007407407407407418,0.0027777777777777957,0.0027777777777777957,0.0027777777777777957,0.0027777777777777957
20,0,0.0,0.0,0.0,0.0,0.0
20,1,0.04305555555555551,-0.033333333333333284,-0.0055555555555555506,0.02916666666666663,-0.03333333333333329
20,2,0.0,0.0,0.0,0.0,0.0
20,3,-0.018055555555555537,-0.018055555555555537,-0.004166666666666663,0.02361111111111109,0.016666666666666653
20,4,0.0,0.0,0.0,0.0,0.0
20,Aggregated,0.005555555555555547,-0.011419753086419737,-0.0021604938271604906,0.011728395061728377,-0.0037037037037036978
20,Centralized,0.005555555555555547,-0.011419753086419737,-0.0021604938271604906,0.011728395061728377,-0.0037037037037036978
21,0,0.0,0.0,0.0,0.0,0.0
21,1,0.02361111111111109,-0.004166666666666663,0.02361111111111109,0.02361111111111109,0.016666666666666653
21,2,0.0,0.0,0.0,0.0,0.0
21,3,0.016666666666666653,0.016666666666666653,0.016666666666666653,0.016666666666666653,0.016666666666666653
21,4,0.0,0.0,0.0,0.0,0.0
21,Aggregated,0.008950617283950604,0.0027777777777777735,0.008950617283950604,0.008950617283950604,0.0074074074074073955
21,Centralized,0.008950617283950604,0.0027777777777777735,0.008950617283950604,0.008950617283950604,0.0074074074074073955
22,0,0.0,0.0,0.0,0.0,0.0
22,1,0.0,0.0,0.0,0.0,0.0
22,2,0.0,0.0,0.0,0.0,0.0
22,3,0.0,0.0,0.0,0.0,0.0
22,4,0.0,0.0,0.0,0.0,0.0
22,Aggregated,0.0,0.0,0.0,0.0,0.0
22,Centralized,0.0,0.0,0.0,0.0,0.0
23,0,0.0,0.0,0.0,0.0,0.0
23,1,0.0,0.0,0.0,0.0,0.0
23,2,0.0,0.0,0.0,0.0,0.0
23,3,0.0,0.0,0.0,0.0,0.0
23,4,0.0,0.0,0.0,0.0,0.0
23,Aggregated,0.0,0.0,0.0,0.0,0.0
23,Centralized,0.0,0.0,0.0,0.0,0.0
24,0,0.0,0.0,0.0,0.0,0.0
24,1,0.0,0.0,0.0,0.0,0.0
24,2,-0.029166666666666657,-0.008333333333333314,0.005555555555555564,0.0611111111111111,0.05416666666666667
24,3,0.0,0.0,0.0,0.0,0.0
24,4,0.0,0.0,0.0,0.0,0.0
24,Aggregated,-0.006481481481481495,-0.001851851851851873,0.0012345679012345605,0.013580246913580257,0.01203703703703704
24,Centralized,-0.006481481481481495,-0.001851851851851873,0.0012345679012345605,0.013580246913580257,0.01203703703703704
25,0,0.0,0.0,0.0,0.0,0.0
25,1,0.016666666666666673,-0.004166666666666668,-0.004166666666666668,-0.004166666666666668,-0.004166666666666668
25,2,0.012499999999999983,0.033333333333333326,0.04027777777777777,0.04027777777777777,0.04027777777777777
25,3,0.0,0.0,0.0,0.0,0.0
25,4,-0.07222222222222222,-0.04444444444444443,-0.04444444444444443,0.0944444444444444,0.06666666666666664
25,Aggregated,-0.0015432098765431853,0.0015432098765432297,0.0030864197530864374,0.01851851851851851,0.015432098765432105
25,Centralized,-0.0015432098765431853,0.0015432098765432297,0.0030864197530864374,0.01851851851851851,0.015432098765432105
26,0,0.0,0.0,0.0,0.0,0.0
26,1,0.016666666666666673,-0.004166666666666668,-0.004166666666666668,-0.004166666666666668,-0.004166666666666668
26,2,0.0,0.0,0.0,0.0,0.0
26,3,0.0,0.0,0.0,0.0,0.0
26,4,0.033333333333333326,0.033333333333333326,0.033333333333333326,0.033333333333333326,0.033333333333333326
26,Aggregated,0.0074074074074073955,0.0027777777777777735,0.0027777777777777735,0.0027777777777777735,0.0027777777777777735
26,Centralized,0.0074074074074073955,0.0027777777777777735,0.0027777777777777735,0.0027777777777777735,0.0027777777777777735
27,0,0.016666666666666653,-0.004166666666666663,-0.004166666666666663,-0.004166666666666663,-0.004166666666666663
27,1,0.02083333333333334,0.0,-0.0069444444444444475,-0.0069444444444444475,-0.0069444444444444475
27,2,0.0,0.0,0.0,0.0,0.0
27,3,-0.040277777777777794,-0.04027777777777781,0.022222222222222233,0.03611111111111113,0.02222222222222224
27,4,0.0,0.0,0.0,0.0,0.0
27,Aggregated,-0.0006172839506172607,-0.009876543209876538,0.002469135802469126,0.005555555555555541,0.002469135802469126
27,Centralized,-0.0006172839506172607,-0.009876543209876538,0.002469135802469126,0.005555555555555541,0.002469135802469126
28,0,0.058333333333333286,-0.024999999999999956,-0.004166666666666663,-0.004166666666666663,-0.024999999999999956
28,1,0.02777777777777779,0.0,0.0,-0.013888888888888895,-0.013888888888888895
28,2,0.0,0.0,0.0,0.0,0.0
28,3,0.016666666666666673,0.016666666666666673,0.016666666666666673,0.016666666666666673,0.016666666666666673
28,4,0.0,0.0,0.0,0.0,0.0
28,Aggregated,0.02283950617283955,-0.0018518518518518823,0.002777777777777768,-0.00030864197530864706,-0.0049382716049382975
28,Centralized,0.02283950617283955,-0.0018518518518518823,0.002777777777777768,-0.00030864197530864706,-0.0049382716049382975
29,0,0.020833333333333315,0.020833333333333315,0.020833333333333315,0.020833333333333315,0.0
29,1,0.02777777777777779,0.0,0.0,-0.013888888888888895,-0.013888888888888895
29,2,0.0,0.0,0.0,0.0,0.0
29,3,0.0,0.0,0.0,0.0,0.0
29,4,0.0,0.0,0.0,0.0,0.0
29,Aggregated,0.01080246913580248,0.00462962962962965,0.00462962962962965,0.0015432098765432352,-0.003086419753086415
29,Centralized,0.01080246913580248,0.00462962962962965,0.00462962962962965,0.0015432098765432352,-0.003086419753086415
30,0,-0.015277777777777782,-0.015277777777777782,-0.008333333333333337,0.01944444444444445,0.019444444444444455
30,1,0.02083333333333334,0.02083333333333334,0.0,-0.02083333333333334,-0.020833333333333346
30,2,0.0,0.0,0.0,0.0,0.0
30,3,0.0,0.0,0.0,0.0,0.0
30,4,0.0,0.0,0.0,0.0,0.0
30,Aggregated,0.001234567901234566,0.001234567901234566,-0.0018518518518518489,-0.0003086419753086415,-0.0003086419753086415
30,Centralized,0.001234567901234566,0.001234567901234566,-0.0018518518518518489,-0.0003086419753086415,-0.0003086419753086415
31,0,-0.004166666666666668,0.016666666666666673,0.023611111111111124,0.023611111111111124,0.023611111111111124
31,1,0.02361111111111112,0.023611111111111124,0.016666666666666673,-0.018055555555555564,-0.04583333333333333
31,2,0.0,0.0,0.0,0.0,0.0
31,3,0.0,0.0,0.0,0.0,0.0
31,4,0.0,0.0,0.0,0.0,0.0
31,Aggregated,0.004320987654320981,0.008950617283950604,0.008950617283950604,0.001234567901234566,-0.004938271604938264
31,Centralized,0.004320987654320981,0.008950617283950604,0.008950617283950604,0.001234567901234566,-0.004938271604938264
32,0,0.0,0.0,0.0,0.0,0.0
32,1,0.037500000000000006,0.023611111111111124,0.016666666666666673,-0.03194444444444447,-0.045833333333333344
32,2,0.0,0.0,0.0,0.0,0.0
32,3,0.0,0.0,0.0,0.0,0.0
32,4,0.0,0.0,0.0,0.0,0.0
32,Aggregated,0.008333333333333321,0.005246913580246906,0.0037037037037036978,-0.007098765432098754,-0.010185185185185176
32,Centralized,0.008333333333333321,0.005246913580246906,0.0037037037037036978,-0.007098765432098754,-0.010185185185185176
33,0,0.0,0.0,0.0,0.0,0.0
33,1,0.040277777777777794,0.019444444444444455,0.019444444444444455,-0.03611111111111113,-0.04305555555555556
33,2,0.0,0.0,0.0,0.0,0.0
33,3,0.0,0.0,0.0,0.0,0.0
33,4,0.0,0.0,0.0,0.0,0.0
33,Aggregated,0.008950617283950604,0.004320987654320981,0.004320987654320981,-0.008024691358024678,-0.009567901234567891
33,Centralized,0.008950617283950604,0.004320987654320981,0.004320987654320981,-0.008024691358024678,-0.009567901234567891
34,0,0.0,0.0,0.0,0.0,0.0
34,1,0.061111111111111095,0.04027777777777779,0.01944444444444445,-0.015277777777777784,-0.022222222222222237
34,2,0.0,0.0,0.0,0.0,0.0
34,3,0.0,0.0,0.0,0.0,0.0
34,4,0.0,0.0,0.0,0.0,0.0
34,Aggregated,0.013580246913580235,0.008950617283950604,0.004320987654320981,-0.0033950617283950565,-0.004938271604938264
34,Centralized,0.013580246913580235,0.008950617283950604,0.004320987654320981,-0.0033950617283950565,-0.004938271604938264
35,0,0.0,0.0,0.0,0.0,0.0
35,1,0.04166666666666668,0.013888888888888897,0.0069444444444444475,-0.027777777777777794,-0.03472222222222224
35,2,0.0,0.0,0.0,0.0,0.0
35,3,0.0,0.0,0.0,0.0,0.0
35,4,0.0,0.0,0.0,0.0,0.0
35,Aggregated,0.009259259259259248,0.003086419753086415,0.0015432098765432074,-0.00617283950617283,-0.007716049382716038
35,Centralized,0.009259259259259248,0.003086419753086415,0.0015432098765432074,-0.00617283950617283,-0.007716049382716038
36,0,0.0,0.0,0.0,0.0,0.0
36,1,0.02222222222222224,0.022222222222222233,0.008333333333333337,-0.0263888888888889,-0.026388888888888906
36,2,0.0,0.0,0.0,0.0,0.0
36,3,0.0,0.0,0.0,0.0,0.0
36,4,0.0,0.0,0.0,0.0,0.0
36,Aggregated,0.004938271604938264,0.004938271604938264,0.0018518518518518489,-0.005864197530864188,-0.005864197530864188
36,Centralized,0.004938271604938264,0.004938271604938264,0.0018518518518518489,-0.005864197530864188,-0.005864197530864188
37,0,0.0,0.0,0.0,0.0,0.0
37,1,0.025000000000000022,0.01805555555555556,0.004166666666666668,-0.023611111111111124,-0.023611111111111124
37,2,0.0,0.0,0.0,0.0,0.0
37,3,0.0,0.0,0.0,0.0,0.0
37,4,0.0,0.0,0.0,0.0,0.0
37,Aggregated,0.005555555555555547,0.004012345679012339,0.0009259259259259244,-0.005246913580246906,-0.005246913580246906
37,Centralized,0.005555555555555547,0.004012345679012339,0.0009259259259259244,-0.005246913580246906,-0.005246913580246906
38,0,0.0,0.0,0.0,0.0,0.0
38,1,0.015277777777777786,0.015277777777777784,0.008333333333333337,-0.01944444444444445,-0.019444444444444455
38,2,0.0,0.0,0.0,0.0,0.0
38,3,0.0,0.0,0.0,0.0,0.0
38,4,0.0,0.0,0.0,0.0,0.0
38,Aggregated,0.0033950617283950565,0.0033950617283950565,0.0018518518518518489,-0.004320987654320981,-0.004320987654320981
38,Centralized,0.0033950617283950565,0.0033950617283950565,0.0018518518518518489,-0.004320987654320981,-0.004320987654320981
39,0,0.0,0.0,0.0,0.0,0.0
39,1,0.015277777777777786,0.015277777777777786,0.008333333333333337,-0.019444444444444455,-0.019444444444444455
39,2,0.0,0.0,0.0,0.0,0.0
39,3,0.0,0.0,0.0,0.0,0.0
39,4,0.0,0.0,0.0,0.0,0.0
39,Aggregated,0.0033950617283950565,0.0033950617283950565,0.0018518518518518489,-0.004320987654320981,-0.004320987654320981
39,Centralized,0.0033950617283950565,0.0033950617283950565,0.0018518518518518489,-0.004320987654320981,-0.004320987654320981
40,0,0.0,0.0,0.0,0.0,0.0
40,1,0.011111111111111117,0.011111111111111117,0.011111111111111117,-0.016666666666666673,-0.016666666666666673
40,2,0.0,0.0,0.0,0.0,0.0
40,3,0.0,0.0,0.0,0.0,0.0
40,4,0.0,0.0,0.0,0.0,0.0
40,Aggregated,0.002469135802469132,0.002469135802469132,0.002469135802469132,-0.0037037037037036978,-0.0037037037037036978
40,Centralized,0.002469135802469132,0.002469135802469132,0.002469135802469132,-0.0037037037037036978,-0.0037037037037036978
41,0,0.0,0.0,0.0,0.0,0.0
41,1,0.011111111111111117,0.011111111111111117,0.011111111111111117,-0.016666666666666673,-0.016666666666666673
41,2,0.0,0.0,0.0,0.0,0.0
41,3,0.0,0.0,0.0,0.0,0.0
41,4,0.0,0.0,0.0,0.0,0.0
41,Aggregated,0.002469135802469132,0.002469135802469132,0.002469135802469132,-0.0037037037037036978,-0.0037037037037036978
41,Centralized,0.002469135802469132,0.002469135802469132,0.002469135802469132,-0.0037037037037036978,-0.0037037037037036978
42,0,0.0,0.0,0.0,0.0,0.0
42,1,0.011111111111111117,0.011111111111111117,0.011111111111111117,-0.016666666666666673,-0.016666666666666673
42,2,0.0,0.0,0.0,0.0,0.0
42,3,0.0,0.0,0.0,0.0,0.0
42,4,0.0,0.0,0.0,0.0,0.0
42,Aggregated,0.002469135802469132,0.002469135802469132,0.002469135802469132,-0.0037037037037036978,-0.0037037037037036978
42,Centralized,0.002469135802469132,0.002469135802469132,0.002469135802469132,-0.0037037037037036978,-0.0037037037037036978
43,0,0.0,0.0,0.0,0.0,0.0
43,1,0.011111111111111117,0.011111111111111117,0.011111111111111117,-0.016666666666666673,-0.016666666666666673
43,2,0.0,0.0,0.0,0.0,0.0
43,3,0.0,0.0,0.0,0.0,0.0
43,4,0.0,0.0,0.0,0.0,0.0
43,Aggregated,0.002469135802469132,0.002469135802469132,0.002469135802469132,-0.0037037037037036978,-0.0037037037037036978
43,Centralized,0.002469135802469132,0.002469135802469132,0.002469135802469132,-0.0037037037037036978,-0.0037037037037036978
44,0,0.0,0.0,0.0,0.0,0.0
44,1,0.011111111111111117,0.011111111111111117,0.011111111111111117,-0.016666666666666673,-0.016666666666666673
44,2,0.0,0.0,0.0,0.0,0.0
44,3,0.0,0.0,0.0,0.0,0.0
44,4,0.0,0.0,0.0,0.0,0.0
44,Aggregated,0.002469135802469132,0.002469135802469132,0.002469135802469132,-0.0037037037037036978,-0.0037037037037036978
44,Centralized,0.002469135802469132,0.002469135802469132,0.002469135802469132,-0.0037037037037036978,-0.0037037037037036978
45,0,0.0,0.0,0.0,0.0,0.0
45,1,0.0069444444444444475,0.0069444444444444475,0.0069444444444444475,-0.02083333333333334,0.0
45,2,0.0,0.0,0.0,0.0,0.0
45,3,0.0,0.0,0.0,0.0,0.0
45,4,0.0,0.0,0.0,0.0,0.0
45,Aggregated,0.0015432098765432074,0.0015432098765432074,0.0015432098765432074,-0.0046296296296296224,0.0
45,Centralized,0.0015432098765432074,0.0015432098765432074,0.0015432098765432074,-0.0046296296296296224,0.0
46,0,0.0,0.0,0.0,0.0,0.0
46,1,0.0069444444444444475,0.0069444444444444475,0.0069444444444444475,-0.02083333333333334,0.0
46,2,0.0,0.0,0.0,0.0,0.0
46,3,0.0,0.0,0.0,0.0,0.0
46,4,0.0,0.0,0.0,0.0,0.0
46,Aggregated,0.0015432098765432074,0.0015432098765432074,0.0015432098765432074,-0.0046296296296296224,0.0
46,Centralized,0.0015432098765432074,0.0015432098765432074,0.0015432098765432074,-0.0046296296296296224,0.0
47,0,0.0,0.0,0.0,0.0,0.0
47,1,0.0069444444444444475,0.0069444444444444475,0.0069444444444444475,-0.02083333333333334,0.0
47,2,0.0,0.0,0.0,0.0,0.0
47,3,0.0,0.0,0.0,0.0,0.0
47,4,0.0,0.0,0.0,0.0,0.0
47,Aggregated,0.0015432098765432074,0.0015432098765432074,0.0015432098765432074,-0.0046296296296296224,0.0
47,Centralized,0.0015432098765432074,0.0015432098765432074,0.0015432098765432074,-0.0046296296296296224,0.0
48,0,0.0,0.0,0.0,0.0,0.0
48,1,0.0069444444444444475,0.0069444444444444475,0.0069444444444444475,-0.02083333333333334,0.0
48,2,0.0,0.0,0.0,0.0,0.0
48,3,0.0,0.0,0.0,0.0,0.0
48,4,0.0,0.0,0.0,0.0,0.0
48,Aggregated,0.0015432098765432074,0.0015432098765432074,0.0015432098765432074,-0.0046296296296296224,0.0
48,Centralized,0.0015432098765432074,0.0015432098765432074,0.0015432098765432074,-0.0046296296296296224,0.0
49,0,0.0,0.0,0.0,0.0,0.0
49,1,0.002777777777777779,0.002777777777777779,0.002777777777777779,-0.004166666666666668,-0.004166666666666668
49,2,0.0,0.0,0.0,0.0,0.0
49,3,0.0,0.0,0.0,0.0,0.0
49,4,0.0,0.0,0.0,0.0,0.0
49,Aggregated,0.000617283950617283,0.000617283950617283,0.000617283950617283,-0.0009259259259259244,-0.0009259259259259244
49,Centralized,0.000617283950617283,0.000617283950617283,0.000617283950617283,-0.0009259259259259244,-0.0009259259259259244
50,0,0.0,0.0,0.0,0.0,0.0
50,1,0.002777777777777779,0.002777777777777779,0.002777777777777779,-0.004166666666666668,-0.004166666666666668
50,2,0.0,0.0,0.0,0.0,0.0
50,3,0.0,0.0,0.0,0.0,0.0
50,4,0.0,0.0,0.0,0.0,0.0
50,Aggregated,0.000617283950617283,0.000617283950617283,0.000617283950617283,-0.0009259259259259244,-0.0009259259259259244
50,Centralized,0.000617283950617283,0.000617283950617283,0.000617283950617283,-0.0009259259259259244,-0.0009259259259259244
