,BeforeLocalTraining,AfterLocalTraining,BeforeLocalPartialEvaluations,AfterLocalPartialEvaluations,BeforeEvaluation,AfterEvaluation
1,1786792415.395367,1786792415.4240134,1786792416.5591133,1786792416.8354473,1786792416.8624163,1786792416.8673403
2,1786792416.9383843,1786792416.9631457,1786792418.13359,1786792418.4085023,1786792418.4347525,1786792418.43973
3,1786792418.5043514,1786792418.5304258,1786792419.6277523,1786792419.9051282,1786792419.9316485,1786792419.9366808
4,1786792420.0020893,1786792420.0296602,1786792421.1864903,1786792421.4679613,1786792421.4947488,1786792421.4998226
5,1786792421.5638762,1786792421.5961578,1786792422.7661355,1786792423.3522043,1786792423.3793678,1786792423.387418
6,1786792423.4801269,1786792423.5244818,1786792424.656603,1786792424.9363642,1786792424.9631126,1786792424.9681692
7,1786792425.040563,1786792425.069416,1786792426.2716272,1786792426.5550787,1786792426.5817404,1786792426.5870438
8,1786792426.6690397,1786792426.6953905,1786792427.9270654,1786792428.2761297,1786792428.3022602,1786792428.3070283
9,1786792428.3654413,1786792428.3908446,1786792429.4853182,1786792429.7603161,1786792429.7865887,1786792429.7914872
10,1786792429.8521783,1786792429.876738,1786792431.0420816,1786792431.3162777,1786792431.342306,1786792431.3473542
11,1786792431.4137251,1786792431.4400678,1786792432.5218961,1786792432.801975,1786792432.8286853,1786792432.8339617
12,1786792432.8868957,1786792432.9123325,1786792434.078259,1786792434.3553836,1786792434.3815892,1786792434.3866751
13,1786792434.437771,1786792434.4638867,1786792435.6209774,1786792435.8993406,1786792435.9255664,1786792435.930309
14,1786792435.987221,1786792436.0162728,1786792437.1011677,1786792437.3786523,1786792437.405352,1786792437.410373
15,1786792437.465071,1786792437.4931636,1786792438.977728,1786792439.2583869,1786792439.2848976,1786792439.2901204
16,1786792439.3723392,1786792439.3981655,1786792440.4995804,1786792440.7849164,1786792440.811587,1786792440.8168976
17,1786792440.8754404,1786792440.9024036,1786792442.0783522,1786792442.3620403,1786792442.3890877,1786792442.3943229
18,1786792442.453815,1786792442.4816046,1786792443.757755,1786792444.0320814,1786792444.0583055,1786792444.063069
19,1786792444.120972,1786792444.146073,1786792445.2389457,1786792445.51659,1786792445.5435002,1786792445.5485497
20,1786792445.6022801,1786792445.6273725,1786792446.7991168,1786792447.0734282,1786792447.099433,1786792447.1041164
21,1786792447.1625555,1786792447.18785,1786792448.3592427,1786792448.6417549,1786792448.6680584,1786792448.6728568
22,1786792448.7287388,1786792448.754872,1786792449.843614,1786792450.1198418,1786792450.1459656,1786792450.1506765
23,1786792450.2170808,1786792450.242086,1786792451.404125,1786792451.7994266,1786792451.8257692,1786792451.83038
24,1786792451.8918285,1786792451.9196599,1786792453.1026332,1786792453.6536617,1786792453.6851954,1786792453.6903565
25,1786792453.749135,1786792453.778424,1786792454.9905214,1786792455.2726161,1786792455.2997355,1786792455.3049934
26,1786792455.3667235,1786792455.3932147,1786792456.5619423,1786792456.8489125,1786792456.8761935,1786792456.8812659
27,1786792456.9362824,1786792456.9630096,,,,
