,BeforeLocalTraining,AfterLocalTraining,BeforeLocalPartialEvaluations,AfterLocalPartialEvaluations,BeforeEvaluation,AfterEvaluation
1,1783619684.5552,1783619685.1345882,1783619688.0127122,1783619689.840481,1783619689.8417757,1783619689.9341834
2,1783619689.9423301,1783619690.4935386,1783619693.1442118,1783619694.8834674,1783619694.884101,1783619694.9753506
3,1783619694.9956026,1783619695.591994,1783619698.2217004,1783619700.1145153,1783619700.115414,1783619700.2158372
4,1783619700.3315418,1783619700.8623137,1783619703.5117764,1783619705.0830052,1783619705.0837677,1783619705.182208
5,1783619705.3185213,1783619705.8664393,1783619708.4986575,1783619710.2025106,1783619710.2036157,1783619710.3297393
6,1783619710.4487326,1783619711.118801,1783619713.8132687,1783619715.5386827,1783619715.5393004,1783619715.6144328
7,1783619715.6259446,1783619716.193004,1783619718.8408039,1783619720.4198794,1783619720.420695,1783619720.5236623
8,1783619720.6416194,1783619721.171451,1783619724.0635612,1783619725.722513,1783619725.7232776,1783619725.8205137
9,1783619725.8647177,1783619726.43761,1783619729.2042918,1783619730.8125985,1783619730.8134112,1783619730.9062839
10,1783619731.0519495,1783619731.5784411,,,,
