Round,Evaluator,0,1,4,2,5,3
0,0,,,,,,
0,1,,,,,,
0,2,,,,,,
0,3,,,,,,
0,4,,,,,,
0,5,,,,,,
0,Aggregated,,,,,,
0,Centralized,,,,,,
1,0,1041.2401990084627,989.8817620398187,986.4609276650474,1060.1826820625306,1017.5613071819465,1020.4561327300663
1,1,1035.157709203962,984.378629909381,981.211957406566,1053.788865962225,1011.7171977481484,1014.7467366778782
1,2,1080.772058717765,1025.1581328616192,1021.616463546094,1101.2531394119428,1055.078947381199,1058.3462970449168
1,3,1066.9111755572344,1012.7853713943429,1009.3042140568125,1086.8443574891908,1041.9102030945962,1045.0624161420412
1,4,1077.8844306262083,1022.654623338425,1018.9340262061149,1098.3264457083292,1052.4062854422623,1055.504990109845
1,5,1073.0072096274607,1018.2128250567475,1014.7342672664669,1093.1696324633967,1047.6922694767973,1050.9221717364069
1,Aggregated,1062.5650277251168,1008.9077407367203,1005.4380158833056,1082.3335641422839,1037.7941394853426,1040.9058741693452
1,Centralized,1062.5650277201794,1008.907740736595,1005.4380158858744,1082.3335641505712,1037.7941394807463,1040.905874152465
2,0,100.61810315897273,83.23972618127337,81.80143080367394,102.10400284257024,96.69302572724312,92.8650609301261
2,1,98.10229196659385,81.83824563365255,80.43740502432333,99.46915321787942,94.4717031055009,90.82637603767733
2,2,116.7064568887715,91.92690758393756,89.99586521062002,118.61323364219348,110.57211298416688,104.90985521302437
2,3,111.171942269132,88.87989901629109,87.14398835546761,112.83215452590436,105.69622998920143,100.75652068723427
2,4,115.5904181390402,91.35533236347428,89.48532945541568,117.51590331657299,109.65913933558849,104.24560881779178
2,5,113.60359077394816,90.21936360131454,88.39869263266895,115.364105909886,107.8562359544315,102.5891041173323
2,Aggregated,109.3272792139396,87.92555692539958,86.22538824581376,111.01271141053388,104.1829917120111,99.38763708247744
2,Centralized,109.32727922358164,87.92555693975343,86.22538827231077,111.01271140579946,104.18299178105121,99.38763705129695
3,0,6.820567071265077,10.558501216007592,8.46191453682821,-16.289341979518454,10.993203660197382,6.6046508354441675
3,1,6.268961224008323,10.291373511063451,7.8610923259806516,-18.258379150762313,10.389879558150433,5.6608335685126105
3,2,11.049386596331354,12.684583925938584,12.288813806491241,-1.3124626185705741,14.279851014848473,10.951656393498437
3,3,10.11205979786996,12.369254092866594,11.385459662636352,-6.136401431669271,13.424339018079406,9.380125394553119
3,4,10.892466632144558,12.803851382722474,12.370296094455327,-2.280314873801035,14.738365620652322,10.94036995965654
3,5,10.439172148063138,12.611617701339462,11.855782398742877,-3.9039931333806637,14.106222927281529,10.187427074261253
3,Aggregated,9.270849994613013,11.890117185124192,10.710948873138877,-8.005194605042949,12.995552788546506,8.96327732716036
3,Centralized,9.27085000116064,11.890117153788376,10.710948886154016,-8.005194608951978,12.995552792502895,8.963277282346091
4,0,10.667993617057435,11.5173320621409,10.532502865678227,15.359297586873348,12.167785543461166,20.99834473405546
4,1,11.369780564691057,12.201858714091694,9.76872037893671,15.500791701099383,12.541751646456628,20.048047307090087
4,2,7.6828519763808725,0.07267394197331215,15.568230152071816,14.752476553163804,15.045364774401882,21.741333626159175
4,3,11.082530467681748,4.608200116856004,16.14694788386372,15.598402458699042,15.43991137006212,23.566138751835247
4,4,8.77701507605795,2.852351868756553,16.77885647844316,16.356472452182324,16.48756021183664,23.790607654255478
4,5,9.164796713574484,4.243711154086234,16.78060952883829,17.474972162991275,15.788094273509914,22.760661613180634
4,Aggregated,9.785220724817593,5.900626333842259,14.271342214425347,15.838399855412854,14.58238429226727,22.15769833526089
4,Centralized,9.785220759589311,5.900626332307062,14.271342218726858,15.838399875569081,14.582384304266665,22.157698345309814
5,0,34.669398357069,21.3041578417767,22.680642151941,35.57518157509944,22.385849311088915,34.300208678443624
5,1,36.03707877200683,22.546721397785486,21.811139833490735,41.0712994135054,24.254474186286096,31.865118189614773
5,2,47.257183735783855,18.849328735946763,14.520826569191549,35.99888309719383,13.038564884592425,43.61448319279936
5,3,53.30522682142651,23.542042538795613,22.86452922963628,40.56491737542436,16.7593887447741,41.373062137502
5,4,49.92597678716215,22.370986688778135,21.156835129679802,40.61940786436536,20.22460029626166,46.149774807202895
5,5,53.346486305864005,24.633746953691844,23.95149961850971,44.003722088259735,20.415207628015096,45.64365446817491
5,Aggregated,45.76188460131681,22.19940066585999,21.15743193868324,39.61859248735318,19.500860793276043,40.51162116700577
5,Centralized,45.761884601114225,22.19940067695511,21.15743192454913,39.61859248883196,19.500860739714387,40.51162115686798
6,0,50.66071149283329,21.274159497523655,45.75456889355693,81.57881337860059,80.16747965391514,66.08984925486305
6,1,56.688328574961105,31.044387891656445,50.16144480463825,94.69915173061825,88.69718248343284,66.67031404023975
6,2,33.700424909998084,56.76286734551071,65.89881913579208,93.62299054542467,74.83516367648522,68.18490768867062
6,3,68.60166950055333,50.23838409428196,66.35184806127677,91.4858848376191,79.09228138770611,66.92853311695175
6,4,44.79459508211481,54.339452821193035,68.9499105923436,94.79333146891412,92.19352656090501,76.05345616774271
6,5,60.13883692860497,64.53131209366157,74.94839392761034,105.14623722953601,89.77686235961211,72.17410733148593
6,Aggregated,52.37286864881843,46.353600325952485,62.01029908490098,93.50837087847624,84.10837445299218,69.36206483230106
6,Centralized,52.37286866578985,46.353600327545244,62.010299091667626,93.50837089359035,84.10837444472524,69.36206483485823
7,0,38.42507712595372,44.8571653586591,58.91478223831388,49.2714650902789,87.4658346326772,58.37766734889036
7,1,47.469167210667365,58.2026033824884,62.50794640940886,67.16378949081192,90.51887799805729,60.082365486487625
7,2,56.480159011771015,76.72074664474798,64.27646140015487,66.85594289110388,85.63536126043098,51.929992128281384
7,3,81.29012939084679,72.62396065389633,81.04972721255226,70.58220011323543,91.08853581078274,48.680480045857145
7,4,59.3006175385395,82.42373876888901,75.8098739595485,76.07802868840982,112.65700863709561,55.36944891493819
7,5,74.29972474192469,98.02588705362474,74.99172348534722,90.20527679502396,104.17351841902536,41.913551151859565
7,Aggregated,59.51021574642781,72.11131121988682,69.59392222440296,69.96916241009338,95.27560710526411,52.73775239859723
7,Centralized,59.510215740241016,72.11131122656947,69.59392223828333,69.96916241562462,95.27560710651493,52.737752398328816
8,0,21.55665639166234,41.197493721066124,39.7958467863061,10.653335413623187,24.801351529684972,36.423255610517224
8,1,14.293983653463677,52.25737128301058,32.69061377890584,27.755658763310187,24.180104706633657,35.97172071216931
8,2,19.63413524913021,69.33116042863838,38.307875076963676,32.74179898099278,-0.7560641847482884,49.416329922168046
8,3,69.53264129919351,68.22240671550384,59.25839482986487,31.439557054032125,-6.651167574147962,28.94449661607879
8,4,25.667012611197734,69.50824324251316,47.075515610481006,34.01203466393983,21.871307197225068,31.953803512139135
8,5,26.267694371036857,66.97870788329074,19.82343261033894,31.319906591853872,-19.952579509264645,29.052558373650218
8,Aggregated,29.514533197152634,61.248196887256775,39.56363643527998,27.960757496279673,7.3072924604773535,35.30384355315797
8,Centralized,29.51453320418427,61.2481968970826,39.5636364408107,27.96075750326689,7.3072924726344635,35.3038435729973
9,0,-3.402693239638245,11.28178710460757,18.333608012426442,19.2987485362503,9.27086564797103,9.609430502867168
9,1,-5.952050460938929,27.458766848799517,15.634358199960202,32.42247116516479,27.47808257898256,8.857072550328247
9,2,-6.282526702427703,31.17719257956966,33.12044187039339,43.91659326827879,36.28676035362216,9.435568758150321
9,3,28.01257709101895,36.67087571558673,45.631460465663785,34.63899055745051,3.680256341987231,-0.22944485480753277
9,4,-8.200438865183544,32.704559547696356,32.43374465856528,40.033131442038254,38.691920807092465,-2.7482798664295873
9,5,-2.4453561499447196,49.42887334515585,13.038151215316308,36.15493672714459,34.476215785761696,-3.3657771737111717
9,Aggregated,0.28135184234848415,31.395559394339,26.421582036024123,34.39922739630822,24.96055902226672,3.5890434154463997
9,Centralized,0.2813518460765983,31.395559385071444,26.421582029649507,34.39922739380249,24.960559012126215,3.589043412718839
10,0,-24.478734823299263,4.167574398300443,5.598998688660713,3.828723261451688,22.57718602277928,15.073728993615706
10,1,-35.005098936520874,11.994318597937482,3.0471766723252385,19.305075451861644,30.63635838206504,-1.4993445121577074
10,2,-40.55141088895949,7.20284953457808,3.881285370579868,27.22196631029404,37.75774859448024,-4.988775493291785
10,3,-1.4686446102655433,15.070958868471108,22.6982597549738,25.07407095911952,4.111215305746388,-9.497495061788262
10,4,-41.07945644576059,11.718406710138234,14.801683779081445,22.18633421729047,42.21703850437205,-17.469423073601334
10,5,-32.07131576028774,17.579640708406846,0.9963864453020354,27.931048608151322,35.299195904676836,-7.611639454114644
10,Aggregated,-29.109119426309473,11.259589132270687,8.53961672786391,20.886938260488982,28.77232126974669,-4.324197342389377
10,Centralized,-29.109119434551648,11.259589143151992,8.539616748503724,20.886938266078115,28.772321274192382,-4.324197332351025
11,0,-21.55502998496115,21.076766016621523,-15.839993510572594,1.436880977090658,2.101570078313221,41.851655663083896
11,1,-5.290415037826831,30.07357182433452,-2.948226302315941,17.456912475179326,13.215408048534922,7.572773637319038
11,2,21.2676776594662,10.353082221174985,19.96007492768003,33.135886371732944,21.83591823147272,-10.947536600043973
11,3,25.470015467857106,32.64613625331361,18.299699266715063,23.584252857413297,-15.39362096916156,4.538076051449187
11,4,2.626787112369677,23.288526135762012,19.009121247976296,29.335257256522254,21.62492275632858,-7.8915735856784535
11,5,21.36309304632071,26.30901681912373,17.73305981479111,35.9106731635451,33.49963351960412,-16.309101881786763
11,Aggregated,7.26416069507818,23.919244492557976,9.36751330162205,23.44597065920536,12.78070540416755,3.2052359536237707
11,Centralized,7.264160684772734,23.919244482278337,9.367513293667189,23.445970690238365,12.780705398864878,3.205235947978888
12,0,27.97679214988863,16.693172275324645,22.990690505854136,-13.79222628093582,-20.63771711153129,-5.518014647224573
12,1,6.841298599000349,29.25232810809688,14.950203736910407,-2.5242723345495772,-7.087234199881842,-26.40149437374174
12,2,10.653025217258467,25.611834903850866,25.641826802049845,-2.813547331571786,-20.64817763365828,-36.14644196288209
12,3,33.09123027652454,19.816529560394713,33.473951107159785,4.733801326674651,-25.318750007838247,-21.870897930996634
12,4,0.17344963047761122,30.403181403339143,26.947254329668013,3.2767523894996056,-4.910152111380342,-39.51875911768536
12,5,15.30694753317938,36.30965586257883,19.015180359266115,5.984790570592602,-13.941190244535788,-32.07462859080181
12,Aggregated,15.691049585707287,26.310014513889946,23.879313409376472,-0.8814518683213426,-15.4427974139059,-26.90212084555023
12,Centralized,15.691049566474799,26.310014508989862,23.87931341104976,-0.8814518751669614,-15.442797414137669,-26.902120853459863
13,0,-47.47968243213254,39.687838552926756,2.8245226431851114,-53.25153450359054,23.686400616137416,49.646639794694664
13,1,-33.802844356206556,32.07535987409133,9.99210449211877,-21.09317435437631,33.265353818333054,17.606670098809346
13,2,-0.035643433932444346,8.403832735594973,22.10376065872596,3.0567152053838806,25.801433961897946,5.288175375916688
13,3,-12.58774377140084,34.776625916497565,25.726807676050843,-15.722541367310315,14.289868703147674,16.835594297639787
13,4,-26.94826762950535,26.160314680226804,22.316177790534137,-5.783954539343798,37.201937330175625,0.6617499908424666
13,5,-8.467314881969232,27.409585805677157,16.396889260136895,5.234466548128802,37.6322727299234,2.1509558235399866
13,Aggregated,-21.59385255853226,28.084520128818642,16.567547825963565,-14.660013494987174,28.62425428007083,15.415154376071447
13,Centralized,-21.593852577489965,28.084520138292692,16.56754783009107,-14.660013482565928,28.624254290849766,15.415154387148279
14,0,-41.84421460597673,37.593761277974046,-2.6656943687964567,-1.9117745463416327,24.077201174590723,6.685846345514465
14,1,-73.89912171227901,42.13632166755494,8.439945266758105,5.41132976504602,29.851919997200387,-15.5905817162709
14,2,-89.78426722148843,41.14576379349614,20.484882630651846,4.225887742027962,21.911691734417484,-16.802261358951615
14,3,-45.59904694200513,39.904296935584476,29.895042420856473,9.028625159806568,1.4679887730555807,-12.156569309755984
14,4,-84.12247918262271,39.599517650552954,19.645954996205706,10.77773856121418,27.683717962019475,-17.86835573204698
14,5,-84.11577552584278,54.11134105659336,15.95575282956189,11.458876954399475,24.52696355933423,-20.47835071009024
14,Aggregated,-69.8400345941566,42.379129910202906,15.286956120487645,6.484121340313639,21.575099575484636,-12.651266544331303
14,Centralized,-69.84003458227386,42.379129915290406,15.286956082571542,6.4841213320596,21.575099577596273,-12.651266561465217
15,0,-41.81884185961053,28.24046333473879,14.020497200307862,-14.466333920243882,22.060101423103006,30.39837525253445
15,1,-24.578309894804356,26.92711365674337,2.2109441103853267,7.884370769970039,27.982779770795716,5.403436198515068
15,2,9.257446765000834,7.4226279777579895,-6.573149048259357,6.199386696990128,32.351616124799186,14.441504713382109
15,3,-11.998009785250026,21.44481178403326,20.517501808303386,11.993745423479186,8.107944802434377,14.51228722990708
15,4,-22.190036426052025,16.916489807457534,10.10501714481837,11.222513064817596,34.11235440752432,5.137595629948333
15,5,-1.9817774645272974,17.19783398960573,0.7601828298148209,11.938821254727388,35.741360836639274,8.363595664103075
15,Aggregated,-15.604926628445414,19.678216304757548,6.881315890863992,5.746934886811154,26.717231049459173,13.095510552804349
15,Centralized,-15.604926632536019,19.678216308861955,6.881315881050075,5.746934892726531,26.717231055766963,13.095510544900678
16,0,20.005940325258404,22.216670888467956,-30.29386467352863,-5.2460858939049295,0.7677934473676487,10.075969653527656
16,1,-21.854470469058448,33.29540134631625,-31.767013022676565,4.353373035837262,-9.835396952130097,22.928532569556065
16,2,-15.604977041977637,31.928852120671305,-41.47734386810176,3.7880703567314717,-23.164476116073153,37.110500639253544
16,3,4.219325024865558,24.885757468713923,-7.033338863314991,14.705349425595655,-26.367969542444776,12.396908027187017
16,4,-22.90125877864176,33.57824050042982,-32.66594165550681,10.557855524824161,-12.617440218370493,23.408550191066038
16,5,-31.710937181323096,45.09246708802204,-40.94056437552414,19.98423865140367,-20.75704407351589,29.987351433012464
16,Aggregated,-11.200909831991664,31.789521421085976,-30.685613551654605,7.990552918567469,-15.300259915046558,22.6201616819986
16,Centralized,-11.200909837415358,31.78952141131111,-30.685613559484256,7.9905529349777,-15.300259932700186,22.62016167942952
17,0,13.063076654916932,-12.337744387901102,7.938410123245348,-4.136279527837301,22.24045550882432,7.781741230193945
17,1,-8.040742035777534,-26.407833845513327,9.303691201025325,17.51271875657444,21.966591735974898,11.098450708422257
17,2,-2.2174302178306915,-48.928561667216336,18.995307145278716,22.44747026071013,13.922659848485596,28.691631932319652
17,3,1.4249913503004525,-35.41142928840249,29.477283262845912,23.204533960307312,0.5437125677321332,22.052969590763382
17,4,-8.723124249506371,-39.14271591178144,17.679216789540167,18.415726283535225,17.31386490191131,16.90525068400517
17,5,-13.75770854150527,-35.969893356617014,19.946386654219566,32.828591098934645,8.71032054444248,24.49460821152843
17,Aggregated,-2.9856287356684037,-33.02663113644192,17.22596260625138,18.310661509774263,14.125092699150862,18.496193890843042
17,Centralized,-2.9856287302453186,-33.02663114710571,17.22596260637163,18.310661476993648,14.125092684093364,18.496193894388508
18,0,-59.044543466125916,34.510737476997896,-29.25122670706492,10.963731571253058,11.619206109170376,32.11980834635048
18,1,-33.811066825640744,40.1760224157586,-44.38955211531242,11.857187680215157,20.914696721576075,22.429338073120206
18,2,0.463936809793323,38.52340998211955,-55.774550786710954,5.082523429564226,4.407607884956222,29.592803916503165
18,3,-25.630130391035102,32.14262355800195,-17.394444791928688,17.852306383649534,1.3774369294855882,22.87863284856634
18,4,-29.670994697409682,44.073499237381775,-44.05927103743587,11.645925064251132,15.99188908650828,21.23773578673825
18,5,-15.981571251339064,46.66338487000786,-56.51998390755786,18.10193628894079,8.618654352191415,23.333131244262788
18,Aggregated,-27.337364554869314,39.333633468474524,-41.18432522304207,12.567551621147075,10.469890026400897,25.285495935181533
18,Centralized,-27.337364531954993,39.33363344172764,-41.18432520995664,12.567551634952325,10.469890006039588,25.28549592181559
19,0,34.64132149212858,-3.6252034992066062,-24.200232922642737,-51.34432859347661,37.21472289552986,22.907416794021824
19,1,2.8156404541233524,12.273555080844917,-30.8012212498308,-47.36607012166173,42.37683527355831,25.59797946112891
19,2,7.936456693674314,25.227840518687035,-41.83293077355192,-71.33615945749717,33.801194938374614,51.886795734582
19,3,18.26354851452433,-1.6597414909385602,-0.7448903178598181,-34.417114507681816,19.634908052048168,24.518757006973352
19,4,-2.041900468127744,11.416387430036586,-26.40784283065275,-45.79559971967832,39.06822201359334,27.2617972467837
19,5,-10.594089839524786,37.02729461213734,-40.49220854141098,-55.62002733557431,35.27993974370446,39.3817625623611
19,Aggregated,8.585577690250648,13.372568388408455,-27.379201434345116,-50.98340153315136,34.55229597641289,31.913744646026064
19,Centralized,8.585577681256304,13.372568375434891,-27.37920143798666,-50.983401553334716,34.55229595785775,31.913744629822325
20,0,21.459030262854522,20.14311699495066,10.452829420914147,-29.882830639510324,-3.7061785741437125,6.211495526315674
20,1,-6.2683167564931885,19.890973314962352,13.17214412509976,-21.675871369427533,-4.956955526998379,-7.38751169288011
20,2,12.621043059160122,18.88431219680331,27.081762014322727,-34.6259516468065,-20.280527749549034,-2.4170392808794463
20,3,5.123020232663918,14.084208805484822,38.35742298445791,-19.1341780817399,-25.180982151131523,-9.901332523616093
20,4,-5.844455723421523,23.14515638324818,21.077432801151733,-17.882542809896623,-12.155908027649007,-10.927702062423341
20,5,-7.788990531269038,25.61557114723714,26.603054352967572,-20.354113317805076,-24.739221797408916,-5.303988746856741
20,Aggregated,3.28933602524077,20.29209107824906,22.78658400029857,-23.943641980176693,-15.15762056837712,-4.933960079058693
20,Centralized,3.2893360189291494,20.292091080236247,22.786583983165137,-23.943641967176816,-15.157620556966778,-4.933960071937708
21,0,24.435606310303704,9.018300686264135,-22.575097729394326,-11.82587857738577,26.18996490166291,-14.761170884332415
21,1,12.355822552385057,8.231399860455513,0.1260448137052505,3.216147466918757,17.153060328714027,-7.523761043534708
21,2,25.048352739532916,11.95344234488114,10.682530867133154,-11.263134542597495,1.2344162121209346,7.606084891110152
21,3,19.596998192883632,9.874089557098685,21.435114487058197,11.367797011920212,0.1752667800899199,-14.326240646623864
21,4,12.845383922673445,13.394658978169627,3.1723906314140145,4.7695209326209005,11.652095899105035,-10.4817590367091
21,5,11.782954673573027,22.081831099055115,2.581340421107032,7.7562899628766075,0.046544270005339665,3.3111467395214733
21,Aggregated,17.711746014149032,12.417876015370426,2.528531910096956,0.6261188165088786,9.436796774802723,-6.062126886996641
21,Centralized,17.71174600871357,12.417876007976684,2.5285319237985515,0.6261188151881142,9.436796769122543,-6.062126884983591
22,0,28.50175178213701,18.841790808270062,-26.356777190612515,-15.978379134254702,-16.362946092409143,18.753116887409973
22,1,5.889226928022467,17.749265485240276,-16.781948816385896,-1.9035570035564693,4.076688852957859,-3.320103204607329
22,2,12.736271051351391,8.047430168033584,-4.534608043884039,-4.692289665953357,-8.859832811856647,6.82515027834478
22,3,24.997331827861405,8.808122272784717,4.837860658379031,3.264138553176646,-11.74086418118574,-6.204776938282057
22,4,3.732175504457838,18.065998182142184,-14.539675325680257,1.7992236114353355,1.3206585909116477,-4.218773120075563
22,5,-5.294704196707179,19.60184815784102,-4.298013284498286,7.778048600420636,-0.921539949473284,-5.741471141268971
22,Aggregated,11.825677520813853,15.181304178299673,-10.310025416898167,-1.6618144333937608,-5.462702820044461,1.070407127046843
22,Centralized,11.825677535145655,15.181304184649035,-10.310025401593462,-1.6618144182145442,-5.462702822701921,1.0704071548303422
23,0,-41.92098602019164,22.62983446734979,11.603252557983136,-12.983911714633592,13.10018833141861,20.955300848733234
23,1,-32.425007565019044,14.943137153677641,2.12877771473841,-0.006884459330408769,17.112308401917794,11.774871932675728
23,2,-11.130593308649626,8.291448861520196,6.695293358723335,-7.164473411611347,6.097963024888997,14.279129616242841
23,3,-23.459646822048594,9.245560196297982,21.214841466023103,8.878527276055722,-3.506674201601135,3.9624282160930946
23,4,-32.71673045603532,13.3575775767133,5.284843145457295,4.784237276096223,10.42973677013402,7.273854656110129
23,5,-21.512693022957496,16.16093311588475,-1.374310622484836,-0.07616264129016297,5.668016360083235,6.997666983100026
23,Aggregated,-27.22355921275535,14.112662094134192,7.627279109806277,-1.1156093428006513,8.140620576140417,10.89289904330184
23,Centralized,-27.223559228682774,14.112662081532449,7.62727910884,-1.115609362284686,8.140620586248572,10.892899052184001
24,0,31.90012155784984,16.201012353591604,-36.18755201309796,-3.5711430773634376,4.140095507598894,8.411133570918569
24,1,11.572851109408102,17.01762162438301,-45.68068859195221,0.20811798040768772,6.425853743668839,13.041976371568854
24,2,25.618845985386567,14.843679691865885,-52.26456533334236,-1.9158865410697798,-9.64169367464138,22.193384020725773
24,3,4.7566568974924195,17.245030651719752,-18.664032570647013,2.6680903602270973,-9.324597929789563,17.974099382224754
24,4,9.986821918231772,18.092400289137522,-44.40854503715611,4.930759306874166,-3.019909878333788,12.344446114203858
24,5,5.2459936392738635,24.506144088711036,-62.38874002025362,7.333636598352675,-10.50774894319595,22.75459165469874
24,Aggregated,14.904976731059024,17.971455669939196,-43.21857985425251,1.5985841531976392,-3.660428771526962,16.09643537202877
24,Centralized,14.9049767298062,17.971455675901222,-43.21857984975571,1.5985841551054938,-3.6604287638324076,16.09643537472348
25,0,17.771916989241255,17.313626764759036,-20.424355318710298,-24.849101260140834,19.42109595791341,-17.676864875349786
25,1,24.285576578138727,20.560854597401,-7.779233011630906,-33.88204068938833,17.585604336958415,-35.107980630756025
25,2,50.038006987242966,11.398065605263763,-7.729052759421799,-48.190348092228035,15.636421904442154,-42.09657808925642
25,3,35.30473358937108,19.406645288376694,14.244847388816808,-27.781727489750747,-6.334590790362939,-39.3573940167942
25,4,23.91049541433878,20.138319331073756,-10.396469231528396,-30.282176072614302,17.427845262108747,-39.44144315651685
25,5,40.58981657440866,22.97755644153195,-24.96459746820272,-36.168454601631254,9.147793831923455,-46.87098881098076
25,Aggregated,31.953540263507975,18.61601199980326,-9.513688821760926,-33.501252442857556,12.164959378488094,-36.71441668089742
25,Centralized,31.953540248878365,18.61601200211256,-9.513688836623679,-33.50125245105143,12.164959385629572,-36.71441668625956
26,0,9.445212581937817,22.79945224612425,-5.951357026661404,-19.668202457218683,-8.978798501677073,20.226708155171927
26,1,5.692838464626499,17.383303505626667,-6.256400968846249,6.181562951121421,-4.435586285454995,8.792593072441433
26,2,9.320905976620026,15.300320122647237,-0.924889786035025,15.21159468772884,-25.180860418755927,22.733472412773505
26,3,23.763046749706216,11.664367005616297,14.466235497393548,8.114188176964904,-26.056994356926598,1.4165727294890909
26,4,7.506430517912386,20.07881523779045,-3.4623095961659835,7.0897309704197315,-12.918718856669317,9.737863839724183
26,5,-3.463560192321567,26.604805793580876,-11.387074142787803,22.75206316728834,-22.75484162415897,19.05714226894718
26,Aggregated,8.739493354977363,18.97358586614818,-2.2351355017284567,6.536331230260696,-16.729182322581828,13.67768653900707
26,Centralized,8.739493355232593,18.973585856388517,-2.2351355056789823,6.536331229707518,-16.729182318970256,13.677686547191199
27,0,8.012344551232792,-8.668359965854465,5.394668200600473,-10.935387561910131,2.1822067397289073,13.306335891363766
27,1,4.242758225795479,-11.102344200418921,0.9893379109555547,-7.001200182270251,15.38707831852392,9.472706696438422
27,2,14.836488484565747,-27.073407016469755,12.118055344697135,-15.61984816949546,4.174800653826656,20.374037202997386
27,3,14.658947611767687,-15.4339578875085,29.437554092458534,-5.542821504256202,0.8459480139049144,-6.932478790155818
27,4,7.177838757668069,-14.276834307506824,5.430727492209955,-3.4516727035674055,7.335319845236202,5.457412513887759
27,5,12.868804144366292,-18.63590523791984,5.829028294755783,-10.139730630186211,3.949047753172598,18.791965139943144
27,Aggregated,10.304892933614813,-15.862299408064873,9.882676358478218,-8.781203133703682,5.612706270492335,10.067837030287965
27,Centralized,10.304892941362366,-15.862299399565845,9.882676361292242,-8.781203125654422,5.612706272208869,10.067837041472314
28,0,5.071770921443647,14.354620554687585,-6.043420646610749,4.822487305454474,20.400027641837312,-22.59734385634444
28,1,-1.9264760704483481,9.82363530017538,4.055189500091808,12.832440391338308,20.342541844019273,-34.10216978819392
28,2,13.185734608874451,11.758285060247893,11.659405025317968,13.676440586899801,9.349891704085689,-43.65889007454382
28,3,4.536833136221258,5.779214453368847,28.586303836526767,7.545276625647198,-3.7410087475290386,-35.363576804702035
28,4,1.9949954727475971,17.626668334786608,5.101309321081021,12.408711165362732,11.838263508900296,-39.91351656070944
28,5,6.1192558920856985,18.814893404781056,7.619848620475775,17.179983640553942,6.661731658431457,-49.056801344194476
28,Aggregated,4.848311556892314,13.040081981757256,8.473866504113085,11.385927241658015,10.807433285570536,-37.41687900887577
28,Centralized,4.848311540469296,13.040081975931294,8.473866499671171,11.385927218317377,10.807433262371719,-37.41687903890573
29,0,6.952700262465206,6.8364971276609445,-3.87438867527226,-30.65872962030636,9.963858809699273,6.899814513692134
29,1,-1.0962498748158098,10.968973736311556,0.9228092782231948,-31.245186441457786,19.388905187072417,-6.506063754092308
29,2,3.7923341589501933,9.990504585368353,10.063990505269524,-47.3936752363613,18.01404811938254,-2.513570716428161
29,3,8.141344382673465,6.232371383730443,32.52891634443896,-26.848043915291996,-3.6241160486049426,-11.667283478750953
29,4,0.2746596339179045,14.9068872774378,6.804405984495421,-31.363559101247514,14.937757230456302,-9.78259006951461
29,5,-8.477057170470706,23.208734635541088,3.005440405075107,-41.977270302022944,19.34263127246217,-11.213234105976616
29,Aggregated,1.63291084579746,12.003384036234268,8.244854168766693,-34.90362958915836,12.973445876587428,-5.765645208868747
29,Centralized,1.6329108601028741,12.003384039218988,8.244854176150875,-34.90362955901678,12.973445868734434,-5.765645193486888
30,0,8.653709669127455,17.71669747555129,-15.74067141381043,-6.656700637408964,-5.736208475443788,8.044462010828097
30,1,3.5742774885929314,0.37528607575742146,-1.260040246303185,4.757134610069943,0.9321112400992155,4.593636018630048
30,2,9.566998493613692,-2.3407789334180626,10.743630495577891,4.411285858302923,-16.638889471149806,6.428095579334379
30,3,16.251133037026435,-15.23412560387036,22.61386471198003,9.782386580138601,-19.06710933162597,1.4484432206622784
30,4,3.8011519361616872,8.044146389088715,-5.689756735866306,7.018756380846166,-11.887081984346246,3.439012219625635
30,5,0.09762190903575932,-1.1263739927597498,2.5331334389186546,19.893899896772606,-13.567937163940671,3.8737795394979457
30,Aggregated,7.010618135110846,1.2960731935207321,2.157183590623122,6.489347748717534,-11.021834979206675,4.6449441575897215
30,Centralized,7.010618129379108,1.2960731910923173,2.15718359967478,6.489347776064221,-11.02183498030315,4.644944164253246
31,0,10.186127386759908,11.374960366262426,4.971826554248971,7.557434566333058,-44.47459809701597,16.544310909239282
31,1,2.452504194451786,1.3661789058751526,2.9698038879462425,13.729221722614296,-41.69785605759424,20.259299490639755
31,2,6.732580601608259,-2.716881372509355,20.569561191932305,13.79182052599404,-66.60169983539042,24.117111241645873
31,3,14.609413507849933,-12.559259976307839,32.81395910831106,5.247231507141929,-58.54140243893414,15.077739730004193
31,4,1.2356690014777618,6.904948218344947,9.379442652772454,13.751494830900743,-49.70606942588902,14.833876540750104
31,5,-3.9055638998824382,8.799994823490085,7.29017474711326,21.469044896710265,-67.33213253855303,22.297810904388065
31,Aggregated,5.24466866581855,2.2155127796199374,13.01855828908752,12.565163901735014,-54.71895201260398,18.833197836514906
31,Centralized,5.244668657400123,2.215512760528068,13.018558269875234,12.56516389055054,-54.718952029101395,18.833197843672153
32,0,-132.18145777704777,43.80654512167192,3.856279173928593,-7.377417754015611,37.44252520721638,46.92364806240608
32,1,-113.53236778881,41.64777760658951,-2.8239452946682264,8.350013574525077,39.94061132112665,36.11153058153228
32,2,-82.46400314321673,43.45671698715372,-19.292496090042057,15.217871850815463,24.672251834481486,39.996273842997006
32,3,-92.93124054959102,34.042541013604826,25.463789229899838,13.30040927274555,21.705909355129624,29.848708245007067
32,4,-106.06907576942127,44.20779820506356,-6.663837061887208,13.40307668903919,30.664860706679924,35.547722638390034
32,5,-85.81955794400399,47.102496361517225,-27.87866823224399,19.455159376594494,25.132957776820806,38.30100265201798
32,Aggregated,-102.22119346566872,42.37994965863787,-4.518212022014442,10.353749841558592,29.917628951383314,37.80876481891989
32,Centralized,-102.221193464193,42.37994964345442,-4.518212044689445,10.353749819638526,29.91762893425948,37.808764806465305
33,0,-143.83077532670958,23.943717869016726,24.01040539702417,40.196784193386094,8.447413074663764,56.83051517264204
33,1,-124.22826999764685,15.803352801151565,31.041440357675633,39.01027864308899,9.817022832734043,35.02437848318174
33,2,-94.01972959569088,23.03941037548817,32.135721256914195,29.636266432799736,-16.514648543518234,31.37107474832455
33,3,-103.27163488167422,5.982062851977619,49.78246883255691,30.18054514275424,-7.731300515994417,24.360594183129983
33,4,-119.71220252095267,24.268073674608488,27.08534767876253,41.800325707108954,-2.689546148943525,36.47791716181117
33,5,-99.23901055565766,35.90927313441719,20.357207130671963,33.991730853619124,-18.680067145238585,31.347633761123028
33,Aggregated,-114.10991553423614,21.498477222312946,30.728768048372103,35.81571565518707,-4.555042141119702,35.9573194467277
33,Centralized,-114.10991553074817,21.498477237651684,30.728768052152002,35.815715663516194,-4.555042140873795,35.95731946521267
34,0,-20.251475228488417,3.1188571220378876,7.018681235874792,-31.258498481353268,16.541746143886332,11.581070676895504
34,1,-9.969387070927398,9.859436172244411,-1.6802828011242197,-38.89252255180819,22.91650456691887,0.1269215471248395
34,2,15.412276267965785,0.7913136488329814,-1.2506771665895782,-53.025967138934,11.479879576852598,1.0304420371484992
34,3,15.19389343489257,10.034841521800805,10.404993087280847,-39.66776508720497,7.059983901076551,-8.80644715445109
34,4,1.1897435837967894,9.630028548522349,-2.7194475128216014,-35.49475694430544,15.175656499142097,-4.301295869211822
34,5,9.902345664698611,8.91210424686746,-15.046735443931407,-47.399659308302056,15.123643287825997,-1.286307672552396
34,Aggregated,1.894713951973689,7.039745947117652,-0.5070746431968517,-40.92492647491423,14.69258032681153,-0.2581734629766187
34,Centralized,1.8947139408926534,7.03974595506036,-0.507074656407203,-40.92492647835964,14.69258034427891,-0.25817345591297314
35,0,17.43183878578165,-51.06850856119512,28.31992358709175,0.039539193562958035,26.08281085211985,-19.88253347860692
35,1,16.728576724620527,-52.932065281318316,22.916769952513505,11.885066856117884,19.426642894549204,-10.396576222213847
35,2,22.370402335152523,-40.78395453119969,23.119908992793732,8.143805687262509,14.73194520020092,-4.02154240337271
35,3,27.10675481034439,-57.222124200508844,41.791948231426474,10.598639437171517,-7.293989729675853,-14.918504098415232
35,4,20.720819954146666,-45.453065415061445,22.165872967382008,10.723989642522278,15.30198461151788,-15.934815464440973
35,5,15.7959250785406,-25.700219403162645,10.565244397603722,11.964807544662227,15.682657451179761,-3.044407958154382
35,Aggregated,20.04036808363719,-45.54468783029506,24.84325210241247,8.862386430883566,13.99852596171185,-11.408627086673677
35,Centralized,20.04036809339959,-45.54468783101914,24.84325211300464,8.8623864298833,13.998525953847615,-11.408627078368054
36,0,29.422502009164084,32.542391997496615,-111.4332741105121,18.11932600228502,31.372296349009417,6.719081033394324
36,1,20.892929537031463,26.51491880814511,-82.53232318207802,21.105470453591444,24.840209512802915,-3.930693483865785
36,2,22.081757657013966,19.18391078102401,-62.415068501504486,8.59795634167632,17.24322628430067,0.9049749441938811
36,3,33.69765891163351,21.623810332189887,-50.97046233084858,14.606809014971503,4.446710189112282,-0.27836083177643456
36,4,23.917910818410043,25.640145182699456,-81.10514206109207,20.452531340738,21.980976047577478,-3.0690164690908235
36,5,15.535205013042368,28.15236266188288,-73.684381863124,14.434874188585253,19.36787316427368,-1.3822618680253438
36,Aggregated,24.292468990127396,25.614479583987535,-77.08877743250149,16.216729379920327,19.888926434899453,-0.14966551499822142
36,Centralized,24.29246902242412,25.61447958427189,-77.08877742654224,16.216729383971323,19.888926440631383,-0.1496655004989476
37,0,10.5999797346301,25.70639667016753,-19.21446999849365,-34.66761229703036,8.142516647666529,21.05734940895975
37,1,5.567192002981814,9.411066686319637,-3.638545621562197,-22.95495144684456,7.6015185134426755,12.671460581690187
37,2,14.975780425940174,1.4440229795785575,2.1039919594255587,-17.891187764665407,-0.2879000925805769,2.0848748233970786
37,3,17.861131681335696,-10.914057475730285,19.385551866986468,-22.681975984476153,-12.536956782314041,3.648749626124542
37,4,9.798660315114706,13.979444389458273,-7.077832032083701,-20.597670763601545,8.194160366263402,4.212595781799001
37,5,10.378435711554252,12.589168302382374,-14.31125728366081,-15.191856704544564,1.988881553515383,4.776590681484438
37,Aggregated,11.546982089493142,8.740001793935116,-3.8139690910670834,-22.36128896012379,2.192450935400667,8.082276658763334
37,Centralized,11.546982107613884,8.740001788601004,-3.8139690706044242,-22.361288970251,2.192450948124767,8.082276661415426
38,0,-10.809092040751459,12.788781272940009,7.2749093678228345,-34.06712913173169,7.083420372615122,19.05984120740522
38,1,-7.015663061864643,2.8701055493647787,10.0830427007783,-24.02149588346946,14.03437228994257,-4.176782907659425
38,2,-8.730938130856165,-0.1051148978116171,19.620642674686884,-35.07187644730345,0.9952271817847488,6.589234550208638
38,3,12.279873361000616,-7.455922963168222,31.92747113892988,-16.981502154651256,-6.454148876450741,-21.265831700232688
38,4,-12.026192706026379,9.139989372954147,10.145098920495762,-23.27359697755857,6.366466008373879,-1.6774155264265624
38,5,-15.213373476294116,10.133392583763507,4.2346717263392595,-32.16671025341802,7.583492786487165,6.5509352641352985
38,Aggregated,-6.926852267264914,4.5845767820846355,13.888671287179806,-27.609211867759385,4.907213825427212,0.8907859239467727
38,Centralized,-6.926852279958693,4.584576791061072,13.888671284247655,-27.60921187791698,4.907213830015144,0.8907859317899295
39,0,1.9880077577901716,9.888032130567087,7.907265269237587,-2.736131597263605,-8.633095390793033,1.0548631768635908
39,1,5.078341162671731,3.6843168555147505,-11.286283100958968,8.553403187583884,4.435418111553725,5.611014970106375
39,2,10.350365333543632,-2.3997000167745153,3.580785282285213,2.696164772047647,2.3165333864933086,8.444326440017372
39,3,20.032376314695387,-7.857638012871301,-6.742996523416237,13.149545546205289,-10.536357617321766,4.922402926661368
39,4,8.783334999003326,10.516300818169757,-4.043567448271315,6.814379865483976,-1.347218569114032,-2.9872212636474313
39,5,4.262588312939434,11.43146252067593,-9.130048315420108,3.5135598146426217,1.8180570714655764,8.028818574804022
39,Aggregated,8.42106134515492,4.22412046925721,-3.224030008621186,5.308718105163698,-2.02884046711176,4.146791409282215
39,Centralized,8.421061361227904,4.224120464071591,-3.2240300146073952,5.308718104511351,-2.0288404642466085,4.1467914224979605
40,0,-128.18674389314447,27.55673815318333,-43.34214909969299,-41.552339158371375,59.62925905724109,32.951571588175284
40,1,-134.10987043105118,26.167231004537523,-33.16497581798242,-31.549801029814827,63.5501206831951,34.551180605141454
40,2,-117.19824483286015,25.033565656971334,-19.045743790155385,-27.909734601209717,52.738599368096786,31.841703014772005
40,3,-121.93170637600859,19.73884015299822,-11.142937901892832,-30.23811305964062,48.99934389234737,37.771163046042915
40,4,-124.23448038302917,27.215258092507288,-34.13279530971463,-26.578663337785155,54.79284843692116,29.961860875153658
40,5,-114.27333116210914,33.74893994878273,-34.6099246751603,-25.756601832729586,49.32554088695801,34.27890762948047
40,Aggregated,-123.31205991577097,26.56922134436156,-29.25547833039418,-30.6156981145963,54.829590135347715,33.54438721404389
40,Centralized,-123.31205993134547,26.569221338306974,-29.255478321303084,-30.61569812593769,54.82959011991309,33.54438720317112
41,0,28.128354237331585,43.35857154325045,-99.96699609712844,37.37880337952763,28.241846681274474,20.953930364134244
41,1,28.807360183683183,32.04048482516074,-86.3439658665922,48.68552058841151,26.889869730083078,-3.821209549121953
41,2,29.353969692820773,26.101331197900507,-67.90431905674917,35.02433104852863,19.491053798087506,-6.446913250648251
41,3,41.54913874126325,21.573645176102545,-63.95200347773741,50.643907358811255,15.112518351015316,-34.00605348721369
41,4,31.0614501658994,38.387274303086116,-89.43764331100583,45.30206900390877,24.542759237711476,-4.157783245372334
41,5,26.094972984786736,40.5091329570063,-81.4387785792871,27.744105340527792,21.101747945597563,5.452226780053441
41,Aggregated,30.84057326109209,33.68419090044645,-81.54383178281846,40.79230070811911,22.567273805256015,-3.6337136043808314
41,Centralized,30.840573236419814,33.68419087448477,-81.5438317743686,40.792300711964074,22.56727381141961,-3.633713603216931
42,0,-8.70732423883627,10.838913360161778,-11.425137400943118,16.017857815961715,11.248121216411231,10.332154676200178
42,1,-2.5885222938326535,3.675454491388891,-20.218808396789083,13.225242052744408,23.963499593729463,7.4772198547432405
42,2,3.8892015178447283,5.152234546229043,-3.766148717372317,0.47427086522575335,12.090351260811005,10.673985584227555
42,3,15.421983434174129,-2.5752612726467077,-3.5374674349606847,9.02552958816647,10.200182151977758,0.4542128866201665
42,4,-0.8342692849510968,8.295550863575663,-13.07322465143786,12.524373906138813,14.299708582662303,1.4467531344093876
42,5,-1.5924847194572975,14.61073149033607,-16.050568687460952,6.796594190913999,9.984927687773714,3.558616760948659
42,Aggregated,0.923073457000919,6.67513519112948,-11.30921942149371,9.686346638962027,13.599340823983407,5.6578436641146945
42,Centralized,0.9230734605671791,6.67513518076044,-11.309219422811374,9.6863466401606,13.5993408224316,5.6578436815187505
43,0,-1.6317513929592946,-8.225227938807908,-35.56770736653877,10.513636900503684,10.979076196179589,31.01368249624756
43,1,1.3599600139177237,0.20255161527649965,-44.72536219119494,19.83346120146932,12.042247013254842,14.63292592576811
43,2,14.198854295566823,12.64366939158968,-60.72635523835053,20.130661295500232,-6.229729400310341,11.410447675685013
43,3,20.048411342931658,-0.5187196167440561,-35.854749545786675,21.977311680027277,-0.0889020747294833,0.6698835762189908
43,4,7.6775838451683995,8.225050811455137,-52.99975623818301,23.887754950679962,5.067278651790442,15.359697347387797
43,5,15.830117045593164,25.005788424875806,-75.56212290209636,20.17808009999019,-6.644755438674944,10.439311089494486
43,Aggregated,9.570079201309184,6.187171083130061,-50.86198585689577,19.40877367662214,2.5251397839493426,13.964063581464236
43,Centralized,9.570079183583903,6.187171089593745,-50.86198584216746,19.40877368813718,2.52513979273477,13.964063571338041
44,0,36.47208910936701,-19.959927834900526,-74.58055458864581,-17.044919740770364,28.245349944626955,34.34586952892077
44,1,20.124216176954295,-10.874204214147188,-48.530358124460186,-2.8765222223258204,25.17055566642732,22.69978055843962
44,2,15.835058713188745,-6.198450157663352,-31.625102094289286,2.822356511501291,12.432027426583767,16.102975103482002
44,3,31.284484215481427,-9.285471731170787,-23.623096943102478,2.8883496297336926,3.308746209958239,15.183066719053919
44,4,27.250168328865144,-7.67021783314375,-56.51820917137504,-0.8856735338799555,14.866053675854946,19.698927061630908
44,5,10.975183060678114,5.094670654255367,-52.59813755513149,0.43080756184423685,20.583713333606042,17.961326606079698
44,Aggregated,23.7213883522776,-8.185627381107423,-47.97318283332833,-2.473303879291273,17.419565777784282,21.021917320406565
44,Centralized,23.7213883643597,-8.185627358486363,-47.97318284295542,-2.473303876684105,17.419565794101413,21.021917345800844
45,0,-80.32764881094758,20.52546099264181,24.13685416684647,11.794971693575086,12.061494677696636,26.880031690219777
45,1,-67.30263196844277,11.570620155077929,16.485713061758634,19.741612308078693,9.740799301052464,14.61946284830888
45,2,-49.045127495875484,16.352535599085034,19.32375928853394,12.74800276321238,-7.726920631675101,13.53098086644605
45,3,-52.23040762285784,3.126811680442264,30.942243756422084,15.213000317739414,-7.558548549041706,9.288974789439925
45,4,-64.8621061166213,17.535568950824683,15.98098911588359,18.286589359447166,5.4870536496704645,15.450554162871683
45,5,-51.59232838476301,33.29593982647759,5.860751691415884,14.227626006147792,-10.290071461639988,16.93697261078961
45,Aggregated,-60.93373901051614,17.0673798340714,18.822375286807393,15.320658714907903,0.306315277178813,16.14209590889881
45,Centralized,-60.93373897172129,17.06737982494548,18.822375270754133,15.320658682734594,0.30631525206516824,16.142095914967925
46,0,7.533603986367372,9.710754212459392,-15.748579110198051,-1.8842943525068943,-8.906227235544089,11.94844630166906
46,1,7.1524644226263785,5.171766103678243,-9.259912148097532,1.8281976696782605,3.1791177109256146,-11.752091096003543
46,2,6.520545142915723,2.758047846538068,4.50078011099071,-6.104775397542931,3.0672345563871457,-13.560299185955081
46,3,24.746200753055604,1.0268860500461523,13.71639764577006,-0.22266445145958566,-7.116504053350624,-36.757310092673315
46,4,13.091248677378733,9.755154177522336,-13.715028076269547,5.088362788475624,-3.016613670443549,-8.02032957505649
46,5,4.208769040482124,13.874307355564431,-13.484969580303364,-5.380860612092248,-3.643636503309047,-3.400783070886072
46,Aggregated,10.56056391919252,7.054311341107442,-5.676544804198861,-1.1050322647992359,-2.7681622122158602,-10.211035733792771
46,Centralized,10.560563905936915,7.054311355356749,-5.6765448047654,-1.1050322797228451,-2.7681622216423216,-10.211035736681666
47,0,-4.340194883172084,-23.467585695501967,8.788180243051281,0.16208584499312084,12.727067761933604,-7.097044807857649
47,1,-1.7772950185862055,-27.641547256357594,12.496988754258401,10.038259322571367,18.68485940104064,-20.096286069668917
47,2,1.3975749700513815,-14.952261943737684,8.242524922142547,5.654045050301781,10.780524687605865,-12.059953659759296
47,3,15.363847879733353,-32.208482084914,33.7340621932299,12.317173533706356,0.7702057123257261,-33.59726808266276
47,4,1.3844825293758163,-18.075149097966946,3.871122715550172,11.458365170909676,10.28185158976789,-18.255032658648226
47,5,-0.7669194997563409,-6.325617990984582,-8.011556135806519,6.222433342609777,10.9774213214707,-6.785408281787097
47,Aggregated,1.8778796790255279,-20.44319885384037,9.857006592759406,7.628050284586766,10.681052101451805,-16.300512714062624
47,Centralized,1.8778796869565542,-20.443198830825807,9.857006622466633,7.62805027325426,10.681052113211926,-16.300512685808584
48,0,15.27376867031909,-4.6218128278075445,-13.571958239869671,3.1282323599441915,-3.862113835112259,18.100895905178735
48,1,7.6916494094294405,-6.1131820721372065,-6.93120509877956,8.380324143592937,-0.8513222779358134,13.759382804865584
48,2,-0.9857699442383023,-13.004711462022204,13.131929276926108,-0.27067417996455373,-18.156027456640324,21.026420478924102
48,3,20.05950863572181,-8.01376439947181,14.74105851464194,4.378886316329599,-18.881455449762687,8.893693199982552
48,4,13.766923525417438,0.387651024623278,-7.557408524478346,4.494473484155325,-12.49319488327477,11.361971755094734
48,5,5.149211356082166,-10.011236756343838,-1.362203681215925,2.377834995414302,-21.725846732382035,20.666108537451834
48,Aggregated,10.189117854544586,-6.874827126074322,-0.27433031612331876,3.733767314227681,-12.667996017827866,15.630881132520082
48,Centralized,10.189117855965874,-6.874827115391568,-0.2743303316813148,3.7337673178697766,-12.667996003214252,15.630881135781108
49,0,4.771045437465462,-6.2952171412368445,-4.138882375611746,-8.257005035990016,1.0961578849684883,12.034720115142004
49,1,5.325855100448204,-11.649673167388775,-1.3906376995749572,-2.5383685434805443,7.35144347643071,-1.6116834881544946
49,2,6.897472289260822,-13.275249214519208,1.807824948229586,-9.347329620743446,1.1386513584140845,2.0386791086155656
49,3,19.19818147296665,-17.7854018081899,20.162533730817458,-8.545369419352564,-7.126633232702043,-15.533348507512779
49,4,8.458786239757883,-6.670050777561759,-5.449190115707321,-1.1861608967598196,-1.280074899970892,0.5485561960912315
49,5,12.72243980133864,-2.9967830148648695,-12.822529486062013,-2.466589570450257,-2.418421999101421,2.9039165637779205
49,Aggregated,9.556230213932741,-9.770683004103647,-0.30059034615028773,-5.402666120244286,-0.226108313477479,0.09277959420597502
49,Centralized,9.556230207847953,-9.770682994611606,-0.3005903583010195,-5.402666116370116,-0.226108307145239,0.09277958241951864
50,0,19.203070833595852,17.022734703200754,10.363797498687816,5.304458364779167,-0.6852008990580203,-54.53729261324303
50,1,17.420086844984095,3.428138066829922,19.02361900562809,15.16514957432537,-3.9325606573078353,-50.847061999197024
50,2,13.130768465250352,1.8304206526072966,21.23562229339028,15.537665032522318,-2.9612352560964705,-29.8163037897064
50,3,40.991569387222434,-15.361223417943254,42.4970233003074,14.24597644963337,-21.19804652870752,-51.20206378783516
50,4,17.972610771585945,10.539501387485473,11.178243990794007,17.768086571251004,-2.626512231732063,-49.616803445689854
50,5,6.814406562916886,25.488270319448784,-10.024171243435616,16.94824489333167,2.989568779001546,-28.85242394156693
50,Aggregated,19.275253796060138,7.166899265506946,15.724210794719923,14.1434637801113,-4.736054773215748,-44.17679380306206
50,Centralized,19.275253798607952,7.1668992703159855,15.724210774433951,14.143463783414362,-4.736054771472587,-44.1767937947486
