,BeforeLocalTraining,AfterLocalTraining,BeforeLocalPartialEvaluations,AfterLocalPartialEvaluations,BeforeEvaluation,AfterEvaluation
1,1786827230.0255141,1786827231.0142355,1786827258.4226816,1786827263.3388941,1786827263.346932,1786827263.4884365
2,1786827263.6685224,1786827264.3107083,1786827291.0144422,1786827295.7398186,1786827295.7479627,1786827295.8912604
3,1786827295.949792,1786827296.5883098,1786827324.1681912,1786827328.8885665,1786827328.8960624,1786827329.0411525
4,1786827329.163135,1786827329.7815738,1786827357.3346517,1786827361.9469879,1786827361.9544327,1786827362.0987942
5,1786827362.3006797,1786827363.0418694,1786827390.4117591,1786827394.9843667,1786827394.9916785,1786827395.2799606
6,1786827395.5269027,1786827396.3103755,1786827422.9898298,1786827427.8869495,1786827427.8943882,1786827428.0402555
7,1786827428.140848,1786827428.765291,1786827455.709289,1786827460.3994327,1786827460.4067729,1786827460.5461872
8,1786827460.593676,1786827461.2231097,1786827487.956046,1786827492.6268535,1786827492.6342676,1786827492.776472
9,1786827492.9214733,1786827493.5398161,1786827521.1907103,1786827525.8455625,1786827525.853051,1786827525.9960334
10,1786827526.1133478,1786827526.7382483,1786827553.493727,1786827558.1451364,1786827558.1524096,1786827558.3084466
11,1786827558.4547844,1786827559.0726416,1786827586.5876079,1786827591.5626037,1786827591.5698805,1786827591.711974
12,1786827591.7987816,1786827592.4294775,1786827619.2145348,1786827624.1251788,1786827624.1328006,1786827624.290988
13,1786827624.3678648,1786827625.1099658,1786827651.8363228,1786827656.4299598,1786827656.437439,1786827656.5818305
14,1786827656.8051658,1786827657.5634692,1786827684.3720043,1786827689.0624135,1786827689.0698154,1786827689.2090402
15,1786827689.4141755,1786827690.0331342,1786827717.920619,1786827722.5334728,1786827722.5407848,1786827722.6828706
16,1786827722.8457906,1786827723.4592113,1786827750.292369,1786827755.0580835,1786827755.0654633,1786827755.2652674
17,1786827755.4610174,1786827756.1165817,1786827783.8291678,1786827788.7929597,1786827788.8002348,1786827788.9449553
18,1786827789.0814624,1786827789.8362195,1786827817.4217954,1786827822.0040162,1786827822.0115497,1786827822.1550622
19,1786827822.392549,1786827823.124735,1786827849.9033687,1786827854.5916388,1786827854.599242,1786827854.7427573
20,1786827854.913778,1786827855.530037,1786827883.0959363,1786827887.8137913,1786827887.8212721,1786827887.9646232
21,1786827888.011765,1786827888.658969,1786827915.6268191,1786827920.5831306,1786827920.590841,1786827920.7585666
22,1786827920.8943007,1786827921.5129254,1786827949.166923,1786827954.219598,1786827954.2271886,1786827954.3805914
23,1786827954.4831982,1786827955.1088767,1786827982.6377823,1786827987.4458153,1786827987.4533346,1786827987.5996475
24,1786827987.6824844,1786827988.3081887,1786828015.1053064,1786828019.9104958,1786828019.9180262,1786828020.063881
25,1786828020.132947,1786828020.7686481,1786828048.334864,1786828052.932611,1786828052.940099,1786828053.1766424
26,1786828053.2217233,1786828053.8422205,1786828080.7245946,1786828085.5150943,1786828085.5238879,1786828085.6764092
27,1786828085.8203104,1786828086.564732,1786828113.3655376,1786828118.21789,1786828118.2256825,1786828118.3786993
28,1786828118.4283204,1786828119.1666443,1786828146.2657,1786828150.837558,1786828150.8448265,1786828150.9854379
29,1786828151.1884303,1786828151.8066826,1786828179.6036162,1786828184.395308,1786828184.4031467,1786828184.5459816
30,1786828184.6185012,1786828185.2326581,1786828212.1261826,1786828216.8164225,1786828216.8239412,1786828216.9660337
31,1786828217.0127673,1786828217.6340053,1786828245.133922,1786828249.823701,1786828249.8309267,1786828249.9745293
32,1786828250.0207002,1786828250.6658459,1786828277.5665252,1786828282.4996629,1786828282.507517,1786828282.6539545
33,1786828282.7997189,1786828283.438338,1786828310.9386108,1786828315.6159475,1786828315.6232836,1786828315.8578901
34,1786828316.0391953,1786828316.680142,1786828343.4495697,1786828348.1248925,1786828348.1325364,1786828348.2841718
35,1786828348.5488045,1786828349.2651982,1786828376.817586,1786828381.4208286,1786828381.4285524,1786828381.5712545
36,1786828381.753135,1786828382.5009038,1786828410.0921557,1786828414.6187854,1786828414.6260567,1786828414.7648714
37,1786828415.008668,1786828415.6183832,,,,
