,BeforeEvaluation,BeforeSV,AfterSV,BeforeGradientRewards,AfterGradientRewards,AfterEvaluation
0,1786827228.6186883,,,,,
1,1786827257.5571501,1786827232.1121397,1786827257.032998,1786827257.0335517,1786827257.5563424,1786827258.4181938
2,1786827290.214419,1786827264.5865564,1786827289.6496098,1786827289.6499,1786827290.2138016,1786827291.0103395
3,1786827323.3879702,1786827296.791661,1786827322.8245835,1786827322.8248682,1786827323.3874054,1786827324.1646457
4,1786827356.4459672,1786827330.0425043,1786827355.938196,1786827355.9384723,1786827356.4453425,1786827357.3299997
5,1786827389.6206174,1786827363.2086358,1786827389.1331656,1786827389.1334395,1786827389.6200166,1786827390.4074807
6,1786827422.1991107,1786827396.4842196,1786827421.6289513,1786827421.629328,1786827422.1984491,1786827422.9858856
7,1786827454.9197097,1786827429.0327337,1786827454.3343854,1786827454.3346703,1786827454.919127,1786827455.7050729
8,1786827487.1560884,1786827461.402734,1786827486.588074,1786827486.5883503,1786827487.1554022,1786827487.9517086
9,1786827520.317276,1786827493.729485,1786827519.8131397,1786827519.8134532,1786827520.31649,1786827521.1865866
10,1786827552.619904,1786827526.9342685,1786827552.1170878,1786827552.117383,1786827552.6192846,1786827553.489987
11,1786827585.792427,1786827559.3158762,1786827585.2984614,1786827585.2987485,1786827585.7918494,1786827586.5825994
12,1786827618.4296925,1786827592.6697595,1786827617.8307061,1786827617.831006,1786827618.4291115,1786827619.2104933
13,1786827651.0474346,1786827625.2885456,1786827650.4774559,1786827650.4777458,1786827651.0468647,1786827651.8316126
14,1786827683.4566941,1786827657.7263994,1786827682.9626033,1786827682.9628925,1786827683.4560778,1786827684.3682342
15,1786827717.05181,1786827690.2990577,1786827716.555334,1786827716.5556254,1786827717.0511994,1786827717.9170606
16,1786827749.4334285,1786827723.7206974,1786827748.948701,1786827748.9489918,1786827749.4328468,1786827750.2873447
17,1786827782.9649646,1786827756.42038,1786827782.4813378,1786827782.4816144,1786827782.964358,1786827783.8249862
18,1786827816.6266005,1786827789.989081,1786827816.0311515,1786827816.0314322,1786827816.6259694,1786827817.417697
19,1786827849.114512,1786827823.2881932,1786827848.5333657,1786827848.533748,1786827849.1139104,1786827849.899534
20,1786827882.2204566,1786827855.7145855,1786827881.721035,1786827881.7213295,1786827882.2198029,1786827883.0913475
21,1786827914.7655945,1786827888.8921106,1786827914.2631009,1786827914.2634916,1786827914.7649424,1786827915.6227715
22,1786827948.297756,1786827921.7844424,1786827947.73201,1786827947.7322965,1786827948.29708,1786827949.162321
23,1786827981.8377914,1786827955.309911,1786827981.2654097,1786827981.2656891,1786827981.8370924,1786827982.633365
24,1786828014.2070284,1786827988.5090997,1786828013.7198157,1786828013.7201045,1786828014.2064202,1786828015.1006424
25,1786828047.5319626,1786828020.9583216,1786828046.9572656,1786828046.9575412,1786828047.5313587,1786828048.3312173
26,1786828079.9188662,1786828054.111098,1786828079.3404875,1786828079.3407998,1786828079.9182663,1786828080.7206612
27,1786828112.483168,1786828086.753327,1786828111.9745634,1786828111.9748573,1786828112.4825313,1786828113.36177
28,1786828145.3926976,1786828119.313937,1786828144.9097626,1786828144.9100578,1786828145.3920534,1786828146.261584
29,1786828178.8118882,1786828152.028813,1786828178.2429774,1786828178.2432754,1786828178.8112926,1786828179.5995913
30,1786828211.2573557,1786828185.497109,1786828210.7654846,1786828210.7657666,1786828211.2567787,1786828212.1212509
31,1786828244.353805,1786828217.8949018,1786828243.8564079,1786828243.8567243,1786828244.3532102,1786828245.1289146
32,1786828276.7632158,1786828250.9248245,1786828276.180411,1786828276.1806934,1786828276.7625887,1786828277.562436
