,BeforeLocalTraining,AfterLocalTraining,BeforeLocalPartialEvaluations,AfterLocalPartialEvaluations,BeforeEvaluation,AfterEvaluation
1,1791253933.1702402,1791253933.2959301,1791253938.8590357,1791253940.0631447,1791253940.0780158,1791253940.0968254
2,1791253940.1199043,1791253940.2469974,1791253945.4751437,1791253946.6628847,1791253946.6766052,1791253946.6952455
3,1791253946.7166338,1791253946.8376596,1791253952.2512903,1791253953.4376585,1791253953.4514146,1791253953.4705606
4,1791253953.5098376,1791253953.6317127,1791253958.831791,1791253960.0219111,1791253960.0356011,1791253960.0555315
5,1791253960.077359,1791253960.1983764,1791253965.5249863,1791253966.705624,1791253966.7197025,1791253966.7394288
6,1791253966.76106,1791253966.8896487,1791253972.1268873,1791253973.3071523,1791253973.320971,1791253973.3399954
7,1791253973.371485,1791253973.493021,1791253978.8516386,1791253980.039378,1791253980.0532043,1791253980.072282
8,1791253980.1021852,1791253980.227931,1791253985.4276738,1791253986.6255882,1791253986.639696,1791253986.6584392
9,1791253986.679404,1791253986.7995694,1791253992.0715418,1791253993.2675562,1791253993.2814348,1791253993.300617
10,1791253993.3441193,1791253993.600621,1791253999.042167,1791254000.22776,1791254000.2415917,1791254000.2612782
11,1791254000.2820957,1791254000.402671,1791254005.8793538,1791254007.0651307,1791254007.0788329,1791254007.0980828
12,1791254007.1194317,1791254007.2402027,1791254012.8786778,1791254014.0633,1791254014.0772088,1791254014.096321
13,1791254014.129124,1791254014.249967,1791254019.6895678,1791254020.874913,1791254020.8888512,1791254020.9077358
14,1791254020.9285505,1791254021.1569192,1791254026.789051,1791254027.9658525,1791254027.9796357,1791254027.9987962
15,1791254028.0198991,1791254028.1412075,1791254033.5507638,1791254034.7361143,1791254034.7498276,1791254034.7688253
16,1791254034.792492,1791254034.9136434,1791254040.4089062,1791254041.59306,1791254041.6069083,1791254041.6257296
17,1791254041.6525266,1791254041.7735085,1791254047.0211248,1791254048.2112021,1791254048.2250369,1791254048.2439094
18,1791254048.2653983,1791254048.386326,1791254053.7554934,1791254054.947732,1791254054.9617548,1791254054.9816043
19,1791254055.0200672,1791254055.140907,1791254060.4285917,1791254061.606203,1791254061.6200428,1791254061.6388533
20,1791254061.6720276,1791254061.7919855,1791254067.026217,1791254068.2173615,1791254068.2334628,1791254068.2533178
21,1791254068.2750633,1791254068.5148737,1791254074.0187724,1791254075.193499,1791254075.2079535,1791254075.2268965
22,1791254075.2573943,1791254075.3868866,1791254080.6772475,1791254081.8631656,1791254081.8770573,1791254081.8961926
23,1791254081.917726,1791254082.051292,1791254087.3838904,1791254088.5558617,1791254088.5696168,1791254088.588484
24,1791254088.625337,1791254088.747863,1791254094.0621858,1791254095.2405615,1791254095.2544715,1791254095.2733512
25,1791254095.296021,1791254095.4181597,1791254101.0283434,1791254102.207313,1791254102.2212355,1791254102.2399907
26,1791254102.266875,1791254102.3877985,1791254107.9221263,1791254109.0987523,1791254109.1127484,1791254109.13164
27,1791254109.1525893,1791254109.2739022,1791254114.6118321,1791254115.7803123,1791254115.7941778,1791254115.8128881
28,1791254115.8513482,1791254115.974047,1791254121.1565268,1791254122.3410473,1791254122.354972,1791254122.3746107
29,1791254122.394778,1791254122.513967,1791254127.7042036,1791254129.2361927,1791254129.2500343,1791254129.2685235
30,1791254129.3064764,1791254129.4260597,1791254134.6836898,1791254135.8652987,1791254135.8792565,1791254135.8988385
31,1791254135.9243464,1791254136.0467582,1791254141.4179506,1791254142.5999107,1791254142.6140695,1791254142.6335304
32,1791254142.6641095,1791254142.7824275,1791254148.1806304,1791254149.3685312,1791254149.3824582,1791254149.40176
33,1791254149.4228568,1791254149.5418086,1791254154.759787,1791254155.9419992,1791254155.956137,1791254155.975115
34,1791254155.995771,1791254156.117763,1791254161.457818,1791254162.6474376,1791254162.6611464,1791254162.6795301
35,1791254162.7009673,1791254162.8297536,1791254168.3297963,1791254169.4965346,1791254169.510426,1791254169.529184
36,1791254169.5612416,1791254169.6824617,1791254175.2350535,1791254176.4084983,1791254176.4222512,1791254176.4410946
37,1791254176.4701397,1791254176.5896666,1791254181.8772128,1791254183.0505426,1791254183.064418,1791254183.0836153
38,1791254183.1214836,1791254183.2429755,1791254188.7398493,1791254189.9068067,1791254189.9205613,1791254189.9392147
39,1791254189.9729433,1791254190.093668,1791254195.415238,1791254196.5900457,1791254196.6039674,1791254196.6230881
40,1791254196.6601872,1791254196.7810256,1791254202.284856,1791254203.7294679,1791254203.7433128,1791254203.762988
41,1791254203.7942588,1791254203.9234068,1791254209.3548036,1791254210.5446415,1791254210.558514,1791254210.5771012
42,1791254210.5977154,1791254210.7183962,1791254215.9673858,1791254217.1277099,1791254217.1414049,1791254217.160847
43,1791254217.1969879,1791254217.320262,1791254222.6721797,1791254223.8468363,1791254223.8606274,1791254223.8798316
44,1791254223.9335046,1791254224.053117,1791254229.4915922,1791254230.6532295,1791254230.667128,1791254230.6858597
45,1791254230.7251246,1791254230.8451262,1791254236.4636707,1791254237.6327784,1791254237.646587,1791254237.66589
46,1791254237.6929796,1791254237.8131676,1791254243.0268588,1791254244.2044513,1791254244.218258,1791254244.2373579
47,1791254244.2578304,1791254244.3773794,1791254249.990488,1791254251.1617522,1791254251.1756818,1791254251.19512
48,1791254251.2156284,1791254251.3362634,1791254256.5989807,1791254257.756592,1791254257.7704988,1791254257.789245
49,1791254257.8194504,1791254257.9581661,1791254263.142008,1791254264.4599159,1791254264.473826,1791254264.4924176
50,1791254264.5707922,1791254264.6917863,1791254269.9115736,1791254271.0899332,1791254271.103722,1791254271.122987
