,BeforeLocalTraining,AfterLocalTraining,BeforeLocalPartialEvaluations,AfterLocalPartialEvaluations,BeforeEvaluation,AfterEvaluation
1,1789098655.0976086,1789098655.6990955,1789098663.8584244,1789098669.27431,1789098669.2885704,1789098669.3749812
2,1789098669.4649043,1789098670.0506964,1789098678.202034,1789098683.581849,1789098683.5954971,1789098683.6803918
3,1789098683.8173766,1789098684.400787,1789098692.5273864,1789098697.9240873,1789098697.9376633,1789098698.0229044
4,1789098698.1304662,1789098698.8041744,1789098706.7442667,1789098712.4433887,1789098712.4570231,1789098712.5409944
5,1789098712.612935,1789098713.1948473,1789098721.506105,1789098727.1023295,1789098727.1162345,1789098727.2001355
6,1789098727.2725122,1789098727.8550887,1789098735.92255,1789098741.4501526,1789098741.4638026,1789098741.548907
7,1789098741.6260064,1789098742.2104888,1789098750.6876652,1789098756.199514,1789098756.2130516,1789098756.2981787
8,1789098756.3790781,1789098756.9679642,1789098764.996786,1789098770.4696171,1789098770.4832602,1789098770.5669115
9,1789098770.7409554,1789098771.3216336,1789098779.435231,1789098784.9103794,1789098784.9244964,1789098785.0084586
10,1789098785.1378872,1789098785.7263367,1789098793.858633,1789098799.3987062,1789098799.4122822,1789098799.4981177
11,1789098799.5417295,1789098800.1282363,1789098808.2372167,1789098813.7654684,1789098813.779025,1789098813.8638442
12,1789098813.9174848,1789098814.5106483,1789098822.724726,1789098828.1816707,1789098828.1951644,1789098828.279328
13,1789098828.4398794,1789098829.0201929,1789098837.1760628,1789098842.606304,1789098842.6201258,1789098842.7051575
14,1789098842.9097118,1789098843.4918342,1789098851.4468074,1789098856.828641,1789098856.8422875,1789098856.9271853
15,1789098857.0229647,1789098857.7474308,1789098865.797879,1789098871.1692753,1789098871.1829057,1789098871.2670064
16,1789098871.4504824,1789098872.0321736,1789098880.4077973,1789098885.7581458,1789098885.7716317,1789098885.855458
17,1789098886.0546098,1789098886.6389992,1789098894.940966,1789098900.384493,1789098900.3980813,1789098900.482728
18,1789098900.5216055,1789098901.1018858,1789098909.3268623,1789098914.6701963,1789098914.6837363,1789098914.7675033
19,1789098914.9241707,1789098915.5068073,1789098923.5897365,1789098928.9843576,1789098928.9980533,1789098929.0829115
20,1789098929.1894722,1789098929.7699127,1789098938.2506928,1789098943.6412508,1789098943.6550722,1789098943.7401552
21,1789098943.8312476,1789098944.4155147,1789098952.54242,1789098957.889342,1789098957.9029217,1789098957.9871736
22,1789098958.1635735,1789098958.7443717,1789098967.0851834,1789098972.4518707,1789098972.4655073,1789098972.5506482
23,1789098972.7594259,1789098973.3561049,1789098981.7381718,1789098987.1315937,1789098987.1453784,1789098987.2315328
24,1789098987.3701866,1789098987.9491267,1789098996.2805738,1789099001.6499093,1789099001.6636672,1789099001.7475662
25,1789099001.8709867,1789099002.4499855,1789099010.9218216,1789099016.2747157,1789099016.2882166,1789099016.3726602
26,1789099016.5542457,1789099017.1283252,1789099025.5072334,1789099030.88392,1789099030.8976562,1789099030.9829903
27,1789099031.1213446,1789099031.7069926,1789099039.8484066,1789099045.2516878,1789099045.265455,1789099045.3501127
28,1789099045.4166534,1789099045.9990752,1789099054.2387223,1789099059.6312206,1789099059.6448007,1789099059.7297735
29,1789099059.837976,1789099060.4206502,1789099068.4477856,1789099073.8228848,1789099073.836509,1789099073.9209466
30,1789099074.029326,1789099074.6112728,1789099082.7767937,1789099088.2005577,1789099088.2142212,1789099088.3002255
31,1789099088.3848622,1789099088.9631946,1789099097.3009136,1789099102.7242599,1789099102.7380104,1789099102.8223736
32,1789099102.9438565,1789099103.527476,1789099111.7295299,1789099117.3530784,1789099117.366622,1789099117.4503942
33,1789099117.6271229,1789099118.2088044,1789099126.2470765,1789099131.7618616,1789099131.7754712,1789099131.8600924
34,1789099131.9699075,1789099132.5481958,1789099140.507298,1789099145.9322834,1789099145.9458158,1789099146.028655
35,1789099146.282811,1789099146.8578455,1789099155.0693946,1789099160.4988232,1789099160.5123725,1789099160.596726
36,1789099160.7796974,1789099161.361377,1789099169.4217365,1789099174.8734798,1789099174.8870783,1789099174.9720924
37,1789099175.1315134,1789099175.712175,1789099183.8894994,1789099189.3454254,1789099189.3593574,1789099189.4447324
38,1789099189.619655,1789099190.1973896,1789099198.3986547,1789099203.8515618,1789099203.8651605,1789099203.9490004
39,1789099204.1447916,1789099204.7236996,1789099213.10556,1789099218.6628835,1789099218.676488,1789099218.7613769
40,1789099218.8306642,1789099219.4127462,,,,
