Round,Evaluator,3,5,0,1,4,2
0,0,,,,,,
0,1,,,,,,
0,2,,,,,,
0,3,,,,,,
0,4,,,,,,
0,5,,,,,,
0,Aggregated,,,,,,
0,Centralized,,,,,,
1,0,0.014121545878111067,0.018820268605208804,0.03293225972400038,0.022388113401071354,0.026083165206621475,0.018397024046345262
1,1,0.026744112305178754,0.022510365824128763,0.00567346161617062,0.03197128357644163,0.02812274658682455,0.030185599099995776
1,2,0.019675924605564755,0.01569580500787648,0.03132327232763551,0.03294074101540735,0.0319232140132131,0.026504050500198457
1,3,0.03309834226678249,0.03469035538944831,-0.010528459074795209,0.04279548831413171,0.03671980321429209,0.03604927431747838
1,4,0.029590326128063546,0.024621719155157023,0.023622857759247957,0.032359214902189515,0.0388141285742076,0.03309324640100699
1,5,0.028201944771034902,0.027664217496617443,0.0348665131813561,0.0304908167511379,0.03594820603272201,0.02954242834830366
1,Aggregated,0.023453105739646037,0.02208730667264495,0.02799222376809904,0.030324515911025824,0.031010021230509388,0.027238066806676616
1,Centralized,0.023453105739646037,0.02208730667264495,0.02799222376809904,0.030324515911025824,0.031010021230509388,0.027238066806676616
2,0,0.04309986058701845,0.039178520587254816,-0.0017808932877689963,0.046316138531047775,0.051796261321605835,0.047174821547854406
2,1,0.03909161144063364,0.05015681379065021,-0.012030057472616353,0.051139110233992056,0.05662314161386063,0.06337700780672187
2,2,0.03594541452698729,0.04741772704711725,-0.014035421716671418,0.050424991371632116,0.04904508853582366,0.048230421332380286
2,3,0.02877186207146477,0.04851162013119644,-0.0056834607062697705,0.04954826932902172,0.05529817400287269,0.06657369387250003
2,4,0.04051439684000121,0.05481728112545967,-0.014937849995244858,0.05006325465834492,0.06344918142303087,0.06717914284193148
2,5,0.04401703476946839,0.05652799062771246,-0.009562699280795839,0.052219152161099895,0.060048290097014706,0.06602233544776724
2,Aggregated,0.03822680241367072,0.04938328529370654,-0.007979444071898096,0.04972409639770325,0.05559613592108969,0.05939130085685317
2,Centralized,0.03822680241367072,0.04938328529370654,-0.007979444071898096,0.04972409639770325,0.05559613592108969,0.05939130085685317
3,0,0.011479624895022775,0.0076828335710363614,0.0007570271151093044,-0.004304235557279645,0.013911367416607917,0.016394718916330705
3,1,0.022340504535794944,0.019356949978273058,-0.016444979025077796,0.0123157150883068,0.025088010003955028,0.032372244179502914
3,2,0.018507075510237714,0.009075177889816452,-0.017735006405257093,0.003499140397906537,0.015176864155259727,0.01984143115849846
3,3,0.016501573440977576,0.01727842481835348,-0.019714716681210335,-0.008077450530067944,0.015332938938394665,0.01798347831467475
3,4,0.01990948266404199,0.019102410738078442,-0.033944521369959894,-0.0018860237325424361,0.017071651251604213,0.01342694958984938
3,5,0.018625093791632782,0.009333657946377558,-0.02960144751592622,0.005156398762932408,0.020830501969420982,0.024319200960715718
3,Aggregated,0.017389962481248113,0.01302842255239735,-0.01753614351854737,0.0008077695978039556,0.017322529329236322,0.020406209619746384
3,Centralized,0.017389962481248113,0.01302842255239735,-0.01753614351854737,0.0008077695978039556,0.017322529329236322,0.020406209619746384
4,0,0.012205534897388263,0.017037430269492185,-0.014328485193885328,0.01544188925865573,0.014795559616474286,0.01955277674053246
4,1,0.018784580808874973,0.01882990471930279,-0.036295164931342216,0.013504248120959973,0.017334379507716505,0.018970098745083222
4,2,0.01990809415540221,0.019604777964052026,-0.02219566830546479,0.025296231812191185,0.018170193324474518,0.01794564803284493
4,3,0.025561268051191396,0.026064508085465603,-0.0383629634347538,0.016841539909863625,0.02179181057357645,0.021011880142651145
4,4,0.025136776460891803,0.026572839319662235,-0.041357900281563414,0.019000172527700178,0.019735186824383515,0.012397493800673438
4,5,0.018676031137526715,0.018121314402435522,-0.03756762610624143,0.01526593471333377,0.01153630996185435,0.02203245195407745
4,Aggregated,0.019392621218062216,0.02043522442571673,-0.029179104007306493,0.016857807867572717,0.016539213068150302,0.01809640717715199
4,Centralized,0.019392621218062216,0.02043522442571673,-0.029179104007306493,0.016857807867572717,0.016539213068150302,0.01809640717715199
5,0,0.012330873556635978,0.016000501490925884,-0.01886051427770335,0.014867498404846602,0.014891450763753871,0.013884772111193164
5,1,0.0054696876373884476,0.01947384738299644,-0.040785684618225286,0.0067394945499501206,0.01651815688716383,0.007370438082746881
5,2,0.009897875858664206,0.02277045746266571,-0.03092017477219763,0.011867985030701874,0.014127392769278144,0.00982627587227613
5,3,0.007154834170189984,0.01980651373001132,-0.041965587927930426,0.01550967684908847,0.017496016059099343,0.01362522297891582
5,4,0.0027091633535590693,0.016599131154793032,-0.04555511289207,0.017844745477642105,0.02134249857053634,0.013042554690240736
5,5,0.015864607377433528,0.02350128234107884,-0.03791949593678026,0.01678103193113275,0.017498197959668695,0.011292967039861082
5,Aggregated,0.008231130243896276,0.019166979906435015,-0.03383329022118894,0.013341989791813565,0.016428030299100803,0.010937557686583417
5,Centralized,0.008231130243896276,0.019166979906435015,-0.03383329022118894,0.013341989791813565,0.016428030299100803,0.010937557686583417
6,0,-0.0019341980694489872,-0.006244076022118724,-0.004224191724552085,0.000695247067102296,0.009313210497901766,0.009439393102213882
6,1,0.010050669603195058,0.004636424220256299,-0.01988996773703597,0.008823554839123629,0.013866537364540167,0.012872746951062034
6,2,0.0007976613344993533,0.004139836618575787,-0.021817331447495317,0.005409213400748066,0.013355078777218303,0.004779154903612017
6,3,0.008903059621830247,0.0011186219505391673,-0.015891243553749997,0.0037460215665685854,0.01015770717388453,0.014198871627571679
6,4,0.0068764342216621,0.004422786851778478,-0.019419559404974394,0.00868637949222282,0.009404720514695864,0.01024309803396732
6,5,0.0010103596811467774,-0.002544294954995737,-0.03167305513765326,0.002391603373109695,0.008299005638854792,0.014770973829060651
6,Aggregated,0.0036187300766650876,0.0004606251553739165,-0.015261531976585339,0.004396332733796988,0.010053050642157038,0.010247204986621128
6,Centralized,0.0036187300766650876,0.0004606251553739165,-0.015261531976585339,0.004396332733796988,0.010053050642157038,0.010247204986621128
7,0,0.00747046298932414,0.008513189907764592,-0.023864008431861,0.008051165357624655,0.008340759124871014,0.018522823382980287
7,1,0.00709762265463798,0.010718453458765117,-0.04788572119494503,0.007499247339427551,0.014395667167602213,0.014641682068374105
7,2,0.019846162226633768,0.017025914600383923,-0.037504650803890975,0.0094835982894724,0.015323085643063575,0.019388494969264678
7,3,0.0007158855932101563,0.012242443399515465,-0.03802070503658846,0.002870728477441274,0.013467051060261168,0.01589052139420897
7,4,0.006217011534947757,0.015174159808065659,-0.043444240739369595,0.00913567502907636,0.015504707210755208,0.01633459273076738
7,5,0.013160910808432397,0.015250540683043006,-0.04488209931948247,0.00810336944313133,0.012677780896719084,0.013522797288659882
7,Aggregated,0.008759213207782418,0.012646817814420301,-0.036932514935676806,0.007199954799455373,0.012649211203769979,0.015756223810894216
7,Centralized,0.008759213207782418,0.012646817814420301,-0.036932514935676806,0.007199954799455373,0.012649211203769979,0.015756223810894216
8,0,-0.00083506346210312,0.0017000259582926648,-0.0024327226975558603,-0.003523815569050326,0.004222372881696889,0.0013234242949339632
8,1,-0.0006313281448841592,0.009595685728566363,-0.022235980032741107,0.0028558561731305467,0.01574016649758945,0.010428106203764099
8,2,-0.004702988549401081,0.0038907529379959044,-0.01809038619429135,-0.002467033788539282,0.010748785332387488,-0.0009279025839268114
8,3,0.004114921906925478,0.01167978640730976,-0.016153669706468463,-0.004491184573568267,0.009362448633810012,0.010570574343000039
8,4,0.005544477448742529,0.010133000148690247,-0.01894282599261799,-0.0001611806821663015,0.014802271468646122,0.0038513785953117287
8,5,0.005133487048460726,0.012571512132966953,-0.026287821959147757,-0.0015610568376339612,0.01060671268255049,0.009973111613010564
8,Aggregated,0.0006759405739440175,0.007438446227691409,-0.014004685958028512,-0.0019483257232253322,0.010272838169068859,0.00492537144256824
8,Centralized,0.0006759405739440175,0.007438446227691409,-0.014004685958028512,-0.0019483257232253322,0.010272838169068859,0.00492537144256824
9,0,0.010717923719447506,0.0026366426329144685,-0.01896446670883664,0.006428585185566689,0.008418933524211794,0.008450862706337426
9,1,0.009141841177742306,0.010034349338177782,-0.03845441779685132,0.009918042782874512,0.013165160465881067,0.009201902961798422
9,2,0.013511632300349307,0.010635893448181093,-0.03455528690232159,0.0091854126957067,0.013200475552150974,0.007698198074221976
9,3,0.011221026325262713,0.00829746941957103,-0.03597973736939471,0.010295959016935289,0.00551774751605092,0.011950634020666743
9,4,0.008504892536825662,0.009972785789111024,-0.03996312609511684,0.012969566745124183,0.014670075959716297,0.008114376070920866
9,5,0.013597902637744932,0.012613287880806753,-0.03916417929338158,0.007020071216347664,0.0060250654905800016,0.010134637462230573
9,Aggregated,0.010411636757979768,0.00854226526886191,-0.03176937960780039,0.008737262199325089,0.009675168513241383,0.008541207202177823
9,Centralized,0.010411636757979768,0.00854226526886191,-0.03176937960780039,0.008737262199325089,0.009675168513241383,0.008541207202177823
10,0,0.0022205275514904756,-0.0003827888354719755,0.009274169990307597,-0.00458352013228283,-0.000660001945540432,-0.0038450601464778567
10,1,0.009438308685013982,0.006241273422984111,-0.02071085629999009,-0.002768622013191055,0.005103901738084149,0.006879482318309293
10,2,0.0041400363550116465,0.008908767009273708,-0.008360255448278241,0.0036965417477597667,0.009580907409627673,0.002491951229311049
10,3,0.006224800155580553,0.0057455813034019585,-0.019895933342873193,0.005144525033326212,0.006601970215930736,0.005317997221697155
10,4,0.0062825074413263345,0.007865173286215056,-0.027041564436581195,0.002894370478039955,0.009180701119236623,0.005771406442450824
10,5,0.0012000902184145048,0.0083060591956706,-0.024504617116867584,0.009970701997828733,0.011744715504543427,0.0022770470775552863
10,Aggregated,0.004248663121153794,0.005508754778549647,-0.011866984161094763,0.0016973576544755933,0.006266177143408594,0.0024497840749984475
10,Centralized,0.004248663121153794,0.005508754778549647,-0.011866984161094763,0.0016973576544755933,0.006266177143408594,0.0024497840749984475
11,0,0.011001236176147192,9.130007604443713e-05,-0.006089212246705985,-0.003456405451314835,-0.003108891983340207,0.007096916799204352
11,1,0.016950631787982017,0.002308468453464562,-0.02486384068636374,0.0011615761397488422,-0.0014321304778563933,0.006236387293633604
11,2,0.016837551101509064,0.0012376973302211847,-0.026828848817028093,0.00036223081638051794,-0.006930340552472404,-0.00024951896006318185
11,3,0.01305559170130821,0.004937141366412019,-0.028022761113782824,0.006258485292036364,0.002396870199126282,0.007287427431990596
11,4,0.01290588132407505,0.007783179896145354,-0.029032053029746492,0.005464054904608998,0.0038442830007045484,0.0007563407103175946
11,5,0.014688667920099928,0.004121178463466387,-0.032285276825970904,0.008221968792770531,-0.003199132320681602,0.0028309686434839602
11,Aggregated,0.013625176904246316,0.0029025071198905644,-0.02130389376655886,0.002376340369333976,-0.0020705351290967334,0.003179607176820429
11,Centralized,0.013625176904246316,0.0029025071198905644,-0.02130389376655886,0.002376340369333976,-0.0020705351290967334,0.003179607176820429
12,0,0.004363028945038662,0.0031448910470555087,0.016935603651664095,-0.0028097555522749616,0.004193430107816002,-0.012178319540475395
12,1,0.0049490352409114185,0.01292488023118134,-0.00342081351563032,-0.004136211628090827,0.009805898106475674,-0.010062951170948941
12,2,0.005646003411338426,0.01667315838062811,-0.004205057055631515,0.00044471673027316844,0.014570324473424878,-0.011682848340762988
12,3,0.007549603794938322,0.006739588535998273,-0.012163551023175224,0.0020512928032958436,0.006783072870170169,-0.004196605400075405
12,4,0.003685103412219886,0.01282660967482341,-0.011082299468791888,-0.003595706856950035,0.0108818802703749,-0.008669445245529725
12,5,0.0025222631043024368,0.014844161524344061,-0.012708659765028468,0.0005814513981989841,0.013308431413661857,-0.00816176578930745
12,Aggregated,0.003856101013437052,0.01039075608945246,8.380895180717014e-05,-0.002247130664801398,0.00911032074767511,-0.010174364764890583
12,Centralized,0.003856101013437052,0.01039075608945246,8.380895180717014e-05,-0.002247130664801398,0.00911032074767511,-0.010174364764890583
13,0,0.008690519182276948,0.0054479064849002595,0.0012950953380536942,-0.0018242031109159359,0.004625730583851791,-0.014408332784300409
13,1,0.006403713024955717,0.005149115896975383,-0.01753779593651539,0.002645144504392305,0.013793932337866546,-0.0038411838423127393
13,2,0.006764602451527941,0.00942021795237723,-0.016041051970161792,0.0019608727895987993,0.01079308074716206,-0.012251150051868893
13,3,0.007622925995297485,0.007220365343695611,-0.02475276865390924,0.005071482779853221,0.009028276976113794,-0.006145183803917481
13,4,0.010426789288789791,0.012052157882535679,-0.020432302751770694,0.007373926457126149,0.014063265278419857,-0.005944995105989599
13,5,0.020204076551617038,0.01286623598754281,-0.026114255730960448,0.005447971029135238,0.009923023884098157,-0.00815182369611399
13,Aggregated,0.009375639461841428,0.008051266960754961,-0.014129975111905585,0.0028701263686502555,0.009836129159759163,-0.009138992153470072
13,Centralized,0.009375639461841428,0.008051266960754961,-0.014129975111905585,0.0028701263686502555,0.009836129159759163,-0.009138992153470072
14,0,0.0027776200003494793,-0.010730683665606979,0.014349050210013805,-0.007231959594304739,-0.0019424548482039632,0.002815721117452424
14,1,0.00607776943863593,-0.005892179711442042,-0.012751368213750761,-0.0007084916834035455,0.006928901225526416,0.0038977791651124646
14,2,0.009008337373829374,-0.009650153336599385,-0.009543801212756602,-0.003980277595443657,0.008599878782546642,0.004631465498951636
14,3,0.00803769146565988,-0.0020955032388049895,-0.008272329792212867,0.002470892282684911,0.007151187422313013,0.004889055353347866
14,4,0.0015264473960123093,-0.0003336711888804735,-0.01907545176578807,0.00040539657142697657,0.007668712219546778,-0.0010862531160161356
14,5,0.004031968498226031,-0.005243826012823173,-0.015953660464637413,-0.0013916492916311838,0.008468749453107417,0.001687510594834187
14,Aggregated,0.00420320905015646,-0.006656358755649251,-0.003501161144313216,-0.002765070969855202,0.00516454775345632,0.0017252607558901625
14,Centralized,0.00420320905015646,-0.006656358755649251,-0.003501161144313216,-0.002765070969855202,0.00516454775345632,0.0017252607558901625
15,0,-0.0006757987182046161,0.002227162651631802,0.004395500564956999,0.0007998240284897133,-0.012288325096760736,0.0007519124653199636
15,1,0.0021083759756438717,0.011747918256924963,-0.026337175175008855,0.006309657823101705,-0.012272902597787834,0.006799526154996487
15,2,0.002557366066946454,0.011141083566061059,-0.013406741756361673,0.009257779443724566,-0.01042797434237621,0.00783758563492066
15,3,0.002917143703604092,0.0063075182559876935,-0.012147544847337523,0.00519692081331948,-0.008016515434164111,0.0036919530236041035
15,4,0.002673288923613393,0.014850297793076212,-0.022192764629119247,0.011074804279256011,-0.009460512163124296,0.00838795713247151
15,5,0.006549709506379073,0.01830838006527683,-0.020340120040939415,0.015347952150462947,-0.006928624747468552,0.008289011207563826
15,Aggregated,0.0013211638734013412,0.00955179370075368,-0.008461159841230836,0.006704858254340588,-0.01109999603203181,0.0046281690590703655
15,Centralized,0.0013211638734013412,0.00955179370075368,-0.008461159841230836,0.006704858254340588,-0.01109999603203181,0.0046281690590703655
16,0,-0.005021705953556555,-0.0012382950957066786,0.026929218938834622,-0.005472478197793165,-0.006968624134144545,0.0047548515081326514
16,1,0.0030621864525005277,0.004953020931541512,-0.0035379169429882134,-0.00029671570446590154,-0.0024415657812894838,0.010488311116101845
16,2,0.0036275077320249496,0.0025690273651602443,0.00036886258445217315,-0.0007672894201385894,-0.006268916236387428,0.011129408482495476
16,3,0.0024995485803939654,0.002434860467423021,-0.005643838071860336,0.0006417887026330283,0.0026055225750981335,0.002315701292948205
16,4,0.007973507485595492,0.0035598433528801635,-0.0072867382024106005,0.0024210013348682797,-0.0017913660213819953,0.011496669902638217
16,5,0.0051130969527739345,0.0026835858239958772,-0.0068975409004674425,-0.001854803154535356,-0.006316294430672262,0.009893427508850456
16,Aggregated,0.0006079188685401862,0.00012838868917390033,0.012507145367281192,-0.0032056584436761194,-0.005991500923308384,0.005947136186669444
16,Centralized,0.0006079188685401862,0.00012838868917390033,0.012507145367281192,-0.0032056584436761194,-0.005991500923308384,0.005947136186669444
17,0,-0.0036890335294462507,0.0014074029875700762,0.01353689240707381,-0.005844669954138282,-0.004601233394211461,-0.0157747753968001
17,1,-0.0025549685677952482,0.007670157443334359,-0.015572218093663345,0.003332555002783312,0.004266683625679107,-0.0036809942533313354
17,2,-0.0009307468854760707,0.010039246885364166,-0.01773614666696244,0.0012002486024712616,0.003175555252414862,-0.006367696077856824
17,3,0.005874079102358488,0.00918928036153486,-0.013683477816365395,0.0005995116841243817,0.0037934148343294672,-0.0023664312861797192
17,4,0.0012995036405262746,0.007505165712089566,-0.01388552125244671,0.0001928467757050541,0.004414591342048822,-0.011826051269391577
17,5,0.00752563100618955,0.015747300751423582,-0.02040553945119552,-0.0031158462643678287,0.0019013548541542968,-0.009187734867912653
17,Aggregated,-0.00025086239626002433,0.007348477657251005,-0.003974868521209373,-0.0022107584044372425,0.0005694150122736886,-0.009593400860582567
17,Centralized,-0.00025086239626002433,0.007348477657251005,-0.003974868521209373,-0.0022107584044372425,0.0005694150122736886,-0.009593400860582567
18,0,0.0013555116999793516,0.0050310557952642655,0.02144509867898034,-0.0001258130629243453,0.00014482319420622497,-0.0018876851389356467
18,1,0.00629936454118309,0.006309197274259984,-0.007888409655765804,0.004864939711704385,0.008061998107456364,0.0013669905002631267
18,2,0.006584456256190554,0.011368269019272171,-0.0015676018569130408,0.0014246757602918861,0.004296764732533667,0.005717467059856304
18,3,0.006211992774065389,0.001037196430994658,-0.012387368432545554,0.00516646334948189,0.002375790299086512,0.002803599833281435
18,4,0.007911747542492036,0.006920107292672293,-0.007134344848582481,0.0060701265947290944,0.007011070093494179,0.004117775030513739
18,5,0.010206159636011623,0.0054504502651241855,-0.009735144115300805,0.007018397584511385,0.006494816775581756,0.0005127396921356497
18,Aggregated,0.004731499528933456,0.004191771641539199,0.005924578346193787,0.0022992204483643303,0.0029554336417718327,0.0003405169056707828
18,Centralized,0.004731499528933456,0.004191771641539199,0.005924578346193787,0.0022992204483643303,0.0029554336417718327,0.0003405169056707828
19,0,0.0005670509124469647,-0.003610547032585293,0.01405222124219942,-0.011165497736098188,-0.015860762982339082,-0.006100435617678832
19,1,0.00463680311903379,0.000759036746913711,-0.018968636704854488,-0.0028174045241214207,-0.004632836949361039,0.0006389627672094584
19,2,0.010577008811329235,0.0012861650685205154,-0.021795149620420066,0.0009780236098045696,-0.00919991955735809,0.006911068480655623
19,3,0.004444381641258807,0.00406150925423847,-0.010984838347191715,-0.0017786989334263766,-0.0009397978896940329,0.001782727077304418
19,4,0.009668939067468693,-0.0002708224629502456,-0.01823313200876358,-0.006044055235962798,-0.011764335245135963,-0.001306262196560974
19,5,0.005586662870667645,0.005093488821778131,-0.019638641115641477,-0.005326347102886969,-0.007777939283491029,0.0007498423730785239
19,Aggregated,0.003529797974454923,-0.0007224921985890839,-0.002144546749410223,-0.006503794942898813,-0.010450136937477714,-0.0014557740948290857
19,Centralized,0.003529797974454923,-0.0007224921985890839,-0.002144546749410223,-0.006503794942898813,-0.010450136937477714,-0.0014557740948290857
20,0,0.004141128484270683,-0.006407144320108988,0.02190258083413584,0.006184257717456434,-0.010053798726610995,-0.002193145874336019
20,1,0.008790855214895714,-0.001604994171392896,-0.017018105354822493,0.010773415023373036,-0.005285237039257248,0.006593933175590389
20,2,0.005328553224051163,-0.0024984340065318665,-0.014676911352071456,0.00927707853381574,-0.0047754858548620825,0.006555218256668648
20,3,0.009198738247750722,-0.0025776605051846284,-0.016567749565877598,0.008190777528449142,-0.005121052334679805,0.00945800859618638
20,4,0.013841245010404828,-0.0024527160102739537,-0.013395766395851539,0.01558970233666847,-0.005395371359212122,0.012467746953512984
20,5,0.011114803121103467,-0.001902558008832591,-0.01619683987475699,0.013883113311566943,-0.0033099295389826923,0.01149206054805782
20,Aggregated,0.00617793059459489,-0.005217857198821103,0.0022148457653845366,0.009353694101914427,-0.00825344645349335,0.004429196055008745
20,Centralized,0.00617793059459489,-0.005217857198821103,0.0022148457653845366,0.009353694101914427,-0.00825344645349335,0.004429196055008745
21,0,-0.0032953975025130844,0.000864716971497083,0.02765738803407947,-0.015072374516781081,-0.0027742862854377892,-0.005309996352761312
21,1,0.007172421986279663,0.010461361403089134,-0.01232555428758419,-0.0045206779521085256,0.004904476416076393,0.004657615634093937
21,2,0.004900632731646365,0.007381051230237912,-0.005161522288099297,-0.008604592058034433,0.0041495816525895365,0.002446168584668047
21,3,0.008518049907936302,0.00726617182799441,-0.014345053257991368,-0.002433140564392095,0.0028172314307447397,0.006833970027730775
21,4,0.004900974573860543,0.011935465285016046,-0.008452887338797156,-0.008365455921152447,0.00538711356396456,0.001591784772987309
21,5,0.007288541481258939,0.008829827165873293,-0.014458200566265058,-0.006935704388375198,0.004486457639912586,0.006685436303697389
21,Aggregated,0.0023639831763758888,0.004749981786552939,0.009354870866327672,-0.010395980459535476,0.00012299202473466678,0.0006836236386603517
21,Centralized,0.0023639831763758888,0.004749981786552939,0.009354870866327672,-0.010395980459535476,0.00012299202473466678,0.0006836236386603517
22,0,0.0006990869123194054,-0.0023964999283905175,0.03513165803525207,-0.006721498206586333,-0.009745738551527414,-0.008909215230754362
22,1,0.00635713238219055,0.004792296958916128,-0.004011309328195381,0.0006149738724416413,-0.006122391008050472,-0.0015433192816643598
22,2,0.007502981524604214,0.0036884695633266807,-0.0012347540821478933,0.003103359300573716,-0.0019681103032585475,0.001246821491129735
22,3,0.0067113921896551085,0.006624163993612182,-0.0038746157039452334,0.0007113246685521972,-0.007059868851666192,-0.0009542114300439115
22,4,0.0076286222884230925,0.005046110042971319,-0.00033898726064137595,0.0028183611534983266,-0.011104696274937112,-0.0024581939047771005
22,5,0.010665310198714667,0.008301425858676985,-0.003001144595960548,0.00042115103464474186,-0.014007726478170729,-0.005154825143393254
22,Aggregated,0.0026008470484971203,0.0003058494933710641,0.02235186345326506,-0.004183821414953934,-0.01129220243804812,-0.006401360575660854
22,Centralized,0.0026008470484971203,0.0003058494933710641,0.02235186345326506,-0.004183821414953934,-0.01129220243804812,-0.006401360575660854
23,0,-0.0068759247528314815,-0.012907674528338766,0.03821935755898629,-0.009021751737347008,-0.012405566845026965,-0.0020219861334340957
23,1,0.0034848048344653013,-0.0019919886327438375,-0.003768137017953424,0.002025745511811212,-0.0007699218717635085,0.006430278381928041
23,2,0.0022113763825488916,-0.007783969321145495,0.00334149682523702,-0.0017111460241594231,-0.006051692938971354,0.007835260563576502
23,3,0.00847175246730949,-0.005844618556966351,-0.006062273066640093,0.005070765861953913,0.001038627464593036,0.004730693025360978
23,4,0.008433763784582441,-0.008187675125189108,0.0019381800306372636,0.0053443025957030255,0.0015054781460474183,0.006641008049155981
23,5,0.002526807793078957,-0.006658360822531429,-4.6755027907640725e-05,0.002360790874025018,-0.0005854907755249793,0.007237214738252746
23,Aggregated,-0.0009628661650550688,-0.010995446282473653,0.026034544738090394,-0.003952031722240306,-0.006574884641368266,0.0010113077363823227
23,Centralized,-0.0009628661650550688,-0.010995446282473653,0.026034544738090394,-0.003952031722240306,-0.006574884641368266,0.0010113077363823227
24,0,-0.0010564434618505357,-0.01659556279319319,0.04833972510423916,-0.010932889013563945,-0.018632845160012353,-0.007983381714347924
24,1,0.01094735673754417,-0.005998197556786413,0.0017101932368065868,-0.0036084770909690996,-0.009217272393476946,1.7933204373249412e-05
24,2,0.013314082174429672,-0.009572138772614517,0.009417982696784162,-0.005230396530343425,-0.012525775304546337,-0.004272992834698445
24,3,0.008443247361340682,-0.001936145119261251,-0.005980143473722493,0.002482362289243736,-0.004482641798467136,-0.0029399379400447843
24,4,0.007498116238778184,-0.0068485998209908945,0.00020933463970698976,-0.0019957372010916477,-0.007627537394465607,-0.005851776265088312
24,5,0.013245174085677117,-0.007775534529939138,0.011026775058676105,-0.0036285683085627673,-0.010087441258751178,-0.0006079005517503121
24,Aggregated,0.004318638985992444,-0.012276482471850944,0.03182280158677739,-0.007934734373948052,-0.014597277770809826,-0.007838683950686019
24,Centralized,0.004318638985992444,-0.012276482471850944,0.03182280158677739,-0.007934734373948052,-0.014597277770809826,-0.007838683950686019
25,0,-0.00946475419597261,-0.0038462330181271054,0.04300935342031584,-0.011615587147250304,-0.006253069988242401,-0.009334014628304172
25,1,-0.0013475915047975661,0.005632135821152468,-0.0006464640564967598,-0.006111106757695498,0.002049818706902638,0.0011814144320396495
25,2,-0.001756301166409725,0.007950250809478112,0.007278400209069546,-0.005928201677933746,0.006812221550506551,0.0016458503232444608
25,3,0.0010065120926831066,0.003045197769806439,-0.0016183784189988683,0.004104294141654882,0.0013576003009057073,0.0033356665497383193
25,4,-0.001850761257415484,0.002560124179958473,0.0010968428124677847,0.002077195110720384,0.0010945093728039756,0.0015653649579293538
25,5,-0.0011477211561027687,0.0026497531703176926,-0.0029198279749499683,-0.000942272257488098,-0.0009804193180970452,0.0011213765588813116
25,Aggregated,-0.0066713533117261385,-0.0012939318246447302,0.028229702311459045,-0.007257966383558678,-0.0029829612573344095,-0.00417129832626485
25,Centralized,-0.0066713533117261385,-0.0012939318246447302,0.028229702311459045,-0.007257966383558678,-0.0029829612573344095,-0.00417129832626485
26,0,-0.011651040417545003,-0.006922026249825446,0.04341696721788475,-0.011171664352938487,-0.00540690952992123,-0.006275391691708397
26,1,-0.0035696922344024737,0.004103280931477114,-0.0017190215015134868,0.00013966535847107682,0.003283036721410885,0.0011741522048360727
26,2,-0.004686549319755523,0.0020044348573625345,-0.0017344261687916819,-0.0028549276819046393,0.0005120443660088791,-0.00034368701794672
26,3,-0.002804866858580769,0.0017739089509894452,-0.0007529009653590068,0.0031553378936572474,-0.0008925716700655016,0.0011632041610832478
26,4,-0.009609101728304655,-0.001558590053698087,0.000964093504060037,0.004431804449999399,-0.00016300094915127998,-0.0007102211371803225
26,5,-0.009806738659743663,-0.0001736098846892054,0.0015443985080034774,0.0025752146432777285,0.004708277172095198,0.004817386903995121
26,Aggregated,-0.01184389395948181,-0.004970124046849458,0.03126600545321062,-0.0056931176609058606,-0.00444981497410609,-0.004900026176644317
26,Centralized,-0.01184389395948181,-0.004970124046849458,0.03126600545321062,-0.0056931176609058606,-0.00444981497410609,-0.004900026176644317
27,0,-0.008778017755139537,-0.004106330457647651,0.045794440185263144,-0.007727827540814901,-0.008545775231321105,-0.006262121167994097
27,1,-0.0001345372099175642,0.004540445467391171,0.002150572149064863,-0.001304700143439678,-0.001057642112952832,0.003048533131121711
27,2,0.0016131328359371125,0.0018489422688793655,0.008077038795232822,0.00042514040645680133,-0.001139555372109221,0.004868751691570501
27,3,0.0022282839313576435,0.001638104747105914,-0.008978505650822786,0.001827802334248792,0.0006523656986760175,0.0029849998070850055
27,4,0.0015977922079454445,-0.0010046546136140567,0.002405199355954748,0.008143024149753954,-0.0006192893767429489,0.006386373315526783
27,5,-0.0002034857527265507,0.0007593925111247691,-0.0017027961536653646,0.0005211622442085432,-0.0008095446243568959,0.002507857663651608
27,Aggregated,-0.005132488967549396,-0.0037533887003673946,0.029356250572228203,-0.00426225136415815,-0.00558445234224185,-0.001963059761202725
27,Centralized,-0.005132488967549396,-0.0037533887003673946,0.029356250572228203,-0.00426225136415815,-0.00558445234224185,-0.001963059761202725
28,0,-0.0027588486750900337,-0.006716149890812724,0.048877054646873426,-0.012097623404187232,-0.012908161451789326,-0.017738401498782617
28,1,0.007953874154276171,0.005680602989607814,0.0010943585542931011,-0.005555849590620632,-0.004793484953450942,-0.009218004990171618
28,2,0.011361186237052517,0.004914291119049291,0.00798100321582994,-0.00740778640743889,-0.0051931565977807554,-0.010187457630243202
28,3,0.006442142676441014,0.0057293013295194985,-0.006592281984611975,0.0002676197374310031,-0.0012955336685444069,-0.004870915054853112
28,4,0.007800840194401939,0.001069265800871396,0.004003771483792823,-0.003874278134767044,-0.003824239064659657,-0.007579012463539469
28,5,0.007691779232541846,0.004246869976850761,0.0012055592868172344,-0.004568812400116646,-0.005820360584082426,-0.007766944938181676
28,Aggregated,0.0010718486077763234,-0.002654799452835129,0.033822063797811316,-0.010479819863936448,-0.010298753417365301,-0.01379840186320736
28,Centralized,0.0010718486077763234,-0.002654799452835129,0.033822063797811316,-0.010479819863936448,-0.010298753417365301,-0.01379840186320736
29,0,-0.0008131682219467144,-0.0231971410230118,0.05150139890764084,-0.01735613025794454,-0.014236422226359553,-0.0022271531469662087
29,1,0.011618937416335105,-0.008625790541971799,-0.006608968355193716,-0.00921921087797843,0.0008833700726026705,0.004999293336589077
29,2,0.0101137055911497,-0.019226365130793722,-0.005263430755708549,-0.011836995787199727,-0.005476360602794834,0.008946470393243646
29,3,0.014297034829302778,-0.007302132567325443,-0.005840743911018167,-0.005574337423919039,-0.002315075317955702,0.002693431669317592
29,4,0.005116926545189851,-0.009785477070052452,-0.0024429300005331385,-0.0074996535392731324,-0.004419332249978091,0.004640364750127428
29,5,0.014629145221089518,-0.016968876057563045,-0.002321636244140076,-0.007295011070928024,-0.00233595035721149,0.006128529632034532
29,Aggregated,0.003442707427428592,-0.019406018794959675,0.030834008486039212,-0.015296027567534138,-0.009085594450523442,-0.0009164609882080732
29,Centralized,0.003442707427428592,-0.019406018794959675,0.030834008486039212,-0.015296027567534138,-0.009085594450523442,-0.0009164609882080732
30,0,-0.0012942406800055231,-0.001577008894831908,0.05432651694108902,-0.019066026454871782,-0.006731228673813738,-0.015070978934874728
30,1,0.007678384339011927,0.010176529355171837,0.004081609912248659,-0.008382338085751685,0.0025449883193503866,-0.004667462596030145
30,2,0.006063642185652977,0.008887723902478982,0.013969203904223305,-0.010021711321142022,0.007104732701528972,-0.006830507452085357
30,3,0.0049878705673405445,0.005996409341468953,0.0013991957791397132,-0.005436207568468782,0.003721382215986524,-0.0038135751859040964
30,4,0.0020223467579151295,0.001565241505942625,0.008406145017332927,-0.004738332777889029,0.00575154973962413,-0.0025492498417466892
30,5,0.006865529323954637,0.00946591396931807,0.007044764185193056,-0.009178534074219459,0.007201766503554342,-0.006374736925049242
30,Aggregated,-0.0011763624097056876,0.00023178608649295805,0.040848623336050945,-0.014842043763931735,-0.002211372145926655,-0.010733507086499745
30,Centralized,-0.0011763624097056876,0.00023178608649295805,0.040848623336050945,-0.014842043763931735,-0.002211372145926655,-0.010733507086499745
31,0,-0.0076673228559610675,-0.008379743167327631,0.05366562412140485,-0.011128590926874155,-0.013614948725464924,-0.01022240707873928
31,1,0.0031668781542806713,0.004864735983568329,-0.0005672792331622051,0.0003150897016018265,-0.0061164274565150886,-0.009782660359471134
31,2,0.002296057573311197,0.0006700415369648583,0.008052553572583708,0.0024040308836787124,-0.00675284895739371,-0.0011451671587186093
31,3,0.006396843752171535,0.004396843097696764,-0.009443884104507517,0.006039615849996391,-0.0029372714133551925,-0.009643364695366485
31,4,0.0037990041362884635,0.0016316573310393282,0.004332528050445212,0.0054386687968500606,-0.00251160555134388,-0.00048369409591853354
31,5,0.002130140557352841,-0.0011203068523785952,0.0014432470774849268,0.004558922390991073,-0.004012890881350571,-0.005543219425557995
31,Aggregated,-0.0037810013846207684,-0.005138405334027409,0.035889847786520865,-0.0047879217940420766,-0.010532352544021396,-0.010871785347859193
31,Centralized,-0.0037810013846207684,-0.005138405334027409,0.035889847786520865,-0.0047879217940420766,-0.010532352544021396,-0.010871785347859193
32,0,-0.009379301318522434,-0.01764984203478572,0.05820107206133385,-0.014561727032241548,-0.008154508935109188,-0.009716784222361175
32,1,0.007852814775837522,0.0007014802182426283,-0.00518290808675692,-0.0027712346999788553,0.005560138331476754,-0.00024201844433910936
32,2,0.00553739044650394,-0.0120825721025912,-0.0014037994460973794,-0.00024321954223704422,-0.00035794824255779164,0.0008714310434967547
32,3,0.001877844774445125,-0.004806460315711337,-0.003027176776930423,0.0011295240689901478,0.0001420520390349548,0.005741392235810883
32,4,0.00026712149352539166,-0.01116868708563942,-0.00135616860905473,0.0004264816611369848,-0.0051785121421773425,0.00011788163411436774
32,5,0.007793835276350527,-0.003923081765434077,-0.00540655571734623,-0.0008712570048639969,0.00783384219880357,0.0015283552896711162
32,Aggregated,-0.00382232378994958,-0.014299450795861923,0.036783219228346764,-0.00924042136934851,-0.005545777959307656,-0.0058490382639352035
32,Centralized,-0.00382232378994958,-0.014299450795861923,0.036783219228346764,-0.00924042136934851,-0.005545777959307656,-0.0058490382639352035
33,0,-0.023648211135998527,-0.00920424895587691,0.05778998980729894,-0.01629571356321423,-0.008330469886260258,-0.008668747049808585
33,1,-0.01164974526587521,0.007082868365192092,-0.0016118235371191552,-0.006933620594610902,0.0035524804142144564,0.002618751971709156
33,2,-0.014080520135099072,1.59737514978849e-06,0.0070570196283437575,-0.0007300202166529508,0.00035648746157576074,0.01766869739768579
33,3,-0.007190051337171462,0.004997864124516332,0.0001986781988546881,-0.002191921731785355,0.004822238780407392,0.0009992467754051913
33,4,-0.012100205212371465,0.0024397467637897424,0.005740051708203104,0.005171091128377376,0.004261803121900877,0.011463742164697838
33,5,-0.016519475946373135,-0.0013262263777119023,0.0017808830983216302,-0.002220600575528438,0.0019028676721986545,0.005138837205854013
33,Aggregated,-0.019010506144284775,-0.005956494334504661,0.04293792781160807,-0.010804458431094208,-0.004659580363909071,-0.001975905252161835
33,Centralized,-0.019010506144284775,-0.005956494334504661,0.04293792781160807,-0.010804458431094208,-0.004659580363909071,-0.001975905252161835
34,0,-0.009297964852717326,-0.015362693127264975,0.06460973315155183,-0.011988847254396891,-0.008415306627425706,-0.0034804995769385054
34,1,0.003831154411058753,-0.003859673292040312,-0.0006785428369299777,-2.596846258290375e-06,0.0012787197928221972,0.0011574711671546315
34,2,-0.005718662793980443,-0.0062838194768338,0.005525238018632793,-0.0030428263423468217,0.0011790527695463183,0.012865142668636632
34,3,0.005359375107576698,-0.0023510114490541524,0.00013545183997333226,0.0025483759726750723,0.00044296940982941534,-0.0037757489141092213
34,4,-0.004908301798597041,-0.008159137643416352,0.001378401515401101,8.945592842683295e-06,0.00029273807210688135,0.00930744665812246
34,5,-0.0007767827255281375,-0.005292067527125951,0.0017147183767739758,0.001292856527423734,0.0031052423180224662,0.002117966225527961
34,Aggregated,-0.008436804481762126,-0.01343385942777978,0.044512421978663716,-0.008433361965573568,-0.0067903333702504145,-0.0035852081477393684
34,Centralized,-0.008436804481762126,-0.01343385942777978,0.044512421978663716,-0.008433361965573568,-0.0067903333702504145,-0.0035852081477393684
35,0,-0.010190289172213492,-0.010505786146498367,0.05686140155443661,-0.014760621166957118,-0.009990575074328253,-0.015483152443503569
35,1,0.006795414506579235,0.00956700977963717,0.0019083906715917282,-0.005172654606991978,0.0024422440450276315,-0.0036464578848758315
35,2,0.0023755980146159196,0.00364117528260266,-0.0021601943910571496,-0.005133895461928565,-0.00034639717034493274,-0.0049086722276228765
35,3,0.0024976291359277516,0.003383772580373275,-1.3168242860681696e-05,-0.0025135052158014887,0.002175751875397154,-0.001102887002988866
35,4,0.0016488019801356208,0.001023145065463558,0.000648336946229916,0.000692142216754743,0.0033547149543850826,-0.0032797493015310226
35,5,0.006786850665421943,0.008745876513690376,0.0008699835416938421,-0.006250858685084079,0.0028475139687113983,-0.004510196011623868
35,Aggregated,-0.004728106544357696,-0.004410561201544,0.040361690301476995,-0.011627557489523259,-0.00569876068954553,-0.010589919851597414
35,Centralized,-0.004728106544357696,-0.004410561201544,0.040361690301476995,-0.011627557489523259,-0.00569876068954553,-0.010589919851597414
36,0,-0.00621122936718802,-0.010656490374387434,0.06356151791222536,-0.01311986663822293,-0.010300614490496312,-0.01638681900414443
36,1,0.005231728899654851,-0.0011183766410120459,-0.002293022019967961,-0.002960105117946756,0.0011284803175711845,-0.009954531564288877
36,2,0.006175279060469899,7.601850361252968e-05,0.002021522473054751,-0.0005324281949636245,0.004351125696681201,-0.005444232708069715
36,3,0.006210540107176759,0.0001363428415278034,-0.007570517003580041,-0.0005569499198910051,0.0018913420602893413,-0.011470686776552802
36,4,0.004000584163783753,-0.003246656483286314,0.00015835769558352936,0.0033148136944524736,0.004104176770793363,-0.0041236254885040095
36,5,0.0056963837358179285,-0.0021216721755357676,-0.004753583650250777,0.0021415568063499276,0.004553326206272129,-0.010092829140884527
36,Aggregated,-0.003071954955620902,-0.009523374007505386,0.04098115609138169,-0.008616417991554038,-0.005679427085618673,-0.01567629392391776
36,Centralized,-0.003071954955620902,-0.009523374007505386,0.04098115609138169,-0.008616417991554038,-0.005679427085618673,-0.01567629392391776
37,0,-0.012233263184126769,-0.01266836998206802,0.05742640100886463,-0.013297542897412308,-0.01315824806694912,-0.008553395768892556
37,1,0.003115924681333859,0.0049197250431754725,-0.002128988444528257,0.0012115039101640499,0.0034627316464756596,0.0028099782147978838
37,2,-0.001417949346400419,-0.0005280596561820265,-0.004155792320348648,-0.005145873660632729,-0.001815717697124539,0.001939463576397774
37,3,0.002921402057411383,1.7393951560599567e-05,-8.045416717952225e-05,0.0012377221701245019,0.002302871257824985,0.006951969473829984
37,4,0.0002995941331364882,-0.0033249912575600673,-0.0031416264558769675,-0.002399591544766801,-0.002481464282899171,0.00645492515904514
37,5,0.0001928375220818864,0.0032480108970649605,-0.00037629682389931176,-0.001953843489233645,-0.00012064355752347914,0.0034966322796630787
37,Aggregated,-0.007754832441593782,-0.007975512430836098,0.04054095458931712,-0.009951171047427175,-0.00867450628633371,-0.003859089357464248
37,Centralized,-0.007754832441593782,-0.007975512430836098,0.04054095458931712,-0.009951171047427175,-0.00867450628633371,-0.003859089357464248
38,0,-0.015126064996946163,-0.009537238138428288,0.05974654051759368,-0.022064902636918824,-0.014080273467418703,-0.010716005528497092
38,1,-0.0009518191131657444,0.006212065312273153,-0.0029517829512853027,-0.010275601201356406,-0.004936847947588542,-0.002334309690309011
38,2,-0.005032480283699597,0.00903324043311326,-0.0016774650866955068,-0.0058163670211753135,0.0002150897917954586,0.00561984091826213
38,3,0.002621102181885534,0.005777977332332555,-0.00434486134236117,-0.010792164816507797,-0.001558909852079807,-0.004496790724568262
38,4,-0.005657955478070649,0.004593676641088066,1.168860602980178e-05,-0.005364197194052363,-0.003249509403181368,0.006136559766919995
38,5,-0.003462411385115691,0.00664986663378421,-0.0025469143041725365,-0.008170868319116766,-0.002219988052700699,0.0017110357601544896
38,Aggregated,-0.011349786175908096,-0.003696967330365111,0.04260875899735222,-0.0172996475881897,-0.010811516495431946,-0.0074335103855104005
38,Centralized,-0.011349786175908096,-0.003696967330365111,0.04260875899735222,-0.0172996475881897,-0.010811516495431946,-0.0074335103855104005
39,0,-0.018722116689928937,-0.012806524695490262,0.06815910714304967,-0.011748575643407116,-0.008859769671547446,-0.005410107305169341
39,1,-0.00778239083264627,0.007925993056430016,0.0047715752698146785,0.0007903559466294113,0.007763521936662479,0.0041429432003932155
39,2,-0.009835222837617669,-0.0021851652197916365,0.007504082278274712,-0.0014609572202636868,0.0021351028833989285,0.005762982341169619
39,3,-0.008495795567879282,0.0007770126397134851,0.0014573543084913136,0.002387432208394862,0.0003796766375464796,0.0062869142526382205
39,4,-0.006418819684318082,-0.0011378611414578485,0.0032884540970691428,0.002243157592598444,-0.0001143114749632656,0.00601540957270299
39,5,-0.013072697098129901,0.005655978674655168,0.00487988732300314,-0.00017872664156069843,0.003778445291083558,0.005494234345850981
39,Aggregated,-0.017475324650221943,-0.008144782719837738,0.05096419029485048,-0.00876515195361927,-0.006130928544090293,-0.0033322617655665377
39,Centralized,-0.017475324650221943,-0.008144782719837738,0.05096419029485048,-0.00876515195361927,-0.006130928544090293,-0.0033322617655665377
40,0,-0.013060888661569393,-0.00864154732744177,0.06384940292862298,-0.015302372377243066,-0.01923113512078117,-0.007613459441587586
40,1,0.00536785794506876,0.004645553277658991,-0.0021857611432121726,-0.003416473738285034,-0.005118323671566283,-0.0016741611522731348
40,2,0.0006461450671737016,0.011891130374817595,0.0009137233195872877,-0.0036853645839174808,-0.010712076772475992,0.005555100573247365
40,3,0.0030225431286791727,0.00441015626842121,-0.00048382822175475996,-0.0002659397641768646,-0.007084242918455561,0.00040131150728680193
40,4,0.002391508718220075,0.006158479910821901,0.0006447714641655956,-0.0017286318478002493,-0.009570638766329277,0.004285318706157447
40,5,0.0037019611310585795,0.008219853404476432,0.00047819025679505985,-0.006010085324082812,-0.011953725125203747,0.0010624191066575658
40,Aggregated,-0.007585516991253755,-0.0037761560776266873,0.04705781564634436,-0.012862620014282653,-0.016879936501900027,-0.005944367017749752
40,Centralized,-0.007585516991253755,-0.0037761560776266873,0.04705781564634436,-0.012862620014282653,-0.016879936501900027,-0.005944367017749752
41,0,-0.007774762795834824,-0.009090140247286363,0.06431392731730382,-0.02209726056303822,-0.01430322696452243,-0.009021254955903817
41,1,-0.0005794672767329219,0.0050003239858615245,-0.0009802897558478297,-0.0073074005468072595,-0.0039025207114028507,-0.0012852123135966658
41,2,0.004715905087493813,0.00502865024836944,-0.003236814693010912,-0.005676738271125961,3.2384322408844184e-05,0.003341715562510729
41,3,-0.0016343304905324673,0.006493626889921535,-0.00127822362101503,-0.0025932554093083013,-0.0027234074071960713,-0.0006569994496649967
41,4,0.004706676713848565,0.004038400470008579,-0.0013701286626527699,-0.004835622475716039,-0.0014756257125443236,0.0030675546351952303
41,5,0.004319026868941627,0.00416996757249528,-0.001600054828524962,-0.00832943899704337,-0.0012205766782978614,0.004243042380188681
41,Aggregated,-0.006878182427109361,-0.005534079799496818,0.046348394091919064,-0.01596217300218657,-0.011018147329298691,-0.006899919398906403
41,Centralized,-0.006878182427109361,-0.005534079799496818,0.046348394091919064,-0.01596217300218657,-0.011018147329298691,-0.006899919398906403
42,0,-0.012002878797803847,-0.01183933686277855,0.0656088196620146,-0.014828303314152445,-0.010216130444590703,-0.01674136431289171
42,1,0.0057418726756164684,0.002582313528995927,-0.000910290810712185,-0.0002309729995411384,0.005306218188622991,-0.007351618586947976
42,2,0.0015792218436317474,0.0021151117014161767,-0.0006087967810345448,-0.005952592061083976,0.002829125352905916,-0.0018184647766472232
42,3,0.005127217875311617,0.0042903814053074875,0.003983700703466481,-0.0028237602545091926,0.0055462086526904255,-0.007716244583994778
42,4,0.0014185318550370288,0.004235087256999992,-0.0023119688700474596,-0.0016427987870774633,0.003928091107927157,-0.003667435187433394
42,5,0.005937755111134805,0.003203188989145711,0.0009692312626488379,-0.0030733734102829954,0.004728997451198628,-0.00945838063292004
42,Aggregated,-0.006876803256580775,-0.00739406175296222,0.04873566111126289,-0.012754245245542287,-0.005406315790097382,-0.013544492616900324
42,Centralized,-0.006876803256580775,-0.00739406175296222,0.04873566111126289,-0.012754245245542287,-0.005406315790097382,-0.013544492616900324
43,0,-0.01141414585759304,-0.01136226507833509,0.06199076328084373,-0.015152018053567239,-0.009655253482600695,-0.009821566826353045
43,1,0.002864943830503215,0.005605039262462372,-0.0025449661600402272,0.0016751093550391152,0.0007800830086956497,-0.0006908204307304008
43,2,-0.0011611629158081208,0.004197327995101684,-0.00040402293437295697,-0.0021905145020555523,0.0024580140935506196,0.0049643550579266775
43,3,-0.001160893570743001,0.005663321676730249,-0.0006127849855077469,0.003895904823591762,0.0011977161435828554,-0.001108499636967322
43,4,0.0059890553399021985,-0.0018058619815754992,-0.0019449181444462257,0.0015548571860869145,0.0017727998634144808,-0.0034511680524386937
43,5,-0.001842621173638805,0.0036794308814168983,-0.0030509801155555517,-0.0007140728474259636,0.00387528188006493,0.0023421179188560215
43,Aggregated,-0.006989910201827333,-0.006731387387916133,0.04412905339783296,-0.009406136790477432,-0.007022001241087329,-0.008419072007034954
43,Centralized,-0.006989910201827333,-0.006731387387916133,0.04412905339783296,-0.009406136790477432,-0.007022001241087329,-0.008419072007034954
44,0,-0.019020949260092453,-0.015287395947747574,0.06755552445516652,-0.015451633179341073,-0.01314405422182909,-0.011245093549066453
44,1,-0.0028752684036610254,0.002504312818253345,0.000542303698567744,-0.006088012421624107,0.0011120722375250784,-0.0027335650545450467
44,2,-0.009780503288960242,-0.0021040035152886266,-6.774075892343775e-06,-0.002709752724985742,-0.0008660256397652443,0.0029500687813061987
44,3,-0.006554819064693352,-0.0019467297148697826,-0.0002679362293430641,-0.0018057153557559066,0.00136120695896542,-0.002719888053291876
44,4,-0.010730197032935474,-0.003202337100470681,-5.6374970235004154e-05,0.0008022439566531844,0.0024019192966345908,0.0025792192958651564
44,5,-0.008331871748079176,-0.001849492410340692,0.0030499299025745644,-0.003239689389490805,0.003704712123140494,-0.0016110914149315564
44,Aggregated,-0.016352786413166804,-0.011963740098420484,0.05004675422968267,-0.013005332471120215,-0.009021761090552647,-0.00879750331019379
44,Centralized,-0.016352786413166804,-0.011963740098420484,0.05004675422968267,-0.013005332471120215,-0.009021761090552647,-0.00879750331019379
45,0,-0.011699120403908442,-0.01089301481459309,0.06787037334813074,-0.020186275947080452,-0.012809099690541309,-0.013271062716988505
45,1,-0.0014143439094527052,0.003720081182449046,0.002577061938948552,-0.00436917901052675,0.0032085384356437614,-0.003917902248217835
45,2,0.002637219488992988,0.006285021188025006,0.002984610008963178,-0.009750435356367153,-0.0017353584594553514,0.0018965728100658514
45,3,-0.00048706587191259346,0.0036041017632411263,0.00011193016148657771,-0.0019310157057052088,0.0018869633704788951,-0.000962996423034466
45,4,0.0025190598475283736,0.005535048227638942,0.0025683995547930607,-0.008057778848184543,0.002432766973454466,0.0013361575118070177
45,5,-0.0016399068842829138,0.006586863461989307,0.005704593817157961,-0.010750311570684314,0.0015834797674350763,-0.0057618717243232385
45,Aggregated,-0.009399796610931443,-0.006641529603016067,0.05260176327818455,-0.016706318511824806,-0.008598863081531039,-0.010249272327241241
45,Centralized,-0.009399796610931443,-0.006641529603016067,0.05260176327818455,-0.016706318511824806,-0.008598863081531039,-0.010249272327241241
46,0,-0.013101299837288805,-0.012741351111579391,0.06119425146735771,-0.011159070023354749,-0.011484705664422336,-0.009019431866209002
46,1,0.0003398201870237649,0.005293720536199283,-0.0011212662914289813,-0.0005128194301875222,0.0008973174284703678,-0.0007257768514350412
46,2,-0.004966808497740122,0.00135836230849651,0.0001973596705957555,0.0019166871236732592,-0.000305136454291266,0.005807194196680327
46,3,-0.003455777854258361,0.0038304962900831126,0.0008887650961882089,0.003222552733862411,0.001305196771267044,0.0020193212988417093
46,4,0.0021877789883568916,-0.0061047687034321485,-0.008150151329961343,0.0032541027153629005,0.003609422264819159,0.00305985845521965
46,5,0.00014165273025539888,0.005396096774378248,-0.0016312147384280743,0.0011013352967820023,0.0028493622477214235,0.00042495916692520953
46,Aggregated,-0.00958639071376004,-0.00872652391976923,0.04556133810385744,-0.007979744000482148,-0.007829151863866745,-0.007106250045332829
46,Centralized,-0.00958639071376004,-0.00872652391976923,0.04556133810385744,-0.007979744000482148,-0.007829151863866745,-0.007106250045332829
47,0,-0.017023965494995894,-0.00904083265763459,0.06661495259893879,-0.017664903466255773,-0.012427468084937079,-0.011764381855343412
47,1,-0.0040181256211289295,0.0055273887465074984,-0.0017539673397041957,-0.0034667210521095743,0.000989676868064084,-0.005762253874949363
47,2,-0.005075096647726697,0.00691565542144835,0.0018305545107825969,-0.002865446840009296,0.0028525688830049974,0.0005180053928783253
47,3,-0.005372429837217439,0.00183348403019746,-0.0006062807681615496,-0.0004911636640670458,0.0024295567833535264,-0.0038489915920512765
47,4,-0.0012323617105585226,0.002226228085130223,-0.0026300830150384263,0.0002754951353954905,0.0053990477851496264,0.00020887920967061554
47,5,-0.00806988338536007,0.00779343058070805,0.006354525225425677,-0.0043437675216190345,0.0044248393988536635,-0.002140137186547144
47,Aggregated,-0.013482072554894822,-0.006454666781985076,0.05120970500079788,-0.012993576808409922,-0.008061419016852993,-0.01076184053365977
47,Centralized,-0.013482072554894822,-0.006454666781985076,0.05120970500079788,-0.012993576808409922,-0.008061419016852993,-0.01076184053365977
48,0,-0.012812188084782562,-0.01232111702483889,0.07615254870814338,-0.021172183803289026,-0.01263972181480195,-0.015731374478123315
48,1,0.002743481602038596,0.008001551223902647,0.0012626798158529389,-0.009823457769251457,0.0022815739421711187,-0.0020058295593496224
48,2,0.002676276631631476,0.00222041844644364,0.008104220728817862,-0.01797833954556068,0.0009576522573108315,-0.0025271131846278643
48,3,0.0006000282859813411,0.003563031876175588,-0.0016625921374044752,-0.008808566978484074,0.001179953069052477,-0.0008670371932618659
48,4,0.00016948095992435136,2.3130686399970723e-05,0.004588569773054875,-0.01255870428426524,0.0022936452976553335,-0.000914931120763876
48,5,-0.0011042349744381705,0.008608066221417226,0.008522734334173833,-0.020236110147195827,0.000732802742904561,-0.008554769597236396
48,Aggregated,-0.009538589467966123,-0.009185631758524852,0.05692922481122273,-0.0210979202518047,-0.009281878127836814,-0.012399701110440158
48,Centralized,-0.009538589467966123,-0.009185631758524852,0.05692922481122273,-0.0210979202518047,-0.009281878127836814,-0.012399701110440158
49,0,-0.013943972158010676,-0.016808823464215673,0.0634682548088552,-0.014561414420715187,-0.0128908767276241,-0.008809524915338558
49,1,0.001142164379946901,-0.002080096167456319,-0.0012544917083908405,-0.003161807341256936,0.002989895219008307,0.0003058624188101822
49,2,0.0011716523192558022,-0.0007335440985436555,0.0025048580695793826,-0.0006219519638222278,0.0004156682541278267,0.006066116499077169
49,3,0.0011784232949276514,-0.003844608124056817,0.0020955837344094905,0.00012591643414989012,0.003129003390440966,0.0016106479287754086
49,4,-6.162699635756478e-05,-0.0015064322433314733,-0.0005054073431027303,0.000797958367499848,0.003152607422888216,0.004521709480398291
49,5,-0.002123572608028821,-0.003825735245085154,0.00821400368283546,-0.0024261063774131176,0.004147310198748568,0.005997998556886919
49,Aggregated,-0.009847191079678956,-0.012580740327014598,0.05153976979445345,-0.010946327104777533,-0.00795852476545105,-0.0061210038076156105
49,Centralized,-0.009847191079678956,-0.012580740327014598,0.05153976979445345,-0.010946327104777533,-0.00795852476545105,-0.0061210038076156105
50,0,-0.014579277634308798,-0.011314621504887542,0.07348786884403576,-0.014442479738624543,-0.019013331626228883,-0.01497288432080876
50,1,0.00259980502204395,0.005670396674558299,0.004366638685067574,-0.0017058115053782904,-0.00408461534611872,-0.0007734164657198543
50,2,-0.004456418546118864,0.0033925718008732484,0.002556351256426693,0.0006597973665241729,-0.013135200723117614,0.002589972634816293
50,3,0.0005024935168914983,0.0017767005720085512,0.000442640248557045,-0.0017434317641820487,-0.0023664286151351987,-0.0009515524721400863
50,4,-0.0051266927754064166,0.004115759562494804,0.003209528779210535,0.00020389343963479468,-0.010519122008471207,0.0017780879070973957
50,5,-0.005226812692776651,0.00522626960196637,0.004154386828777138,-0.0043796757953999755,-0.012021376465420645,-0.003791446482974573
50,Aggregated,-0.012487541091427176,-0.007000894651484195,0.055308418676588644,-0.0117966450435208,-0.018086026059323364,-0.010646953790267406
50,Centralized,-0.012487541091427176,-0.007000894651484195,0.055308418676588644,-0.0117966450435208,-0.018086026059323364,-0.010646953790267406
