,Global,0,1,2,3,4,5
0,13.519369125366211,0.0,18.01696014404297,21.088003158569336,18.75536346435547,19.068464279174805,18.254871368408203
1,13.04263687133789,18.01696014404297,0.0,22.444150924682617,16.718883514404297,17.363903045654297,17.751819610595703
2,16.172943115234375,21.088003158569336,22.444150924682617,0.0,21.25341033935547,23.737369537353516,19.704833984375
3,13.108747482299805,18.75536346435547,16.718883514404297,21.25341033935547,0.0,17.77549934387207,17.692747116088867
4,13.688233375549316,19.068464279174805,17.363903045654297,23.737369537353516,17.77549934387207,0.0,18.487720489501953
5,13.201872825622559,18.254871368408203,17.751819610595703,19.704833984375,17.692747116088867,18.487720489501953,0.0
