,BeforeLocalTraining,AfterLocalTraining,BeforeLocalPartialEvaluations,AfterLocalPartialEvaluations,BeforeEvaluation,AfterEvaluation
1,1791207103.070574,1791207103.2234757,1791207111.9312603,1791207114.2748244,1791207115.6046972,1791207115.6419082
2,1791207117.3901746,1791207117.5336647,1791207126.1718943,1791207128.4898384,1791207129.2984166,1791207129.334649
3,1791207131.053297,1791207131.1951413,1791207140.1543005,1791207142.3530278,1791207143.2638707,1791207143.3001072
4,1791207144.7304015,1791207145.388424,1791207154.1654866,1791207156.3546245,1791207157.2531633,1791207157.2894409
5,1791207158.5277765,1791207158.6691434,1791207167.7639365,1791207169.9491549,1791207170.7736874,1791207170.8100574
6,1791207172.111642,1791207172.2613418,1791207181.3392463,1791207183.5338733,1791207184.3599155,1791207184.3969085
7,1791207185.740881,1791207185.8844237,1791207195.282437,1791207197.4818528,1791207198.4200299,1791207198.4562838
8,1791207199.6960533,1791207199.8372037,1791207208.8410604,1791207211.0408123,1791207211.9474053,1791207211.9839275
9,1791207213.215741,1791207213.3574572,1791207222.4826953,1791207224.6929507,1791207225.567439,1791207225.6036754
10,1791207226.8998973,1791207227.0510597,1791207236.1691241,1791207238.3739393,1791207239.1894352,1791207239.2265055
11,1791207240.5244281,1791207240.6674185,1791207250.078923,1791207252.5733042,1791207253.3526042,1791207253.3889546
12,1791207254.7004664,1791207254.8425732,1791207263.8062942,1791207266.7637217,1791207267.6651468,1791207267.7022748
13,1791207269.1314032,1791207269.275686,1791207278.0704753,1791207280.7640646,1791207281.6986964,1791207281.7355323
14,1791207283.2153769,1791207283.3573794,1791207292.255988,1791207294.496451,1791207295.8020797,1791207295.8399396
15,1791207297.3720984,1791207297.5157778,1791207306.229941,1791207308.441166,1791207309.2091205,1791207309.2478826
16,1791207311.1651406,1791207311.3072248,1791207320.399165,1791207322.6774793,1791207323.5069854,1791207323.5436237
17,1791207325.1343367,1791207325.387555,1791207334.1498415,1791207336.336093,1791207337.2458208,1791207337.2813077
18,1791207338.5766468,1791207338.7190435,1791207348.0754282,1791207350.2778232,1791207351.2075267,1791207351.2434292
19,1791207352.4454849,1791207352.5874302,1791207362.0381258,1791207364.241142,1791207365.185909,1791207365.2221172
20,1791207366.5334203,1791207366.675543,1791207375.7646825,1791207377.9606948,1791207378.7937906,1791207378.8306613
21,1791207380.1622066,1791207380.3030715,1791207389.6447132,1791207391.8694534,1791207392.831559,1791207392.86818
22,1791207394.1301243,1791207394.2744715,1791207403.4056196,1791207405.5920897,1791207406.5809443,1791207406.6175134
23,1791207407.9048572,1791207408.0493376,1791207417.1644907,1791207419.3599179,1791207420.2151809,1791207420.252132
24,1791207421.5289652,1791207421.6766498,1791207431.183342,1791207433.382429,1791207434.325986,1791207434.36244
25,1791207435.6178327,1791207435.7600663,1791207445.3314874,1791207447.6061928,1791207448.5702865,1791207448.6070468
26,1791207449.8832688,1791207450.0269942,1791207458.681158,1791207461.7426283,1791207462.5175657,1791207462.5541818
27,1791207463.8589394,1791207464.002459,1791207472.6045032,1791207475.5541081,1791207476.4251971,1791207476.462086
28,1791207477.8159022,1791207477.959047,1791207486.7236528,1791207488.9617364,1791207490.713887,1791207490.7494235
29,1791207492.0735238,1791207492.2214959,1791207500.834581,1791207503.044031,1791207503.9088304,1791207503.9452438
30,1791207505.7933831,1791207505.9366167,1791207514.9508538,1791207517.2481213,1791207518.0233574,1791207518.060102
31,1791207519.4372368,1791207519.6370566,1791207528.8902829,1791207531.1007724,1791207532.1082146,1791207532.1440794
32,1791207533.3267415,1791207533.471886,1791207542.9132907,1791207545.1411576,1791207545.8917892,1791207545.928689
33,1791207547.466109,1791207547.6165693,1791207556.854623,1791207559.0403352,1791207559.923692,1791207559.9602382
34,1791207561.3767028,1791207561.5227137,1791207570.7370293,1791207572.9498627,1791207573.8217425,1791207573.8580885
35,1791207575.2300754,1791207575.3714614,1791207584.513117,1791207586.830378,1791207587.648358,1791207587.6850023
36,1791207588.944241,1791207589.0901206,1791207598.634477,1791207600.8225944,1791207601.7943828,1791207601.8297958
37,1791207603.0518856,1791207603.1944716,1791207612.6159787,1791207614.8110044,1791207615.5960438,1791207615.6331637
38,1791207617.1641083,1791207617.3050237,1791207626.8826513,1791207629.1087081,1791207630.069521,1791207630.1048834
39,1791207631.3369546,1791207631.4809675,1791207640.8358612,1791207643.0615182,1791207643.831941,1791207643.8688967
40,1791207645.4881613,1791207645.629388,1791207654.8064075,1791207657.3898907,1791207658.3626926,1791207658.3996272
41,1791207659.6642408,1791207659.805867,1791207668.5941048,1791207671.444041,1791207672.245265,1791207672.2820976
42,1791207674.0932736,1791207674.235513,1791207683.0695934,1791207685.9422994,1791207686.9076695,1791207686.9441311
43,1791207688.270066,1791207688.4123414,1791207697.1163783,1791207699.3193905,1791207700.8187404,1791207700.856165
44,1791207702.2623758,1791207702.406138,1791207711.585718,1791207713.7832885,1791207714.9938111,1791207715.0546355
45,1791207716.7651885,1791207716.911525,1791207725.9960272,1791207728.2180805,1791207729.0721,1791207729.1086965
46,1791207730.9965434,1791207731.1414824,1791207740.2848446,1791207742.4861245,1791207743.43624,1791207743.471589
47,1791207745.0133185,1791207745.4893315,1791207754.7181015,1791207756.9294798,1791207757.7402122,1791207757.7771811
48,1791207759.2777014,1791207759.4556103,1791207768.9411442,1791207771.1349163,1791207772.0776749,1791207772.1138568
49,1791207773.4043524,1791207773.5460305,1791207782.6892903,1791207784.9063954,1791207785.7202792,1791207785.7568967
50,1791207787.323412,1791207787.4659553,1791207798.3798935,1791207800.5960252,1791207801.5210834,1791207801.5572643
