,BeforeLocalTraining,AfterLocalTraining,BeforeLocalPartialEvaluations,AfterLocalPartialEvaluations,BeforeEvaluation,AfterEvaluation
1,1786794612.3281686,1786794612.3441863,1786794613.3156044,1786794613.4932013,1786794613.5215757,1786794613.5253844
2,1786794613.7130122,1786794613.729929,1786794614.7162833,1786794614.8843548,1786794614.9104414,1786794614.9134295
3,1786794615.1675746,1786794615.1814828,1786794616.1028426,1786794616.269459,1786794616.2954168,1786794616.2984376
4,1786794616.4948695,1786794616.5087197,1786794617.5007741,1786794617.6691177,1786794617.6955175,1786794617.6986597
5,1786794617.8982074,1786794617.9128184,1786794618.833929,1786794619.100405,1786794619.1263115,1786794619.1291862
6,1786794619.2293751,1786794619.250606,1786794620.2790706,1786794620.4524426,1786794620.4789832,1786794620.4819865
7,1786794620.6677306,1786794620.6829681,1786794621.688837,1786794621.862636,1786794621.889425,1786794621.8929286
8,1786794622.1038144,1786794622.1184173,1786794623.1140146,1786794623.2837548,1786794623.3099802,1786794623.312949
9,1786794623.5048068,1786794623.5191221,1786794624.5354183,1786794624.701919,1786794624.7344282,1786794624.7378566
10,1786794625.0004742,1786794625.0150604,1786794626.0265563,1786794626.1953423,1786794626.2215252,1786794626.2245564
11,1786794626.4238844,1786794626.4383297,1786794627.4344602,1786794627.6007264,1786794627.6270504,1786794627.6300423
12,1786794627.8246727,1786794627.8404384,1786794628.8264298,1786794628.998156,1786794629.024764,1786794629.0278718
13,1786794629.218206,1786794629.2335937,1786794630.1680238,1786794630.3351536,1786794630.3618093,1786794630.36503
14,1786794630.5587904,1786794630.5726366,1786794631.5562894,1786794631.7249103,1786794631.7515914,1786794631.7546432
15,1786794631.9455037,1786794631.9605052,1786794632.8753927,1786794633.0522928,1786794633.0795336,1786794633.0828693
16,1786794633.2822812,1786794633.2974658,1786794634.2876043,1786794634.4578774,1786794634.4844809,1786794634.487503
17,1786794634.6851356,1786794634.6999319,1786794635.640978,1786794635.8161433,1786794635.8423834,1786794635.8455658
18,1786794636.1323874,1786794636.147333,1786794637.1943247,1786794637.3699007,1786794637.3963354,1786794637.3997319
19,1786794637.593876,1786794637.6158729,1786794638.611197,1786794638.784664,1786794638.8108332,1786794638.813937
20,1786794639.0042486,1786794639.020114,1786794640.003231,1786794640.1775863,1786794640.2064505,1786794640.209745
21,1786794640.427692,1786794640.4506,1786794641.449248,1786794641.6403728,1786794641.6668432,1786794641.6703627
22,1786794641.863782,1786794641.879045,1786794642.8614657,1786794643.0384169,1786794643.0652473,1786794643.0688121
23,1786794643.2473018,1786794643.2658792,1786794644.2606018,1786794644.4436889,1786794644.4744546,1786794644.477915
24,1786794644.6538494,1786794644.6765957,1786794645.671228,1786794645.8646715,1786794645.891509,1786794645.895281
25,1786794646.1780684,1786794646.1931305,1786794647.1946433,1786794647.4615252,1786794647.4883244,1786794647.4914541
26,1786794647.5995824,1786794647.6209743,1786794648.5423598,1786794648.7126992,1786794648.7395282,1786794648.742585
27,1786794648.9434721,1786794648.9580712,1786794649.9497523,1786794650.1174793,1786794650.1436868,1786794650.1469831
28,1786794650.346051,1786794650.361732,1786794651.3246624,1786794651.5016448,1786794651.5286157,1786794651.531898
29,1786794651.726263,1786794651.741925,1786794652.748747,1786794652.938203,1786794652.9653,1786794652.9687486
30,1786794653.1401775,1786794653.1540833,1786794654.0754821,1786794654.242135,1786794654.2682927,1786794654.271308
31,1786794654.4787095,1786794654.4944549,1786794655.496963,1786794655.668022,1786794655.694635,1786794655.6985621
32,1786794655.9756532,1786794655.990494,1786794656.9843073,1786794657.1513844,1786794657.1778758,1786794657.1809988
33,1786794657.385634,1786794657.4003525,1786794658.4135442,1786794658.5801756,1786794658.6066992,1786794658.6096604
34,1786794658.8074725,1786794658.8211515,1786794659.740466,1786794659.9064343,1786794659.9331772,1786794659.9361546
35,1786794660.137723,1786794660.151681,1786794661.146153,1786794661.3218555,1786794661.3480608,1786794661.3510919
36,1786794661.5429122,1786794661.5573864,1786794662.5465572,1786794662.7158513,1786794662.7431145,1786794662.7466009
37,1786794662.9547372,1786794662.9736753,1786794663.9718397,1786794664.1455636,1786794664.1720653,1786794664.175252
38,1786794664.3659003,1786794664.3809235,1786794665.2905395,1786794665.4605324,1786794665.4869978,1786794665.4902048
39,1786794665.7461045,1786794665.7609086,1786794666.7611234,1786794666.9282992,1786794666.954879,1786794666.9580474
40,1786794667.1491098,1786794667.1690521,1786794668.1456225,1786794668.3147547,1786794668.34146,1786794668.3445702
41,1786794668.5431967,1786794668.558541,1786794669.5438657,1786794669.7120805,1786794669.738059,1786794669.741133
42,1786794669.9342482,1786794669.9484763,1786794670.9543726,1786794671.1277983,1786794671.154534,1786794671.1576757
43,1786794671.3433046,1786794671.3572273,1786794672.3423953,1786794672.5090742,1786794672.535129,1786794672.5385456
44,1786794672.7341409,1786794672.7479115,1786794673.6639092,1786794673.8301868,1786794673.8564785,1786794673.8597412
45,1786794674.0576127,1786794674.0727181,,,,
