,BeforeEvaluation,AfterEvaluation
0,1786796053.762622,
1,1786796055.438109,1786796055.4560328
2,1786796055.5098643,1786796055.5282366
3,1786796055.5831645,1786796055.6019483
4,1786796055.6499333,1786796055.668443
5,1786796055.7184026,1786796055.7368731
6,1786796055.7840858,1786796055.8027682
7,1786796055.8563774,1786796055.874825
8,1786796055.9236574,1786796055.9420292
9,1786796055.9897003,1786796056.0082088
10,1786796056.0656557,1786796056.0844908
11,1786796056.1340578,1786796056.1526403
12,1786796056.2049365,1786796056.224151
13,1786796056.273574,1786796056.292311
14,1786796056.34333,1786796056.3618271
15,1786796056.4091547,1786796056.42845
16,1786796056.4743958,1786796056.4932961
17,1786796056.5415552,1786796056.5606024
18,1786796056.6094391,1786796056.628163
19,1786796056.677546,1786796056.6960683
20,1786796056.746746,1786796056.7654235
21,1786796056.8139207,1786796056.8331058
22,1786796056.8788927,1786796056.8984454
23,1786796057.0632064,1786796057.0825434
24,1786796057.1330032,1786796057.1521232
25,1786796057.1997676,1786796057.2186244
26,1786796057.2664084,1786796057.2850437
27,1786796057.333197,1786796057.352146
28,1786796057.3977427,1786796057.4165828
29,1786796057.4601753,1786796057.4790342
30,1786796057.5277815,1786796057.5472088
31,1786796057.5957785,1786796057.6148393
32,1786796057.6660967,1786796057.68485
33,1786796057.7286923,1786796057.747283
34,1786796057.7904456,1786796057.8090599
35,1786796057.8588445,1786796057.87729
36,1786796057.9209087,1786796057.9393582
37,1786796057.99112,1786796058.010016
38,1786796058.0593014,1786796058.0782785
39,1786796058.120863,1786796058.1398113
40,1786796058.184891,1786796058.2039955
41,1786796058.256549,1786796058.2783458
42,1786796058.327467,1786796058.346201
43,1786796058.3975925,1786796058.490769
44,1786796058.5401337,1786796058.5586746
45,1786796058.6039376,1786796058.623293
46,1786796058.6757247,1786796058.694187
47,1786796058.7378173,1786796058.7567058
48,1786796058.8043432,1786796058.8232245
49,1786796058.8677437,1786796058.8863091
50,1786796058.9372334,1786796058.956374
