,BeforeLocalTraining,AfterLocalTraining,BeforeLocalPartialEvaluations,AfterLocalPartialEvaluations,BeforeEvaluation,AfterEvaluation
1,1791234905.1531706,1791234905.3631904,1791234911.4782867,1791234913.7942483,1791234913.8088546,1791234913.8388917
2,1791234913.8618445,1791234914.062604,1791234920.2761889,1791234922.3775322,1791234922.3914123,1791234922.4239557
3,1791234922.445971,1791234922.660911,1791234929.2236288,1791234931.2043374,1791234931.2187562,1791234931.249894
4,1791234931.278298,1791234931.482033,1791234937.759003,1791234939.8350613,1791234939.8491333,1791234939.8798633
5,1791234939.9044068,1791234940.105507,1791234946.3864372,1791234948.414352,1791234948.428481,1791234948.459696
6,1791234948.4805784,1791234948.6842053,1791234955.0207288,1791234957.3906395,1791234957.4046247,1791234957.4354477
7,1791234957.4577687,1791234957.6748705,1791234963.7202582,1791234965.7451253,1791234965.7596562,1791234965.7912102
8,1791234965.8126655,1791234966.0309405,1791234972.4162784,1791234974.5280511,1791234974.5420363,1791234974.5734074
9,1791234974.5960586,1791234974.801108,1791234981.3261402,1791234983.2869992,1791234983.301104,1791234983.3317778
10,1791234983.3968942,1791234983.5958676,1791234989.7898977,1791234991.8087153,1791234991.8227,1791234991.8532014
11,1791234991.8753598,1791234992.0750105,1791234998.5226133,1791235000.555226,1791235000.5693169,1791235000.6006653
12,1791235000.6235752,1791235000.824606,1791235007.0887673,1791235009.0748055,1791235009.0887675,1791235009.1188948
13,1791235009.1594768,1791235009.3709095,1791235015.5184743,1791235017.8543384,1791235017.8686326,1791235017.9004593
14,1791235018.0350883,1791235018.23934,1791235024.6471403,1791235026.6644304,1791235026.6786664,1791235026.7093296
15,1791235026.7316802,1791235026.9283998,1791235033.2741542,1791235035.2537003,1791235035.2675257,1791235035.2981603
16,1791235035.3615959,1791235035.5586376,1791235041.5931442,1791235043.5475636,1791235043.561814,1791235043.5922198
17,1791235043.6297164,1791235043.8268673,1791235050.3086028,1791235052.2923906,1791235052.3064795,1791235052.336427
18,1791235052.365877,1791235052.5651014,1791235058.9340718,1791235060.9477055,1791235060.9616973,1791235060.9925568
19,1791235061.0141332,1791235061.2132366,1791235067.4096444,1791235069.3836544,1791235069.3977823,1791235069.428489
20,1791235069.5196283,1791235069.7252915,1791235075.8558059,1791235078.27739,1791235078.291398,1791235078.3212755
21,1791235078.3430147,1791235078.5384264,1791235084.4238303,1791235086.3698914,1791235086.3838553,1791235086.4138641
22,1791235086.46671,1791235086.6833754,1791235092.6789048,1791235094.6203105,1791235094.634503,1791235094.664811
23,1791235094.6961684,1791235094.8920867,1791235101.1130428,1791235103.158484,1791235103.1724093,1791235103.2045314
24,1791235103.2270901,1791235103.445722,1791235109.3844016,1791235111.3423457,1791235111.35643,1791235111.3863063
25,1791235111.407296,1791235111.6174927,1791235117.7683017,1791235119.7098682,1791235119.7237644,1791235119.7535734
26,1791235119.7921195,1791235119.9934177,1791235125.9670436,1791235127.896195,1791235127.910341,1791235127.9411952
27,1791235127.9898064,1791235128.1895344,1791235134.0951,1791235136.0351112,1791235136.0489593,1791235136.0789359
28,1791235136.1210387,1791235136.321996,1791235142.593304,1791235144.5427516,1791235144.5572002,1791235144.5878222
29,1791235144.6201134,1791235144.8263505,1791235150.700771,1791235153.0314777,1791235153.0453553,1791235153.075302
30,1791235153.1569552,1791235153.3538017,1791235159.7391067,1791235161.6980104,1791235161.712051,1791235161.7431326
31,1791235161.8435645,1791235162.0434828,1791235168.3988018,1791235170.3699236,1791235170.3842328,1791235170.4151132
32,1791235170.4953609,1791235170.6973202,1791235177.0698628,1791235179.0811877,1791235179.095295,1791235179.1258097
33,1791235179.1478329,1791235179.3492393,1791235185.5150118,1791235187.5070505,1791235187.5209863,1791235187.551187
34,1791235187.5730448,1791235187.7768934,1791235194.0913937,1791235196.125566,1791235196.1396394,1791235196.16985
35,1791235196.1924732,1791235196.392936,1791235203.004936,1791235205.0657237,1791235205.079863,1791235205.111124
36,1791235205.1713736,1791235205.3739736,1791235212.051641,1791235214.1050763,1791235214.118926,1791235214.149538
37,1791235214.1718025,1791235214.3735766,1791235220.7284384,1791235222.7353306,1791235222.74922,1791235222.779673
38,1791235222.8059702,1791235223.0075188,1791235229.3512392,1791235231.3244476,1791235231.338393,1791235231.369593
39,1791235231.473865,1791235231.6812932,1791235237.980529,1791235239.9638572,1791235239.977705,1791235240.0087416
40,1791235240.0394053,1791235240.236427,1791235246.4077218,1791235248.4555182,1791235248.4699366,1791235248.5001957
41,1791235248.5214858,1791235248.723251,1791235254.9624927,1791235257.2693634,1791235257.2836769,1791235257.315787
42,1791235257.339593,1791235257.5463169,1791235263.946625,1791235266.0037127,1791235266.0178335,1791235266.0485127
43,1791235266.069852,1791235266.268457,1791235272.6748755,1791235274.6692982,1791235274.6832142,1791235274.7134619
44,1791235274.7358108,1791235274.937146,1791235281.231332,1791235283.237328,1791235283.2515666,1791235283.2822852
45,1791235283.310958,1791235283.5157404,1791235289.747225,1791235291.8058891,1791235291.8197932,1791235291.8523517
46,1791235291.8751843,1791235292.0796745,1791235298.047984,1791235300.0675247,1791235300.0818624,1791235300.1132903
47,1791235300.1367164,1791235300.3394165,1791235306.5056767,1791235308.513381,1791235308.5271597,1791235308.5578299
48,1791235308.5917785,1791235308.7920141,1791235314.862572,1791235317.0366676,1791235317.0609114,1791235317.1137996
49,1791235317.1469183,1791235317.454024,1791235323.7537744,1791235325.7868586,1791235325.80079,1791235325.831788
50,1791235325.8536363,1791235326.0573943,1791235332.697382,1791235334.717904,1791235334.7324018,1791235334.764343
