Round,Evaluator,1,3,4,0,2
0,0,,,,,
0,1,,,,,
0,2,,,,,
0,3,,,,,
0,4,,,,,
0,Aggregated,,,,,
0,Centralized,,,,,
1,0,0.29799451039475067,0.29960040898422674,-0.11864509668788771,0.26062789170338624,0.2602826646763468
1,1,0.2925735965031096,0.2795890679698538,-0.11320750650782153,0.24374910928518304,0.24342877200742669
1,2,0.2982315661362003,0.299537179391769,-0.1192256325185197,0.26081520840533423,0.2604846077811883
1,3,0.16794954882990157,0.3054409403322652,0.033270652258473886,0.14125982696456094,0.14058184744620397
1,4,-0.06136423526561469,-0.058173126260930165,0.21998732621964748,-0.057758528177847386,-0.057771843609299406
1,Aggregated,0.22220121722949043,0.24718804313848936,-0.023470697273262637,0.19034131703022877,0.18999212833770593
1,Centralized,0.22220121722949043,0.24718804313848936,-0.023470697273262637,0.19034131703022877,0.18999212833770593
2,0,0.10021853812061264,0.09976907810315068,-0.4002954166069864,0.10016480796144385,0.10016044716952549
2,1,0.10491110337366436,0.09204438986746906,-0.38059799487414286,0.09184852925001491,0.09182720446563265
2,2,0.10022885927150102,0.0997328400835807,-0.4003170931227577,0.10018642439707887,0.10018642411809808
2,3,0.022498033959217116,0.18998276076844195,-0.16639957058293192,0.012514854351916732,0.0122784946691788
2,4,-0.08111665470490073,-0.038857128183102635,0.2872477051061286,-0.07982502101765719,-0.07979024287812567
2,Aggregated,0.056909280545315195,0.09159260026854833,-0.23838031881548932,0.052675719848941926,0.05261709953582207
2,Centralized,0.056909280545315195,0.09159260026854833,-0.23838031881548932,0.052675719848941926,0.05261709953582207
