Round,Evaluator,3,0,1,4,5,2
0,0,,,,,,
0,1,,,,,,
0,2,,,,,,
0,3,,,,,,
0,4,,,,,,
0,5,,,,,,
0,Aggregated,,,,,,
0,Centralized,,,,,,
1,0,0.009241706161137403,-0.013665086887835711,0.021800947867298637,0.03281990521327007,0.03807266982622426,0.027843601895734593
1,1,0.050083542188805126,-0.019465329991645804,0.06620718462823748,0.09185463659147856,0.09703425229741017,0.09523809523809522
1,2,0.047284878863825625,-0.03688387635756049,0.05948203842940705,0.09640768588137007,0.10179615705931534,0.09532163742690056
1,3,0.06633249791144492,-0.023851294903926536,0.07510442773600665,0.08103592314118652,0.07677527151211357,0.07548036758563072
1,4,0.0736006683375111,-0.009231411862990778,0.0659983291562238,0.08650793650793662,0.0897243107769424,0.08187134502923984
1,5,0.058563074352548254,-0.012155388471177935,0.06779448621553888,0.09064327485380112,0.09553049289891385,0.09060150375939852
1,Aggregated,0.050455109640049636,-0.019155978485726102,0.05904013239553194,0.07943042338987726,0.08272652047993387,0.07725141359812449
1,Centralized,0.050455109640049636,-0.019155978485726102,0.05904013239553194,0.07943042338987726,0.08272652047993387,0.07725141359812449
2,0,0.025987361769352284,0.0326224328593995,0.03092417061611381,-0.009834123222748826,0.024565560821485092,0.0047393364928909835
2,1,0.0362573099415205,0.0003341687552213951,0.040977443609022564,-0.021804511278195455,0.0472848788638263,0.009732664995822898
2,2,0.04427736006683374,0.0020885547201336513,0.03379281537176286,-0.0005847953216374453,0.038847117794485755,0.00939849624060146
2,3,0.04582289055973268,0.016332497911445323,0.04164578111946544,-0.006599832915622395,0.03796992481203011,0.005179615705931506
2,4,0.031161236424394338,0.00025062656641604996,0.026900584795321585,-0.01633249791144529,0.024644945697577234,-0.0014619883040935823
2,5,0.041645781119465305,0.01265664160401001,0.025313283208020017,-0.0032163742690058655,0.025062656641603932,-0.0037176274018379425
2,Aggregated,0.03741552889256658,0.01092263136119156,0.033236794924838,-0.00972969245621296,0.032981657702385876,0.00398565715073782
2,Centralized,0.03741552889256658,0.01092263136119156,0.033236794924838,-0.00972969245621296,0.032981657702385876,0.00398565715073782
3,0,-0.011808846761453422,0.01074249605055291,0.040560821484992175,-0.024605055292259075,0.019786729857819856,0.00560821484992102
3,1,0.0010025062656641493,-0.018922305764411115,0.06382623224728488,-0.025730994152046775,0.030409356725146282,0.014578111946533011
3,2,-0.009816207184628185,-0.030534670008354158,0.05254803675856317,-0.024937343358396022,0.044820384294068386,0.0180451127819549
3,3,-0.006725146198830392,-0.030701754385964956,0.051712614870509745,-0.023224728487886356,0.02656641604010027,0.017460317460317478
3,4,-0.001712614870509607,-0.01641604010025075,0.05359231411862975,-0.019089390142021732,0.03784461152882224,0.023475355054302444
3,5,-0.0077276524644945745,-0.012865497076023556,0.062406015037594145,-0.02723475355054301,0.030451127819548847,0.02514619883040936
3,Aggregated,-0.006185353744311112,-0.016190870224796577,0.053978761550131184,-0.02414149772445183,0.0315335815749552,0.017273479520066283
3,Centralized,-0.006185353744311112,-0.016190870224796577,0.053978761550131184,-0.02414149772445183,0.0315335815749552,0.017273479520066283
4,0,0.006477093206951017,-0.018443917851500787,0.019510268562401244,0.02930489731437598,0.013230647709320685,0.023380726698262164
4,1,0.01804511278195481,-0.053299916457811514,0.03583959899749373,0.04181286549707604,0.025563909774436195,0.03228905597326638
4,2,0.022639933166248967,-0.06290726817042598,0.026691729323308305,0.030158730158730156,0.0259816207184628,0.017585630743525416
4,3,0.02314118629908106,-0.060693400167084556,0.030284043441938233,0.032790309106098564,0.02577276524644939,0.023893065998329188
4,4,0.027401837928153643,-0.046992481203007544,0.03174603174603182,0.03771929824561403,0.02326649958228889,0.02460317460317468
4,5,0.031119465329991818,-0.05906432748538026,0.032038429406850456,0.03467000835421888,0.026274018379281592,0.017669172932330914
4,Aggregated,0.021328092676872194,-0.04993104399393196,0.02925803337470697,0.03436077782374832,0.0232519652461729,0.023238174044959297
4,Centralized,0.021328092676872194,-0.04993104399393196,0.02925803337470697,0.03436077782374832,0.0232519652461729,0.023238174044959297
5,0,0.00730647709320692,0.0018562401263823038,0.01698262243285942,0.009952606635071073,0.021406003159557707,-0.024328593996840463
5,1,0.012614870509607318,-0.03504594820384303,0.02502088554720132,0.01683375104427735,0.025856307435254838,-0.01269841269841269
5,2,0.015162907268170513,-0.03065998329156229,0.024227234753550535,0.008688387635756077,0.02940685045948211,-0.009231411862990788
5,3,0.01662489557226393,-0.03182957393483718,0.027109440267335003,0.010609857978279041,0.023851294903926477,-0.006265664160401007
5,4,0.01562238930659986,-0.03032581453634098,0.0282790309106099,0.013408521303258154,0.020258980785296598,-0.014661654135338329
5,5,0.01608187134502926,-0.03792815371762719,0.02832080200501256,0.014786967418546388,0.011695906432748515,-0.00789473684210524
5,Aggregated,0.013839470417873444,-0.02704454557992008,0.024913804992414787,0.01235691628740863,0.022072817542407877,-0.012625844711074348
5,Centralized,0.013839470417873444,-0.02704454557992008,0.024913804992414787,0.01235691628740863,0.022072817542407877,-0.012625844711074348
6,0,0.006990521327014217,-0.00485781990521325,0.008333333333333309,0.010505529225908358,0.01986571879936811,-0.03135860979462857
6,1,0.012155388471177971,-0.03028404344193848,0.007560568086883884,0.026817042606516323,0.029072681704260667,-0.03279030910609851
6,2,0.012949039264828693,-0.028947368421052434,0.025187969924811968,0.02222222222222225,0.029573934837092638,-0.018379281537176297
6,3,0.015664160401002485,-0.028237259816206874,0.013784461152882215,0.02794486215538858,0.03124477861319973,-0.015288220551378462
6,4,0.004678362573099413,-0.030075187969924692,0.013951545530492895,0.031161236424394233,0.029573934837092718,-0.02923976608187135
6,5,0.009482038429406845,-0.032163742690058755,0.008145363408521355,0.0347117794486218,0.02790309106098581,-0.01549707602339187
6,Aggregated,0.010288236105364763,-0.025561991449455083,0.012784443525031077,0.025417183836712272,0.0277961660460626,-0.023831195697145216
6,Centralized,0.010288236105364763,-0.025561991449455083,0.012784443525031077,0.025417183836712272,0.0277961660460626,-0.023831195697145216
7,0,0.009162717219589297,-0.0026856240126382517,0.009873617693522926,0.017140600315955726,-0.005608214849921028,-0.02788309636650869
7,1,0.01950710108604841,-0.03596491228070174,0.028362573099415186,0.029615705931495383,-0.004218880534670007,-0.0197577276524646
7,2,0.006766917293233073,-0.03934837092731833,0.021637426900584764,0.02731829573934847,-0.006390977443608985,-0.022514619883040984
7,3,0.006892230576441089,-0.042690058479532215,0.02974101921470345,0.02451963241436924,-0.009147869674185436,-0.02184628237259822
7,4,0.012447786131996649,-0.04256474519632414,0.03061821219715953,0.028404344193817828,-0.008646616541353373,-0.022765246449456985
7,5,0.017167919799498728,-0.044110275689223016,0.029573934837092777,0.028947368421052586,-0.0032581453634085095,-0.020802005012531294
7,Aggregated,0.011963867052820302,-0.03425734381464619,0.02482416218452623,0.025906771479795854,-0.006206040546131587,-0.02264515239277342
7,Centralized,0.011963867052820302,-0.03425734381464619,0.02482416218452623,0.025906771479795854,-0.006206040546131587,-0.02264515239277342
8,0,0.020260663507109027,-0.0020142180094786964,0.00047393364928910225,0.005924170616113763,0.0061611374407582985,0.004739336492890997
8,1,0.03324979114452801,-0.04235588972431093,-0.0021303258145363296,0.016624895572264046,0.007518796992481209,0.009649122807017501
8,2,0.02903091060985802,-0.024686716791980062,0.004010025062656648,0.005012531328320787,0.010025062656641597,0.014202172096908905
8,3,0.029532163742690003,-0.031119465329991807,0.0038429406850459457,0.01282372598162072,0.011779448621553935,0.008228905597326686
8,4,0.04323308270676696,-0.038512949039264645,0.0012949039264828683,0.01541353383458645,0.004093567251461994,0.014578111946532966
8,5,0.027318295739348464,-0.03738512949039274,0.008437761069340029,0.005806182121971611,0.011319966583124503,0.014578111946532935
8,Aggregated,0.030340642669976565,-0.029085643359536652,0.002634119431802494,0.010226175699903502,0.008460901944559382,0.01093642256240518
8,Centralized,0.030340642669976565,-0.029085643359536652,0.002634119431802494,0.010226175699903502,0.008460901944559382,0.01093642256240518
9,0,0.014218009478673006,0.008293838862559222,-0.0005134281200631813,-0.02744865718799371,0.008767772511848355,0.003791469194312808
9,1,0.0279448621553885,-0.020593149540517913,0.008395989974937365,-0.034711779448621485,0.015455304928989149,0.013533834586466153
9,2,0.017878028404344232,-0.017502088554720092,0.006516290726817067,-0.03120300751879695,0.012781954887218035,0.009022556390977444
9,3,0.017293233082706798,-0.0256474519632414,0.011904761904761911,-0.0213032581453634,0.014285714285714292,0.008479532163742682
9,4,0.021971595655806166,-0.00948203842940683,0.007184628237259825,-0.03262322472848791,0.012740183792815362,0.007727652464494561
9,5,0.022848788638262334,-0.015538847117794572,0.010902255639097722,-0.030200501253132808,0.015204678362573155,0.0017961570593149438
9,Aggregated,0.020300648186456983,-0.013205075162046625,0.0073231278444352375,-0.02956143980140669,0.013163701558405738,0.007357605847469294
9,Centralized,0.020300648186456983,-0.013205075162046625,0.0073231278444352375,-0.02956143980140669,0.013163701558405738,0.007357605847469294
10,0,0.006003159557661928,-0.0008293838862559104,-0.0035545023696682515,0.0030805687203791436,-0.0018957345971564164,0.006674565560821486
10,1,0.019047619047619035,-0.036675020885547416,-0.004928989139515465,0.018295739348370938,0.009899749373433573,0.02192982456140348
10,2,0.01370091896407684,-0.020927318295739326,-0.005304928989139511,0.007894736842105256,-0.001670843776106934,0.018838763575605672
10,3,0.016332497911445247,-0.01900584795321638,-0.00129490392648288,0.009983291562238922,0.0012531328320801952,0.020300751879699236
10,4,0.021929824561403546,-0.020300751879699097,-0.008312447786131948,0.01182121971595655,-0.006056808688387611,0.023475355054302465
10,5,0.016624895572264,-0.022389306599832938,0.0006265664160401009,0.01148705096073524,0.0037593984962406056,0.01996658312447785
10,Aggregated,0.015515101365328911,-0.01983864294580045,-0.003792580333747048,0.010357192111432914,0.0008550544752448018,0.018418149220797105
10,Centralized,0.015515101365328911,-0.01983864294580045,-0.003792580333747048,0.010357192111432914,0.0008550544752448018,0.018418149220797105
11,0,-0.014928909952606574,0.0069905213270142035,-0.007622432859399695,0.005647709320695106,0.00039494470774091665,0.007148499210110621
11,1,-0.016959064327485417,-0.019298245614034898,-0.010609857978278995,0.01850459482038434,-0.0031746031746031486,0.021512113617376795
11,2,-0.009732664995822867,-0.01453634085213046,-0.003968253968253953,0.020760233918128684,0.002923976608187136,0.01457811194653291
11,3,-0.015664160401002495,-0.022472848788637926,-0.0013366750208855375,0.01591478696741858,0.0039264828738513015,0.01712614870509601
11,4,-0.02243107769423559,-0.012113617376775207,-0.010818713450292342,0.023642439431913093,-0.004511278195488702,0.021219715956558124
11,5,-0.015622389306599831,-0.02606516290726802,-0.001002506265664132,0.014995822890559713,0.0032999164578111956,0.014369256474519594
11,Aggregated,-0.01588056819748999,-0.014377327265204902,-0.005909529720038576,0.016473589849675892,0.0004757964418700923,0.01590815059991733
11,Centralized,-0.01588056819748999,-0.014377327265204902,-0.005909529720038576,0.016473589849675892,0.0004757964418700923,0.01590815059991733
12,0,-0.0017772511848341385,-0.008688783570300129,0.009281200631911518,-0.01654818325434439,0.005292259083728282,0.0029620853080568345
12,1,0.004093567251461981,-0.04131161236424386,0.019590643274853815,-0.01340852130325809,0.014285714285714284,0.01675020885547199
12,2,0.004135338345864666,-0.03558897243107763,0.01867167919799499,-0.011779448621553845,0.009690893901420193,0.012364243943191326
12,3,0.00029239766081869155,-0.04101921470342529,0.023266499582289057,-0.016081871345029204,0.00981620718462823,0.011194653299916429
12,4,0.005054302422723469,-0.04853801169590653,0.023767752715121153,-0.02059314954051791,0.01624895572263989,0.019047619047618966
12,5,0.007769423558897228,-0.0426900584795322,0.02610693400167082,-0.01574770258980782,0.013826232247284843,0.01825396825396832
12,Aggregated,0.0032133498827747855,-0.03604330437181106,0.020011032960970922,-0.015701282581712897,0.01146738380912978,0.01332919597296922
12,Centralized,0.0032133498827747855,-0.03604330437181106,0.020011032960970922,-0.015701282581712897,0.01146738380912978,0.01332919597296922
13,0,0.0004344391785150059,0.011097946287519742,0.0024091627172195896,0.007938388625592431,0.006161137440758284,0.005134281200631931
13,1,0.006683375104427739,-0.02781954887218045,0.00543024227234754,0.01950710108604847,0.011236424394319138,0.01503759398496239
13,2,4.177109440267982e-05,-0.018629908103592316,0.005555555555555556,0.0170843776106934,0.008103592314118667,0.012907268170426062
13,3,0.0024227234753550556,-0.023350041771094412,0.0052631578947368324,0.022514619883040893,0.01190476190476191,0.016332497911445282
13,4,-0.008270676691729328,-0.018964076858813683,-0.0012113617376775085,0.02936507936507931,0.011361737677527158,0.01779448621553882
13,5,-0.0004594820384294016,-0.018462823725981656,4.1771094402680135e-05,0.024770258980785335,0.009189640768588145,0.014995822890559726
13,Aggregated,0.0001448076127430608,-0.015763342987174148,0.002909943456075017,0.02007998896703907,0.009626258447110748,0.013618811198455311
13,Centralized,0.0001448076127430608,-0.015763342987174148,0.002909943456075017,0.02007998896703907,0.009626258447110748,0.013618811198455311
14,0,-0.005450236966824624,0.0065955766192733025,-0.006674565560821512,-0.0009478672985781774,0.006398104265402855,-0.0022906793048973082
14,1,0.004135338345864659,-0.02681704260651628,-0.003132832080200512,0.004803675856307432,0.013826232247284884,0.007184628237259818
14,2,0.01474519632414373,-0.02251461988304098,-0.0013784461152882184,-0.0003341687552214013,0.013826232247284898,0.005680868838763578
14,3,0.010275689223057615,-0.026858813700918995,-0.0033416875522138973,0.00726817042606516,0.012030075187969924,0.005639097744360924
14,4,0.015079365079365055,-0.025396825396825366,-0.006015037593984983,-0.0005012531328321011,0.020050125313283207,0.004302422723475325
14,5,0.008855472013366738,-0.027986633249791094,-0.0022138680033416945,0.003926482873851304,0.014327485380116977,0.010609857978279022
14,Aggregated,0.007812715487518955,-0.020238587780995722,-0.003820162736174352,0.0023376086057095434,0.013342987174182837,0.005116535650255123
14,Centralized,0.007812715487518955,-0.020238587780995722,-0.003820162736174352,0.0023376086057095434,0.013342987174182837,0.005116535650255123
15,0,-0.0011058451816745622,0.029225908372827812,-0.02922590837282795,-0.012440758293838802,0.00430489731437599,-0.004976303317535559
15,1,0.004385964912280715,-0.0015037593984961529,-0.031203007518796802,-0.006516290726816984,0.015121136173767745,0.007184628237259822
15,2,0.00492898913951545,0.0029239766081871977,-0.030785296574770152,-0.0033834586466165145,0.00835421888053466,0.005430242272347521
15,3,0.003801169590643285,-0.016875522138679964,-0.0348788638262321,-0.0026315789473683976,0.01274018379281534,0.007769423558897241
15,4,-0.000375939849624074,0.0021303258145363084,-0.04026733500417714,-0.010359231411862943,0.012364243943191298,0.003926482873851304
15,5,0.0023391812865496803,-0.015288220551378446,-0.03203842940685061,-0.0017961570593149382,0.015497076023391775,0.008730158730158711
15,Aggregated,0.0022962350020687286,0.0003792580333747304,-0.0330299269066336,-0.006247414149772437,0.011329471796993524,0.004585574403530555
15,Centralized,0.0022962350020687286,0.0003792580333747304,-0.0330299269066336,-0.006247414149772437,0.011329471796993524,0.004585574403530555
16,0,-0.006674565560821481,0.028712480252764704,0.004028436018957378,-0.025078988941548166,0.00039494470774092776,-0.013230647709320687
16,1,-0.0013784461152882186,-0.008020050125313271,0.014912280701754361,-0.023308270676691764,0.010609857978278996,-0.005346700083542202
16,2,0.0014202172096909058,-0.0029657477025898248,0.009231411862990774,-0.022932330827067672,0.004845446950710112,-0.012155388471177914
16,3,0.005973266499582292,-0.010442773600668323,0.013032581453634073,-0.016040100250626535,0.0093567251461988,-0.004385964912280698
16,4,-0.0002923976608187045,-0.007101086048454489,0.01846282372598158,-0.03358395989974943,0.010401002506265623,-0.012949039264828786
16,5,0.002798663324979122,-0.01691729323308272,0.013659147869674213,-0.03203842940685048,0.009816207184628199,-0.009899749373433533
16,Aggregated,0.0002413460212384496,-0.0024893118190594346,0.012143152668597411,-0.02549303544338715,0.007502413460212353,-0.009695214453178915
16,Centralized,0.0002413460212384496,-0.0024893118190594346,0.012143152668597411,-0.02549303544338715,0.007502413460212353,-0.009695214453178915
17,0,0.00489731437598739,0.02456556082148498,-0.008254344391785167,-0.005410742496050575,0.007701421800947894,0.0025671406003159682
17,1,0.012990810359231405,-0.02702589807852968,-0.0015037593984962318,0.0029239766081871487,0.018086883876357516,0.012071846282372596
17,2,0.012531328320802011,-0.0198830409356725,-0.001336675020885561,0.0022974101921470237,0.02030075187969922,0.008646616541353352
17,3,0.006975772765246421,-0.019047619047619067,-0.0019632414369256555,0.004218880534670016,0.014578111946533022,0.0052631578947368385
17,4,0.011654135338345858,-0.019298245614035075,0.003049289891395151,0.0015455304928989077,0.03375104427735994,0.009398496240601524
17,5,0.014369256474519618,-0.023809523809523808,-0.0005012531328320928,0.004594820384294072,0.02740183792815377,0.013032581453634074
17,Aggregated,0.01051579092538961,-0.013715349606950889,-0.001813542959591791,0.0016273617432078138,0.020183422976141247,0.008440215142739
17,Centralized,0.01051579092538961,-0.013715349606950889,-0.001813542959591791,0.0016273617432078138,0.020183422976141247,0.008440215142739
18,0,-0.008925750394944717,0.03799368088467617,-0.010268562401263824,-0.01911532385466031,-0.0019352290679304856,-0.00011848341232226177
18,1,0.0026733500417710915,-0.0037176274018379174,-0.0001670843776107088,-0.008270676691729347,0.0014202172096908904,0.010568086883876325
18,2,0.0013784461152882325,0.004177109440267336,-0.008437761069339998,-0.02055137844611536,0.012990810359231388,0.017961570593149585
18,3,0.0036340852130325755,-0.005931495405179597,0.002923976608187108,-0.013868003341687566,0.011236424394319093,0.012030075187969877
18,4,-0.0028822055137844613,-0.004678362573099449,0.01098579782790306,-0.025730994152046834,0.0150375939849624,0.01478696741854636
18,5,0.000877192982456132,-0.0026733500417710793,-0.0005847953216374584,-0.019590643274853846,0.010651629072681693,0.018838763575605627
18,Aggregated,-0.000620604054613159,0.004516618397462432,-0.0010136532892014772,-0.017866501172252178,0.008136808716039163,0.0122258998758792
18,Centralized,-0.000620604054613159,0.004516618397462432,-0.0010136532892014772,-0.017866501172252178,0.008136808716039163,0.0122258998758792
19,0,-0.010939968404423352,0.03984992101105837,-0.007898894154818344,-0.004976303317535554,-0.006516587677725139,-0.004778830963665108
19,1,-0.0019214703425230067,-0.009857978279030897,0.00020885547201337013,-0.00012531328320800647,0.006850459482038431,0.00233918128654971
19,2,-0.0063074352548037034,-1.5419764230904951e-18,0.006307435254803673,0.001336675020885549,0.010944026733500386,0.002756892230576428
19,3,0.001879699248120286,-0.0004177109440267389,-0.00012531328320802466,-0.00033416875522137906,0.0022974101921470302,0.006725146198830374
19,4,0.011862990810359205,-0.002213868003341695,-0.0019214703425229766,-0.0017961570593149558,0.00346700083542189,0.005639097744360906
19,5,0.001963241436925611,-0.006432748538011702,-0.006140350877192961,0.00041771094402672177,0.0039682539682539915,0.011236424394319128
19,Aggregated,-0.0006757688594676847,0.003833953937387907,-0.0016549441456350854,-0.000951592883740205,0.0034064266997655425,0.0039029099434560745
19,Centralized,-0.0006757688594676847,0.003833953937387907,-0.0016549441456350854,-0.000951592883740205,0.0034064266997655425,0.0039029099434560745
20,0,-0.0017377567140600342,0.04541864139020536,-0.008017377567140594,-0.014099526066350648,-0.006951026856240134,-0.005134281200631915
20,1,0.004135338345864671,-0.006307435254803668,0.0012531328320802041,0.0017126148705096217,0.002046783625730993,0.002172096908939004
20,2,0.006808688387635748,-0.002673350041771105,0.0020050125313283242,-0.0048454469507101345,0.0014619883040935685,0.007268170426065146
20,3,0.0027568922305764346,-0.005263157894736866,-0.0007101086048454657,-0.0003759398496240774,0.0016708437761069359,0.004427736006683357
20,4,0.005054302422723454,-0.006725146198830424,0.0073934837092731924,-0.010651629072681688,0.0017543859649122827,0.008187134502923937
20,5,0.008103592314118611,-0.005430242272347546,0.007309941520467821,-0.0057644110275688965,0.005263157894736853,0.008061821219715952
20,Aggregated,0.004130464763480911,0.0035719211143290545,0.0014480761274307144,-0.005750930906081911,0.000799889670390308,0.004075299958626418
20,Centralized,0.004130464763480911,0.0035719211143290545,0.0014480761274307144,-0.005750930906081911,0.000799889670390308,0.004075299958626418
21,0,-0.004265402843601876,0.04759083728278062,-0.011334913112164315,-0.013072669826224329,-0.0122827804107425,-0.011374407582938372
21,1,0.0022974101921470307,-0.006015037593984961,-0.002297410192147026,0.001294903926482864,-0.00016708437761071005,-0.0026315789473684383
21,2,-0.0026733500417711153,-0.005806182121971616,0.0027568922305764316,0.0032999164578112077,-0.0008771929824561449,-0.009231411862990818
21,3,0.000501253132832082,-0.005179615705931469,-0.001336675020885536,0.0019214703425229642,-0.0048872180451127595,-0.0010442773600668352
21,4,0.0026733500417711036,-0.00680868838763574,-0.0005012531328320814,0.0028822055137844673,-0.004010025062656631,-0.0017543859649122898
21,5,0.0011695906432748458,-0.008563074352548041,0.0010025062656641443,0.0012113617376775265,-0.006098579782790311,-0.001253132832080206
21,Aggregated,-8.964280788857298e-05,0.0029651082609295078,-0.002041097779616618,-0.0005309612467245854,-0.004792442421734939,-0.0046131568059578345
21,Centralized,-8.964280788857298e-05,0.0029651082609295078,-0.002041097779616618,-0.0005309612467245854,-0.004792442421734939,-0.0046131568059578345
22,0,-0.008017377567140601,0.056714060031595674,-0.005884676145339654,4.3175339846533866e-18,-0.03846761453396515,-0.006714060031595559
22,1,0.004302422723475358,0.0017543859649122577,0.008103592314118632,0.00806182121971593,-0.011779448621553907,0.004594820384294067
22,2,-0.005597326649958206,-0.002255639097744376,0.013074352548036725,0.009022556390977427,-0.018880534670008525,0.0046365914786967305
22,3,-0.002297410192147026,-0.004761904761904758,0.0053049289891395355,0.01006683375104427,-0.01441102756892225,0.0035923141186299085
22,4,-0.0065162907268170485,-0.008563074352548014,0.01094402673350039,0.010902255639097686,-0.0214285714285714,0.004636591478696708
22,5,-0.00810359231411861,-0.0008771929824561394,0.01027568922305763,0.012740183792815368,-0.028028404344193965,0.00898078529657477
22,Aggregated,-0.004406288787753412,0.007474831057785149,0.0068473314025651695,0.00838505033788445,-0.022321059164253226,0.00319266308095435
22,Centralized,-0.004406288787753412,0.007474831057785149,0.0068473314025651695,0.00838505033788445,-0.022321059164253226,0.00319266308095435
23,0,-0.007148499210110578,0.05659557661927342,-0.0009873617693523077,-0.009478672985782009,-0.029502369668246507,-0.02132701421800953
23,1,0.0015873015873015767,-0.00714285714285712,0.009189640768588093,0.0014619883040935813,-0.010233918128654963,-0.014912280701754425
23,2,0.0011278195488721701,-0.012614870509607332,0.01934001670843773,3.0839528461809905e-19,-0.008563074352548019,-0.011821219715956512
23,3,0.0010860484544694903,-0.0023809523809523864,0.010233918128654965,0.004385964912280706,-0.006683375104427747,-0.014160401002506269
23,4,-0.0020467836257310017,-0.013366750208855444,0.02000835421888046,0.0025898078529657206,-0.01035923141186301,-0.019381787802840358
23,5,0.00020885547201337815,-0.009899749373433566,0.015956558061821214,-0.0005012531328320928,-0.014786967418546449,-0.01604010025062661
23,Aggregated,-0.0009240104813129183,0.0023858778099572486,0.012163839470417881,-0.0003447800303406307,-0.013508481588746365,-0.01632188663632613
23,Centralized,-0.0009240104813129183,0.0023858778099572486,0.012163839470417881,-0.0003447800303406307,-0.013508481588746365,-0.01632188663632613
24,0,0.0017377567140600425,0.05308056872037909,0.004265402843601894,-0.003238546603475518,-0.006161137440758286,-0.02835703001579771
24,1,0.006892230576441107,-0.0003759398496240592,0.006558061821219711,0.003968253968253969,0.0075605680868838605,-0.009565580618212204
24,2,0.004260651629072675,-0.004469507101086016,0.014661654135338301,-0.0028404344193817825,0.011528822055137802,-0.02314118629908098
24,3,0.003467000835421879,-0.006558061821219684,0.013575605680868798,0.004177109440267335,0.007518796992481208,-0.012155388471177902
24,4,0.011111111111111106,-0.014035087719298168,0.01908939014202169,0.0015873015873015916,0.012949039264828656,-0.015664160401002436
24,5,0.008730158730158716,-0.0015037593984962507,0.0222222222222222,0.005680868838763574,0.010735171261487032,-0.020802005012531287
24,Aggregated,0.005992276927320354,0.004820024824162171,0.013308509171148826,0.0015101365328920107,0.007226589435939855,-0.018376775617156345
24,Centralized,0.005992276927320354,0.004820024824162171,0.013308509171148826,0.0015101365328920107,0.007226589435939855,-0.018376775617156345
25,0,-0.0076619273301737865,0.07069510268562389,-0.013862559241706155,-0.005529225908372831,-0.024881516587677725,-0.01639020537124803
25,1,0.005096073517126151,-0.008563074352548043,0.0010025062656641548,0.004385964912280689,-0.006265664160400952,0.004344193817878025
25,2,0.00045948203842940033,0.0029239766081871166,0.0011278195488721647,0.013199665831244739,-0.010735171261487013,0.010568086883876318
25,3,0.002130325814536349,0.00012531328320801666,4.1771094402668724e-05,0.012447786131996649,-0.0067251461988304,-0.0030075187969924935
25,4,0.0009607351712614916,0.0017543859649122731,-0.002339181286549716,0.015664160401002505,-0.008771929824561367,0.002756892230576439
25,5,0.0033416875522138704,-0.0001670843776106866,0.002297410192147036,0.011779448621553855,-0.011111111111111065,0.0038847117794486206
25,Aggregated,0.0006412908564336036,0.011694938629154583,-0.0020686801820438377,0.008522962350020695,-0.011543235415804693,0.00019997241759759182
25,Centralized,0.0006412908564336036,0.011694938629154583,-0.0020686801820438377,0.008522962350020695,-0.011543235415804693,0.00019997241759759182
26,0,-0.01528436018957349,0.0775671406003158,-0.011690363349131148,-0.030529225908372783,-0.002409162717219578,-0.017654028436018945
26,1,-0.005221386800334154,0.00037593984962406104,0.00409356725146197,-0.0052631578947368255,0.006641604010025037,0.0018796992481203182
26,2,-0.0077276524644945286,4.009138700035287e-18,0.004302422723475345,-0.008563074352548002,0.013659147869674166,-0.006683375104427718
26,3,0.0005430242272347674,-0.0043859649122806686,0.0029657477025898196,-0.004970760233918114,0.0050125313283208095,-0.001670843776106932
26,4,-0.0024644945697577265,-0.004469507101086032,0.007644110275689208,-0.011069340016708428,0.010275689223057617,-0.0024227234753550395
26,5,-0.0017126148705095983,-0.002464494569757718,0.008897243107769402,-0.014035087719298196,0.007727652464494551,-0.003425229741019216
26,Aggregated,-0.005406150875741296,0.011736312232795478,0.0025651634257343927,-0.012577575506826658,0.006730106192249333,-0.005116535650255161
26,Centralized,-0.005406150875741296,0.011736312232795478,0.0025651634257343927,-0.012577575506826658,0.006730106192249333,-0.005116535650255161
27,0,-0.008491311216429678,0.06718009478672972,-0.014770932069510244,-0.011137440758293832,-0.012559241706161132,-0.010742496050552918
27,1,0.0025480367585630683,-0.012614870509607329,0.0033834586466165327,0.0004177109440267298,-0.0001253132832080228,0.0063909774436090375
27,2,-0.003132832080200481,0.004553049289891394,0.0021720969089390066,0.004218880534670012,-0.0027151211361737615,0.00994152046783622
27,3,-0.0014619883040935839,0.003508771929824518,0.0007936507936507908,0.007101086048454445,0.002046783625730995,0.0005430242272347545
27,4,-0.0012113617376775243,-8.354218880535132e-05,0.001963241436925661,0.0042606516290726775,-0.0008354218880534703,0.005931495405179609
27,5,-0.0016708437761069265,-0.0028822055137844725,0.005179615705931505,0.002172096908939019,-0.004511278195488704,0.00421888053467002
27,Aggregated,-0.002296235002068692,0.010488208522962315,-0.00035167563094745116,0.0010550268928423644,-0.0032064542821679796,0.0025858502275547925
27,Centralized,-0.002296235002068692,0.010488208522962315,-0.00035167563094745116,0.0010550268928423644,-0.0032064542821679796,0.0025858502275547925
28,0,-0.009439178515007893,0.041113744075829343,-0.0064375987361769416,-0.014494470774091583,-0.014770932069510289,-0.017298578199052107
28,1,0.004385964912280687,-0.019465329991645762,0.011111111111111073,-0.007435254803675833,-0.00208855472013366,0.003467000835421873
28,2,-4.177109440266811e-05,-0.018170426065162906,0.008061821219715916,-0.004553049289891374,-0.0008771929824561486,-0.004469507101086052
28,3,0.002464494569757722,-0.02184628237259819,0.010985797827903054,-0.0059314954051796,0.0002923976608187387,-0.003508771929824561
28,4,-0.001294903926482878,-0.018504594820384274,0.014327485380116972,-0.009941520467836204,0.000501253132832063,0.002380952380952354
28,5,0.0010860484544695033,-0.02017543859649122,0.012197159565580594,-0.001921470342522986,0.001670843776106929,-0.00037593984962407465
28,Aggregated,-0.0005585436491518195,-0.009026341194317966,0.008233347124534541,-0.007447248655357853,-0.0026617018342297454,-0.0034340091021928037
28,Centralized,-0.0005585436491518195,-0.009026341194317966,0.008233347124534541,-0.007447248655357853,-0.0026617018342297454,-0.0034340091021928037
29,0,-0.015837282780410716,0.09482622432859412,-0.015679304897314346,-0.009676145339652425,-0.013823064770932056,-0.011374407582938366
29,1,0.0031746031746031733,-0.004803675856307436,-0.0023391812865497085,0.008437761069340006,0.0012113617376775282,0.004344193817878023
29,2,-0.0046783625730994005,0.006474519632414369,0.004678362573099424,-0.0006265664160400882,0.006725146198830418,0.0049707602339181325
29,3,-0.003717627401837916,0.006349206349206306,0.0048872180451127725,0.004845446950710106,0.005054302422723452,0.0026315789473684106
29,4,-0.011027568922305709,-0.00045948203842939664,0.010359231411862978,0.001086048454469496,0.006015037593984953,0.004051796157059307
29,5,-0.011111111111111094,0.004970760233918125,0.0023391812865497085,-0.0008354218880534818,0.007101086048454457,0.0075605680868838735
29,Aggregated,-0.007281754240794382,0.018625017239001493,0.0005516480485450244,0.00044131843883600254,0.001896290166873521,0.0019031857674803492
29,Centralized,-0.007281754240794382,0.018625017239001493,0.0005516480485450244,0.00044131843883600254,0.001896290166873521,0.0019031857674803492
