Round,Evaluator,3,0,1,4,5,2
0,0,,,,,,
0,1,,,,,,
0,2,,,,,,
0,3,,,,,,
0,4,,,,,,
0,5,,,,,,
0,Aggregated,,,,,,
0,Centralized,,,,,,
1,0,0.0065207579446197265,-0.009838058765829907,0.01639711748865542,0.03165861966307314,0.042100546971724134,0.0333611627998123
1,1,0.04987309015903588,-0.0120794270074648,0.06000955004917097,0.09336722690405098,0.10110623806105586,0.10461746910885555
1,2,0.04622512088651558,-0.035217896767743326,0.049476212656326,0.10013474297211476,0.10637145951179063,0.10568124057277345
1,3,0.06914611318183271,-0.019579241799437853,0.0689285066133755,0.07812899699933253,0.07360041131374477,0.07814477056176422
1,4,0.07784129595600904,-0.00044529557754966983,0.05761943066268293,0.08402751157653433,0.0891459811781734,0.086310388517018
1,5,0.05930548659894241,-0.0037751166212454373,0.05979724497534453,0.0910785436925565,0.09828936761381625,0.09720343387881497
1,Aggregated,0.04957053861939038,-0.013378239937352057,0.05025029033357848,0.0776491627603544,0.08329697691354196,0.08218856266532223
1,Centralized,0.04957053861939038,-0.013378239937352057,0.05025029033357848,0.0776491627603544,0.08329697691354196,0.08218856266532223
2,0,0.035451855001552166,0.036846896739440686,0.02953444216429918,-0.007103843644703702,0.024530733160932888,-0.0048134507940489546
2,1,0.04437122457987082,0.0018939890921276718,0.04192069316087202,-0.022346945457518308,0.050508329582819735,0.004717849076254391
2,2,0.05152891322875408,0.00207970474043817,0.03189208711471284,0.002597029825924804,0.039211118642611696,0.003336655546855805
2,3,0.05560274648454812,0.020984004965797443,0.04094141427136682,-0.001581229209281703,0.0379061151813492,-0.0012957800096673959
2,4,0.03486677849396077,0.001425525931090671,0.022295256222425452,-0.015383149181819922,0.02126583326717052,-0.010288010808939875
2,5,0.051988726173714854,0.01801947846564783,0.021938665974555766,0.0028940233526891677,0.023580904297896346,-0.01192847144686345
2,Aggregated,0.04517386152825035,0.01476604370841156,0.031086749330764347,-0.007037115982631947,0.03245607346914139,-0.003634462077519507
2,Centralized,0.04517386152825035,0.01476604370841156,0.031086749330764347,-0.007037115982631947,0.03245607346914139,-0.003634462077519507
3,0,-0.01535044828985278,0.009583432232262825,0.04148039290599028,-0.01907384928379542,0.03425875007698693,0.0072963979400995456
3,1,0.003921310023200602,-0.007963154667522792,0.0720860461293297,-0.023059406270037504,0.04103564972654747,0.01845314157146442
3,2,-0.010599996991452922,-0.021328581360474712,0.058601524645651756,-0.024039751775799967,0.05808209367932255,0.021452603643961805
3,3,-0.00741688916640103,-0.023869003058956343,0.05697563834714763,-0.022414722097598535,0.03499448114859005,0.020810429398575876
3,4,-0.00020517730162480775,-0.005317032857535323,0.058235326888407594,-0.01664750072490416,0.04764170377007741,0.028650075956672547
3,5,-0.009128892968655204,-0.002063286255624924,0.06842491286575435,-0.02629230260435628,0.040606953529725105,0.03070038324446443
3,Aggregated,-0.006856779303493996,-0.007697218791878362,0.05842846022049104,-0.02177044885274857,0.042637214811963677,0.02092000967075437
3,Centralized,-0.006856779303493996,-0.007697218791878362,0.05842846022049104,-0.02177044885274857,0.042637214811963677,0.02092000967075437
4,0,0.004110416613594088,-0.019665521694752414,0.018905511757463248,0.031015809668378535,0.012527439292879899,0.026098563595434596
4,1,0.018067727148098543,-0.04538721719309734,0.03304432892058693,0.042002678252255565,0.026548967848452208,0.02945815502740146
4,2,0.025329449865622838,-0.0561349363157317,0.02257841209467933,0.027960409257395943,0.02851545527101836,0.010350829180812518
4,3,0.026557817477699426,-0.054773038264780596,0.027445607655655114,0.03144521573497221,0.027867411524791805,0.020299370458542368
4,4,0.030518134086986153,-0.036923267832522935,0.029852524902827172,0.03765395120973116,0.02451659393359958,0.020077249277177137
4,5,0.03504679410603395,-0.05258181152358715,0.02871849104120742,0.03281730622532636,0.027340455657639713,0.011235363469615577
4,Aggregated,0.022591093859743526,-0.04303826628527529,0.026191067575250346,0.033201781777554056,0.023939346351122787,0.01901102930593248
4,Centralized,0.022591093859743526,-0.04303826628527529,0.026191067575250346,0.033201781777554056,0.023939346351122787,0.01901102930593248
5,0,0.004656887683538053,0.008991410786257342,0.01607164887215329,0.007596016770496788,0.0337235359630746,-0.02931581996637765
5,1,0.012534711934302353,-0.026909257906105703,0.024206322332991834,0.016645376178492377,0.024461989005812413,-0.013570299726073744
5,2,0.016520800991564694,-0.024106901366588326,0.023769341236221913,0.008114462238679844,0.025143027908750417,-0.007505272981601138
5,3,0.01937404107410613,-0.0252529262780871,0.026956460133581477,0.009758147750410838,0.019962676648089137,-0.004807457087443515
5,4,0.016366945793312406,-0.02284721242397533,0.028731145192123178,0.01287530119416642,0.01636615900346013,-0.015103173282479362
5,5,0.016438623390498917,-0.030768916066881546,0.028594279068343983,0.013802031137084746,0.006867962091569978,-0.007813393165458675
5,Aggregated,0.013824099058741737,-0.018710268139029707,0.024242323371572345,0.011110466728022768,0.020963313507004262,-0.013237554481391219
5,Centralized,0.013824099058741737,-0.018710268139029707,0.024242323371572345,0.011110466728022768,0.020963313507004262,-0.013237554481391219
6,0,0.006199842540877381,-0.010491721991001087,0.017976786066300276,0.011209683028114278,0.025920323261240396,-0.03898622222868358
6,1,0.011593297159967557,-0.028632706890149434,0.007802336471591967,0.028280492014158585,0.03009897427941795,-0.033519246266253876
6,2,0.012571060000140364,-0.026061307229131952,0.02635933360066088,0.023122027740994783,0.02925347389041152,-0.013720043016935137
6,3,0.01602349692638234,-0.02693685561417504,0.014328010445972894,0.030199720759195584,0.031793829976078034,-0.011047820662345843
6,4,0.003246109596194021,-0.028898996664625864,0.014858466731025357,0.034282135004005496,0.029925115921529043,-0.028469802105828525
6,5,0.00858179167718295,-0.031073553612826807,0.00830297522047834,0.038598289038180605,0.02907669307337753,-0.012975291714659854
6,Aggregated,0.009240645443630392,-0.024257805500072917,0.01513128267856958,0.027142120849630896,0.029156322081514145,-0.023542224711723733
6,Centralized,0.009240645443630392,-0.024257805500072917,0.01513128267856958,0.027142120849630896,0.029156322081514145,-0.023542224711723733
7,0,0.010541546959481306,-0.004827789713501822,0.012710951095344702,0.02168036760088649,-0.007180877287627658,-0.033785864844051175
7,1,0.02205157751121956,-0.036654860814023395,0.030899733488870273,0.03174534395416062,-0.004464014407208201,-0.019774125631965088
7,2,0.007093690646716999,-0.03797974826209138,0.021940801024654774,0.027992164434363486,-0.004663086483566789,-0.021044085483019063
7,3,0.007640477245678059,-0.045212453720574364,0.03159569222287109,0.025058956884302614,-0.009371562437271106,-0.02075895595131254
7,4,0.013880460199227312,-0.04433229801742242,0.033082873807654706,0.030169686153433087,-0.008607492235855127,-0.022634320500272257
7,5,0.019603822201949242,-0.04572624715126828,0.03242602355467695,0.03139980797243288,-0.0029643509054876178,-0.020987368544973274
7,Aggregated,0.012974201732668934,-0.034200114468910164,0.026829678546332413,0.027688573482263272,-0.006451079047101355,-0.023415481842814806
7,Centralized,0.012974201732668934,-0.034200114468910164,0.026829678546332413,0.027688573482263272,-0.006451079047101355,-0.023415481842814806
8,0,0.02879897618711904,-0.0053412657996188394,0.00016498734076306507,0.00797361446594862,0.0071351708973673485,0.006375091749364895
8,1,0.035916252197905736,-0.045109073461391064,-0.0027407767816429586,0.017125254963314424,0.008550066292776977,0.00966803415964773
8,2,0.02904886796738657,-0.023482091217279625,0.003988337213403303,0.0023551112673786986,0.01071644343226774,0.013647392074627852
8,3,0.031444506418178066,-0.03238930485852443,0.003968702478533538,0.012864501792912762,0.013024845834175035,0.008123893293770333
8,4,0.047201368805243955,-0.04111898764648579,0.0011399765213651538,0.015699823612543445,0.003937471585635603,0.015285167346952915
8,5,0.029654854940844296,-0.040657000177677975,0.00921555017884885,0.0047211587114549735,0.01236108059002596,0.015791006449945015
8,Aggregated,0.0336906984717871,-0.030049602552575123,0.0023391585299057886,0.009978553042915542,0.008904225235520329,0.011213497137181533
8,Centralized,0.0336906984717871,-0.030049602552575123,0.0023391585299057886,0.009978553042915542,0.008904225235520329,0.011213497137181533
9,0,0.01855149045004442,0.015493854648930747,-0.002079696359696385,-0.0375574424560872,0.010384909926402203,0.006027954100749401
9,1,0.03000009503020653,-0.012869986441784402,0.006301709605266027,-0.04224401971887236,0.015136096693894544,0.013088027162239807
9,2,0.0178844231558936,-0.011358809639273968,0.004627006588452252,-0.036067725616853674,0.012145275281087565,0.007540671412462837
9,3,0.016984097446081182,-0.019680689079145372,0.010959813867087108,-0.023662758176609986,0.013978804514499675,0.0064196045521784425
9,4,0.023020182798900505,-0.0019718149007213097,0.005765203971861693,-0.03796365486978311,0.012309987550821537,0.006201660106754968
9,5,0.024464089340477044,-0.007975775646326214,0.010627566605475465,-0.03658645287335254,0.015757469346643318,-0.0003891662715032554
9,Aggregated,0.021608005949176598,-0.004885874403777951,0.005810663112272846,-0.036120221909330986,0.013044751093840843,0.006352112464260292
9,Centralized,0.021608005949176598,-0.004885874403777951,0.005810663112272846,-0.036120221909330986,0.013044751093840843,0.006352112464260292
10,0,0.009591155058721773,-0.005093577680887267,-0.005933609794916469,0.004786764272052349,-0.0018466142524934306,0.009948027288835589
10,1,0.022030858105782425,-0.03906505494532217,-0.006849905154952824,0.020919558313034096,0.0107333998014848,0.02547895424756493
10,2,0.015544459142544745,-0.020391680822779767,-0.006974609531757243,0.008461279124077898,-0.0032807806347786806,0.02178198024173657
10,3,0.01822898593938283,-0.017157344458479114,-0.0021473917336558767,0.010617964485288662,0.00041531035065834763,0.023140308178951605
10,4,0.025279567465433292,-0.0197321306905794,-0.010388687588479809,0.013036930542546381,-0.008300335338177929,0.0270830617363847
10,5,0.01881541980787783,-0.021533372117084847,5.6547311648761735e-05,0.012522766567605257,0.003590633302114854,0.022789058254876787
10,Aggregated,0.017917717962308313,-0.01930413199902652,-0.005526826776454464,0.011421986352204578,-1.3217557179227384e-05,0.021319318712613895
10,Centralized,0.017917717962308313,-0.01930413199902652,-0.005526826776454464,0.011421986352204578,-1.3217557179227384e-05,0.021319318712613895
11,0,-0.019966366467585622,0.008141484582902267,-0.01075849313597736,0.00794783129812428,-0.000510684273346527,0.01033039710012111
11,1,-0.0188291051518746,-0.017014468406845392,-0.012135655498074925,0.019671161724164707,-0.0039529516065653835,0.022997149335513657
11,2,-0.007938558292541403,-0.01335139962058708,-0.0033847242725096515,0.021979307108322042,0.0038045423705314785,0.013913274067731738
11,3,-0.016395312243206273,-0.022179401237247928,-0.0012141503890573662,0.01639996800827412,0.004730241329493703,0.01727889887313234
11,4,-0.02447385548127346,-0.00987273993162914,-0.012092576050689205,0.025622582416366186,-0.005108904250172689,0.022282747335927024
11,5,-0.0177297928010666,-0.02547348743317811,-0.0012044179719626852,0.015699802334691322,0.0035608681026828458,0.014846659971432991
11,Aggregated,-0.01819494269684694,-0.01184988661254535,-0.0072247432225818016,0.017732808096581752,-2.6184213143325603e-05,0.016864732613650978
11,Centralized,-0.01819494269684694,-0.01184988661254535,-0.0072247432225818016,0.017732808096581752,-2.6184213143325603e-05,0.016864732613650978
12,0,-0.002304009930210768,-0.0146574525278732,0.013161841233879118,-0.021158275199137527,0.008426457162482628,0.0049983777781861015
12,1,0.003736643446956695,-0.04401257485499992,0.021578082305620357,-0.016427813093368923,0.015135315320501235,0.018584497504359483
12,2,0.0038666812897913145,-0.036633431485934995,0.020407786667322948,-0.01417367087119224,0.009246223153430898,0.013135678191080727
12,3,-0.0007991664544614113,-0.04374033260071643,0.026083167504194194,-0.01977062627354436,0.009842190065864332,0.012219206846236697
12,4,0.005260793159310771,-0.053044847158946556,0.026454445574909072,-0.024702091079503014,0.017559205561145586,0.02138039229150785
12,5,0.00823444723579464,-0.04594546753949323,0.02987502569128148,-0.019637937091370804,0.014795629666988318,0.020602264510344144
12,Aggregated,0.0028021409803317128,-0.038206179614351805,0.022731551633176247,-0.019554353826065327,0.012271894513989641,0.014804272713491875
12,Centralized,0.0028021409803317128,-0.038206179614351805,0.022731551633176247,-0.019554353826065327,0.012271894513989641,0.014804272713491875
13,0,-0.00012411164150673005,0.009095385807567904,0.00682710981167673,0.012085362473121256,0.008440119665630134,0.008907026051337554
13,1,0.006146926850013484,-0.027235626764818315,0.005537472917274734,0.022566047661453675,0.011723349852965506,0.017115553846571336
13,2,-0.0016075281112624931,-0.01796193696816095,0.006083016805999904,0.01975912841598986,0.008152083927351672,0.014716226844168184
13,3,0.001511462057958111,-0.022570709234049163,0.005261589613102139,0.02604297709451613,0.012718762293428118,0.018277154483598915
13,4,-0.011497342839569895,-0.01763292964181408,-0.0026189162922277084,0.034196816151406705,0.012250588751905865,0.020022831662638404
13,5,-0.0018614504763513919,-0.016539101069849765,-0.0008201406756789413,0.02885609524810849,0.0097170216526106,0.01693020363404653
13,Aggregated,-0.001516187506607062,-0.014185257503189422,0.0032371306065560775,0.023586727931165525,0.010222495287008226,0.015731366511316115
13,Centralized,-0.001516187506607062,-0.014185257503189422,0.0032371306065560775,0.023586727931165525,0.010222495287008226,0.015731366511316115
14,0,-0.0016036236676050437,0.000226755954101773,-0.0029797586708162657,0.0009413051039120724,0.007414347770681843,-0.005922711430388226
14,1,0.005196313923324398,-0.029153548871605598,-0.0033225268730319567,0.005096152530217868,0.015193881625061254,0.00685786657655755
14,2,0.01875229555637923,-0.024950139374904944,-0.0005150017044033515,-0.0008443568270722692,0.015216196663540663,0.005283767481429742
14,3,0.012626476985909666,-0.02959479333521188,-0.003446601910032607,0.007805083151242632,0.01298376294567102,0.005630936187314543
14,4,0.017978670418663953,-0.027034295529810907,-0.006862289694606856,-0.001660617191905539,0.022866319531602612,0.00412701878992042
14,5,0.01054961275554405,-0.029777528319827936,-0.002764330940521761,0.0038589102584649735,0.016037924818953442,0.011624830009728563
14,Aggregated,0.01029009268834075,-0.021810234017476945,-0.0033901842949730044,0.002300562425382293,0.014562790861195963,0.003975727468802918
14,Centralized,0.01029009268834075,-0.021810234017476945,-0.0033901842949730044,0.002300562425382293,0.014562790861195963,0.003975727468802918
15,0,0.0005465890499866174,0.03325524053923803,-0.03828782140962494,-0.018075312622396006,0.0055860113047888045,-0.005985661316879978
15,1,0.003383152670101618,-0.0017091462075995878,-0.03316979340174401,-0.0072697265395604985,0.01690974460349197,0.007377511878295455
15,2,0.003802619872135118,0.002253942977247932,-0.03173759235540109,-0.0024157371962794,0.008323427417558149,0.005458169554103916
15,3,0.001999995471850242,-0.020762402468873547,-0.03642456876489846,-0.001838354069010867,0.013734140788548786,0.008216673014034018
15,4,-0.0026734549013869304,0.002285132661050869,-0.04356164747601218,-0.01125741619053055,0.013351704460821024,0.003503489433559411
15,5,0.0010953973463334074,-0.017955311854808566,-0.035336891080103454,-0.001973519764961023,0.017648334412238984,0.009612345433157605
15,Aggregated,0.001090713488291522,0.001674553286876426,-0.03682400596984435,-0.0076092661206573885,0.012226893876753369,0.004197555048412476
15,Centralized,0.001090713488291522,0.001674553286876426,-0.03682400596984435,-0.0076092661206573885,0.012226893876753369,0.004197555048412476
16,0,-0.007905030590159092,0.02895821510206502,0.007998322219106159,-0.03040522110253929,0.002156552750109653,-0.01566755528193579
16,1,-0.0007398162132540724,-0.009867643345862298,0.016585787588051633,-0.027442531612208852,0.011986399602329414,-0.005936594140152089
16,2,0.003508863967666805,-0.004403247044030515,0.009392577374657075,-0.02591613656330378,0.004791759450025032,-0.013586246416789672
16,3,0.008818477139365748,-0.013322173481131258,0.013942627706947706,-0.017804348401901773,0.01061679491102632,-0.0040944263716320255
16,4,0.0009342685568945222,-0.00882425811986456,0.020680593139208798,-0.03922279986678696,0.011725430644471643,-0.014572168550248999
16,5,0.004014207735039834,-0.02001711726211176,0.015251947653565285,-0.03831666231382571,0.011374949821955445,-0.011412747066363386
16,Aggregated,0.0008912728532405853,-0.0026167535067945272,0.01365995025169007,-0.03018960280087622,0.008361870855046203,-0.011307997085499524
16,Centralized,0.0008912728532405853,-0.0026167535067945272,0.01365995025169007,-0.03018960280087622,0.008361870855046203,-0.011307997085499524
17,0,0.007642471978868838,0.023882749783173254,-0.009742210970792137,-0.006223668599992282,0.01212347016967407,0.004984721566746302
17,1,0.015046003643276571,-0.029214439474592693,-0.0020023447484472717,0.0032618038239496014,0.020794835533912908,0.01366047545595301
17,2,0.013829042370108367,-0.0197900078419874,-0.0010024723077056408,0.003332749665479853,0.02194099917091825,0.008765860483938228
17,3,0.0071555524638977136,-0.01955432584838511,-0.0019870106585047646,0.0055557365155820305,0.015568514423308017,0.004672302440059181
17,4,0.012636288800316777,-0.019691113724211066,0.00406908025020221,0.0018968587222578767,0.03888058264882235,0.009682748479342898
17,5,0.016500410464975895,-0.02453513738156002,-0.0010562502583685142,0.0054782963944974014,0.03174157489694923,0.014635263691196988
17,Aggregated,0.01161521514979924,-0.012399807180772725,-0.0024503068544057534,0.0016667276554678952,0.023009896841899004,0.008967561035531696
17,Centralized,0.01161521514979924,-0.012399807180772725,-0.0024503068544057534,0.0016667276554678952,0.023009896841899004,0.008967561035531696
18,0,-0.009561164775732755,0.03761106505625296,-0.010030897586414539,-0.023487538514562104,0.00176801219401167,0.0023735506970218503
18,1,0.003153978904555589,-0.005003385588535722,-0.0005307195919488361,-0.009107553935412942,0.0012081400762662437,0.012435679918310885
18,2,0.0012043556112640971,0.00440699833049688,-0.010748905738204109,-0.023684008137645065,0.015130323821744356,0.020952147163019342
18,3,0.0041524214769855525,-0.008037119027564796,0.003004140938893961,-0.01540453879796905,0.013089587147584823,0.013717993717582096
18,4,-0.0038417833958704867,-0.0058292874406282984,0.012824932844450668,-0.030118464222642513,0.017703310002576796,0.017263333870128822
18,5,0.0009841538593150577,-0.0037396369351620842,-0.0009079469099207229,-0.02314149754896537,0.01236378833051749,0.02249097875302864
18,Aggregated,-0.0011393418913622666,0.005474299954665491,-0.0014001908238730407,-0.021273254115218618,0.009938529688343418,0.01442305489608779
18,Centralized,-0.0011393418913622666,0.005474299954665491,-0.0014001908238730407,-0.021273254115218618,0.009938529688343418,0.01442305489608779
19,0,-0.0074391998653501375,0.03981677198348665,-0.01005526454521399,-0.004709806528433593,-0.00775614189851738,-0.0019749494465638594
19,1,-0.0018815787302026322,-0.01226328750814732,0.00036326331138069413,-0.0003063281741657594,0.008157606865820762,0.0027040827825509984
19,2,-0.006518468214670828,0.00037914549991909706,0.007556997113462492,0.0011727462525124139,0.012896905120586433,0.0032505279284110217
19,3,0.002419438772693886,-0.000790114406010933,0.00029374428622205173,-0.0004897183113973759,0.0026950036052010434,0.007818104429401854
19,4,0.014577466493281923,-0.002485312815663387,-0.0020528008974001035,-0.002226086789130731,0.003929268035335166,0.006809830946433415
19,5,0.0027340016258219513,-0.007760607885711184,-0.007508781833088162,0.0002705656544349332,0.004575221034797335,0.013520369498918898
19,Aggregated,0.0003027596708388801,0.0050467979383797875,-0.002383379079373289,-0.0015374118312588354,0.0035880023403394357,0.004949601981401416
19,Centralized,0.0003027596708388801,0.0050467979383797875,-0.002383379079373289,-0.0015374118312588354,0.0035880023403394357,0.004949601981401416
20,0,0.0007187183719429693,0.04580528239614713,-0.008263770127358138,-0.016250889558801416,-0.007369852952600247,-0.002032916535131528
20,1,0.0048688403961336685,-0.007059136114244767,0.0012750323566185428,0.002199808406844833,0.002154941709460626,0.002730795203921222
20,2,0.007920479810851653,-0.0021201533460887484,0.002120907629923189,-0.005905743210277917,0.0012023951168834979,0.008853543464404263
20,3,0.002991950171105948,-0.005729499907345524,-0.0012672090097289332,6.0274045471693054e-05,0.0016357424338748854,0.0052192390936249035
20,4,0.005964642732994135,-0.007922257256732118,0.008808804273118833,-0.012727644100020667,0.001843153960274729,0.009921417989202548
20,5,0.009833601928350227,-0.006312512154138966,0.008901025585430314,-0.00678778472119576,0.006198994010972295,0.009919280204429042
20,Aggregated,0.004952595904973313,0.005144657086164867,0.001515872971995355,-0.007300684038695957,0.0004966624765674832,0.005328014055032502
20,Centralized,0.004952595904973313,0.005144657086164867,0.001515872971995355,-0.007300684038695957,0.0004966624765674832,0.005328014055032502
21,0,-0.004686805497096888,0.046008144957797904,-0.012853381824084287,-0.011807936741965694,-0.01571950074096605,-0.008006621059331247
21,1,0.0025419846787282678,-0.0073519832790168915,-0.0029786515622960636,0.001467482534524747,-0.00042646875439839396,-0.0024972507368119625
21,2,-0.0037087360970345902,-0.006496959307299775,0.002992203529736157,0.003842862803133562,-0.0016552847651370504,-0.010159470912394119
21,3,0.00026393035249740274,-0.0063252553519668325,-0.0017685373563339636,0.002068974245038549,-0.006037334021917553,-0.0004957980432760387
21,4,0.003045403891452759,-0.008360569267826426,-0.000617042224108682,0.0034679797718453606,-0.005008015865621321,-0.0015690529298211316
21,5,0.0012326997311001957,-0.01049215594129365,0.0010580468142619157,0.0013187774071620193,-0.0075957045720330225,-0.0010974544104345606
21,Aggregated,-0.0006099595097785132,0.0037039220126336473,-0.002718465369750271,-0.0006727277571781062,-0.0064819807104793395,-0.004374342998700815
21,Centralized,-0.0006099595097785132,0.0037039220126336473,-0.002718465369750271,-0.0006727277571781062,-0.0064819807104793395,-0.004374342998700815
22,0,-0.0086935226675463,0.0569502425512278,-0.0051182828006934074,0.004059555689138598,-0.046946806930343,-0.005258333797642626
22,1,0.005345291618375901,0.0025113904374292357,0.009728780555905085,0.009614198100647118,-0.01356321533886358,0.0053657044145309744
22,2,-0.007172710144289559,-0.0023543210734395643,0.015221507080986619,0.010321124869930507,-0.021409740092596035,0.005165404927432189
22,3,-0.0028018859968052573,-0.005935966366982258,0.0059590885174466805,0.011711361747950084,-0.015380953594120658,0.003802708459382372
22,4,-0.008243613037295023,-0.010742922556968307,0.012905537493800533,0.012680746394793828,-0.02435886974906941,0.005208328559858931
22,5,-0.00986052988925424,-0.0011076707042666537,0.012335390631805406,0.015257777879563393,-0.03315973472343182,0.010760231277621853
22,Aggregated,-0.005698581228871689,0.009377694503574736,0.008011488016778066,0.009923185416074549,-0.02665871331342845,0.003644883077083273
22,Centralized,-0.005698581228871689,0.009377694503574736,0.008011488016778066,0.009923185416074549,-0.02665871331342845,0.003644883077083273
23,0,-0.007331277724476475,0.05727488899787938,0.002415704180630828,-0.009869453746138386,-0.033089446647398504,-0.025656815487560762
23,1,0.002043015052243101,-0.008503995456694323,0.010459785977162489,0.001690001455234259,-0.012686724486920993,-0.017052733139613786
23,2,0.0015027802889390066,-0.014394734760971282,0.021797593413902284,4.213857477074972e-06,-0.011239303448070155,-0.011576878506737475
23,3,0.0015909365538449701,-0.0021427677336436704,0.010843180825833066,0.005473409080518178,-0.008292150931944976,-0.014567889702157924
23,4,-0.0023116871064581784,-0.015421197268682699,0.022862953556835066,0.002899399089615393,-0.012907510932266567,-0.021044888221601023
23,5,0.000525516495203863,-0.011482242168754877,0.018383444651260638,-0.0004767387393364933,-0.018408861615180905,-0.01793274716868825
23,Aggregated,-0.0012222863129372505,0.003968486730817199,0.013955856995719107,-0.0006702566315573385,-0.01696804569723305,-0.018558012349533602
23,Centralized,-0.0012222863129372505,0.003968486730817199,0.013955856995719107,-0.0006702566315573385,-0.01696804569723305,-0.018558012349533602
24,0,0.0052368277456277,0.05411370344466189,0.009044296173186063,-0.001999203186717746,-0.004139894002260157,-0.03388338640550593
24,1,0.008131072069910206,-0.0005538770414667345,0.007599166855797627,0.004782597143124225,0.008956394992136305,-0.011291711603806983
24,2,0.004770607243171823,-0.005358724313649399,0.017257726837554475,-0.004096008854593369,0.013368155522985292,-0.027160446013404015
24,3,0.0033544222675507876,-0.008196919327832427,0.015464665754641158,0.00475873031521924,0.008595826109157923,-0.013782684556191008
24,4,0.0129271957539352,-0.017225966610134556,0.02260635869640122,0.0016438251113255328,0.015159961776372861,-0.01853034505979516
24,5,0.01018966870013859,-0.002002645233502572,0.02650852108504412,0.006679708133646243,0.012640504505312218,-0.02489343345167026
24,Aggregated,0.007059825669915216,0.006159202542795846,0.01609147685158279,0.0015297931751328505,0.008348356644491595,-0.02214955251404112
24,Centralized,0.007059825669915216,0.006159202542795846,0.01609147685158279,0.0015297931751328505,0.008348356644491595,-0.02214955251404112
25,0,-0.006930736263406874,0.07326087144261173,-0.015423934303135918,-0.0020146502351481538,-0.02713317334598106,-0.018104955647751383
25,1,0.006290987470078563,-0.010709604846000146,0.001252197656998674,0.0052916529687756534,-0.007636610591026558,0.005385483504751223
25,2,0.0004094224346971061,0.0039659466851450055,0.0011385461230122185,0.016214634360490653,-0.013147295264635697,0.012831213581259254
25,3,0.002619779887273687,-0.0002687421789980777,0.00017080979060946818,0.014953051628761843,-0.007922007211560398,-0.00365758617679471
25,4,0.0009584002697121193,0.0024362405426818184,-0.002882766179810203,0.019113192683733304,-0.010486082855490929,0.003377883623399091
25,5,0.004096958865570935,-0.0003018761958813189,0.0030240432670978015,0.014313991634718616,-0.013543289998975874,0.004804171567524971
25,Aggregated,0.0006152031672787605,0.014625821877836337,-0.002716841552298665,0.010677159430688891,-0.014100744702570358,0.00013813642441349861
25,Centralized,0.0006152031672787605,0.014625821877836337,-0.002716841552298665,0.010677159430688891,-0.014100744702570358,0.00013813642441349861
26,0,-0.01505903623663146,0.07863914984425638,-0.011748015386430059,-0.034447996114575566,-0.00041401875602726634,-0.018013094631358466
26,1,-0.006501258576729183,0.0005035929462160372,0.004987023923812692,-0.006251041685595695,0.008090338040069135,0.0023430704612512157
26,2,-0.009441114269115104,0.00016466452298856188,0.004940919507815812,-0.010235497652744925,0.016408204215873145,-0.008128648578884944
26,3,0.0005880573082038912,-0.005397347411486236,0.0035515080930643367,-0.005535090354044642,0.0059905273835628185,-0.0021297605414471138
26,4,-0.0030424029274949194,-0.005485720139764941,0.009297232902247113,-0.013305478750088957,0.012395042777005013,-0.0031358837791793056
26,5,-0.002174681310593145,-0.002991105798045688,0.01086609230444337,-0.016992164318612314,0.009346295654624673,-0.0042102139435411
26,Aggregated,-0.0066538738829249565,0.014567882102861144,0.0030104892919873105,-0.01534034140724734,0.008105194110628725,-0.006345658194957679
26,Centralized,-0.0066538738829249565,0.014567882102861144,0.0030104892919873105,-0.01534034140724734,0.008105194110628725,-0.006345658194957679
27,0,-0.007727718263985745,0.06732117105358065,-0.014819544067587528,-0.009225894169815266,-0.011907153980380395,-0.009315652830107182
27,1,0.003182435241163855,-0.01565447209861499,0.004161920358268587,0.0004637936910880103,-0.0002339762844724776,0.00797947568364849
27,2,-0.003848857605061932,0.006132328665246048,0.002512163390854695,0.0052194412962805374,-0.0034150122786434146,0.012115167532841673
27,3,-0.0018091327252772874,0.004266008385056586,0.0008959310722722473,0.008740454237481404,0.002451716550612615,0.0005823655305720876
27,4,-0.0015338382888983287,2.0986433053413345e-05,0.0023757650451261027,0.005272878519642135,-0.0010760837399654702,0.007286768035454775
27,5,-0.002032155054175133,-0.0036604768888190637,0.00639724148180801,0.0026346189838472064,-0.005632689814685889,0.005160234124793604
27,Aggregated,-0.002833600064410291,0.0130512356300822,-0.0004891631778230265,0.001433684978372804,-0.003965285952336806,0.0032623339292139836
27,Centralized,-0.002833600064410291,0.0130512356300822,-0.0004891631778230265,0.001433684978372804,-0.003965285952336806,0.0032623339292139836
28,0,-0.010895589246983526,0.038371488068447805,-0.005823028768150022,-0.015377782743497093,-0.014999812675644379,-0.017768210359489438
28,1,0.005275596597890486,-0.023515199571871107,0.013454152263346451,-0.009098629229170848,-0.0026383158602778936,0.0042833378419092055
28,2,-0.00038183165367357334,-0.020841717122383238,0.009469850308662622,-0.005600127822687682,-0.0011944891383586138,-0.005416327444797199
28,3,0.003037437551531922,-0.026221767638458664,0.01313101422047078,-0.007292177438977442,0.00030332131138785463,-0.00435795199564203
28,4,-0.0019085527533709349,-0.021218271888083975,0.016906969204254,-0.011964238710378291,0.0003783644547211122,0.002742299588994748
28,5,0.001166528705499745,-0.023807391172312814,0.014706438234346007,-0.0025235873926498145,0.0017684433141931404,-0.0004522250277591159
28,Aggregated,-0.0010832464878293502,-0.009985840671743055,0.009657030464277804,-0.009111439480843687,-0.003292430146642369,-0.004162954534333386
28,Centralized,-0.0010832464878293502,-0.009985840671743055,0.009657030464277804,-0.009111439480843687,-0.003292430146642369,-0.004162954534333386
29,0,-0.0187769655122597,0.09640252119900593,-0.014606014825510558,-0.009438084713620011,-0.012784888399503046,-0.009922571685817524
29,1,0.00432808969158337,-0.006121688193438741,-0.002987950717527844,0.01051994082329368,0.0012864140397146732,0.005198521158467681
29,2,-0.0054477043946714945,0.0077875591592907675,0.005728512582107776,-0.0010385985465309003,0.007915724799122855,0.005772398891139475
29,3,-0.003591617092033466,0.007405164163365578,0.006038208845122249,0.006059448632587412,0.005945159714830778,0.0028923823917173684
29,4,-0.013043545486929322,-0.000768206012816804,0.012714041363422381,0.0012062714063086658,0.007121206172524255,0.00471456577050895
29,5,-0.013025712094744695,0.005856698233806508,0.0027026902244165363,-0.0008920564200178505,0.00855967719463005,0.009156509943279564
29,Aggregated,-0.008875682492196649,0.02266373106846335,0.0008139415041637177,0.0003315639909037697,0.002178826987935743,0.002187640419408824
29,Centralized,-0.008875682492196649,0.02266373106846335,0.0008139415041637177,0.0003315639909037697,0.002178826987935743,0.002187640419408824
