,BeforeLocalTraining,AfterLocalTraining,BeforeLocalPartialEvaluations,AfterLocalPartialEvaluations,BeforeEvaluation,AfterEvaluation
1,1786790089.6419394,1786790089.6680038,1786790090.83052,1786790091.5499532,1786790091.584721,1786790091.5898936
2,1786790091.713397,1786790091.7511556,1786790092.8579051,1786790093.1365817,1786790093.1627982,1786790093.1677213
3,1786790093.220339,1786790093.2451038,1786790094.2780178,1786790094.550742,1786790094.5772936,1786790094.582677
4,1786790094.635089,1786790094.6604507,1786790095.8140342,1786790096.1035097,1786790096.1299734,1786790096.1348388
5,1786790096.289609,1786790096.3226056,1786790097.4319134,1786790097.7059577,1786790097.7338636,1786790097.7387893
6,1786790097.791832,1786790097.8159308,1786790098.8347821,1786790099.1018834,1786790099.1284142,1786790099.1332772
7,1786790099.1929584,1786790099.2166953,1786790100.3164287,1786790100.5880797,1786790100.6151223,1786790100.619819
8,1786790100.6734872,1786790100.697133,1786790101.7917843,1786790102.0559278,1786790102.082472,1786790102.087306
9,1786790102.1456535,1786790102.1693225,1786790103.1844938,1786790103.448359,1786790103.4745939,1786790103.479685
10,1786790103.5373654,1786790103.5606966,1786790104.6573339,1786790104.9294128,1786790104.956776,1786790104.9616146
11,1786790105.0149162,1786790105.0392811,1786790106.3481266,1786790106.665664,1786790106.692022,1786790106.6965985
12,1786790106.7491379,1786790106.777367,1786790107.8893847,1786790108.1553159,1786790108.1822345,1786790108.1875427
13,1786790108.249597,1786790108.2732453,1786790109.37629,1786790109.6464858,1786790109.6735003,1786790109.678645
14,1786790109.736369,1786790109.761159,1786790110.8778913,1786790111.1545424,1786790111.1813831,1786790111.1860924
15,1786790111.238527,1786790111.2630928,1786790112.3561032,1786790112.6203191,1786790112.64663,1786790112.6517313
16,1786790112.7115033,1786790112.7349427,1786790113.7563384,1786790114.019773,1786790114.046716,1786790114.0514324
17,1786790114.1129339,1786790114.1363626,1786790115.232863,1786790115.4948044,1786790115.5217633,1786790115.526738
18,1786790115.5836124,1786790115.6082206,1786790116.70881,1786790116.9730017,1786790116.9993286,1786790117.0045388
19,1786790117.0648062,1786790117.0880783,1786790118.1055357,1786790118.3773506,1786790118.4066694,1786790118.4117227
20,1786790118.4638543,1786790118.4881506,1786790119.5706105,1786790119.8382108,1786790119.864822,1786790119.8696609
21,1786790119.9212432,1786790119.946656,1786790121.284486,1786790121.6329105,1786790121.6591635,1786790121.664626
22,1786790121.7210648,1786790121.7488582,1786790122.7816317,1786790123.0617814,1786790123.0890124,1786790123.0939455
23,1786790123.1536012,1786790123.177171,1786790124.2928307,1786790124.562786,1786790124.5900414,1786790124.5952835
24,1786790124.6635711,1786790124.6874487,1786790125.8502388,1786790126.1300664,1786790126.1566536,1786790126.161616
25,1786790126.2256026,1786790126.2500575,1786790127.3459432,1786790127.6168153,1786790127.6439445,1786790127.648729
26,1786790127.7036786,1786790127.7281618,1786790128.8162227,1786790129.0799286,1786790129.1069276,1786790129.1117985
27,1786790129.167837,1786790129.1922257,1786790130.2114224,1786790130.4757912,1786790130.5022807,1786790130.5076752
28,1786790130.5596285,1786790130.5846736,1786790131.6744766,1786790131.9428668,1786790131.9695368,1786790131.9744635
29,1786790132.0270343,1786790132.0503826,1786790133.0799952,1786790133.3511612,1786790133.378825,1786790133.3834755
30,1786790133.4355235,1786790133.458615,1786790134.5557,1786790134.8203003,1786790134.846965,1786790134.852299
31,1786790134.910963,1786790134.937389,1786790136.2401383,1786790136.5370195,1786790136.5642009,1786790136.5692902
32,1786790136.669251,1786790136.6953545,1786790137.7298982,1786790138.069937,1786790138.0970645,1786790138.101728
33,1786790138.1556168,1786790138.180555,1786790139.2805068,1786790139.5523562,1786790139.5813413,1786790139.5873146
34,1786790139.6434755,1786790139.6757073,1786790140.797089,1786790141.0768523,1786790141.1036878,1786790141.1083868
35,1786790141.1651213,1786790141.1895375,1786790142.2755985,1786790142.5381553,1786790142.5651743,1786790142.5698576
36,1786790142.6255524,1786790142.651053,,,,
