,BeforeLocalTraining,AfterLocalTraining,BeforeLocalPartialEvaluations,AfterLocalPartialEvaluations,BeforeEvaluation,AfterEvaluation
1,1786789790.8966656,1786789790.9407756,1786789792.0822022,1786789792.4971762,1786789792.5244212,1786789792.5314178
2,1786789792.6158855,1786789792.669438,1786789793.9721131,1786789794.372052,1786789794.399238,1786789794.406039
3,1786789794.4699497,1786789794.5091205,1786789795.685554,1786789796.0758343,1786789796.1020114,1786789796.1083894
4,1786789796.1722355,1786789796.210571,1786789797.310753,1786789797.7005632,1786789797.726566,1786789797.7330792
5,1786789797.796235,1786789797.8352559,1786789799.0024948,1786789799.3974018,1786789799.4232912,1786789799.4297225
6,1786789799.4931781,1786789799.5319881,1786789800.6305563,1786789801.0265436,1786789801.052487,1786789801.0589592
7,1786789801.1245427,1786789801.163716,1786789802.3409534,1786789802.7397184,1786789802.7672117,1786789802.7739334
8,1786789802.8373024,1786789802.878636,1786789804.4579737,1786789804.858866,1786789804.8855977,1786789804.8927562
9,1786789804.9592347,1786789804.9997535,1786789806.1050131,1786789806.510776,1786789806.537286,1786789806.5440087
10,1786789806.6094434,1786789806.6522906,1786789807.854282,1786789808.362033,1786789808.3881974,1786789808.394939
11,1786789808.4467747,1786789808.5015612,1786789809.7179606,1786789810.1136475,1786789810.1398764,1786789810.1464107
12,1786789810.2061381,1786789810.2444499,1786789811.344616,1786789811.7471006,1786789811.7733438,1786789811.779903
13,1786789811.8310487,1786789811.8710444,1786789813.037391,1786789813.4337928,1786789813.460596,1786789813.4671898
14,1786789813.5212173,1786789813.5609643,1786789814.658507,1786789815.052442,1786789815.079031,1786789815.0855038
15,1786789815.1505992,1786789815.190573,,,,
