,BeforeEvaluation,BeforeSV,AfterSV,BeforeGradientRewards,AfterGradientRewards,AfterEvaluation
0,1786789789.5621052,,,,,
1,1786789792.0607655,1786789791.0203395,1786789792.0188434,1786789792.0193179,1786789792.0602183,1786789792.0778425
2,1786789793.9502325,1786789792.7018178,1786789793.9106736,1786789793.9109242,1786789793.9498198,1786789793.967712
3,1786789795.6641734,1786789794.5494928,1786789795.6254687,1786789795.6256742,1786789795.663798,1786789795.681475
4,1786789797.2895846,1786789796.251349,1786789797.250914,1786789797.251139,1786789797.289188,1786789797.3062036
5,1786789798.9820735,1786789797.8798697,1786789798.942491,1786789798.9427109,1786789798.9816656,1786789798.9989219
6,1786789800.610262,1786789799.574298,1786789800.571616,1786789800.5718255,1786789800.6098883,1786789800.6271698
7,1786789802.3197827,1786789801.2015853,1786789802.280437,1786789802.280666,1786789802.3193758,1786789802.3367379
8,1786789804.4374623,1786789802.9207516,1786789804.3973513,1786789804.397593,1786789804.4370666,1786789804.4543865
9,1786789806.0831387,1786789805.0444295,1786789806.0428035,1786789806.0430365,1786789806.0826719,1786789806.1004958
10,1786789807.8259864,1786789806.6873293,1786789807.777622,1786789807.7778754,1786789807.8253229,1786789807.8501744
