,Global,0,1,2,3,4,5
0,0.0002955016680061817,0.0,0.000688828993588686,0.0006875737453810871,0.0006882500601932406,0.0006891128141433001,0.0006848530028946698
1,0.0002959796111099422,0.000688828993588686,0.0,0.0006882399320602417,0.0006889162468723953,0.0006897789426147938,0.0006855191895738244
2,0.0002950790512841195,0.0006875737453810871,0.0006882399320602417,0.0,0.0006876609986647964,0.0006885237526148558,0.0006842639413662255
3,0.0002955642994493246,0.0006882500601932406,0.0006889162468723953,0.0006876609986647964,0.0,0.0006892000674270093,0.0006849402561783791
4,0.0002961832215078175,0.0006891128141433001,0.0006897789426147938,0.0006885237526148558,0.0006892000674270093,0.0,0.0006858030101284385
5,0.0002920682600233704,0.0006848530028946698,0.0006855191895738244,0.0006842639413662255,0.0006849402561783791,0.0006858030101284385,0.0
