,Global,0,1,2,3,4,5
0,17.245824813842773,0.0,16.969463348388672,16.86016845703125,18.065383911132812,17.577526092529297,20.452701568603516
1,17.57819175720215,16.969463348388672,0.0,17.259180068969727,18.30873680114746,17.350669860839844,21.112478256225586
2,17.069385528564453,16.86016845703125,17.259180068969727,0.0,17.155933380126953,17.306011199951172,20.532615661621094
3,17.629486083984375,18.065383911132812,18.30873680114746,17.155933380126953,0.0,18.644668579101562,21.148412704467773
4,17.701927185058594,17.577526092529297,17.350669860839844,17.306011199951172,18.644668579101562,0.0,21.380409240722656
5,13.544218063354492,20.452701568603516,21.112478256225586,20.532615661621094,21.148412704467773,21.380409240722656,0.0
