Round,Evaluator,0,4,2,3,1
0,0,,,,,
0,1,,,,,
0,2,,,,,
0,3,,,,,
0,4,,,,,
0,Aggregated,,,,,
0,Centralized,,,,,
1,0,0.16703339978832815,0.16937778434123396,0.16865477860641398,0.1662580915109896,0.16855632676167268
1,1,0.1672229195894561,0.1688627581284303,0.16836742228457524,0.16646607103300598,0.16859201555539147
1,2,0.16705370548130632,0.16900428265524636,0.16841664820694577,0.16674912008663764,0.16836126904427873
1,3,0.16620271234832273,0.1686209357847841,0.1680886804991509,0.16547662999335444,0.16787331708877895
1,4,0.06749598255280077,0.16681779920416268,0.070666896235078,0.06543225818793998,0.07084624655647383
1,Aggregated,0.14269197999888253,0.16844353502057843,0.1446014209359929,0.14170496023986442,0.14461771607352375
1,Centralized,0.14269197999888253,0.16844353502057843,0.1446014209359929,0.14170496023986442,0.14461771607352375
2,0,0.0033547466095645794,0.0012257254670309378,0.0007027000418420341,0.0015918432646631563,0.0015056979005144077
2,1,0.0029363262694134602,0.0016472224273302379,0.00023197715917202915,0.001619532845996713,0.0008380713283615264
2,2,0.0028409510448202243,0.001188806025252892,-6.645499520049521e-05,0.002071796007777695,0.0010165152969553763
2,3,0.003042777326540169,0.001230648059267997,0.00036611779763221685,0.001559846415122207,0.001516773733047814
2,4,-0.029546889348025733,0.132798630241812,-0.03142887205387208,-0.029403409090909112,-0.03177322467095194
2,Aggregated,-0.004887726502411695,0.033319715254111024,-0.007415218727303191,-0.005861360969886588,-0.00680997076186753
2,Centralized,-0.004887726502411695,0.033319715254111024,-0.007415218727303191,-0.005861360969886588,-0.00680997076186753
3,0,0.0006651652760343943,-0.003691328853774397,-0.0020576435550960968,0.002711117674567424,0.0014497034138177174
3,1,0.0008571463732801931,-0.0036747151049742873,-0.0017026015899972934,0.002684658741293178,0.001577075487951964
3,2,0.0007156218464643594,-0.003290137586453016,-0.0010472814984371101,0.0021739397966969425,0.0013370991163946873
3,3,0.0013327918481872462,-0.0036328730709591695,-0.0018515100051687329,0.002772650077530825,0.001637377242856077
3,4,-0.027404250841750837,0.1577115855524947,-0.03112756351392714,-0.051432411233547595,-0.044791666666666674
3,Aggregated,-0.0059938171592453845,0.03567866919939663,-0.00883499078160792,-0.010560529452297133,-0.00976555952846529
3,Centralized,-0.0059938171592453845,0.03567866919939663,-0.00883499078160792,-0.010560529452297133,-0.00976555952846529
4,0,0.0017721332053459197,-0.0016921410814935292,0.0014367816091954088,-0.0015136971128996571,0.0028766398385389786
4,1,0.0015395407221442928,-0.0016016884491373395,0.0014903147997735622,-0.0016509143715080703,0.002880947106746401
4,2,0.0012331093553865468,-0.0010958920967781911,0.0011008146890152412,-0.0013512515690762912,0.0024022250116911576
4,3,0.0013709419380245613,-0.0016195328459966962,0.0015309261857294014,-0.0017825937138497099,0.002641586059218798
4,4,-0.03205540250994799,0.12071041857973683,-0.02673706764615856,-0.02560357361493725,-0.030862125038261377
4,Aggregated,-0.006682170326088954,0.028240055310352563,-0.005455379257686629,-0.007422435145352629,-0.005467600610834859
4,Centralized,-0.006682170326088954,0.028240055310352563,-0.005455379257686629,-0.007422435145352629,-0.005467600610834859
5,0,0.0012860272219350785,-0.0009076029437101525,-0.0009168328041546455,0.0009568288660808962,9.84518447414262e-05
5,1,0.0012324940313568956,-0.000844224568657879,-0.0009426764133992756,0.0008817593344655446,-3.19968495409569e-05
5,2,0.0009648280784661234,-0.0007826921656944689,-0.00041349774791402116,0.0007433114277978955,-0.0002904329419872546
5,3,0.0012632602328386015,-0.0006411676388786388,-0.0011611164439193412,0.0008571463732801728,8.799133623767127e-05
5,4,-0.026200929752066112,0.16552934649525558,-0.02120781680440774,-0.02758551423324147,-0.02456286348331803
5,Aggregated,-0.005478541631748513,0.039683432035309225,-0.005810846043540619,-0.006062838706072968,-0.006003477847924491
5,Centralized,-0.005478541631748513,0.039683432035309225,-0.005810846043540619,-0.006062838706072968,-0.006003477847924491
6,0,4.430333013367519e-05,0.00018275123680130956,0.00041965098821038677,0.0005211794531000125,0.000788845405990779
6,1,0.0002621280366240967,0.0002836643776612561,0.00038826946269907383,0.0005359472298112012,0.000634399074552644
6,2,0.000248590907972146,0.00012244948189716888,0.0003747323340470954,0.0005624061630854881,0.000833148736124456
6,3,0.00021782470649044742,0.00021167146619407255,0.000260897388564831,0.0007531566122720083,0.0005870191242708582
6,4,-0.05475924012855833,0.12732916284052648,-0.0367429025099479,-0.05288921411080498,-0.04647086394245487
6,Aggregated,-0.013180321991917621,0.031138960277110442,-0.008668896772631631,-0.012422598096727923,-0.0107715514833231
6,Centralized,-0.013180321991917621,0.031138960277110442,-0.008668896772631631,-0.012422598096727923,-0.0107715514833231
7,0,0.0015124664648403785,-6.27630510227073e-05,-0.001554923822885144,-0.00045349380984027743,0.0011494252873562965
7,1,0.0016096876615225649,-9.168328041546103e-05,-0.0014669324866474597,-0.0007377735115311405,0.0011297349184080448
7,2,0.0011641930640675147,0.0002935095621354152,-0.0009494449777252685,-0.0006325531024637528,0.0007888454059908031
7,3,0.0013789411504097977,-0.000128602722193516,-0.0013500209210170033,-0.00048241403923306815,0.0013204853675945556
7,4,-0.016696797520661177,0.1760832759412305,-0.012571740128558308,-0.018712695133149666,-0.017564853076216722
7,Aggregated,-0.0029917872506843783,0.042854582192673706,-0.004066102389332723,-0.004990269475017241,-0.003444559286366104
7,Centralized,-0.0029917872506843783,0.042854582192673706,-0.004066102389332723,-0.004990269475017241,-0.003444559286366104
8,0,0.00035504196509881234,-0.0015524625267665923,0.0005304093135445017,-0.00034335080853577135,0.0006411676388786665
8,1,0.0003956533510546441,-0.0015056979005144133,0.0004571857540180598,-0.0003119692830244325,0.0006694725442418133
8,2,0.00028612567377979127,-0.0009629821063772211,0.00016613748800119825,-0.0003507346968913768,0.0007506953161534712
8,3,0.0004424179773068452,-0.001446626793669518,0.0004085751556769823,-0.00018828915306802197,0.0006362450466416037
8,4,-0.04441096571778391,0.15061696510560144,-0.03860958065503523,-0.03923850244872975,-0.03906154346495254
8,Aggregated,-0.010528288358753728,0.035620705067322206,-0.009100717917202093,-0.009775220217144352,-0.008995963461645884
8,Centralized,-0.010528288358753728,0.035620705067322206,-0.009100717917202093,-0.009775220217144352,-0.008995963461645884
9,0,0.0006811637008048543,-0.001155578527652651,9.045263235618791e-05,0.0004811833911737858,8.737601220801436e-05
9,1,0.0006670112481232708,-0.0012281867631494582,2.707425730388291e-05,0.0005254867213074444,0.00019321174530505155
9,2,0.000484260011321952,-0.001629378030470822,0.0002504368800610668,0.0004781067710256326,0.00026889660095006187
9,3,0.0003765783061360014,-0.001146348667208134,0.0002227472987275177,0.0003950380270250242,-3.2612173570600864e-05
9,4,-0.03790270125497398,0.15775654269972442,-0.02984628481787572,-0.03982294536271808,-0.03236436333027242
9,Aggregated,-0.008806357897089216,0.03741654561707359,-0.007151819468499173,-0.009335949866845461,-0.007778600294243639
9,Centralized,-0.008806357897089216,0.03741654561707359,-0.007151819468499173,-0.009335949866845461,-0.007778600294243639
10,0,0.0004811833911737765,-0.0003741170100174644,0.0006811637008048451,-0.00036181052942478863,0.0004596470501366171
10,1,0.0004633389943143884,-0.0005796352359152268,0.0005956336606857404,-0.00026889660095006745,0.0003802702503138226
10,2,0.0004817987152034168,-0.0006042481971006098,0.0008017672106130968,-0.00032427576361711193,0.0005679440793521655
10,3,0.00048056806714413445,-0.00029166359004653144,0.0007236210588495958,-0.0003347362721208965,0.0003451967806246551
10,4,-0.028203435873890455,0.13018681129476586,-0.026988636363636354,-0.038538797061524376,-0.026957548974594445
10,Aggregated,-0.006503040207087934,0.03133310520140794,-0.006038046818257988,-0.009622977075069351,-0.00622893271504927
10,Centralized,-0.006503040207087934,0.03133310520140794,-0.006038046818257988,-0.009622977075069351,-0.00622893271504927
11,0,-0.0008928351669989491,0.000971596642792109,0.0005347165817519447,0.0007685397130128761,-0.0014927760958921177
11,1,-0.0009525215978734588,0.0007734623052499371,0.0005734819956189056,0.0007580792045091156,-0.0012632602328386366
11,2,-0.0008762214181988064,0.0008466858647763698,0.0005513303305520967,0.0008836053065544154,-0.0012946417583499384
11,3,-0.0008331487361244301,0.0008436092446282166,0.0005728666715892487,0.0010220532132220886,-0.0013100248590907952
11,4,-0.040117558157330896,0.10608643250688704,-0.028957185491276426,-0.026821720997857335,-0.013461317722681347
11,Aggregated,-0.010435638862506282,0.026467609922342008,-0.006624904557051616,-0.0058782380766150945,-0.004290044136543928
11,Centralized,-0.010435638862506282,0.026467609922342008,-0.006624904557051616,-0.0058782380766150945,-0.004290044136543928
12,0,0.0008417632725393143,0.0007617711486868942,0.0007710010091314335,-0.001810283295183259,-0.0006380910187304375
12,1,0.0007488493440645783,0.0007334662433237197,0.0006965468015456833,-0.0017555194565458214,-0.0006448595830564341
12,2,0.00044734056954392104,0.0004165743680622225,0.0002658199808019124,-0.0012755667134313105,-0.00044487927342540257
12,3,0.0007150065224347061,0.0007057766619902225,0.0005519456545817111,-0.0018755076423244237,-0.0007248517069088448
12,4,-0.03104434496479947,0.09704765457606372,-0.031020431588613413,-0.03024324686256501,-0.0015543694520967191
12,Aggregated,-0.00703437808443674,0.024113195336797198,-0.0071170177104866224,-0.008630719593273389,-0.0008422258226716421
12,Centralized,-0.00703437808443674,0.024113195336797198,-0.0071170177104866224,-0.008630719593273389,-0.0008422258226716421
13,0,0.0009303699328066276,-0.0017432129759531326,0.0010811243200669655,-0.0009125255359472433,0.0021210219301484256
13,1,0.0008011518865834788,-0.0012786433335794693,0.0012995643505870126,-0.0011278889463191407,0.0020410298062960076
13,2,0.0007082379581087298,-0.0014915454478328298,0.0012004971818159534,-0.0007254670309384833,0.0020434911024145184
13,3,0.000896527111176737,-0.001257106992542284,0.0011057372812522984,-0.0010386669620222112,0.0016964483497009372
13,4,-0.02114229415365782,0.07753625267829817,-0.020494241659014405,-0.02328254132231407,-0.008571032292623208
13,Aggregated,-0.004514218671434176,0.017778111440117702,-0.004101020541184778,-0.00638583161070449,-0.0005911643108553411
13,Centralized,-0.004514218671434176,0.017778111440117702,-0.004101020541184778,-0.00638583161070449,-0.0005911643108553411
14,0,0.0006116320854561911,-0.0012558763444830126,-0.0009389844692215062,0.0012792586576090947,0.0007470033719756704
14,1,0.0004725688547589461,-0.0015456939624406048,-0.0009919023357700212,0.0013740185581727442,0.0010602033030594298
14,2,0.0003765783061360162,-0.0013955548992099368,-0.0008940658150581926,0.0013272539319205542,0.001102660661104162
14,3,0.00042518890447710845,-0.0012084963942011824,-0.0007716163331610274,0.0013235619877427422,0.0008220729035910164
14,4,-0.018945133149678592,0.06761889730639735,-0.017976641414141434,-0.010826541934496454,-0.011577421946740106
14,Aggregated,-0.0042538456524573165,0.01543359033093095,-0.005055217237462069,-0.00163149244836767,-0.002111617036333474
14,Centralized,-0.0042538456524573165,0.01543359033093095,-0.005055217237462069,-0.00163149244836767,-0.002111617036333474
15,0,-0.0009968249280070784,0.0006276305102267011,0.0010275911294887919,0.0005199488050407467,0.0002984321543724818
15,1,-0.0011808068128676538,0.0004282655246252487,0.001323561987742746,0.0008651455856654038,0.00018828915306800715
15,2,-0.0011488099633266968,0.0005125649166851098,0.001146348667208169,0.0007956139703167534,0.00031873784735041616
15,3,-0.0011100445494597673,0.0006743951364788707,0.0011605011198897472,0.0007143911984050621,0.00018521253291983915
15,4,-0.009544784970921321,0.084970443067034,-0.008896732476277945,-0.007328014998469534,-0.010044574533210884
15,Aggregated,-0.0031620714378829463,0.02110313425331023,-0.0012840568374397029,-0.0012357533940443829,-0.002257109335717078
15,Centralized,-0.0031620714378829463,0.02110313425331023,-0.0012840568374397029,-0.0012357533940443829,-0.002257109335717078
16,0,0.0009488296536956375,0.0016564522877747419,-0.0004325727928327268,0.0008996037313249161,-0.0018539713012872827
16,1,0.0013604814295207805,0.0019942651800438026,-0.000436264737010487,0.00042826552462526537,-0.001980728051391856
16,2,0.0010965074208077945,0.0017456742720716753,-2.338231312608574e-05,0.0005519456545817129,-0.0018939673632134538
16,3,0.001063279923207594,0.001577075487951977,-0.0005488690344335098,0.0007156218464643519,-0.0018841221787393447
16,4,-0.02042537113559845,0.05013104530149984,-0.022228439700030612,-0.02278562136516682,-0.023574762779308256
16,Aggregated,-0.004125463247481224,0.013519260852561601,-0.005682230850885519,-0.0050542860867459705,-0.00717730971935119
16,Centralized,-0.004125463247481224,0.013519260852561601,-0.005682230850885519,-0.0050542860867459705,-0.00717730971935119
17,0,0.0013678653178763934,0.00011260429742303383,-0.0017364444116271748,0.0005987102808339103,-0.0007119299022865455
17,1,0.001404784759654428,8.799133623764351e-05,-0.001604149745255871,0.0006848556449826478,-0.0004996431120627939
17,2,0.0013777105023505523,0.00028243372960199596,-0.0017789017696719016,0.0007039306899012832,-0.0008805286864062585
17,3,0.00136171207758005,0.0001987496615717954,-0.001450318737847354,0.0003310443279431012,-0.00044118732924759246
17,4,-0.0024802953780226327,0.06590478650137739,-0.010780628252219149,-0.008417986685032127,-0.010594103917967536
17,Aggregated,0.00043903756261985395,0.016167919064379744,-0.0038663705607389614,-0.001610075981898438,-0.0030574333761662982
17,Centralized,0.00043903756261985395,0.016167919064379744,-0.0038663705607389614,-0.001610075981898438,-0.0030574333761662982
18,0,-0.002311772379334968,0.002416992788402389,0.002020108789288444,-0.00029658618228358135,0.0016786039528415768
18,1,-0.002749267764404715,0.0024133008442245862,0.001985650643628952,-0.0008632996135764978,0.001761057372812495
18,2,-0.003293214206601201,0.0022477786802529947,0.002395456447365187,-0.000696546801545687,0.0018570479214354433
18,3,-0.002426222648846893,0.0030317014940067556,0.001721061310886309,-0.0003556572891284656,0.0014995446602180718
18,4,-0.011383245332108985,0.0527548209366391,-0.012038471839608203,-0.015692435720844795,-0.007557105142332414
18,Aggregated,-0.004809509842263064,0.014751056856062721,-0.0013933506527366395,-0.004237434121086829,-0.0005535691006946138
18,Centralized,-0.004809509842263064,0.014751056856062721,-0.0013933506527366395,-0.004237434121086829,-0.0005535691006946138
19,0,-0.0009008343793841651,-0.0014300130448694067,-0.0005962489847153622,-0.0005039503802702479,-0.00011321962145265004
19,1,-0.0007931526741982331,-0.0009992862241256302,-0.0009992862241256302,-0.0001562923035270373,-0.00015321568337886375
19,2,-0.0006688572202121564,-0.0011580398237711971,-0.0007642324448054628,-0.00025351350020918855,3.876541386693873e-05
19,3,-0.0008626842895468463,-0.0013580201334022434,-0.0007580792045090841,-7.506953161536822e-05,-0.00030581604272809834
19,4,-0.014376243495561693,0.0432454277624732,-0.008866601622283444,-0.013948194061830425,-0.01208055938169575
19,Aggregated,-0.004108818928431751,0.009588990073933362,-0.0027475929753989843,-0.0035815548354656817,-0.003040905450956299
19,Centralized,-0.004108818928431751,0.009588990073933362,-0.0027475929753989843,-0.0035815548354656817,-0.003040905450956299
20,0,0.0004473405695439229,0.0026809667971153545,-0.0021739397966969516,-0.00024182234364616788,0.0003950380270249909
20,1,0.0005008737601220559,0.00298678283984347,-0.0021511728076004893,-0.00021905535454972425,0.0002855103497501658
20,2,0.00042026631224004185,0.0017555194565457937,-0.001290334490142514,-0.0003519653449506703,0.0006110167614265805
20,3,0.0004571857540180468,0.0027492677644047297,-0.002016416845110645,-0.000511949592655514,0.0005033350562405855
20,4,-0.011050849403122112,0.0426825068870524,-0.009606481481481462,-0.009654308233853706,-0.009989095500459129
20,Aggregated,-0.0023440555338286742,0.012311674767677883,-0.003781519451738441,-0.0026001219807437804,-0.002091480902098815
20,Centralized,-0.0023440555338286742,0.012311674767677883,-0.003781519451738441,-0.0026001219807437804,-0.002091480902098815
21,0,0.0003593492333062572,-0.000637475694700838,0.00031012331093554504,0.00022397794678679638,-0.0007359275394422808
21,1,0.000539639173989002,-0.0007833074897241018,0.00040119126732135837,0.0004227276083585733,-0.0008017672106131062
21,2,0.0005119495926554826,-0.0004633389943143977,0.0003242757636170897,0.0001642915159122682,-0.000758694528538717
21,3,0.0005482537104039083,-0.0008792980383469761,0.00024366831573507757,0.00020982549410519618,-0.0008608383174579719
21,4,-0.0069473140495867666,0.031259087082950714,-0.009338651668197135,-0.004567933119069497,-0.008539944903581256
21,Aggregated,-0.0013201389276868444,0.007084660223103721,-0.002030723317876221,-0.000918580181388177,-0.0026755451887442642
21,Centralized,-0.0013201389276868444,0.007084660223103721,-0.002030723317876221,-0.000918580181388177,-0.0026755451887442642
22,0,0.0009032956755027429,0.0023493071451426224,0.00201395554899213,-0.0020717960077776933,0.0024539122301804124
22,1,0.0008799133623766313,0.0022582391887568036,0.00190442787171727,-0.002052105638829403,0.0023628442737945845
22,2,0.0007051613379605804,0.0021419429471559765,0.001828127692042634,-0.0020422604543552715,0.002388072559009556
22,3,0.0007568485564498277,0.002750498412464009,0.0021844003052007123,-0.0024089935760171375,0.00262435698638905
22,4,-0.00566460055096417,0.03603793617998163,-0.00924443296602388,-0.005346552647689023,-0.009010081879400063
22,Aggregated,-0.0007647075255600914,0.010567396688828046,-0.0007495763264242061,-0.0029232312792148367,-0.0003334683501871808
22,Centralized,-0.0007647075255600914,0.010567396688828046,-0.0007495763264242061,-0.0029232312792148367,-0.0003334683501871808
23,0,-0.0005476383863742829,0.0010429742302296152,0.0012121883383789667,-0.0016490683994191402,0.00016306086785300433
23,1,-0.0005174875089221839,0.000986979743532947,0.0012208028747938786,-0.0018035147308572603,0.00015013906323070128
23,2,-0.00014583179502325645,0.0009740579389106237,0.0012201875507642308,-0.0017579807526643695,-0.0001058357330970372
23,3,-0.0007186984666125144,0.0008811440104358951,0.0011426567230303517,-0.0011863447291343679,0.00036119520539515577
23,4,-0.00759967095194369,0.02747407790021427,-0.006069214876033065,-0.004292451025405574,-0.01261191460055096
23,Aggregated,-0.0022145091904575624,0.007421154813118066,-0.0005698642382256202,-0.002254665065087426,-0.0029617576400916296
23,Centralized,-0.0022145091904575624,0.007421154813118066,-0.0005698642382256202,-0.002254665065087426,-0.0029617576400916296
24,0,0.0011758842206306,0.0007359275394422715,0.00011445026951193427,0.00040365256343989723,-0.0015438479903517174
24,1,0.0014207831844249249,0.000436264737010524,2.0921017007537643e-05,0.0006454749070860577,-0.0014896994757439496
24,2,0.0013924782790617578,0.00047564547490710113,-6.89162913190174e-05,0.000617170001722909,-0.0014564719781437103
24,3,0.0013518668931058963,0.000727313003027404,-9.414457653399247e-05,0.0005827118560634041,-0.0016078416894336719
24,4,-0.007636497551270262,0.025093740434649528,-0.0033010024487297083,-0.0023683807774716827,-0.004958199418426669
24,Aggregated,-0.0008481619084865073,0.006556232191742558,-0.0008085880030541707,-0.00015096280984036963,-0.0023601178836806552
24,Centralized,-0.0008481619084865073,0.006556232191742558,-0.0008085880030541707,-0.00015096280984036963,-0.0023601178836806552
25,0,-0.004874596962760573,0.0018139752393610653,3.876541386695724e-05,0.00047872209505525805,0.0003648871495729659
25,1,-0.00467584730118881,0.0018312043121908187,0.0002252085948460621,0.0004744148268478058,4.061138595585212e-05
25,2,-0.004456176622609461,0.0016416845110635385,-1.0460508503784549e-05,0.00034642742868395043,0.0002633586846833476
25,3,-0.005351473085726936,0.001730906495360455,-0.00011198897339336951,0.00047256885475891277,8.491471608948845e-05
25,4,-0.011765381083562917,0.02512578435873888,-0.00423505892255894,-0.002812213039485754,-0.005940082644628094
25,Aggregated,-0.00652503864275472,0.007442222098068803,-0.0010038968657466803,-0.0003491815185205897,-0.0013030290332793329
25,Centralized,-0.00652503864275472,0.007442222098068803,-0.0010038968657466803,-0.0003491815185205897,-0.0013030290332793329
26,0,-0.0024126855201949495,0.0023253095079869093,0.001270028797164563,-0.0022711609933791232,0.0007562332324201892
26,1,-0.0025640552314848924,0.0023308474242536145,0.0013617120775800537,-0.0020194934652588018,0.0005217947771296434
26,2,-0.0026594304560781544,0.0021616333161042613,0.0013955548992099147,-0.001601073125107653,0.0008509931329838516
26,3,-0.0025455955105958754,0.0025831302764035445,0.0015647690073592809,-0.0023456152009648347,0.0012232641709124044
26,4,-0.007790021426385048,0.02133647076828896,-0.0038610537190082563,-0.007436103458830725,-0.005118897306397291
26,Aggregated,-0.0038217917202078475,0.00697082704806599,0.00011813974709945496,-0.0033678557461310856,-0.0006116496266085717
26,Centralized,-0.0038217917202078475,0.00697082704806599,0.00011813974709945496,-0.0033678557461310856,-0.0006116496266085717
27,0,0.000974673262940277,0.002879101134657517,0.00035934923330627753,-4.368800610399607e-05,-0.0005513303305520782
27,1,0.0009783652071180537,0.0026920426296487554,0.0002861256737798172,-0.00012306480592680358,-0.00039996061926212784
27,2,0.0008774520662580702,0.0021327130867114575,0.0007359275394422437,0.0003267370597356508,-0.0013038716187944387
27,3,0.0008011518865834843,0.0028901769671909163,0.0005427157941372015,2.2766989096443626e-05,-0.000786384109872268
27,4,-0.002992519895928982,0.022130873125191262,-0.002813169574533207,-0.004860154576063678,-0.00365970309152129
27,Aggregated,-4.1319813024942585e-05,0.007389844870290702,-0.00032066502784139914,-0.0011482252267352036,-0.0014659804085889146
27,Centralized,-4.1319813024942585e-05,0.007389844870290702,-0.00032066502784139914,-0.0011482252267352036,-0.0014659804085889146
28,0,0.0013229466637131185,0.00036919441778040705,-0.0005507150065224416,0.0005076423244480507,-0.0021290211425336546
28,1,0.0014127839720396533,0.00013290999040093307,-0.0005193334810110936,0.0003667331216618645,-0.0020207241133180973
28,2,0.0012927957862610491,0.0007266976789977712,-0.0006700878682714147,0.0010928154766299805,-0.002220704422949112
28,3,0.0014638558664993122,0.00014398582293435416,-0.00036980974181003806,0.0004024219153806556,-0.0017142927465603381
28,4,-0.0020732897153351694,0.017528504744413823,-0.004304407713498651,-0.003928967707376803,-0.004696587082950706
28,Aggregated,0.0005343641171760042,0.004525508873866309,-0.001446659031230781,-0.0005079427156079601,-0.0026722861612380523
28,Centralized,0.0005343641171760042,0.004525508873866309,-0.001446659031230781,-0.0005079427156079601,-0.0026722861612380523
29,0,-0.0016989096458195094,0.001066971867385356,-0.0007451573998867885,0.0012546456964237119,-0.0007266976789977841
29,1,-0.0015149277609589156,0.0009217553963917491,-0.00045657042998841396,0.0012971030544684976,-0.0008380713283614635
29,2,-0.0019382706933470902,0.001073740431711336,-0.0005784045878559778,0.0009506756257845417,-0.0006522434714120414
29,3,-0.0018133599153313973,0.0009248320165398875,-0.0006196312978414349,0.0012878731940239605,-0.0008503778089541928
29,4,-0.005802341597796116,0.014452288031833486,-0.0033846992653810784,-0.0007614018977655143,-0.003442091368227725
29,Aggregated,-0.0027296683241149347,0.004271421122222844,-0.0012776551762668288,0.0007208270480660065,-0.0014179097528726073
29,Centralized,-0.0027296683241149347,0.004271421122222844,-0.0012776551762668288,0.0007208270480660065,-0.0014179097528726073
30,0,0.0014687784587363694,0.0019671909227399215,0.0011395801028821595,-0.006413522360875231,0.002244086736075246
30,1,0.0012343400034458016,0.0016558369637450796,0.0011420413990006965,-0.0061095522902360365,0.0021880922493784853
30,2,0.0014601639223214688,0.0016447611312116694,0.0011371188067636428,-0.0056499052400994475,0.0018508946811391035
30,3,0.0011801914888380394,0.0021677865564005954,0.0011371188067636465,-0.006172930665288347,0.0022047059981786686
30,4,-0.0016198921028466391,0.014543158861340706,-0.0027796908478726788,-0.010066096571778399,-0.00039313590449956414
30,Aggregated,0.0006165381678678491,0.004945807028325607,0.00018529899249492,-0.0070549797940294605,0.0015098608860830236
30,Centralized,0.0006165381678678491,0.004945807028325607,0.00018529899249492,-0.0070549797940294605,0.0015098608860830236
31,0,0.0008780673902877345,-0.00041411307194367066,0.0007765389253981458,-0.001014054000836867,0.0008811440104359174
31,1,0.001003593492333064,-0.0005654827832336377,0.0007636171207757947,-0.0008700681779024685,0.0009605208102586989
31,2,0.0006873169411011681,2.276698909644733e-05,0.0004750301508774794,-0.0006633193039454514,0.0007334662433237253
31,3,0.0009125255359472247,-0.0003858081665805276,0.0006479362032045854,-0.000739619483620089,0.0007833074897240926
31,4,-0.0009598829201102055,0.011773989898989885,-0.001667718855218871,-0.004764501071319251,-0.0023157713498622814
31,Aggregated,0.00042495390803956405,0.0026114121831759705,9.788721902527775e-05,-0.0017812913198130202,7.169860513621673e-05
31,Centralized,0.00042495390803956405,0.0026114121831759705,9.788721902527775e-05,-0.0017812913198130202,7.169860513621673e-05
32,0,0.0015832287282483168,-0.0029086366880799537,0.0016293780304708276,-0.00160107312510769,0.001370941938024554
32,1,0.001414014620098945,-0.002434837185261727,0.0013001796746166527,-0.001391862955032112,0.0012601836126904613
32,2,0.0014583179502325758,-0.0023966870954244433,0.0013106401831204392,-0.0014429348494917412,0.0010706638115631699
32,3,0.0014515493859066086,-0.002661891752196712,0.001873046346205896,-0.0020096482807846483,0.001310024859090773
32,4,-0.0005691383532292537,0.010151228191000946,-0.002962867309458204,-0.0030752601775328793,-0.0017074150596877687
32,Aggregated,0.0009788721902527053,0.0005028213866696384,0.00043531295975564966,-0.001967637856863517,0.000532501815743891
32,Centralized,0.0009788721902527053,0.0005028213866696384,0.00043531295975564966,-0.001967637856863517,0.000532501815743891
33,0,0.00044918654163283257,0.00017229072829752685,-0.0003815008983730569,0.0005537916266706133,-0.0007568485564498332
33,1,0.00021290211425334753,0.00010522040906741174,-0.0004054985355288069,0.0004897979275886625,-0.0007346968913830262
33,2,0.00010152846488960902,0.00017844396859384621,-0.000504565704299879,0.0004399566811882934,-0.0006214772699303354
33,3,0.0002147480863423053,0.00041780501612150115,-0.0005790199118855847,0.000725467030938487,-0.0007051613379605433
33,4,-0.002135464493419033,0.012169517141108038,-0.002374598255280064,-0.0026328627180900103,-0.0037065733088460246
33,Aggregated,-0.0003346322885822243,0.003126920498351874,-0.0009317326852524288,-0.00022289420265563428,-0.0014351360411196483
33,Centralized,-0.0003346322885822243,0.003126920498351874,-0.0009317326852524288,-0.00022289420265563428,-0.0014351360411196483
34,0,6.64549952004508e-05,-0.000401191267321375,0.0012263407910605873,0.00033719756823945567,-0.0003427354845061329
34,1,-2.707425730389216e-05,-0.0003931920549361201,0.0012527997243348373,0.0005820965320337878,6.214772699303003e-05
34,2,-0.0003765783061360014,-0.0005211794530999829,0.0014724704029141981,0.0006848556449826552,6.953161534866507e-05
34,3,-7.630017967464505e-05,-0.0003747323340471102,0.0013450983287799478,0.0003790396022545698,-0.0003131999310837223
34,4,-0.002117768595041325,0.011288070094888296,-0.0019192875726966616,-0.0027921258034894684,-0.0014458027242118365
34,Aggregated,-0.000593608581484989,0.002427393522915633,0.0005348296925340409,-0.00030436989031042047,-0.0004510261280890826
34,Centralized,-0.000593608581484989,0.002427393522915633,0.0005348296925340409,-0.00030436989031042047,-0.0004510261280890826
35,0,0.000524871397277793,0.00046949223461076144,5.7225134755967136e-05,-0.0023148489994831547,0.0007463880479460301
35,1,0.0005580988948780507,0.00037657830613598654,0.00010583573309702795,-0.0025800536562554173,0.0005057963523591465
35,2,0.0004645696423736634,0.00033535159615050343,0.00012306480592683318,-0.002236702847719631,0.0005014890841516999
35,3,0.00025412882423884173,0.00031566122720222043,0.00017106008023823894,-0.002207167294297202,0.000727928327057024
35,4,-0.0015309343434343555,0.012774047291092723,-0.0032383494031221465,-0.003477483164983158,-0.004957721150902963
35,Aggregated,-3.1775518185387747e-05,0.0033919492709089836,-0.0007016220645473729,-0.002612808909250042,-0.0007371221855969261
35,Centralized,-3.1775518185387747e-05,0.0033919492709089836,-0.0007016220645473729,-0.002612808909250042,-0.0007371221855969261
36,0,0.00022582391887568016,0.00016121489576410944,-0.00110327598513378,0.00047195353072927807,0.00013352531443057517
36,1,0.0002067488739570263,0.00018521253291984842,-0.0009285239607177032,0.0006374756947008435,4.6764626252204786e-05
36,2,0.0004731841787885549,0.0002485909079721164,-0.0010682025154446402,0.0005839425041226735,2.0921017007541343e-05
36,3,0.0001390632306972654,7.445420758573166e-05,-0.0011592704718304777,0.0005359472298112012,0.00029904747840214243
36,4,-0.0030594773492500726,0.010508972298745044,-0.0023085973370064222,-0.0020694635751453915,-0.0011487985919804008
36,Aggregated,-0.0005469346518427602,0.0026841583328677384,-0.001367511220366154,-8.194126301284133e-05,-0.000184949810976411
36,Centralized,-0.0005469346518427602,0.0026841583328677384,-0.001367511220366154,-8.194126301284133e-05,-0.000184949810976411
37,0,0.0005316399616037619,-0.004403258756060955,0.0004977971399738989,-0.0026988111939747557,0.0004239582564178353
37,1,0.0006233232420192359,-0.004148514607792467,0.0005987102808338844,-0.002517905929262332,0.0005341012577223414
37,2,0.0005254867213074573,-0.0046401585074700175,0.0006085554653080417,-0.0022311649314528874,0.0005685594033818224
37,3,0.0005962489847153566,-0.004434024957542639,0.0005747126436781603,-0.002821875999901563,0.00047318417878855306
37,4,-0.0006667049280685752,0.0062896962044689435,-0.003290002295684121,-0.006664179675543326,-0.0005471380471380646
37,Aggregated,0.00026840419390282145,-0.001803406149319331,-0.0003694340465947743,-0.0035644449410581645,0.0002451254260014524
37,Centralized,0.00026840419390282145,-0.001803406149319331,-0.0003694340465947743,-0.0035644449410581645,0.0002451254260014524
38,0,0.001326638607890925,0.0018650471338206964,0.0008282261438873913,0.0016312240025597557,0.0006990080976642406
38,1,0.0011291195943784027,0.0014521647099362193,0.0005261020453370513,0.0015136971128996443,0.0006214772699303206
38,2,0.0011709616283935168,0.0016016884491373154,0.0005617908390558368,0.001281719953727617,0.0009586748381697634
38,3,0.0012731054173127773,0.0015623077112407588,0.0010423589062000286,0.0014577026262029779,0.0006454749070860836
38,4,-0.0010014921946739789,0.01348283976124885,-0.0031178259871441683,-0.004026534282216079,-0.0001716980410162124
38,Aggregated,0.0006831154440657997,0.004507235041063757,-0.00019914985939623598,0.00013315455239584217,0.0005114345307931496
38,Centralized,0.0006831154440657997,0.004507235041063757,-0.00019914985939623598,0.00013315455239584217,0.0005114345307931496
39,0,0.00024366831573506277,-0.00013475596248983164,0.00018828915306799422,-0.0008700681779024888,9.291392847474342e-05
39,1,0.00031935317138006013,-8.983730832656986e-05,6.707031923012437e-05,-0.0008989884072952907,0.00015936892367523863
39,2,0.00017106008023824634,-0.00021351743828297668,-3.5073469689132315e-05,-0.000481183391173771,-6.89162913189952e-05
39,3,0.000223362622757145,-0.00010891235324523851,5.414851460777507e-05,-0.0006350143985822972,0.00013414063846020434
39,4,-0.00043378864401589964,0.00988722451790632,-0.001127276553412913,-0.0061777816039179775,-0.001631848790939707
39,Aggregated,7.553960183996714e-05,0.002302735720803774,-0.0002224286272976217,-0.002049229938357816,-0.0003370765592118852
39,Centralized,7.553960183996714e-05,0.002302735720803774,-0.0002224286272976217,-0.002049229938357816,-0.0003370765592118852
40,0,0.00021844003052004884,0.00036304117748403955,0.0002768958133353002,-0.00014460114696396854,-0.00015998424770484557
40,1,0.0002793571094538446,0.0006731644884195883,0.00022397794678675754,-8.67606881784296e-05,-0.00016675281203080335
40,2,0.00010891235324521446,0.000994978955918191,0.0003581185852469859,-0.00015567697949743405,9.660587265252022e-05
40,3,0.0002504368800610501,0.000758079204509086,0.0002873563218390773,-5.722513475596343e-05,0.0002012109576903102
40,4,-0.00023243801652897227,0.00917747551270278,-0.002994432966023852,-0.0036472681359045077,-0.0017581114172023238
40,Aggregated,0.00010556921243273047,0.002761094660781784,-0.0005119001061511975,-0.0009716557722032782,-0.00043333426448406985
40,Centralized,0.00010556921243273047,0.002761094660781784,-0.0005119001061511975,-0.0009716557722032782,-0.00043333426448406985
41,0,-8.922198429692959e-05,-1.8459720889011748e-05,0.0006737798124492341,0.0002584360924462755,-0.0015998424770484168
41,1,-0.00012737207413424472,-9.352925250437257e-05,0.0006848556449826775,0.0003741170100174995,-0.0015764601639223256
41,2,-0.0004405720052179485,-0.00020982549410520913,0.0003316596519727174,0.0003101233109355487,-0.0012835659258165599
41,3,-0.00045533978192915936,-0.0001169115656304472,0.000673779812449223,0.0004030372394103014,-0.001722907282975204
41,4,-0.0021134641873278162,0.009680612947658429,-0.001391280226507489,-0.0020656374349555954,-0.004225015304560751
41,Aggregated,-0.0007247844386092532,0.0022729388978900275,0.00010859545225991677,-0.00024815166582864054,-0.002197748477568601
41,Centralized,-0.0007247844386092532,0.0022729388978900275,0.00010859545225991677,-0.00024815166582864054,-0.002197748477568601
42,0,0.0004301114967141806,0.000863914937606162,0.001226956115090198,0.0006116320854562077,-0.0028372591006424197
42,1,0.00020736419798666472,0.0007980752664353034,0.0011426567230303627,0.0005704053754707284,-0.002607743237588922
42,2,0.0005076423244480488,0.0011506559354156009,0.0012552610204533909,0.0006768564325974095,-0.0031473824115779018
42,3,0.0006522434714120359,0.0013075635629722453,0.0010460508503778165,0.0006030175490413051,-0.003055083807132828
42,4,-0.002948041016222832,0.010113445056626872,-0.0002673515457606394,-0.0031680440771349925,-0.004676978114478129
42,Aggregated,-0.0003774652215207434,0.003240637279550055,0.0008184814794122568,-0.00030530104102649005,-0.0033414343445629974
42,Centralized,-0.0003774652215207434,0.003240637279550055,0.0008184814794122568,-0.00030530104102649005,-0.0033414343445629974
43,0,0.0015943045607817027,0.003480272711609948,-0.0007439267518275191,-0.0024791405153954263,0.0019142730561914011
43,1,0.0014472421176991842,0.003533190578158461,-0.0007771542494277361,-0.0027092717024785108,0.002124098550296599
43,2,0.0013924782790617559,0.0035245760417435988,-0.0006288611582859593,-0.0025579019911885696,0.001961653006473226
43,3,0.0015118511408107789,0.0035085776169730964,-0.0005525609786113106,-0.0025739004159590537,0.0019087351399246777
43,4,0.001051232017141096,0.00921286730945822,-0.0043125382614019065,-0.0016079354147536084,-0.00032617845117846784
43,Aggregated,0.0013805473303909151,0.0048991330986833444,-0.0015607249939475062,-0.002343473564631136,0.0014166294206380417
43,Centralized,0.0013805473303909151,0.0048991330986833444,-0.0015607249939475062,-0.002343473564631136,0.0014166294206380417
44,0,-0.0007968446183760303,-8.614536414873383e-05,-0.0017936695463831346,-0.0003168918752615102,0.000409190479706617
44,1,-0.0009543675699623703,1.7844396859382586e-05,-0.001511235816781109,-2.830490536317454e-05,0.00022397794678677974
44,2,-0.0004479558935735558,-0.0002602820645351722,-0.00206010485121465,-0.00024797558394252427,0.0003950380270250279
44,3,-0.0007094686061679956,-0.00017413670038642545,-0.00194626990573236,-0.00019567304142362185,0.0006257845381378024
44,4,-0.0018681129476584033,0.0047439355677991995,-0.0028916054484236066,-0.0005648339455157469,-0.0003376568717477509
44,Aggregated,-0.0010048280164627536,0.0010594167271914424,-0.0020867087546790454,-0.0002866780267054484,0.0002306925899025832
44,Centralized,-0.0010048280164627536,0.0010594167271914424,-0.0020867087546790454,-0.0002866780267054484,0.0002306925899025832
45,0,-0.0021733244726673097,0.00018644318097910857,-0.0009703659947328265,0.000986364419503318,0.00034642742868395786
45,1,-0.0019690368948288204,-0.00022459327081642,-0.0012398779197125471,0.000987595067562565,0.00026766595289078504
45,2,-0.0017130620985010448,-0.00010091314086000576,-0.0007470033719756945,0.0008712988259617471,2.8304905363163436e-05
45,3,-0.002084717812399987,3.8150089837316974e-05,-0.0012263407910605725,0.0011303502424376444,0.00011198897339338061
45,4,-0.0019216789103152906,0.005017982858891939,-0.0023329889807162515,-0.0006112258953168082,-0.002706037649219491
45,Aggregated,-0.0019696165521351137,0.0012021155744269079,-0.0013591308639216242,0.0006032692701640752,-0.0005158574966943977
45,Centralized,-0.0019696165521351137,0.0012021155744269079,-0.0013591308639216242,0.0006032692701640752,-0.0005158574966943977
46,0,0.0011826527849565448,0.0010626645991779148,0.0009026803514730656,-0.0015309261857294162,-2.953555342244026e-05
46,1,0.0014453961456103077,0.0009623667823475864,0.0008300721159762899,-0.0013820177705579455,0.00024859090797214417
46,2,0.0012478771320977762,0.0006663959240936305,0.0001925964212754483,-0.0010195919171035461,0.0005002584360924711
46,3,0.0015450786384109867,0.0009512909498141745,0.0004959511678849967,-0.00131002485909081,0.0001267567501045952
46,4,0.0004079621977349142,0.006563265228037962,-0.0038151400367309463,-0.001067493112947654,0.00020708983777166048
46,Aggregated,0.0011247136711547941,0.0022863241894332956,-0.00047046389928675494,-0.0012514665623777842,0.0002104400618283875
46,Centralized,0.0011247136711547941,0.0022863241894332956,-0.00047046389928675494,-0.0012514665623777842,0.0002104400618283875
47,0,0.00022397794678676678,0.0003747323340471046,-0.001745058948042035,0.00031627655123189026,0.0005347165817519447
47,1,0.00022643924290530377,0.0002848950257205366,-0.0016103029855522014,0.0003218144674985638,0.0004448792734253859
47,2,-4.922592237074364e-05,0.0004430333013364799,-0.0016736813606044953,0.0004122670998547628,0.0006091707893376393
47,3,4.1226709985470177e-05,0.00018582785694947016,-0.0014232444805434507,0.0001458317950232694,0.00027504984124639235
47,4,-0.001210973370064261,0.0059606481481481455,-0.004051882460973359,0.00024774257728802745,-0.00031422176308540384
47,Aggregated,-0.00021102203102592586,0.0016943451217014147,-0.0022065944093710784,0.00028656163286589116,0.0002760861873102797
47,Centralized,-0.00021102203102592586,0.0016943451217014147,-0.0022065944093710784,0.00028656163286589116,0.0002760861873102797
48,0,0.0010380516379925634,0.00023813039946839106,-0.0007648477688350604,-0.0005587142189076818,0.0010442048782889105
48,1,0.0011161977897560867,0.00019321174530507375,-0.0006867016170715278,-0.0007574638804794272,0.0012423392158310545
48,2,0.0016349159467375733,-4.184203401511044e-05,-0.0009555982180216213,-0.0007094686061679863,0.001253415048364459
48,3,0.0013069482389426383,4.8610598341086717e-05,-0.0006836249969233877,-0.00040057594329174405,0.001279258657609104
48,4,0.0003529614325068949,0.006020431588613419,-0.0031646962044689273,-0.0029973025711661863,0.0007068794000612185
48,Aggregated,0.0010498724323519041,0.0015480380654412855,-0.0013548242918598721,-0.0011883811013650694,0.0010836266458088939
48,Centralized,0.0010498724323519041,0.0015480380654412855,-0.0013548242918598721,-0.0011883811013650694,0.0010836266458088939
49,0,-0.0003765783061360051,-0.0012411085677718036,0.0009740579389106145,8.183809594129084e-05,0.0005987102808338752
49,1,-0.00036550247360260063,-0.0009685200226439428,0.0008405326244800374,-4.245735804471925e-05,0.0006097861133672796
49,2,-0.00029781683034285264,-0.00153461812990718,0.0010620492751482967,0.00029904747840214243,0.0005082576484776761
49,3,-8.42993920598556e-05,-0.0015979965049595164,0.001084816264244746,0.0003464274286839153,0.00021413276231262805
49,4,-0.0006097910927456225,0.005069635751453918,-0.0010043617998163501,-0.0029843893480257216,-0.00044239745944291885
49,Aggregated,-0.0003610536901503018,0.0002232433841741821,0.0005049164757807849,-0.000596751215151703,0.00025757956682868064
49,Centralized,-0.0003610536901503018,0.0002232433841741821,0.0005049164757807849,-0.000596751215151703,0.00025757956682868064
50,0,0.00036304117748407473,-0.0003538113170395596,0.00015998424770486037,-0.0007014693937827461,0.0001999803096310704
50,1,0.00038703881463979516,-0.0005236407492185606,0.00018705850500873588,-0.0007390041595904322,-8.676068817838704e-05
50,2,0.00023628442737945918,-0.0006374756947008416,0.0002055182258977606,-0.0007359275394422567,0.000267050628861167
50,3,0.0003427354845061292,-0.0006171700017228924,0.0002812030815427413,-0.0006540894435009289,0.00020428757783851336
50,4,-0.0022645967248240066,0.007229013621059098,-0.0005523989898990167,-0.003921793694520977,-0.001580674165901456
50,Aggregated,-0.0002997141367301837,0.0013559882302549527,2.3278767901346863e-05,-0.0014898411456878554,-0.0002741074920386777
50,Centralized,-0.0002997141367301837,0.0013559882302549527,2.3278767901346863e-05,-0.0014898411456878554,-0.0002741074920386777
