Round,Evaluator,Classes,2,3,1,0
0,0,0,,,,
0,0,1,,,,
0,1,0,,,,
0,1,1,,,,
0,2,0,,,,
0,2,1,,,,
0,3,0,,,,
0,3,1,,,,
0,Aggregated,0,,,,
0,Aggregated,1,,,,
0,Centralized,0,,,,
0,Centralized,1,,,,
1,0,0,-0.02816817782469643,-0.009451830561377763,0.026447403936898605,0.03870883633323366
1,0,1,-0.007080427655955485,0.004606844027652296,0.004335319566673351,0.014563384834576726
1,1,0,-0.044894517683082,-0.014861333813594937,0.09425659425176706,0.045862639495084595
1,1,1,0.011374996539819965,0.06161305037535978,-0.013347816369124604,0.040359769453944844
1,2,0,0.03101325417501889,-0.02498630182453711,-0.035129399467634756,-0.05234551668375198
1,2,1,0.06819044149327012,0.03034317143770691,-0.04308438015076421,-0.007706926194075277
1,3,0,-0.07052734810087753,-0.03639644632291692,0.08075024067671129,0.04219919477272419
1,3,1,0.025780720980312755,0.04365612786700631,0.006706825902954072,0.005225573285641587
1,Aggregated,0,-0.03997894199852865,-0.01532064239311956,0.06307755322306842,0.04110671898203799
1,Aggregated,1,0.023557601109779697,0.03394696530074933,-0.00941767084760424,0.012174472931224384
1,Centralized,0,-0.02878258033531374,-0.008872892819538089,0.058459011557781215,0.0374731055880003
1,Centralized,1,0.019802839214618496,0.030837469785724964,-0.002172800979606787,0.013899880907444382
2,0,0,-0.006224478801232725,0.003289263270648879,0.01673636973232127,0.004276649001923834
2,0,1,0.004241474171273786,0.009708377244559835,-0.000926759314922837,-0.009957958001293945
2,1,0,-0.03769319549344901,-0.004946610448993943,0.0716991975373579,0.04101067847515521
2,1,1,-0.013402595092901926,0.03563589622428983,0.021202201433445884,0.0431316616142707
2,2,0,-0.00773083126024303,0.0035412300118182424,0.008507179095414383,0.008502934973523201
2,2,1,0.04887303212532162,0.0213513015928125,-0.037763435763745475,-0.013423351682574775
2,3,0,-0.08198378307063883,-0.09212732880929024,0.15569806955374255,0.11007970899285324
2,3,1,0.0014293656745999934,0.021830591129562604,0.008925814397243834,0.01730917829354305
2,Aggregated,0,-0.029589414402735725,-0.011693538798771896,0.0581706192640259,0.03362574482268509
2,Aggregated,1,0.009815902013844153,0.021372156594591588,-0.001712894852838858,0.008462573469605068
2,Centralized,0,-0.021382123524523105,-0.002736195717636669,0.051016925031242555,0.02952009072177958
2,Centralized,1,0.007843384341572593,0.02015668579726611,0.0023761194784988247,0.00953751049053734
3,0,0,-0.004506014688492451,-0.004172847938534101,0.010442124916206885,-0.001763262289180334
3,0,1,0.008545917331936456,0.001138509924529037,-0.00021906989049108594,-0.009465357365974406
3,1,0,-0.02286406410348596,0.0013023726335075942,0.04201983714990578,0.03598768067740334
3,1,1,-0.00034714987754404697,0.010814362820404136,0.02299278763540184,0.04920360447340288
3,2,0,0.03224136974136974,-0.023314185814185817,0.06537767787767788,0.09236180486180486
3,2,1,0.03530167381868161,0.004303611511321387,-0.014415631229602979,0.007068410415728986
3,3,0,-0.12555431763706656,-0.08068533798547824,0.16156175625320085,0.022455677147121742
3,3,1,-0.007131192323987299,-0.0012871433352676283,0.022483504574246315,0.002422286282141297
3,Aggregated,0,-0.026626273884640707,-0.010917239644079951,0.04346780080273301,0.019751317471286584
3,Aggregated,1,0.008105718964004804,0.003169886309626377,0.008148771573286785,0.010110852380546953
3,Centralized,0,-0.017673700434821072,-0.006830956677134746,0.039127160664655,0.020704648073263932
3,Centralized,1,0.0066071573031156,0.0031004176096078493,0.009896803214641925,0.010435433671404093
4,0,0,-0.007185813614609728,-0.0007439473727897383,0.015445581382244897,0.013536811184102002
4,0,1,0.0022277532833301916,0.0028541284913099116,0.007799735321439627,0.010106888651046789
4,1,0,-0.02938043732019389,0.0031062962998839594,0.0147215687080721,0.01929593514409622
4,1,1,-0.017600666392943793,0.009387698582903134,0.0024752812161761284,0.024385705241883104
4,2,0,-0.00946969696969697,0.00063131313131314,-0.010732323232323251,0.019570707070707082
4,2,1,0.019235683846689538,0.0018064899469073896,-0.019481660373500947,-0.0015605134200959807
4,3,0,-0.1063639601139601,-0.06861467236467235,0.1034223646723647,0.01172720797720798
4,3,1,-0.014296645685381582,-0.005865127344803507,0.01197341655486093,-0.000734086901477545
4,Aggregated,0,-0.029054571002222782,-0.006927404486458093,0.025072359300918882,0.01605405555619514
4,Aggregated,1,-0.0029667778737237204,0.001411268247818039,0.0017357876225195348,0.00725738231665383
4,Centralized,0,-0.024512632564555947,-0.004135485115994791,0.019631059012463547,0.015230394204731018
4,Centralized,1,-0.0041363882686834,0.0013448054210929428,0.002787423773892609,0.007720550079674833
5,0,0,-0.01478181050604597,-0.01256825345377923,0.0061805018803261684,0.016868486810681742
5,0,1,-0.00472162997425878,-0.007103552154708638,0.0026526368827667623,0.014080203776486064
5,1,0,-0.02150639784693331,0.005152894188464911,0.013761763526925189,0.012547492343932634
5,1,1,-0.017479506342546025,0.009724035929489413,0.004366493759803025,0.015510188774465786
5,2,0,0.00063131313131314,0.010732323232323251,-0.00063131313131314,0.019570707070707082
5,2,1,0.025209399497824525,0.007780205598042378,-0.013507944722365958,-0.0015605134200959807
5,3,0,-0.07115062953772633,-0.07115062953772633,0.12385074901203937,0.01845051006341328
5,3,1,-0.006824917868750419,-0.006824917868750419,0.013824311573397483,-0.0001744758358966462
5,Aggregated,0,-0.024269320472133097,-0.010981022344086527,0.023382828028764787,0.015109082405591376
5,Aggregated,1,-0.0012418122725726055,-0.00011687066652586275,0.0026538927472180337,0.0066240969566014815
5,Centralized,0,-0.018593816002152125,-0.006745018340310095,0.017867420976968963,0.013787026030312316
5,Centralized,1,-0.0022210825497618047,-0.00044928193381763015,0.0032876946938587095,0.006999814609125733
6,0,0,-0.014040128834844512,-0.0020018498312799338,0.011949835794301348,0.016903856438512627
6,0,1,-0.007536260849718794,-0.0015494315870274351,0.005924180942764849,0.012099203015942491
6,1,0,-0.018510293098833796,0.0039618371067562845,0.00557771947340203,0.010971506045416477
6,1,1,-0.01873371395355053,0.005884830647388438,-0.006393978725823267,0.01289365568277892
6,2,0,0.011784511784511786,0.011784511784511786,-0.021885521885521897,-0.0016835016835016758
6,2,1,0.023388042837758204,-1.4866713158932324e-05,-0.017660303713434623,-0.005712872411164647
6,3,0,-0.07246319860013013,-0.0466011296346129,0.12143984987563196,0.05745353818817086
6,3,1,-0.005729269856335965,-0.001070884763168282,0.006371715711822656,0.009350882284483294
6,Aggregated,0,-0.02258573000862251,-0.004305462543166585,0.0214011739742608,0.018677937806986865
6,Aggregated,1,-0.0023480439912274545,0.0005004102903917718,-0.0018720114780414166,0.007418865721441521
6,Centralized,0,-0.016397328992776294,-0.001415934642511607,0.013504974593368005,0.016070838816165518
6,Centralized,1,-0.0030540767599929373,0.0005041203725609789,-0.0011925380756616828,0.007952932579079733
7,0,0,-0.010793047617601673,-0.006824969404303161,0.005911757874389152,0.011706259147515682
7,0,1,-0.003448080181904271,-0.007873582786407263,0.0011496209675209885,0.010172042000790546
7,1,0,-0.013961227067831641,0.005209889128456167,0.0011562260595638456,0.007595111879811628
7,1,1,-0.010967157619480658,0.00910559370327065,-0.007024393839812737,0.008885957756022744
7,2,0,0.011396011396011393,0.021497021497021502,-0.030821030821030826,-0.0020720020720020695
7,2,1,0.023437007720144565,0.006007813820362418,-0.023780914011728698,-0.005663907528778285
7,3,0,-0.0902636186994008,-0.044490575225207885,0.09411562025255178,0.05773259076607401
7,3,1,-0.007784104347063485,-0.00010209207896873702,0.009766495595194657,0.010473853198716743
7,Aggregated,0,-0.021264463129077062,-0.0053202728838711464,0.013564187410279623,0.015028031037197288
7,Aggregated,1,-0.00021832123980437216,0.001132609038638476,-0.0036667420393706,0.006404095962533932
7,Centralized,0,-0.014395191814421652,-0.0013628534712201341,0.006465229025160742,0.01248560122476792
7,Centralized,1,-0.0008556234021317536,0.0009200952454402056,-0.003044750258370116,0.006787546065977544
8,0,0,-0.01807094832892328,0.003268335267529593,0.011748137919395135,0.011748137919395135
8,0,1,-0.010935459671414747,0.0041161553802003354,0.010176761440806398,0.010176761440806398
8,1,0,-0.01162174760572928,0.004955928468514281,0.001709890668700716,0.004955928468514281
8,1,1,-0.007422315465348227,0.006367367074334283,-0.00531241868332034,0.006367367074334283
8,2,0,0.013752913752913756,0.017793317793317803,-0.039238539238539254,0.007692307692307693
8,2,1,0.024928282648919498,0.004605570230618823,-0.028165707459022155,-0.0013681454205161647
8,3,0,-0.09198752272215542,-0.05459775199905134,0.09014151857730068,0.056443756143906065
8,3,1,-0.011134342814129264,-0.004999323170583751,0.008998683272967378,0.007134982711745637
8,Aggregated,0,-0.023337868661155618,-0.002545833511000632,0.015620383320603552,0.013821223546928519
8,Aggregated,1,-0.002132848252469967,0.002005293229798674,-0.0021086377392442886,0.005862765146635591
8,Centralized,0,-0.016475936261476736,0.0008469011694482073,0.007579990230802562,0.011267893376241714
8,Centralized,1,-0.0029863099955137473,0.0019945246784634496,-0.0013122103841381645,0.006086620843036812
9,0,0,-0.018147208528725044,0.0010949195731804473,0.005380411235951223,0.011671877719593373
9,0,1,-0.012786838629535271,0.0007326007326007392,0.003728855414248657,0.008325382482685875
9,1,0,-0.012435375879311789,0.0057695567420967915,0.0008962623951182062,0.0057695567420967915
9,1,1,-0.008455714936247694,0.00740076654523375,-0.006345818154219807,0.00740076654523375
9,2,0,0.014005439005439,0.025116550116550118,-0.05565268065268067,-0.01377233877233878
9,2,1,0.023256660513587695,0.00573412730675658,-0.03536131949334387,-0.011550615280405371
9,3,0,-0.10535772869106204,-0.034198077821266236,0.07144931826091246,0.06810648825141578
9,3,1,-0.012587741031672447,-0.0020200308793755597,0.006050810461939893,0.008556961449108114
9,Aggregated,0,-0.025309166405757623,-0.0005618569287877137,0.010212035306420028,0.01522762816616046
9,Aggregated,1,-0.003654143122913002,0.002451866473925114,-0.006554626197693963,0.003697416520219952
9,Centralized,0,-0.018084520519701153,0.0024396228005265177,0.0017472447890907832,0.010678804415068105
9,Centralized,1,-0.004454296994874356,0.0024305525155084253,-0.005816166576481041,0.004057285913998621
10,0,0,-0.021361327275803126,-0.0021191991738976346,0.0021662924888731414,0.008457758972515292
10,0,1,-0.01503402964077121,-0.001514590278635199,0.0014816644030127186,0.006078191471449936
10,1,0,-0.01308373590982285,0.005121196711585729,0.0028413424866513917,0.005121196711585729
10,1,1,-0.010026482132014894,0.005829999349466551,-0.0016335165669182083,0.005829999349466551
10,2,0,0.03824786324786326,0.02713675213675214,-0.05363247863247864,-0.011752136752136757
10,2,1,0.031573264387488816,0.008935641666591193,-0.03215980513350925,-0.008349100920570757
10,3,0,-0.1109414042747376,-0.010283543616876964,0.06074542741209408,0.06047952047952047
10,3,1,-0.013459972275448179,0.0019390508240202664,0.0034995464863291728,0.00802137496509874
10,Aggregated,0,-0.027232845043271867,0.0006623364412327401,0.008561302516254914,0.01274765938238237
10,Aggregated,1,-0.002960007930626552,0.0034153749954764917,-0.006196349057746098,0.003332390522289682
10,Centralized,0,-0.01828351446820332,0.003393534648268054,0.000784677020272693,0.009160886008555885
10,Centralized,1,-0.0038928220516290615,0.003305580096430514,-0.005683691282946647,0.003581066470608509
11,0,0,-0.013861716865954268,0.0010949195731804473,0.009665902898721998,0.01595736938236415
11,0,1,-0.009790583947887352,0.0007326007326007392,0.006725110095896575,0.011321637164333792
11,1,0,-0.010407894931229575,0.004229249718721305,0.0019493954937869669,0.004229249718721305
11,1,1,-0.007334970744851334,0.004932828887078698,-0.0025306870293060613,0.004932828887078698
11,2,0,0.06181688681688683,0.02713675213675214,-0.05228567728567727,-0.0063649313649313715
11,2,1,0.04324498573662952,0.008935641666591193,-0.028901545322830114,-0.005357935126985634
11,3,0,-0.09617542950876283,0.0014055080721747288,0.04597945264611932,0.04879046879046878
11,3,1,-0.010114592622681643,0.003268752985185456,0.00015416683356263747,0.00669167280393355
11,Aggregated,0,-0.02086561392254442,0.0029409883970091615,0.009506156869148671,0.014111375221753273
11,Aggregated,1,0.00264277071884782,0.004222200145181145,-0.00523046243150873,0.004833569364548139
11,Centralized,0,-0.010380059871630551,0.005096170416111129,0.002248017837611758,0.0111991369240301
11,Centralized,1,0.0018076889848015198,0.004142921814317052,-0.004664926816489917,0.005186807926756382
12,0,0,-0.01602800935482741,-0.0010242796007171873,0.0010713729156926939,0.0159809160398519
12,0,1,-0.011272248350900071,-0.0007819895460344598,0.0007490636704119794,0.011305174226522552
12,1,0,-0.01185585516164069,0.004078009549332314,0.003397355724198081,0.004380489888110295
12,1,1,-0.009972472878321212,0.005436861145143218,0.0001068151041638173,0.004428796629014177
12,2,0,0.0647953897953898,0.03280885780885779,-0.053580678580678574,-0.007659932659932663
12,2,1,0.04469188624074185,0.010204479492640842,-0.030539432409058005,-0.006995822213213525
12,3,0,-0.08377449710783041,0.002438919105585774,0.034390486057152725,0.04694509194509192
12,3,1,-0.008677870117330122,0.003238821266323947,-0.0013144394592717694,0.006753488310277944
12,Aggregated,0,-0.020918160985884858,0.0022063730943101554,0.005274128467222555,0.013955291258709961
12,Aggregated,1,0.0024444379568972106,0.004200744903200977,-0.007083152916404485,0.004370597435066287
12,Centralized,0,-0.01075589424189601,0.00444236011243108,-0.0014892353860328684,0.01104800203473505
12,Centralized,1,0.0015854207536727856,0.0040705294624100346,-0.0066931589907304285,0.004795429883322905
13,0,0,-0.018147960017793795,0.0053355723881819694,-0.0010485777472736917,0.013860965376885517
13,0,1,-0.012787399866051588,0.0037634649994200873,-0.0007660878447395362,0.009790022711371036
13,1,0,-0.012670871630014699,0.003262993080958306,-0.000610508764610144,0.010018387313666536
13,1,1,-0.011014965827378145,0.004394368196086286,-0.005166243683073973,0.011786841314365831
13,2,0,0.039931364931364934,0.03521756021756021,-0.048685573685573656,-0.026463351463351475
13,2,1,0.03143540941092418,0.011695613176562711,-0.025772242062974227,-0.017358780524512663
13,3,0,-0.08751381334714668,-0.001300397133730466,0.030651169817836485,0.05816304066304065
13,3,1,-0.008419300377377406,0.0034973910062766622,-0.0010558697193190543,0.005977779090419799
13,Aggregated,0,-0.022952983000172823,0.004030156823991757,0.0021971681056054317,0.016725658070575633
13,Aggregated,1,-0.001106841874506471,0.00561405858009959,-0.0074399087016143155,0.002932691996021198
13,Centralized,0,-0.014579894604724336,0.006651705409296872,-0.00371530792682472,0.011643497122252183
13,Centralized,1,-0.0018321249949019198,0.005594066574031821,-0.007216895837237419,0.0034549542581075177
14,0,0,-0.01819430184370055,0.005289230562275214,-0.003099391415914319,0.016004462697339655
14,0,1,-0.01275391275391279,0.0037969521115588842,-0.0023317506463574056,0.011288711288711312
14,1,0,-0.012032302025927847,0.0026271998664544514,0.002576786476658118,0.006828315682815278
14,1,1,-0.009384435243912609,0.0027820245689356795,0.002950035321623847,0.0036523753533530823
14,2,0,0.032130832130832114,0.0469456469456469,-0.01866281866281865,-0.015969215969215977
14,2,1,0.023704825117260252,0.012556553099423023,-0.009628196230848735,-0.009806258908911411
14,3,0,-0.08802663385996719,0.008443192609859268,0.030138349305015962,0.06790663040663038
14,3,1,-0.0061423313590870015,0.007267454462790294,0.001221099298971351,0.00974784254693343
14,Aggregated,0,-0.0228500614314087,0.00503052754926056,0.0031882195554199383,0.01743205648690096
14,Aggregated,1,-0.0018336475455079217,0.0065939038777115275,-0.0018255016414168994,0.004451633822792743
14,Centralized,0,-0.015249912948939607,0.007915056851095226,0.00018715508693902447,0.013718626359774075
14,Centralized,1,-0.0024128936237818497,0.006709194305918376,-0.0019260833452611388,0.005073951397615887
15,0,0,-0.018240643669607304,0.003145733241821075,-0.005242888736368458,0.02033779916415469
15,0,1,-0.012720425641773994,0.0022982635342186086,-0.003830439223697681,0.014252601331253065
15,1,0,-0.018553663058756786,0.0002983170475518715,0.005737261654325245,0.004871907445335434
15,1,1,-0.017902881303529083,-0.0042850480135646725,0.007440983326758049,-0.00471029927336115
15,2,0,0.024999999999999984,0.036111111111111115,-0.04166666666666665,-0.019444444444444448
15,2,1,0.01937419021018767,0.005251462092894316,-0.016519556920771773,-0.00810609538231021
15,3,0,-0.08990571157237824,-0.01702414869081534,0.03471374304707637,0.07221611721611719
15,3,1,-0.008502380577074448,-0.0020171757855986703,0.0009751339753055662,0.009544422387367552
15,Aggregated,0,-0.026185000136914403,-6.089053526279944e-05,0.003971748763745329,0.018763975283559255
15,Aggregated,1,-0.005291633676331117,0.0003095303766479726,-0.002917961889532191,0.003815118669765167
15,Centralized,0,-0.01977048416822637,0.0016266714008905299,-0.00032277404022827233,0.015167603710601255
15,Centralized,1,-0.00594730467439053,0.0005426673732782198,-0.0030402069897498643,0.004734728040553027
16,0,0,-0.02159839702736065,0.00426498436107219,-0.004123637617117343,0.021457050283405804
16,0,1,-0.0148704495309283,0.003014938163936711,-0.003113764593979579,0.014969275960971168
16,1,0,-0.02210795898433332,0.0016619299503416451,0.007463137145739947,0.012982891888251727
16,1,1,-0.021114758658551613,-0.0013338642660099542,0.009270372202517882,0.013178250722043686
16,2,0,0.02314814814814815,0.03981481481481481,-0.05648148148148149,-0.0064814814814814865
16,2,1,0.017886962160459607,0.00665370568263791,-0.02055631877003362,-0.003984349073063896
16,3,0,-0.10573904490571157,-0.03285748202414867,0.018880409713743048,0.05638278388278387
16,3,1,-0.010750187594618321,-0.004264982803142543,-0.0012726730422383075,0.007296615369823678
16,Aggregated,0,-0.03107664859936428,-0.0007835426420650274,0.0031517934535927163,0.021270675367907766
16,Aggregated,1,-0.007543354801150388,0.0007743812810087319,-0.003920665836704188,0.008032011170357508
16,Centralized,0,-0.024508472893438344,0.001712882255894721,-0.0010250485780317435,0.0188551595026209
16,Centralized,1,-0.008374512762452213,0.0009815283444593408,-0.004009500925705105,0.008702345183750737
17,0,0,-0.020527024111667957,0.005336357276764884,-0.007337756364195425,0.022528423199098497
17,0,1,-0.01412138586051632,0.0037640018343486903,-0.005360955605215517,0.01571833963138315
17,1,0,-0.023901443498890385,0.005985270064405922,0.0047173510042185784,0.013198822430265886
17,1,1,-0.022527889536086254,0.006691904027969597,0.003486775822841385,0.012349209685275272
17,2,0,0.02154882154882155,0.047474747474747475,-0.0702020202020202,0.0011784511784511769
17,2,1,0.01797397005996751,0.009460216301648533,-0.02625634790756277,-0.0011778384540532723
17,3,0,-0.08556335639668972,-0.011869827703161024,0.030618301451634786,0.06681488264821596
17,3,1,-0.00772383668531577,-0.0012705156813228775,0.00020180788669121874,0.008792544479947428
17,Aggregated,0,-0.029114909107096618,0.004213436301889686,0.0017590468496711388,0.023142425955535794
17,Aggregated,1,-0.006725080148132845,0.004180899013511447,-0.006592388993685488,0.009136570128306886
17,Centralized,0,-0.02343160193029099,0.006388428066434998,-0.003744263950653276,0.020787437814509268
17,Centralized,1,-0.007596799930407082,0.004335351760527397,-0.00664493495262831,0.009906383122507995
18,0,0,-0.02157560185894165,0.008527680855423964,-0.008431924448307121,0.021479845451824808
18,0,1,-0.014887473705255857,0.006028217019912185,-0.00609299510129994,0.014952251786643611
18,1,0,-0.021266751748698576,0.007010937323014961,0.008696567327229046,0.015137791159757219
18,1,1,-0.019855543945627396,0.006778469858735638,0.00872097180123759,0.017047799800196745
18,2,0,0.02154882154882155,0.047474747474747475,-0.0702020202020202,0.0011784511784511769
18,2,1,0.01797397005996751,0.009460216301648533,-0.02625634790756277,-0.0011778384540532723
18,3,0,-0.07260989010989011,-0.007847985347985342,0.02740842490842491,0.05304945054945054
18,3,1,-0.006438651633920406,-0.0015476362165892006,0.0004470446344746563,0.0075392432160349505
18,Aggregated,0,-0.02681329635868859,0.006462667923338646,0.0027610527218048728,0.021986843271936677
18,Aggregated,1,-0.005989437760192397,0.004723871330816369,-0.005617164144926509,0.009547285853598767
18,Centralized,0,-0.02155598329785574,0.008436690277529099,-0.002248889848525615,0.020333662581806727
18,Centralized,1,-0.006813258192174941,0.004985318977280338,-0.005651186859825935,0.010179266234667778
19,0,0,-0.019455651195975265,0.00426498436107219,-0.00840912927988812,0.023599796114791193
19,0,1,-0.013372322190104341,0.003014938163936711,-0.006110019275627497,0.016467403301795126
19,1,0,-0.023647505816109304,0.0030337592453871243,-0.00012541057270985348,0.011160613082129381
19,1,1,-0.023062044243613678,0.0014566866416589237,-0.0028123564957078517,0.01172601658312003
19,2,0,0.03002645502645503,0.046693121693121696,-0.042195767195767196,-0.03452380952380953
19,2,1,0.019163631697390326,0.00793037521956863,-0.01647516205361571,-0.010618844863343246
19,3,0,-0.05164835164835165,-0.007997557997557988,0.00674603174603175,0.052899877899877885
19,3,1,-0.003444297397264919,-0.0015503580033255453,-0.0025418660287081416,0.007536521429298605
19,Aggregated,0,-0.024456291537740357,0.0028636342243107266,-0.003307444313988348,0.020502834069026366
19,Aggregated,1,-0.005102079108497514,0.002451822232919153,-0.006710922422314705,0.006696624018596833
19,Centralized,0,-0.02004310005871864,0.004427100269729293,-0.00657151009565532,0.0172220301716902
19,Centralized,1,-0.005842807773323855,0.002646050939082082,-0.0068379019157612615,0.007334518590055794
20,0,0,-0.019455651195975265,0.00426498436107219,-0.00840912927988812,0.023599796114791193
20,0,1,-0.013372322190104341,0.003014938163936711,-0.006110019275627497,0.016467403301795126
20,1,0,-0.026711561854304334,0.0037473786418741606,0.0036833287277493,0.019280854484680875
20,1,1,-0.024659341310288036,0.0030408017911668175,0.0031372642229647494,0.01848127529615647
20,2,0,0.034259259259259274,0.08214285714285714,-0.030555555555555548,-0.030291005291005285
20,2,1,0.020521480419977856,0.01736935818933517,-0.012312826151540992,-0.009260996140755715
20,3,0,-0.0682051282051282,0.004017094017094024,0.009017094017094019,0.05517094017094016
20,3,1,-0.0048002986188876535,-7.807639666543298e-05,-0.0026000062212268304,0.007478381236779917
20,Aggregated,0,-0.027747058934073338,0.005106834795233452,-0.00112654299276012,0.02455759354520222
20,Aggregated,1,-0.0055306512425547134,0.005357688218543706,-0.0045361662952712115,0.008405249037501384
20,Centralized,0,-0.022386665794421168,0.007560793498521845,-0.003781858550630124,0.021899799019774457
20,Centralized,1,-0.006441630033933998,0.00553157694293079,-0.004705080412394018,0.00932202299303427
21,0,0,-0.01521499838097374,0.008505637176073713,-0.004168476464886596,0.023460770637070926
21,0,1,-0.010341457923284994,0.006045802430756059,-0.0030791550088081487,0.016567864638211516
21,1,0,-0.030039850134724794,0.005308752470822732,-0.00262202562253952,0.017607995850159718
21,1,1,-0.0253418006128014,0.0018189726477628825,-0.0020061488362769684,0.013240190318980596
21,2,0,0.012433862433862436,0.0484126984126984,-0.033862433862433865,-0.02698412698412697
21,2,1,0.013682134028392653,0.007891688263904054,-0.013713167104120757,-0.00786065518817595
21,3,0,-0.0413780060519191,-0.00074653607262302,0.0022727875988745594,0.03985175452566756
21,3,1,-0.0019505415528391912,-0.0020253879550052125,-5.660215889981742e-05,0.004032531666744221
21,Aggregated,0,-0.024699659185656087,0.006519546075583072,-0.003124782361054917,0.021980752595531255
21,Aggregated,1,-0.005568705030268361,0.0031908471919002528,-0.004369285858982382,0.0066305096603874215
21,Centralized,0,-0.022089664716199404,0.007656523375350721,-0.005532105158822002,0.019965246499670686
21,Centralized,1,-0.006642757145530549,0.003605164106826079,-0.004630115519862088,0.007667708558566559
22,0,0,-0.01941002921749228,0.0022590411818457965,-0.006220761470019746,0.02337174950566623
22,0,1,-0.013406396342737168,0.0014146399731696975,-0.004645966087436365,0.016637722457003835
22,1,0,-0.026166786666458924,0.00833912286240072,-0.0036533955143673857,0.021481059318425588
22,1,1,-0.019581431949206928,0.0029261204282977718,-0.0023452474616659134,0.019000558982575067
22,2,0,0.013756613756613753,0.04708994708994708,-0.03518518518518518,-0.025661375661375652
22,2,1,0.013641544435564248,0.007932277856732459,-0.013672577511292352,-0.007901244781004355
22,3,0,-0.0413780060519191,-0.00074653607262302,0.0022727875988745594,0.03985175452566756
22,3,1,-0.0019505415528391912,-0.0020253879550052125,-5.660215889981742e-05,0.004032531666744221
22,Aggregated,0,-0.0246196319739206,0.005335447270908143,-0.004456990535172754,0.02374117523818521
22,Aggregated,1,-0.005189808220504853,0.002191534538714351,-0.004851119625680083,0.007849393307470583
22,Centralized,0,-0.02179335577781824,0.006834757347152563,-0.006904835374347967,0.021863433805013644
22,Centralized,1,-0.006344821241350042,0.0026821021029245495,-0.0052265402544511745,0.008889259392876667
23,0,0,-0.021371760119440558,0.002257631480640926,-0.003989684361010761,0.023103812999810392
23,0,1,-0.01504197007133414,0.001413438587972567,-0.0032183109101078244,0.016846842393469397
23,1,0,-0.02757954282990797,0.007651606969905837,0.003262092744653814,0.016665843115348317
23,1,1,-0.02224757213808547,0.004927185098118486,0.004815545166277607,0.012504841873689379
23,2,0,0.02764550264550264,0.045105820105820094,-0.045105820105820094,-0.02764550264550264
23,2,1,0.01624106909391243,0.007971076732230187,-0.01634969992063599,-0.007862445905506629
23,3,0,-0.03986834421617031,0.0007631257631257696,0.0007631257631257696,0.038342092689918776
23,3,1,-0.0009661486547864936,-0.001040995056952515,-0.001040995056952515,0.0030481387686915238
23,Aggregated,0,-0.025696038389129545,0.00516829661920993,-0.0006877005967830085,0.021215442366702624
23,Aggregated,1,-0.005308002264572494,0.002911081302318509,-0.003862587265827157,0.006259508228081143
23,Centralized,0,-0.022402730283369466,0.006638538804738627,-0.003292822863713398,0.019057014342344237
23,Centralized,1,-0.006442396536601659,0.0032555262727147574,-0.004041991553214358,0.00722886181710126
24,0,0,-0.021371760119440558,0.002257631480640926,-0.003989684361010761,0.023103812999810392
24,0,1,-0.01504197007133414,0.001413438587972567,-0.0032183109101078244,0.016846842393469397
24,1,0,-0.02966453123153079,0.008871983429711941,0.0036758549677186614,0.017116692834100184
24,1,1,-0.026506306235529242,0.004636704968928669,0.007213237080098541,0.014656364186502032
24,2,0,0.030952380952380943,0.0484126984126984,-0.03253968253968253,-0.04682539682539682
24,2,1,0.0161616806255863,0.007891688263904054,-0.013709585669459401,-0.010343783220030952
24,3,0,-0.03986834421617031,0.0007631257631257696,0.0007631257631257696,0.038342092689918776
24,3,1,-0.0009661486547864936,-0.001040995056952515,-0.001040995056952515,0.0030481387686915238
24,Aggregated,0,-0.026606130882303316,0.005775613617581818,-0.00031887541158757954,0.021149392676309078
24,Aggregated,1,-0.006220084159071027,0.0028321135006025722,-0.00276116750326674,0.006149138161735196
24,Centralized,0,-0.023372089985894157,0.007340456188428777,-0.0026058513585146457,0.018637485155980026
24,Centralized,1,-0.007282358453426785,0.00331094703023486,-0.003035841185469068,0.0070072526086609925
25,0,0,-0.019273884777469403,0.0023025019700551597,-0.0018918090190396069,0.01886319182645385
25,0,1,-0.013509207341361037,0.0013788031988234233,-0.0016855481801347216,0.013815952322672334
25,1,0,-0.028097923990205016,0.00890180019860328,0.003705671736609998,0.01549045205499174
25,1,1,-0.02433498442099616,0.004580666073486016,0.007157198184655887,0.012597120162854256
25,2,0,0.01931216931216931,0.0685185185185185,-0.02936507936507936,-0.05846560846560845
25,2,1,0.013479074144417477,0.010330533348436144,-0.010783217791653846,-0.013026389701199773
25,3,0,-0.03499654934437544,0.005634920634920641,0.005634920634920641,0.02372670807453416
25,3,1,-0.00020093775519709292,-0.0002757841573631144,-0.0002757841573631144,0.0007525060699233218
25,Aggregated,0,-0.024621944467121498,0.006666001449119651,0.0011706963712640522,0.0167852466467378
25,Aggregated,1,-0.005734994994672885,0.0035896943690738115,-0.0014731598762228986,0.003618460501821972
25,Centralized,0,-0.02187587677867515,0.008325529023370165,-0.0008320206495124235,0.014382368404817408
25,Centralized,1,-0.006762178452934438,0.004145885398164961,-0.0017325216817878908,0.0043488147365573675
26,0,0,-0.020300387203747865,0.00332900439633362,-0.002918311445318067,0.01988969425273231
26,0,1,-0.01429290640092216,0.0021625022583845466,-0.002469247239695845,0.014599651382233458
26,1,0,-0.028097923990205016,0.00890180019860328,0.003705671736609998,0.01549045205499174
26,1,1,-0.02433498442099616,0.004580666073486016,0.007157198184655887,0.012597120162854256
26,2,0,0.01931216931216931,0.0685185185185185,-0.02936507936507936,-0.05846560846560844
26,2,1,0.013479074144417477,0.010330533348436144,-0.010783217791653846,-0.013026389701199773
26,3,0,-0.025189786059351297,0.006383712905452046,0.012422360248447206,0.006383712905452046
26,3,1,0.003501509944808958,-0.0024796938456732496,0.001457877746537541,-0.0024796938456732496
26,Aggregated,0,-0.023890359380346504,0.007174036765666124,0.0015476989628097951,0.015168623651870584
26,Aggregated,1,-0.004850621803724767,0.0031482592092070836,-0.0011707206084330061,0.0028730832029506895
26,Centralized,0,-0.02104561582230614,0.008304342502582857,-0.0005631656901413559,0.013304439009864638
26,Centralized,1,-0.005847153916804654,0.0036844388323408472,-0.0014231221373390928,0.003585837221802899
27,0,0,-0.019295270244683537,0.004334121355397948,-0.0019131944862537387,0.016874343375539325
27,0,1,-0.01349098178183635,0.0029644268774703573,-0.0016673226206100344,0.012193877524976027
27,1,0,-0.030741161459357708,0.01465217787345586,0.001104127716666431,0.014984855869235416
27,1,1,-0.02735870990042359,0.011868525201417826,0.004704618539890885,0.010785566159114876
27,2,0,0.03253968253968253,0.08174603174603172,0.0023809523809523816,-0.04523809523809524
27,2,1,0.01607680808543498,0.012928267289453649,-0.002746478411630902,-0.010428655760182268
27,3,0,-0.02217046238785372,0.009403036576949625,0.021480331262939942,0.009403036576949625
27,3,1,0.005470295740914353,-0.0005109080495678542,0.0073642351348537265,-0.0005109080495678542
27,Aggregated,0,-0.024149581619345887,0.010768111158612221,0.002280390927870524,0.014245351321727218
27,Aggregated,1,-0.004100185850792303,0.006063558228877951,0.002095532167149582,0.0030184867800461287
27,Centralized,0,-0.020810580273874918,0.012687248164756517,0.00179556757845085,0.012994546940084423
27,Centralized,1,-0.0050944487034866965,0.0067585856950073036,0.0018836376514218822,0.003795396917481477
28,0,0,-0.019295270244683537,0.004334121355397948,-0.0019131944862537387,0.016874343375539325
28,0,1,-0.01349098178183635,0.0029644268774703573,-0.0016673226206100344,0.012193877524976027
28,1,0,-0.032271451515517524,0.018227757210543167,0.0025159598678826667,0.011527734437091689
28,1,1,-0.029788284580426445,0.015091631174095621,0.007364109023580053,0.007332544382750772
28,2,0,0.020634920634920628,0.04603174603174603,-0.009523809523809518,-0.05714285714285714
28,2,1,0.013438484551589072,0.005013296687915919,-0.005384801945476812,-0.013066979294028178
28,3,0,-0.025189786059351297,0.006383712905452046,0.012422360248447206,0.006383712905452046
28,3,1,0.003501509944808958,-0.0024796938456732496,0.001457877746537541,-0.0024796938456732496
28,Aggregated,0,-0.02537614441658106,0.011546598384475925,0.0016953171072640705,0.012134228924841065
28,Aggregated,1,-0.0057898275238278275,0.004365404594662872,0.0003104451683517375,0.001113977760813218
28,Centralized,0,-0.02264507218337672,0.012291277741228781,0.00026078520668218474,0.010093009235465753
28,Centralized,1,-0.006835310564261825,0.005131908987131876,-3.925047183787426e-05,0.0017426520489678226
29,0,0,-0.01922901428805517,0.004400377312026314,-0.003989684361010761,0.018818321337039617
29,0,1,-0.01354384273051018,0.002911565928796526,-0.0032183109101078244,0.01385058771182148
29,1,0,-0.029405867933884538,0.015649578155545518,-6.221918711498316e-05,0.013818508965454002
29,1,1,-0.02742887803607418,0.012267658239293775,0.004540136088778207,0.010621083708002197
29,2,0,0.028571428571428564,0.053968253968253964,-0.033333333333333326,-0.04920634920634922
29,2,1,0.014718847443014299,0.006293659579341147,-0.009225890619752495,-0.01178661640260295
29,3,0,-0.02669944789510009,0.004874051069703257,0.013932022084195994,0.007893374741200837
29,3,1,0.00251711704675626,-0.003464086743725947,0.0024422706445902387,-0.0014953009476205519
29,Aggregated,0,-0.024097828017259924,0.010325820904347405,-0.0004997031359748605,0.014271710248887378
29,Aggregated,1,-0.005309586909588488,0.003757421892836706,-0.0012771433353090172,0.0028293083520607993
29,Centralized,0,-0.021172866891723197,0.011019659522686714,-0.002441493860397742,0.012594701229434227
29,Centralized,1,-0.00623381647707739,0.004462450879402474,-0.0017528771809131316,0.0035242427785880472
30,0,0,-0.01922901428805517,0.004400377312026314,-0.003989684361010761,0.018818321337039617
30,0,1,-0.01354384273051018,0.002911565928796526,-0.0032183109101078244,0.01385058771182148
30,1,0,-0.025902729744799846,0.01362510226438455,0.0034409190019697076,0.01858183591472745
30,1,1,-0.02404573614185862,0.011241030798366877,0.007923277982993767,0.017170213842832866
30,2,0,0.024999999999999994,0.0742063492063492,-0.05833333333333333,-0.04087301587301587
30,2,1,0.014842518858663343,0.011693978062682011,-0.01751187546823736,-0.009024621453107997
30,3,0,-0.034235679779158056,-0.0026621808143547135,0.029004485852311936,0.007893374741200837
30,3,1,0.0029873648311657397,-0.0029938389593164674,0.0015017750757712796,-0.0014953009476205519
30,Aggregated,0,-0.02342550253707381,0.008799484031816102,0.0025227030232413353,0.01657705725881481
30,Aggregated,1,-0.00443230416656247,0.0049041593045917355,-0.002721798030002401,0.004829909114783775
30,Centralized,0,-0.019655303883169783,0.010810208339715013,-0.0016697683433092025,0.0155009168853693
30,Centralized,1,-0.005243282942338112,0.005508640022520254,-0.003126524949738807,0.005570701789281725
