,BeforeLocalTraining,AfterLocalTraining,BeforeLocalPartialEvaluations,AfterLocalPartialEvaluations,BeforeEvaluation,AfterEvaluation
1,1791224828.0069094,1791224828.9778264,1791224860.7335095,1791224866.9237385,1791224866.9316938,1791224867.131113
2,1791224868.7882442,1791224869.7317748,1791224900.611915,1791224907.018358,1791224907.0260398,1791224907.225247
3,1791224908.9725697,1791224909.9372394,1791224940.6827602,1791224946.8185852,1791224946.8261244,1791224947.023007
4,1791224948.9840271,1791224949.9314477,1791224980.916529,1791224987.082614,1791224987.0900054,1791224987.289151
5,1791224989.0071864,1791224989.9503753,1791225020.8756297,1791225027.302251,1791225027.3095226,1791225027.5077126
6,1791225029.307765,1791225030.2664385,1791225061.1014192,1791225067.2220874,1791225067.2294993,1791225067.4613595
7,1791225069.4153497,1791225070.3671815,1791225101.2550647,1791225107.4094174,1791225107.4166887,1791225107.6137588
8,1791225109.339446,1791225110.2862794,1791225141.1370249,1791225147.5571504,1791225147.5645127,1791225147.7639778
9,1791225149.5775442,1791225150.529117,1791225181.3237271,1791225187.462354,1791225187.4697108,1791225187.81806
10,1791225189.756588,1791225190.710552,1791225221.4494836,1791225227.578538,1791225227.585921,1791225227.7830918
11,1791225229.5360003,1791225230.4801888,1791225261.498673,1791225267.850256,1791225267.8576524,1791225268.055847
12,1791225269.8859625,1791225270.8329275,1791225301.6247635,1791225307.913082,1791225307.9261472,1791225308.235599
13,1791225310.0504975,1791225310.9973814,1791225341.8008575,1791225347.9294508,1791225347.936741,1791225348.1354303
14,1791225349.8842542,1791225350.8301597,1791225381.7926652,1791225387.9287074,1791225387.9361434,1791225388.1347775
15,1791225389.907444,1791225390.8543835,1791225421.920318,1791225428.3637064,1791225428.3709636,1791225428.573371
16,1791225430.3007143,1791225431.249706,1791225462.1938865,1791225468.3549218,1791225468.3623757,1791225468.5712254
17,1791225470.3060126,1791225471.259445,1791225502.0073538,1791225508.1826298,1791225508.1900098,1791225508.3898993
18,1791225510.1010544,1791225511.053511,1791225541.4129117,1791225547.6058354,1791225547.613068,1791225547.968471
19,1791225549.837247,1791225550.7902865,1791225581.8562996,1791225588.0166836,1791225588.023977,1791225588.221949
20,1791225589.9528592,1791225590.9004962,1791225621.8181825,1791225627.9818585,1791225627.9891336,1791225628.1870835
21,1791225629.9691393,1791225630.9158769,1791225661.869086,1791225668.3976612,1791225668.4051,1791225668.6086972
22,1791225670.3434045,1791225671.2868881,1791225702.2219613,1791225708.439648,1791225708.4469202,1791225708.6460094
23,1791225710.3218324,1791225711.2715666,1791225741.9787822,1791225748.1892946,1791225748.1965194,1791225748.3977714
24,1791225750.1227047,1791225751.0683117,1791225782.0102744,1791225788.5169463,1791225788.5265334,1791225788.7256448
25,1791225790.4625483,1791225791.408895,1791225822.2801404,1791225828.4429796,1791225828.4505098,1791225828.6506836
26,1791225830.3654654,1791225831.3143592,1791225862.1476293,1791225868.3029394,1791225868.310369,1791225868.5099678
27,1791225870.2649457,1791225871.2070906,1791225902.1377103,1791225908.5617294,1791225908.5691705,1791225908.7676687
28,1791225910.5991051,1791225911.5410695,1791225942.4640634,1791225948.6214871,1791225948.628893,1791225948.826457
29,1791225950.6059778,1791225951.553837,1791225982.7181342,1791225988.8548675,1791225988.862322,1791225989.0618534
30,1791225990.8685126,1791225991.8098195,1791226022.790882,1791226029.3134556,1791226029.3206906,1791226029.5253875
31,1791226031.1716824,1791226032.121246,1791226063.1149998,1791226069.2855563,1791226069.2928786,1791226069.4911711
32,1791226071.2156515,1791226072.15821,1791226103.3655794,1791226109.5245287,1791226109.53184,1791226109.7318537
33,1791226111.491664,1791226112.4395328,1791226143.5575225,1791226149.9695723,1791226149.977078,1791226150.1775086
34,1791226152.0232868,1791226152.9746532,1791226183.8587744,1791226189.9815307,1791226189.9889963,1791226190.188628
35,1791226191.9430902,1791226192.9035714,1791226223.8522074,1791226229.9754093,1791226229.9827385,1791226230.1803071
36,1791226231.9433758,1791226232.8957276,1791226263.7787864,1791226270.255904,1791226270.2639346,1791226270.463189
37,1791226272.220458,1791226273.1650295,1791226304.2798629,1791226310.4010973,1791226310.4084992,1791226310.6056807
38,1791226312.3867881,1791226313.3303583,1791226344.2201893,1791226350.3973458,1791226350.4046247,1791226350.6030009
39,1791226352.3117826,1791226353.2526376,1791226384.22866,1791226390.6520529,1791226390.6594076,1791226390.8579454
40,1791226392.66793,1791226393.6148987,1791226424.718244,1791226430.862651,1791226430.869944,1791226431.0670142
41,1791226432.9972458,1791226434.1002977,1791226465.0162609,1791226471.1437616,1791226471.1510944,1791226471.3496559
42,1791226473.1021893,1791226474.0462267,1791226505.0585313,1791226511.503845,1791226511.51104,1791226511.711001
43,1791226513.5320659,1791226514.4757717,1791226545.3463826,1791226551.5482638,1791226551.5557058,1791226551.7549355
44,1791226553.6943493,1791226554.6457272,1791226585.5550354,1791226591.687397,1791226591.6946905,1791226591.8925643
45,1791226593.6445205,1791226594.5865529,1791226625.5948255,1791226632.110196,1791226632.1176279,1791226632.3213122
46,1791226634.0467107,1791226635.0002692,1791226665.861003,1791226672.0630078,1791226672.0702982,1791226672.2675707
47,1791226674.1198733,1791226675.063289,1791226706.1060183,1791226712.2441268,1791226712.251661,1791226712.4489596
48,1791226714.2429254,1791226715.1931944,1791226746.4558494,1791226752.9620278,1791226752.9694097,1791226753.1669652
49,1791226754.930099,1791226755.8808424,1791226786.8497841,1791226793.2374206,1791226793.2568393,1791226793.4595714
50,1791226795.288529,1791226796.231859,1791226827.4888618,1791226833.6562006,1791226833.6635723,1791226833.8630695
