Round,Evaluator,0,3,1,5,2,4
0,0,,,,,,
0,1,,,,,,
0,2,,,,,,
0,3,,,,,,
0,4,,,,,,
0,5,,,,,,
0,Aggregated,,,,,,
0,Centralized,,,,,,
1,0,0.08477355184503814,0.07482056476398119,0.06674671133774554,-0.07935227202946625,0.12976113195471303,-0.05490145189088431
1,1,0.05378947621743018,0.10273247438736201,0.07062130505532889,0.019374335818989417,0.07146187849361056,0.04395259689202039
1,2,0.06870313075310618,0.06131506500816721,0.06913078175808611,-0.06332274770906209,0.12764913310177664,-0.015548998218557023
1,3,0.0295667130349617,0.12452171401235641,0.05697186515725609,-0.06469231951073529,0.0685731918608612,-0.016856589418382924
1,4,0.06577708675265183,0.06376557591922326,0.07856325842192531,0.20135736688607825,0.03388408404162969,0.14895020500722372
1,5,0.04230131728778282,0.019995418705870578,0.021004178875822687,0.2039677230971323,0.010651628015698699,0.08829903588382919
1,Aggregated,0.06066532243887624,0.06743229292126784,0.0586206071649217,0.00958921477072234,0.08604690628533719,0.01410023091426973
1,Centralized,0.06066532243887624,0.06743229292126784,0.0586206071649217,0.00958921477072234,0.08604690628533719,0.01410023091426973
2,0,0.19900454934285103,0.05479034113161348,0.010673266014044582,0.11089010607478511,0.177714318609086,-0.06588914360853487
2,1,0.07603790657070832,0.07691969986585898,0.0732975472955604,0.01012396629872091,0.0495783515259195,0.0015278766782450598
2,2,0.17831681249302753,0.08186237267886334,0.05331497975314332,0.01659612812891714,0.2197106888022223,-0.026180516068431074
2,3,0.13248560613239463,0.1685799057842592,0.09520548927005265,0.059840528472865646,0.0830785799787917,-0.00723478176497187
2,4,-0.04132077362346684,-0.06910117555770433,0.020696354143298432,0.0038245863370934066,-0.05045846688369592,0.045697013531993125
2,5,-0.00874291954517801,-0.16356230871306585,-0.05340510987457175,0.2565308652983581,-0.0824680275721768,0.04389851593020734
2,Aggregated,0.10664794320267408,0.029527258220392316,0.03537515595876905,0.09198153555107103,0.0791792793103722,0.0030451965414556464
2,Centralized,0.10664794320267408,0.029527258220392316,0.03537515595876905,0.09198153555107103,0.0791792793103722,0.0030451965414556464
3,0,0.08306911427527253,0.00014075646367764589,0.019621997248977105,-0.06790703788171361,0.08838410678698028,-0.09102732733251319
3,1,0.0587875662760049,0.018869136366478894,0.021008409640771934,-0.015199250894067862,0.04074122266000115,-0.03488673651610874
3,2,0.025008549487724845,-0.00909419186222698,0.004881804147243102,-0.13786120886480194,0.07533645687239332,-0.09808330528351805
3,3,0.023884905565014138,0.060414149645238245,0.013384723492208024,-0.07630427406519165,0.024308784864450938,-0.11812883064611578
3,4,0.08174000562114477,-0.0281124092164548,0.00954343294966024,0.09576100482632895,0.01922299376122325,0.10051000143425443
3,5,0.12424849313451504,-0.10197602533052115,-0.025880406786717398,0.2071279075286626,0.05480861344995595,0.09605300741607693
3,Aggregated,0.07239948521711682,-0.010475640806712464,0.004961919341838857,-0.004468502013146729,0.055507406298330626,-0.025479465469739417
3,Centralized,0.07239948521711682,-0.010475640806712464,0.004961919341838857,-0.004468502013146729,0.055507406298330626,-0.025479465469739417
4,0,0.07602917985924465,0.0086449233977251,0.009728856845091024,-0.00835921344195955,0.01195773188452284,-0.07949865106647971
4,1,0.042583181833889476,0.004677536442304717,0.021712284408159414,0.011006436638523567,-0.032150808976558753,-0.04082128154418495
4,2,0.08486742227308587,0.046636880281616645,0.008113368774239087,-0.10804045723792453,0.07473121720227589,-0.052141563239346184
4,3,0.06911315552684158,0.057054120104261835,0.01574215324826332,-0.08491749841828311,0.011164333127967479,-0.054941111252269706
4,4,0.007178421569103977,-0.05986400052067826,0.036261459384633765,0.13923073167655828,-0.0908318261113277,0.010013076843093958
4,5,0.0006198201223573031,-0.14233427078436156,0.008990882279546392,0.23186755532357597,-0.10326801340347366,0.04214326259500834
4,Aggregated,0.04715220142664656,-0.016621095396990086,0.016786354910962923,0.02918717062732572,-0.020400800605067274,-0.02735301631254302
4,Centralized,0.04715220142664656,-0.016621095396990086,0.016786354910962923,0.02918717062732572,-0.020400800605067274,-0.02735301631254302
5,0,0.029928566043896473,0.021031185548899354,0.042798227785028606,-0.009307075377571056,0.01882280209466484,0.005669295459066689
5,1,0.019898961814044283,0.016046608139303344,0.041365455218619424,0.026915399487829016,-0.015093905190791432,-0.0051819551552751576
5,2,0.027688570535471548,0.06316864256045912,0.06110694334062768,-0.11080615713299498,0.06982707360125323,0.02658661794805336
5,3,0.019860825475337896,0.08428995839195227,0.0599502663497601,-0.07335098712212879,0.018801548213292284,-0.015481640943389411
5,4,0.015891744935496853,-0.07268939598521053,0.0036108042797118006,0.17633432374642258,-0.08261091104771662,0.008792515693930485
5,5,0.021362048212742388,-0.13349089926194066,-0.003905286841472571,0.21636338685266587,-0.09053362246001007,-0.007607096776197358
5,Aggregated,0.023255318158612676,-0.005899488895934922,0.03431818004482839,0.03791972587385232,-0.0127655014415447,0.004312195412120913
5,Centralized,0.023255318158612676,-0.005899488895934922,0.03431818004482839,0.03791972587385232,-0.0127655014415447,0.004312195412120913
6,0,0.024586169640514133,-0.006863858302917373,0.0153735320889008,-0.11925647263419278,-0.004301137835308766,0.00013296238739920105
6,1,0.011081445565426213,-0.009029418982879647,0.01718369449122183,-0.06651372865823223,-0.010810332729271743,0.009945169160888076
6,2,0.030170049099196843,0.012990812258556098,0.01041109767980273,-0.1980445019029597,0.018205719611012014,-0.0191033170761964
6,3,0.027743467316988336,0.027630059417798083,0.02484681847012576,-0.12686365980749312,0.023628397824056104,-0.010668510649392608
6,4,-0.024049763951275515,-0.06802630428515406,0.021901670703710376,0.045289520510532665,-0.06481338830287567,0.05066393508776381
6,5,0.0094033432926232,-0.07592357665878055,0.016910145392018835,0.12758049741070612,-0.06328537884974192,0.048333167378134874
6,Aggregated,0.012357262630769004,-0.020509456162803773,0.018167521470886076,-0.05875518063462407,-0.01779960578160389,0.01367974090576149
6,Centralized,0.012357262630769004,-0.020509456162803773,0.018167521470886076,-0.05875518063462407,-0.01779960578160389,0.01367974090576149
7,0,0.03915383455370563,0.025857826072780945,0.03936764588872893,-0.003037589737832029,0.026804294971085243,0.003321007605170135
7,1,0.01971803257196754,0.011525805586942663,0.03199837675596939,0.017230343296563602,-0.008759792968369587,-0.006649853088109935
7,2,0.07208890192550177,0.06524584998458229,0.05819556423274548,-0.08882135365456065,0.07571647213411613,-0.011615444184033048
7,3,0.043370478428213684,0.05835852558736768,0.04385156246251624,-0.07107568538837354,0.029011038853760083,-0.02961840491304714
7,4,-0.04554118535221006,-0.05103906291601324,0.016288544980075485,0.1638883646732068,-0.08093163074974785,0.04374345670044164
7,5,-0.07635481613252494,-0.11595794208099287,-0.014886531348242174,0.17907279780944282,-0.057676030041384586,0.06700487815069628
7,Aggregated,0.008849995157051078,-0.0002568814299165155,0.03033093690506983,0.03260368030007646,-0.0024971636620832044,0.011991396826030086
7,Centralized,0.008849995157051078,-0.0002568814299165155,0.03033093690506983,0.03260368030007646,-0.0024971636620832044,0.011991396826030086
8,0,0.02295367281038738,-0.020979643232468568,-0.0165661649081716,-0.09503420074399029,0.006614043212913943,0.010958453992142554
8,1,0.025302291165082376,-0.017007226297682882,-0.004049681841736465,-0.06463308853511053,-0.0016815012464492679,0.02144315819572274
8,2,0.044801771346721114,0.015423294679677717,-0.027722105853858682,-0.16968474361304806,0.03356996713016482,-0.0059728643895295
8,3,0.04627261010773255,0.0013942295271331014,-0.03723468225477412,-0.1336371051170825,0.0324057917079797,0.008739915233121308
8,4,-0.0069954317731065335,-0.0751338095347191,0.03192384173065079,0.06347014476623905,-0.06007256371519852,0.04598679859473674
8,5,0.005705480273289285,-0.1397273611611914,0.018272636119071796,0.14922330827412575,-0.049625874349754275,0.04239830515046323
8,Aggregated,0.022781790781710897,-0.038726198305427596,-0.005297950313681932,-0.04542634575440351,-0.007364450306692854,0.02114053359209574
8,Centralized,0.022781790781710897,-0.038726198305427596,-0.005297950313681932,-0.04542634575440351,-0.007364450306692854,0.02114053359209574
9,0,0.0316705234802389,0.03184840674005801,0.04458553367324113,-0.11026707187193026,0.04665735283142002,0.007932916640124922
9,1,0.027588691450464633,0.03806328823679514,0.029584356605747222,-0.07686064968254949,0.010464676226899635,0.010950768290142679
9,2,0.036672470130401404,0.04793952550599511,0.06009785483030682,-0.18225748572185926,0.07019278445056769,-0.002562024662159236
9,3,0.03619062747673266,0.05723996329911319,0.033225302083188496,-0.09290747858486302,0.043627456098167886,-0.011441573490668346
9,4,0.011975413251307356,-0.0038522524637738358,-0.014326487461785773,0.043564217256973396,-0.06034120839405943,0.03765961858861486
9,5,-0.006880009624290357,-0.04671841166587974,-0.037608495902173224,0.0754221768000936,-0.03019957630291833,0.035295130365389275
9,Aggregated,0.02384403256782632,0.02166968530490858,0.020440181065767074,-0.05976850815816509,0.012947430985169029,0.013608889880340615
9,Centralized,0.02384403256782632,0.02166968530490858,0.020440181065767074,-0.05976850815816509,0.012947430985169029,0.013608889880340615
10,0,0.03421025783459873,0.03401043282939338,0.0187750126571888,-0.0379166373453435,0.04676708082711298,-0.023349105641097687
10,1,0.03585436409881354,0.03094102703017201,0.030423008720287106,-0.030095177486767863,0.0027093439299050157,-0.008207622981295066
10,2,0.061332057221193864,0.06109632622921842,0.0429775925961544,-0.08206155410500851,0.11923526048670223,-0.03197996594668195
10,3,0.022462763904569243,0.05633199120448,0.02873740479616957,-0.09827833028450857,0.0620610836063176,-0.02874824529459362
10,4,0.0022170862480228202,-0.03182676016519814,0.0016385277831139355,0.07244638361897653,-0.11783173006842315,0.024251282259315114
10,5,-0.0031993328605972,-0.027308610024022902,-0.019877860963722422,0.13156577565581218,-0.09537628011714286,0.03331188535283359
10,Aggregated,0.026093052326714827,0.020261264802534602,0.0183727755285974,-0.007287826508420779,0.0029194590423209537,-0.005809094493062109
10,Centralized,0.026093052326714827,0.020261264802534602,0.0183727755285974,-0.007287826508420779,0.0029194590423209537,-0.005809094493062109
11,0,0.027807177451487038,0.014538315300145132,0.011253933396651665,-0.11283526785384126,0.004299162058419368,0.019310657924296263
11,1,0.02090902908491874,0.010862055181290733,-0.007896519763698144,-0.0628596989686644,-0.016911943378368856,0.02317511299036472
11,2,0.01839599785569546,0.01737148675688271,0.027338873993553583,-0.1935710334458471,0.01902153660102524,0.012067592038083495
11,3,0.02773439980044098,0.039731355313976084,0.02565889625956971,-0.12476947585936586,0.004548032771951306,0.008779288766474507
11,4,0.03622819895007089,-0.027395021727445956,-0.046373081803794285,0.10923779992452434,-0.05176441169662301,0.04598889561662884
11,5,0.04155094154221758,-0.07077785776700152,-0.04469570059985095,0.1287423748819366,-0.04762845619799956,0.01998167460804302
11,Aggregated,0.028228670403645417,-0.002288344034753439,-0.006267672985458859,-0.045119471261374985,-0.014666328900885634,0.022441984942681324
11,Centralized,0.028228670403645417,-0.002288344034753439,-0.006267672985458859,-0.045119471261374985,-0.014666328900885634,0.022441984942681324
12,0,0.025208096084211453,-0.011512867301848213,0.02687676876032519,-0.03503332335409635,0.029564522837010956,0.0215563330027841
12,1,0.009831894648508175,-0.012740981402913827,0.016269396711027916,-0.005999036353934769,0.012384507412806044,0.021346889555774184
12,2,0.05135766516770364,0.010464634172104522,0.053013207194822984,-0.09181550322102383,0.06929876130785352,0.01837117738847001
12,3,0.04321242070295583,-0.012560947619095573,0.03864329059486382,-0.053338160508953854,0.04080014699814355,0.010364972853686268
12,4,-0.05217158417103171,-0.05695747153566053,-0.04807634212742689,0.0998182734985439,-0.06910512277997959,0.03293416067995317
12,5,-0.01626130859943007,-0.1582744741111357,-0.0462432678941897,0.11520872130789063,-0.037616281815773936,0.04640053942586859
12,Aggregated,0.0104192303598251,-0.03863935260703591,0.007307221582703105,0.00408950012278255,0.00765421644738654,0.025056181727641628
12,Centralized,0.0104192303598251,-0.03863935260703591,0.007307221582703105,0.00408950012278255,0.00765421644738654,0.025056181727641628
13,0,0.0021805425480914582,0.015789717756811816,-0.009633326679861698,-0.1333711374644588,-0.011305126960332286,-0.008052466661580087
13,1,0.005438432675646977,0.02000304171649504,-0.0020507094375851426,-0.0970556009848236,-0.03200152406400858,-0.006114322296174362
13,2,-0.01382980981364286,0.02090188042449983,-0.02416023676490749,-0.18347903204371135,-0.00244516422265569,-0.023070758607541805
13,3,0.00728927295497089,0.038014989970306466,-0.003943678395476777,-0.14086577973185438,-0.0638414505624963,-0.011866273644353453
13,4,0.03140689391731018,-0.017239585260340386,0.03496425482751661,-0.023693719391632066,-0.01436292962935384,0.036377373083668445
13,5,0.06044699271582359,-0.044982185030454654,0.05474443337560379,0.05921579884618358,-0.08937075768063504,0.04453975215356712
13,Aggregated,0.01431380904970044,0.0063332994844309196,0.007327846572915615,-0.08932027194996096,-0.03359671684492486,0.004754284306045382
13,Centralized,0.01431380904970044,0.0063332994844309196,0.007327846572915615,-0.08932027194996096,-0.03359671684492486,0.004754284306045382
14,0,0.033616133572584375,0.00991100645562113,0.025673111795266775,0.03101364931544825,-0.04391265044560053,0.042969363322799374
14,1,0.023817771043108203,-0.004411750587582513,0.009921036575742443,0.05879984843489705,-0.0958760900835815,0.029304010111485427
14,2,0.04995349104769573,0.04464940525697364,0.05203586418028912,-0.010660445038913512,0.020556755546629127,0.04281872808743249
14,3,0.021454886177515217,0.06207642643315287,0.04563138003107019,-0.008571243454779618,-0.08263971823144095,0.03258353985598279
14,4,0.0033912313778684294,-0.10522057371992587,-0.056112717221166356,0.1317343785842873,-0.1513288099783661,0.024667961333086637
14,5,0.02967840843171769,-0.13104384902121016,-0.032192483127533526,0.1468507894422291,-0.2675277147422552,0.033329470620568465
14,Aggregated,0.02741911389682353,-0.021034109493078566,0.007470420530837269,0.059311917310802216,-0.10077162869804132,0.03478010548668608
14,Centralized,0.02741911389682353,-0.021034109493078566,0.007470420530837269,0.059311917310802216,-0.10077162869804132,0.03478010548668608
15,0,0.014730879505622258,0.01600773403352423,0.021775440173019044,-0.12752753792728463,0.0104330853538136,-0.029121582050142435
15,1,0.01900489419036677,0.035844185101468154,0.04089898932157132,-0.08861956152904386,0.01144359755613511,-0.011018292365792949
15,2,0.0026844099365049517,0.019686931368094608,0.03150786421011254,-0.20770376420063674,0.019732220691078422,-0.0599470626610696
15,3,0.011231237308538968,0.0475366493187238,0.04399345269952364,-0.13438495191334712,0.01870621696762183,-0.013844557735005234
15,4,0.03975985269729058,0.011394435346839898,0.05586980276190634,0.02390006454671154,-0.02571077922982226,0.053788528444699266
15,5,0.03899107664990691,-0.010376628416435432,0.05837096648721878,0.12828752722053485,-0.03013914808574785,0.05305983808920132
15,Aggregated,0.021026183381727615,0.020583673388591735,0.04142555531284548,-0.07169005402245344,0.001117576597043226,-0.0022386364516694527
15,Centralized,0.021026183381727615,0.020583673388591735,0.04142555531284548,-0.07169005402245344,0.001117576597043226,-0.0022386364516694527
16,0,0.05264825715456494,0.041003375453915,0.019267200414714195,-0.06258188401268859,0.04513151598830776,0.03119563041285559
16,1,0.0300333973752568,0.015704829403998286,0.016274023468100498,-0.05617841676924837,0.029600202250718983,0.023912210484008878
16,2,0.08052217861544687,0.0602486305692515,0.022307444542179772,-0.12348489650471627,0.0624261588019176,0.048823631961051404
16,3,0.038750059647061394,0.061151956793783484,0.023760006836607988,-0.09130511522997414,0.03271015411541319,0.03384893813634547
16,4,-0.0016158600864986559,-0.06183960324795458,0.035114680212924174,0.05960562856733079,0.009534537363228717,0.013965771978930463
16,5,0.004995744822855021,-0.10638005795228261,0.017609629904151616,0.10045596216723642,-0.00046733451601656354,-0.020222238286809396
16,Aggregated,0.03434748416507394,0.002486234483497193,0.022547411070743748,-0.030951379368090007,0.029919671771615898,0.023359383288513794
16,Centralized,0.03434748416507394,0.002486234483497193,0.022547411070743748,-0.030951379368090007,0.029919671771615898,0.023359383288513794
17,0,0.02393351060338789,0.022197514041348038,-0.00011577439457566655,-0.09679737792424141,0.024722158464760977,0.027314273345525227
17,1,0.010194401537022542,0.03566009323480073,0.00831497795616498,-0.08460969311146917,0.011335089707197706,0.012440687717487093
17,2,0.02731293026393593,0.04183402134478224,-0.0022832989794221463,-0.16121092244293422,0.05102286834138434,0.03469988582404557
17,3,0.006312591209372339,0.059721562600136086,0.0011924238093337363,-0.1090379853997588,0.023251833419237065,-0.00010970405247993982
17,4,0.0011751587006811276,-0.024635733816387805,0.016214084901699784,0.01990965264871525,-0.04050062555724048,0.009290252612355865
17,5,0.00926016473615955,-0.07722086664389743,0.03939156060981972,0.07329470647763295,-0.027411497968053207,0.012381020182211341
17,Aggregated,0.013198456031338651,0.011262156902566618,0.009689120739361672,-0.06179055073780984,0.00782802089364232,0.016208312169420362
17,Centralized,0.013198456031338651,0.011262156902566618,0.009689120739361672,-0.06179055073780984,0.00782802089364232,0.016208312169420362
18,0,0.02353558999863089,0.017690078502063594,0.018103537335301546,-0.04077496738073968,0.032544657555245805,-0.013360450269688408
18,1,0.021928423443388707,0.019542424811878276,0.0017605038811427608,-0.010400016854603374,0.02187209644190797,-0.0018979450467219155
18,2,0.03816374865497235,0.04693583764553106,0.0485702764505586,-0.08563861874863408,0.06639276300339553,-0.01651805997687796
18,3,0.023169446668961195,0.056177352313374646,0.02558743264364541,-0.06021740975144615,0.036368880623496885,-0.042114126667912866
18,4,-0.008791047527220415,-0.0628517431936321,-0.05259990592291446,0.10108352522972988,-0.0430907333843135,0.04121543305444867
18,5,-0.0008952291673647466,-0.07261774162757982,-0.03673833016373754,0.11505905242602082,-0.03866837012995296,0.0018248893934393396
18,Aggregated,0.016278101580554094,0.0011352294880498026,0.0006123955686916381,0.0014252561376516962,0.012847478690498453,-0.004027994748639856
18,Centralized,0.016278101580554094,0.0011352294880498026,0.0006123955686916381,0.0014252561376516962,0.012847478690498453,-0.004027994748639856
