,BeforeLocalTraining,AfterLocalTraining,BeforeLocalPartialEvaluations,AfterLocalPartialEvaluations,BeforeEvaluation,AfterEvaluation
1,1789129545.3997507,1789129545.4501863,1789129551.630249,1789129552.1881464,1789129552.2041464,1789129552.2150998
2,1789129554.354887,1789129554.4060566,1789129560.6514711,1789129561.1932557,1789129561.207743,1789129561.2166042
3,1789129563.3127258,1789129563.3617935,1789129569.405874,1789129569.9661071,1789129569.980008,1789129569.9885125
4,1789129572.2802908,1789129572.3329616,1789129578.4264076,1789129578.9922864,1789129579.0064006,1789129579.0150685
5,1789129581.0738378,1789129581.1232903,1789129587.3098927,1789129587.889506,1789129587.903622,1789129587.912978
6,1789129589.988649,1789129590.041066,1789129596.1905968,1789129596.7434037,1789129596.758117,1789129596.767175
7,1789129598.8763978,1789129598.927734,1789129605.0664852,1789129605.6447449,1789129605.6589115,1789129605.668446
8,1789129607.740621,1789129607.7941215,1789129613.8086064,1789129614.365705,1789129614.3799124,1789129614.3889644
9,1789129616.7231486,1789129616.7923493,1789129622.9080367,1789129623.4945645,1789129623.5085943,1789129623.517524
10,1789129625.6027753,1789129625.6573355,1789129631.8185472,1789129632.4100065,1789129632.424039,1789129632.4333057
11,1789129634.5237203,1789129634.5759165,1789129640.71589,1789129641.2698405,1789129641.2842062,1789129641.2930884
12,1789129643.410597,1789129643.466272,1789129649.6004226,1789129650.1534169,1789129650.167581,1789129650.1765215
13,1789129652.3255951,1789129652.378291,1789129658.5160966,1789129659.067286,1789129659.0813625,1789129659.090251
14,1789129661.4010673,1789129661.453874,1789129667.5130918,1789129668.0839174,1789129668.0981734,1789129668.1073618
15,1789129670.2390652,1789129670.2924297,1789129676.4567616,1789129677.02822,1789129677.0426407,1789129677.051573
16,1789129679.1238503,1789129679.178301,1789129685.3218153,1789129685.88524,1789129685.8993487,1789129685.9089453
17,1789129687.966889,1789129688.0179906,1789129694.0610054,1789129694.6296914,1789129694.644151,1789129694.6529458
18,1789129696.7437065,1789129696.7952497,1789129702.9436312,1789129703.4983811,1789129703.5134366,1789129703.5222583
19,1789129705.6758041,1789129705.8259814,1789129711.9714262,1789129712.5333798,1789129712.5478785,1789129712.5572298
20,1789129714.65018,1789129714.7034726,1789129720.9473162,1789129721.5363314,1789129721.5506089,1789129721.5604446
21,1789129723.631173,1789129723.6827042,1789129729.7160258,1789129730.306692,1789129730.320845,1789129730.3297615
22,1789129732.3685262,1789129732.4207428,1789129738.7117171,1789129739.2744198,1789129739.2883465,1789129739.2973545
23,1789129741.4231594,1789129741.4759166,1789129747.4916475,1789129748.054332,1789129748.0685682,1789129748.077912
24,1789129750.1586626,1789129750.2135623,1789129756.053452,1789129756.5859344,1789129756.5999131,1789129756.6083133
25,1789129758.5713115,1789129758.6200583,1789129763.9728365,1789129764.4972708,1789129764.5112798,1789129764.5196888
26,1789129766.7126768,1789129766.765172,1789129772.1217015,1789129772.6485012,1789129772.662694,1789129772.671121
27,1789129774.651328,1789129774.6994169,1789129780.0865467,1789129780.6578176,1789129780.8021588,1789129780.8182023
28,1789129782.779214,1789129782.8283389,1789129788.1626992,1789129788.6803594,1789129788.6944802,1789129788.702862
29,1789129790.6876433,1789129790.7370384,1789129796.2190173,1789129796.7602775,1789129796.7744067,1789129796.7830365
30,1789129798.7249556,1789129798.7725348,1789129804.1027975,1789129804.6438713,1789129804.6579707,1789129804.6662612
31,1789129806.6073709,1789129806.6569328,1789129812.1967752,1789129812.7174308,1789129812.7315488,1789129812.739976
32,1789129814.707388,1789129814.7563822,1789129820.0944507,1789129820.6305776,1789129820.6445637,1789129820.6528537
33,1789129822.6084955,1789129822.6565804,1789129828.1232615,1789129828.6480792,1789129828.6621156,1789129828.6728935
34,1789129830.631787,1789129830.6808338,1789129836.0635617,1789129836.5906458,1789129836.6046093,1789129836.6130183
35,1789129838.574819,1789129838.6226587,1789129844.0852673,1789129844.624721,1789129844.6386104,1789129844.6470792
36,1789129846.5835202,1789129846.6328142,1789129851.9963324,1789129852.52738,1789129852.541545,1789129852.5502694
37,1789129854.5173779,1789129854.5681272,1789129860.0194695,1789129860.5533764,1789129860.5672696,1789129860.5759149
38,1789129862.5221033,1789129862.570487,1789129867.9771132,1789129868.4976647,1789129868.5116074,1789129868.5200815
39,1789129870.470314,1789129870.5222383,1789129875.9702072,1789129876.4927526,1789129876.5067344,1789129876.5150099
40,1789129878.471822,1789129878.5205379,1789129883.8930678,1789129884.412687,1789129884.4267983,1789129884.4351823
41,1789129886.5430164,1789129886.5919924,1789129891.9311216,1789129892.456081,1789129892.4700892,1789129892.478487
42,1789129894.4349403,1789129894.48433,1789129899.888376,1789129900.4113781,1789129900.4253738,1789129900.4336557
43,1789129902.5702643,1789129902.6183462,1789129908.0015855,1789129908.5237813,1789129908.537648,1789129908.547509
44,1789129910.5035367,1789129910.5561543,1789129915.973457,1789129916.4939327,1789129916.5079699,1789129916.5164003
45,1789129918.5015225,1789129918.5493352,1789129923.9295719,1789129924.447236,1789129924.461341,1789129924.4699028
46,1789129926.4256022,1789129926.4736242,1789129931.9046888,1789129932.4205468,1789129932.4345846,1789129932.442973
47,1789129934.4078965,1789129934.4568594,1789129939.8522167,1789129940.3727012,1789129940.3869305,1789129940.3953495
48,1789129942.3752363,1789129942.4236262,1789129947.850455,1789129948.36511,1789129948.379104,1789129948.387466
49,1789129950.3898919,1789129950.4505947,1789129955.8148654,1789129956.3346283,1789129956.3487074,1789129956.3571632
50,1789129958.3273695,1789129958.376249,,,,
