,BeforeLocalTraining,AfterLocalTraining,BeforeLocalPartialEvaluations,AfterLocalPartialEvaluations,BeforeEvaluation,AfterEvaluation
1,1783535825.7222834,1783535825.9200196,1783535831.9231381,1783535834.6014526,1783535834.6110158,1783535834.632825
2,1783535834.6606433,1783535834.847986,1783535841.4195392,1783535843.7023604,1783535843.714612,1783535843.7510586
3,1783535843.8124251,1783535844.0011427,1783535850.29498,1783535852.6017032,1783535852.6133947,1783535852.6393588
4,1783535852.6854167,1783535852.8768053,1783535859.2818148,1783535861.569003,1783535861.5805235,1783535861.6057656
5,1783535861.6410284,1783535861.8293545,1783535868.016973,1783535870.8138964,1783535870.8274512,1783535870.8579428
6,1783535870.9577653,1783535871.1749468,1783535877.2271204,1783535879.8388393,1783535879.8503692,1783535879.8778236
7,1783535880.0088885,1783535880.3007302,1783535886.9662588,1783535889.2483742,1783535889.2595727,1783535889.285353
8,1783535889.4157603,1783535889.5955405,1783535895.8302784,1783535898.1636736,1783535898.173512,1783535898.1952424
9,1783535898.2234595,1783535898.4019556,1783535904.7411125,1783535906.945884,1783535906.9575322,1783535906.9840112
10,1783535907.1155326,1783535907.3018506,1783535913.3964906,1783535916.385348,1783535916.3986673,1783535916.431613
11,1783535916.605022,1783535916.791712,1783535922.8116581,1783535925.4260552,1783535925.4390268,1783535925.465829
12,1783535925.5627024,1783535925.7512991,,,,
