,BeforeLocalTraining,AfterLocalTraining,BeforeLocalPartialEvaluations,AfterLocalPartialEvaluations,BeforeEvaluation,AfterEvaluation
1,1786888172.8215668,1786888173.6255147,1786888204.2558136,1786888210.4715633,1786888210.4818578,1786888210.6794677
2,1786888211.1965146,1786888211.991551,1786888241.7848897,1786888247.1379032,1786888247.1456714,1786888247.315416
3,1786888247.8473108,1786888248.6332462,1786888278.3457198,1786888283.755141,1786888283.762779,1786888283.9348583
4,1786888284.6426532,1786888285.6698737,1786888315.5879712,1786888320.9633043,1786888320.9707181,1786888321.142829
5,1786888321.769051,1786888322.6564212,1786888352.2969737,1786888357.6299393,1786888357.6381059,1786888357.8143122
6,1786888358.4759562,1786888359.2532501,1786888388.9163468,1786888394.2045374,1786888394.2117229,1786888394.3770552
7,1786888394.9233859,1786888395.7053318,1786888426.310054,1786888432.0872276,1786888432.0946016,1786888432.261128
8,1786888432.7792366,1786888433.5584152,1786888463.5611377,1786888469.6775694,1786888469.685277,1786888469.9361553
9,1786888470.3936727,1786888471.194207,1786888501.5377567,1786888507.3968914,1786888507.4042041,1786888507.5727367
10,1786888508.164559,1786888508.9732475,1786888539.2498257,1786888544.7041674,1786888544.716807,1786888545.1375742
11,1786888545.8400788,1786888546.642063,1786888576.501088,1786888581.842274,1786888581.849748,1786888582.0160446
12,1786888582.5234206,1786888583.399403,1786888613.0470679,1786888618.9827986,1786888618.990219,1786888619.1607993
13,1786888620.0268202,1786888622.50575,1786888653.016963,1786888658.5623608,1786888658.5698266,1786888658.7606893
14,1786888659.3630595,1786888660.1698294,1786888690.8610618,1786888696.2957742,1786888696.3030505,1786888696.470776
15,1786888697.2191553,1786888698.0119302,1786888728.8206942,1786888734.273752,1786888734.2813532,1786888734.5470667
16,1786888735.1060455,1786888735.9143527,1786888767.0447261,1786888772.7237482,1786888772.7323742,1786888772.9117541
17,1786888773.9252024,1786888776.0195646,1786888806.7610555,1786888812.352709,1786888812.3602347,1786888812.5262988
18,1786888813.0882585,1786888813.8770928,,,,
