,BeforeLocalTraining,AfterLocalTraining,BeforeLocalPartialEvaluations,AfterLocalPartialEvaluations,BeforeEvaluation,AfterEvaluation
1,1782857615.414912,1782857615.4373856,1782857616.692996,1782857616.9121091,1782857616.938096,1782857616.9420488
2,1782857616.9849956,1782857617.0053961,1782857618.090228,1782857618.3067188,1782857618.3314981,1782857618.3353062
3,1782857618.3802443,1782857618.4062116,1782857619.4856007,1782857619.7066472,1782857619.7364566,1782857619.7418432
4,1782857619.7891552,1782857619.8096325,1782857621.1332252,1782857621.358996,1782857621.384377,1782857621.3881564
5,1782857621.4317727,1782857621.4520304,1782857622.5331328,1782857622.7527213,1782857622.777892,1782857622.781623
6,1782857622.8221042,1782857622.84289,1782857624.0470057,1782857624.262437,1782857624.2875996,1782857624.2913969
7,1782857624.3336062,1782857624.3539507,1782857625.4308674,1782857625.6457171,1782857625.6708622,1782857625.6747851
8,1782857625.7202399,1782857625.7410018,1782857626.9334602,1782857627.1502724,1782857627.1755657,1782857627.1793976
9,1782857627.2224655,1782857627.2432404,1782857628.3226595,1782857628.5384786,1782857628.5634825,1782857628.5673113
10,1782857628.6091733,1782857628.6292825,1782857629.7065697,1782857629.92204,1782857629.9470363,1782857629.951072
11,1782857629.9921637,1782857630.0123937,1782857631.2242355,1782857631.4394982,1782857631.4645064,1782857631.4684296
12,1782857631.5172913,1782857631.5384245,1782857632.6055682,1782857632.8209913,1782857632.8461425,1782857632.8499181
13,1782857632.8934116,1782857632.9143028,1782857634.108442,1782857634.3244495,1782857634.3494735,1782857634.3534236
14,1782857634.3952549,1782857634.41648,1782857635.5812187,1782857635.797104,1782857635.8222182,1782857635.8260908
15,1782857635.8699672,1782857635.8914495,1782857637.09486,1782857637.3145003,1782857637.3392718,1782857637.3430302
16,1782857637.3859692,1782857637.4164078,1782857638.4920957,1782857638.709757,1782857638.7352533,1782857638.7392974
17,1782857638.7791882,1782857638.7998252,1782857639.8808868,1782857640.0954409,1782857640.1203868,1782857640.1244788
18,1782857640.1696496,1782857640.1905296,1782857641.3922896,1782857641.6067219,1782857641.631799,1782857641.6355927
19,1782857641.6870909,1782857641.7084255,1782857642.7832878,1782857642.9971013,1782857643.0220454,1782857643.0259564
20,1782857643.0725648,1782857643.0925674,1782857644.2959182,1782857644.5120006,1782857644.5367682,1782857644.54052
21,1782857644.5845752,1782857644.6054912,1782857645.6770794,1782857645.8911371,1782857645.91612,1782857645.9199882
22,1782857645.963424,1782857645.9841084,1782857647.0573132,1782857647.2711859,1782857647.2960565,1782857647.299929
23,1782857647.3435931,1782857647.3681667,1782857648.5549598,1782857648.7698421,1782857648.7954226,1782857648.7991645
24,1782857648.8449814,1782857648.8650184,1782857649.9381425,1782857650.167035,1782857650.1924248,1782857650.1963813
25,1782857650.2641842,1782857650.2852027,1782857651.474485,1782857651.6921709,1782857651.7171633,1782857651.7210944
26,1782857651.7666104,1782857651.7875223,1782857652.8580158,1782857653.0716283,1782857653.09681,1782857653.100638
27,1782857653.1447608,1782857653.1652362,1782857654.3585436,1782857654.5730526,1782857654.5981557,1782857654.60211
28,1782857654.6543589,1782857654.6741576,1782857655.7536337,1782857655.96699,1782857655.9919262,1782857655.9958613
29,1782857656.0423403,1782857656.0622032,1782857657.1331918,1782857657.347885,1782857657.3727875,1782857657.376546
30,1782857657.4268062,1782857657.4472466,1782857658.6405976,1782857658.8584573,1782857658.8838265,1782857658.8876486
31,1782857658.9313629,1782857658.9513245,1782857660.024207,1782857660.2378993,1782857660.2628706,1782857660.266956
32,1782857660.310654,1782857660.3320253,1782857661.5286727,1782857661.746166,1782857661.7713103,1782857661.7753797
33,1782857661.8166986,1782857661.837978,1782857662.909225,1782857663.127602,1782857663.1529498,1782857663.1567693
34,1782857663.2020667,1782857663.222935,1782857664.424584,1782857664.6422956,1782857664.6672153,1782857664.6711674
35,1782857664.7146087,1782857664.735765,1782857665.8273647,1782857666.0435557,1782857666.0686905,1782857666.0724876
36,1782857666.1194649,1782857666.1409786,1782857667.224729,1782857667.43966,1782857667.4647737,1782857667.4686017
37,1782857667.5355394,1782857667.56116,1782857668.7442687,1782857668.9615304,1782857668.9866142,1782857668.990526
38,1782857669.0316632,1782857669.052446,1782857670.1258495,1782857670.3404784,1782857670.3658109,1782857670.3697586
39,1782857670.4153318,1782857670.4366224,1782857671.6305137,1782857671.8504634,1782857671.8759494,1782857671.8800883
40,1782857671.9182615,1782857671.9395554,1782857673.010376,1782857673.22576,1782857673.2507532,1782857673.254686
41,1782857673.3008387,1782857673.3288932,,,,
