,BeforeLocalTraining,AfterLocalTraining,BeforeLocalPartialEvaluations,AfterLocalPartialEvaluations,BeforeEvaluation,AfterEvaluation
1,1786726808.3974144,1786726808.6008964,1786726813.963994,1786726815.927487,1786726815.9420588,1786726815.9729831
2,1786726815.9950483,1786726816.1854455,1786726821.8472548,1786726823.856281,1786726823.870185,1786726823.90133
3,1786726823.923106,1786726824.116057,1786726829.4977787,1786726831.5004478,1786726831.5143454,1786726831.5454748
4,1786726831.5674255,1786726831.7605789,1786726837.2511911,1786726839.249365,1786726839.2632608,1786726839.2943053
5,1786726839.3156188,1786726839.507489,1786726845.0479252,1786726847.0272236,1786726847.041068,1786726847.0720975
6,1786726847.0941386,1786726847.290095,1786726852.549981,1786726854.521182,1786726854.5349662,1786726854.5658476
7,1786726854.58792,1786726854.781792,1786726860.4549918,1786726862.4397326,1786726862.4536602,1786726862.4848478
8,1786726862.5125053,1786726862.7116096,1786726868.0870154,1786726870.0547416,1786726870.068575,1786726870.099189
9,1786726870.122122,1786726870.3135147,1786726875.8832831,1786726877.8640742,1786726877.8778362,1786726877.9088066
10,1786726877.9311342,1786726878.1233711,1786726883.798827,1786726885.7556338,1786726885.7695458,1786726885.8004196
11,1786726885.8250275,1786726886.0245795,1786726891.2980783,1786726893.261751,1786726893.2755308,1786726893.3061252
12,1786726893.329557,1786726893.5207639,1786726899.0465524,1786726901.002186,1786726901.0160275,1786726901.0468998
13,1786726901.0766413,1786726901.2715738,1786726906.5840166,1786726908.5550623,1786726908.5688965,1786726908.599811
14,1786726908.6213415,1786726908.813639,1786726914.3935323,1786726916.3494792,1786726916.3633263,1786726916.394199
15,1786726916.4251308,1786726916.6209283,1786726921.9489727,1786726923.9394324,1786726923.9532804,1786726923.9843342
16,1786726924.0061066,1786726924.1992877,1786726929.698748,1786726931.6879208,1786726931.7017684,1786726931.7327366
17,1786726931.7546937,1786726931.9481516,1786726937.2422836,1786726939.2220001,1786726939.2357962,1786726939.2670286
18,1786726939.2886953,1786726939.4801354,1786726944.9796317,1786726946.942951,1786726946.956771,1786726946.9876142
19,1786726947.0333538,1786726947.2459617,1786726952.7208514,1786726954.700213,1786726954.7139456,1786726954.7447548
20,1786726954.7666094,1786726954.9593453,1786726960.5705817,1786726962.5473523,1786726962.5609944,1786726962.592041
21,1786726962.613819,1786726962.8051822,1786726968.062065,1786726970.0434632,1786726970.0571294,1786726970.087877
22,1786726970.1090727,1786726970.301382,1786726975.9602602,1786726977.9507732,1786726977.9645534,1786726977.9953935
23,1786726978.016725,1786726978.208956,1786726983.6043637,1786726985.5695655,1786726985.5834389,1786726985.6148214
24,1786726985.6359587,1786726985.9095747,1786726991.52668,1786726993.49637,1786726993.510363,1786726993.54116
25,1786726993.561858,1786726993.754945,1786726999.0029638,1786727000.9582865,1786727000.9720616,1786727001.0028543
26,1786727001.0238035,1786727001.216371,1786727006.8008826,1786727008.7790577,1786727008.7929168,1786727008.8235164
27,1786727008.845768,1786727009.0397654,1786727014.405567,1786727016.3737552,1786727016.3874977,1786727016.4182239
28,1786727016.4392347,1786727016.636045,1786727022.228669,1786727024.2034166,1786727024.2175012,1786727024.2483873
29,1786727024.2699308,1786727024.463502,1786727029.755509,1786727031.7101,1786727031.7239711,1786727031.7548614
30,1786727031.776683,1786727031.9724224,1786727037.5733836,1786727039.5382345,1786727039.5521255,1786727039.5831468
31,1786727039.6051285,1786727039.7962556,1786727045.078195,1786727047.0664973,1786727047.080394,1786727047.111245
32,1786727047.1330464,1786727047.326427,1786727052.848382,1786727054.8084767,1786727054.8223097,1786727054.8529782
33,1786727054.8746731,1786727055.0740592,1786727060.4625132,1786727062.4247851,1786727062.4386775,1786727062.470616
34,1786727062.4965842,1786727062.6951518,1786727068.0882986,1786727070.0416753,1786727070.0559168,1786727070.0870194
35,1786727070.1094873,1786727070.301089,1786727075.929281,1786727077.892495,1786727077.9064944,1786727077.9373977
36,1786727077.9579659,1786727078.1485114,1786727083.4674225,1786727085.438274,1786727085.4520571,1786727085.4827507
37,1786727085.503398,1786727085.6943035,1786727091.3088942,1786727093.28537,1786727093.2992625,1786727093.330413
38,1786727093.351542,1786727093.5441759,1786727099.1153083,1786727101.0823638,1786727101.096267,1786727101.1271687
39,1786727101.148738,1786727101.345108,1786727106.6191115,1786727108.5905523,1786727108.604328,1786727108.635245
40,1786727108.656606,1786727108.849426,1786727114.1427925,1786727116.1162336,1786727116.1299598,1786727116.1608164
41,1786727116.1825144,1786727116.374936,,,,
