Round,Evaluator,0,5,3,2,1,4
0,0,,,,,,
0,1,,,,,,
0,2,,,,,,
0,3,,,,,,
0,4,,,,,,
0,5,,,,,,
0,Aggregated,,,,,,
0,Centralized,,,,,,
1,0,6.917076863020724,7.09898549847658,7.379393579654845,7.211944771426057,6.808782943368875,7.334228515977041
1,1,7.621674225500445,7.865400355073411,7.945712037242692,7.630120978265949,6.998404211999699,7.864231631534213
1,2,7.911800161828507,8.15007796729466,8.275911832775988,7.910102008487753,7.2228166189959415,8.152923997198231
1,3,7.015373937518321,7.204221687747851,7.377582234960561,7.031206058762412,6.3961814765469365,7.270206806586682
1,4,7.364009875215255,7.6016796122496535,7.90466822102297,7.794462066644346,7.2868803646969775,7.834118801672868
1,5,7.1884595655127645,7.4100871993196025,7.53154429775221,7.309466881206409,6.637241030900955,7.483716672543972
1,Aggregated,7.289313763887939,7.504359439060339,7.690376495657395,7.444082586328713,6.866227115933716,7.613974842348327
1,Centralized,7.289313763007188,7.504359439169299,7.690376496512295,7.444082591393866,6.866227117737181,7.613974842045848
2,0,1.8357376309489999,2.4818260123830993,2.7815658077294656,1.7084733403980121,1.491735642920514,1.0556346431897015
2,1,1.5603271677736337,1.529266041252323,1.8401014480678892,1.8993800795416371,1.4507923967639063,0.8817748069647643
2,2,1.8613325230193831,1.9286054229450924,2.414038616809918,2.026542175740692,1.524755841904419,0.7447087605556428
2,3,2.2644235152899657,2.118449848258327,3.0673817440755453,2.31761923020737,1.9535419244716725,0.8803594620406414
2,4,1.6978521031699498,2.4469302482898163,2.4005867151182034,2.0038467357484735,1.8802494329752224,0.9334248740028465
2,5,1.8351997267107794,1.4791833829498648,1.8631272004851915,2.1235793357430386,1.6841115242162592,0.7328517938828822
2,Aggregated,1.8382709997619457,2.0081357772462316,2.4001440867197434,1.9964745737155156,1.6609239410200303,0.8766945441517704
2,Centralized,1.8382709935928634,2.008135774403776,2.400144081087464,1.9964745699283961,1.660923937455859,0.8766945412229331
3,0,0.7094922361209961,-0.23921741634470348,0.8606365378447124,0.2378684777457997,0.34742921579744945,0.7213451832679705
3,1,0.6037240965705971,-0.5917467201936842,0.24447891668794983,0.34700328871377967,0.038443293595958036,0.5833613751775464
3,2,0.6349491975661089,-0.22363792169101326,0.4982600237130884,0.2556997275385237,0.1510458089630566,0.6510992839407496
3,3,0.3683709636701314,-0.3178744212824366,0.9322830803258328,0.46771379187289086,0.484954974452528,0.7809336588773309
3,4,0.5743248478569739,-0.3067142971207329,0.45835206289032915,0.35684690431031696,0.29622374756924297,0.46041472426948904
3,5,0.24292661542040916,-0.08337122191426521,0.3689647074871652,0.30880161390580513,0.3974847014435364,0.397186264103358
3,Aggregated,0.5159344395013558,-0.28621176397348963,0.572512082968544,0.3272325124242079,0.29689548333592675,0.5958552688068698
3,Centralized,0.5159344444812846,-0.2862117620103785,0.5725120873555376,0.3272325139311017,0.2968954832300448,0.5958552706219208
4,0,1.0270358207698818,0.8118435335026348,-0.3526682022530758,0.7809348862533995,0.5604079261124718,-1.012284952578887
4,1,0.8429700412008325,0.7241310378905805,-0.9511770176568742,0.9083328336539409,0.5044392710415907,-0.7894017973662434
4,2,0.8334138823545716,0.9142215741265671,-1.1398846069583957,0.6254876496983932,0.6340576556633784,-0.8280995845288277
4,3,0.5413512158204364,0.5096760011437996,-0.3613171153540683,0.39570500450039814,0.6103743944395245,-0.43840528769999926
4,4,0.8866086426809302,0.8233562627924886,-0.9252171062432584,0.8661930318904624,0.5621861775902568,-1.1177898155612525
4,5,0.3382899313528236,0.5376087834708966,-0.882156822564024,0.2716419879353267,0.7740188274687614,-0.5078185916147135
4,Aggregated,0.7390151557942519,0.709329698613761,-0.7380343586928368,0.6335913901262437,0.6062179537008049,-0.7783608488663396
4,Centralized,0.7390151577529723,0.7093296980118237,-0.7380343609240989,0.6335913913095016,0.6062179499604327,-0.7783608498404953
5,0,0.4440896508031816,0.25822188817355846,-0.14127932420941008,0.2477783878518705,-0.0195550574574558,0.35581933865002885
5,1,0.4353453020817144,0.14391876862693292,-0.2314789850724091,0.29710447619605906,-0.2670554180191571,0.5800975154842277
5,2,0.3322128272126252,0.3258387411237251,-0.3784267092394661,0.04102575152351909,-0.2656972017909774,0.6194138017091653
5,3,0.3557073687160186,0.03759137869478799,0.2498289381849049,-0.057304581884704504,-0.3753191010850498,0.4944159643039298
5,4,0.2260368757138899,0.20549648164035497,-0.30771042424318124,0.30266373113510225,-0.005647415266779415,0.4766964348147869
5,5,0.32722440869680314,0.23716094230468038,-0.10343191834947775,-0.28381577164456456,-0.11687142477884163,0.4350933857202078
5,Aggregated,0.35317134372358455,0.1980947277415498,-0.1395665035850898,0.08833860379117987,-0.16441603346034267,0.47993071856766417
5,Centralized,0.35317134728081295,0.19809472877391518,-0.13956650120081093,0.08833860726821817,-0.1644160301109092,0.47993072287535665
6,0,0.4302682699168871,0.4841832604048432,0.29856869116375845,-0.0767155027747884,0.044654625561958185,0.05096284767490324
6,1,0.29164424054010873,0.04738691330154232,0.1991905976183688,0.1028292409453561,-0.14711977763278103,0.39305879508316466
6,2,0.17616717265193954,0.1246232855898579,0.11977874435312168,-0.021778721121365863,-0.13429158712595374,0.37150236955115673
6,3,0.23365594039277454,-0.1770109331016464,0.07355231689846017,0.29103575551889144,-0.25184159685506347,0.5199698405006552
6,4,0.21181679950352733,0.05354380785409525,0.1100463000773333,0.06839064527924296,0.05135888745606477,0.21724253353121148
6,5,-0.10714492782695649,-0.2419316689269232,0.09441211805983037,0.11386759937751134,0.024395631410276133,0.33449636139492
6,Aggregated,0.20584033840465324,0.05128966741611464,0.15172105977624553,0.08000454868493291,-0.06034578251730524,0.30294261157876623
6,Centralized,0.2058403403669766,0.0512896651136285,0.15172105662270463,0.08000454823090154,-0.06034578631847231,0.30294261011114104
7,0,0.6193139563935837,-0.4995442046059359,-0.6807014837935625,-0.44233898108062114,0.42743111304675546,0.3302000070225347
7,1,0.4542423919664299,-0.26376071095513315,-0.7852796501741717,-0.07064175627002418,0.1661153009425213,0.39837204897171224
7,2,0.4204051780652391,-0.1592739727809499,-0.9525311370827794,-0.1720153972851528,0.2501419771508796,0.373338160280942
7,3,0.24655226241886682,-0.2361143569473936,-0.544322386422338,-0.019684150297819357,0.18866166409214072,0.2754617027485035
7,4,0.26550875917146116,-0.1157497614146474,-0.9109401959319834,-0.047907778562783776,0.28011197819936723,0.3835668368899598
7,5,0.13450454541718287,-0.027307829150117986,-0.5211358514220161,0.05724841861558735,0.21758067412534754,0.29211689264958624
7,Aggregated,0.35348147307111866,-0.22145059581598947,-0.7141216406623541,-0.1192794089606595,0.25910956709338734,0.3369470742372358
7,Centralized,0.3534814741385708,-0.22145059647100923,-0.7141216384248554,-0.11927941156817873,0.2591095654598794,0.33694707339053087
8,0,0.2937029081577498,0.4741623859831067,-0.42605200378415936,0.2520482889501453,-0.06310569409968245,0.4388439487970953
8,1,0.4448357775950405,0.05025130766479255,-0.6948643991420891,0.24745172446587008,0.13282059222699977,0.44667846604504996
8,2,0.4063642245819782,0.1352641013831102,-0.8450522183827667,0.2810232014348639,0.14680870226021117,0.44967481424210604
8,3,0.43010307761808125,-0.2612352132643821,-0.9569068093235029,0.29639016626425385,0.29869559917081795,0.5038208600533811
8,4,0.2963849078480397,0.11955381460358963,-0.5925647881150334,0.1228532389956068,0.23556850813261093,0.37355599156776914
8,5,0.3702810231408855,-0.21179473094428583,-0.6528228327215774,0.08331822123017568,0.352078365065148,0.1865841136982067
8,Aggregated,0.3672192532904402,0.05258650765292784,-0.6788982815514142,0.20882643309003973,0.18238943809266045,0.3929181252545013
8,Centralized,0.36721925443827136,0.052586508128472896,-0.6788982799098928,0.20882643288738523,0.1823894430888426,0.3929181280435274
9,0,0.33026856633966256,0.10246177991659995,0.38552065098996136,-0.5278860670007905,0.05640937578504849,0.08481574191025333
9,1,0.19802213817180728,-0.003371957609955108,0.21863151168968523,-0.1867795049120155,-0.10617099498454602,0.23433938434270254
9,2,0.23162707409354744,0.06438883180806805,0.16636899036484434,-0.30104620648639313,-0.08105638296370202,0.17742271078316219
9,3,0.04880305059685502,-0.04652994152561221,0.11042299793108376,-0.13006205283389852,-0.022038170492050074,0.3070486107972583
9,4,0.015960417720849187,0.2085089691693419,0.06418617754412198,-0.19621608459646017,-0.03787654606831704,0.18368954447904726
9,5,0.03319617883773643,-0.014457862439163449,0.07727061784069905,-0.07734328293188249,-0.11901955439405086,0.1427792482072952
9,Aggregated,0.13956787806926524,0.052061335460503816,0.1718546987548061,-0.2373951403691699,-0.04733904216470641,0.18391640722275812
9,Centralized,0.13956787779102897,0.05206133424272057,0.17185469858653976,-0.23739514171776627,-0.047339041494677284,0.183916407601436
10,0,0.4211055294479342,0.11339778553607545,0.18275882400459856,-0.22328274329547332,0.17839064927385404,-0.025285372437715007
10,1,0.4517145790319844,0.14828261237135845,-0.22500238389812563,-0.3145773864770066,0.25130306297553,-0.03029518692173145
10,2,0.563056184679599,0.27762284948188515,-0.32792526706320024,-0.44078686136509354,0.2852136392837511,-0.18089509931263853
10,3,0.29212406253391876,0.15085556427854177,-0.7882648217940322,-0.2549487208445682,0.3964549793951747,0.1458848619463139
10,4,0.19582816368281813,0.3317017571811606,-0.5593051055777626,0.017869092504343972,0.34332965364167745,-0.06381176179198586
10,5,0.32283257702317525,0.27773793486802206,-0.7764635976531981,-0.2824981263596989,0.47184595052519757,-0.19300237163998435
10,Aggregated,0.3626540610666247,0.2131061186602308,-0.41572036841350796,-0.23870092644844754,0.3219884400338965,-0.05351687889878889
10,Centralized,0.362654059798016,0.2131061158388482,-0.41572037365724396,-0.23870092554361244,0.32198844053697473,-0.053516879261345865
11,0,-0.2478129739167675,0.19595562861905327,0.1353457937732802,-0.4745868481711826,-0.2580639864489903,-0.06140166405733503
11,1,-0.18234250548225361,0.13777676540117023,-0.03660195419510528,-0.15006543321407984,-0.4174728875468293,0.3048775508056631
11,2,-0.25839677027087227,0.3577348662176571,-0.05214117186299504,-0.22753725816772344,-0.4256143238792883,0.29202881681362447
11,3,-0.18049213077903184,0.23347237344423752,-0.32286222333512715,-0.04439512526926208,-0.16202352525303215,0.42100125082547407
11,4,-0.2624035793195283,0.28981144827399646,-0.2701097335443323,-0.09635380636296328,-0.3611441882292295,0.3796371491164451
11,5,-0.017523606740426346,0.19976539894975803,-0.20898686056990334,0.010483289005764245,-0.16002466069177462,0.3338430513949225
11,Aggregated,-0.18595820921775627,0.22983605267414553,-0.12592324862339935,-0.16423067279602274,-0.28409065969321623,0.2688501509284279
11,Centralized,-0.18595820957875991,0.2298360549339772,-0.1259232498084719,-0.1642306718017558,-0.2840906582939615,0.26885015346099145
12,0,0.4715141552399482,0.4200232037776631,-0.8758469525509452,0.3704312602353261,-0.12464477952971749,0.07850015873494993
12,1,0.39585065508622486,0.3139617711243776,-1.055680225762829,0.35406617687529324,0.053159930074061515,0.32364210647807035
12,2,0.4304484503840641,0.4192583114440519,-1.126271885883069,0.37333243008594,0.03323803347486875,0.2517649470699845
12,3,0.14343191253861948,0.11026833660988448,-0.858376423943302,0.23107163902783717,0.12540845489658684,0.3780642844589951
12,4,0.32377781968663605,0.18987138675741763,-1.0361237709381839,0.484816550451384,0.18449534232961767,0.322989239922457
12,5,0.1994735861626232,0.0008285218126721597,-0.7450568580942019,0.28189013789123807,0.2271374829636203,0.3291656393779778
12,Aggregated,0.3203616966435202,0.2317841922765884,-0.9289880779595588,0.34508094491333474,0.08296004403391304,0.2756322691604159
12,Centralized,0.3203616942305874,0.23178418913888313,-0.9289880789738482,0.34508094393234173,0.08296004121098845,0.2756322734834728
13,0,0.7706361152620218,-1.0602722698843305,-0.04082588512340893,0.06853914709646437,-0.5277454418870822,0.6399839005395174
13,1,0.726304650757716,-1.1146884621057933,-0.18697054074154304,0.14620127896668086,-0.572891867468699,0.7240086264534124
13,2,0.6741878348826259,-1.0711908441141633,-0.2515765169792716,0.16987131131083621,-0.6270057167730878,0.7466304158403219
13,3,0.4680357616307005,-0.8837493737937946,-0.12556954326065312,0.11094990523048502,-0.3518085646074091,0.6536728823423392
13,4,0.7397835986882094,-1.0568821002894906,-0.24462313910093983,0.03739419273300592,-0.5497428167435516,0.7496045018749573
13,5,0.45075456469635583,-0.779210128264066,-0.17352486619729138,0.05906336384123349,-0.259755671660588,0.5014409592166833
13,Aggregated,0.6306116197409973,-0.9803777049292279,-0.16252025219532623,0.09311001302108887,-0.4679124611348868,0.657443015141392
13,Centralized,0.6306116205772506,-0.98037770478879,-0.1625202514036502,0.09311001316716323,-0.46791245925890035,0.6574430135932757
14,0,2.039516452008523,1.2369825707291875,-9.152484673109761,1.567222693040338,2.326350368302136,2.0645410902575247
14,1,2.3305738408177494,1.0454270428189665,-11.228288128074901,1.771746357624568,2.4678352031795927,2.487850522126091
14,2,2.52739129160655,1.1032153377616443,-12.215205697669425,1.8447242169062832,2.734021618481357,2.6200164282681824
14,3,2.1931548814588466,0.6668124830081854,-11.429527450754598,1.6373287503039755,2.3308823964400327,2.561627225564128
14,4,2.257178791327206,0.8341348415483896,-10.809821678955903,1.9224425747321192,2.3723062135687902,2.3820803271839757
14,5,2.0947153303654225,0.6013534185944189,-10.846310867480845,1.5567358783563299,2.36135496700391,2.2661335415448676
14,Aggregated,2.2175269914913374,0.9072161727408333,-10.839258045218992,1.704086061425383,2.412184801997936,2.3747155607805945
14,Centralized,2.2175269920245486,0.9072161735210885,-10.839258049129278,1.7040860576323085,2.4121848010502913,2.3747155583274133
15,0,0.31947714089997375,0.2920125710752597,-0.6535744965942919,0.6269687283834071,-0.5227371263638187,0.3229273985994758
15,1,0.5802653246198763,0.3552059759661157,-0.5310302958877697,0.8378696434046696,-0.31814701741234486,0.6967995205936284
15,2,0.5869371869460657,0.5671504998430008,-0.6164551212004888,0.8752659733261623,-0.35781346606661524,0.7743016684411824
15,3,0.424587354370114,0.4921507584700685,-0.3413091085780659,0.700203773882182,0.16233359630922056,0.859332470242965
15,4,0.4124751385444699,0.4126402381949861,-0.6263384496285029,0.8712506904749858,-0.2857276059421722,0.6945428175020326
15,5,0.5737101353654049,0.37759288069689795,-0.28326113714078277,0.6368746212416511,0.08572815936183553,0.7666604024727225
15,Aggregated,0.4717024496009872,0.4060164809214027,-0.49836094177875984,0.7419706710379023,-0.19646001872457605,0.6717639051211973
15,Centralized,0.4717024457406532,0.40601648533101586,-0.4983609411219131,0.7419706746230225,-0.1964600146005343,0.671763906090118
16,0,0.2713103898642458,0.10664579694786264,0.26247156809596206,-0.1646749643734338,0.18110937795418788,0.19046664765465002
16,1,0.08171941852596269,0.07702884032731193,0.20722366943224876,0.10222049263959689,-0.06490390642231686,0.27788299910467795
16,2,0.04153304264451118,0.19473164494330433,0.2557248058778995,0.08392624085252917,-0.0345278414761727,0.1803232630962861
16,3,-0.007113139187520426,0.07317580486464159,-0.2368768606415093,0.16282745328371567,-0.015021789804031963,0.4012900651547961
16,4,-0.058720128532154095,0.3152177077834398,-0.04145467563360749,0.20765716031896322,-0.0030211782932077825,0.2981661770846831
16,5,-0.13278164720468455,0.10033911295095178,-0.0272981727633996,0.19162195121709125,-0.06554060093144046,0.20293498561015594
16,Aggregated,0.03326469227150355,0.14094602902366518,0.05967586771740999,0.09312729217840475,0.005472659945359718,0.2578810197123547
16,Centralized,0.033264691840141816,0.1409460279244073,0.059675866143580926,0.0931272916912855,0.005472656265449653,0.2578810176314919
17,0,0.3326709046433069,0.2629279488638456,-0.36501615344371474,-0.2986407189065162,0.1946871051152478,0.05386150805388061
17,1,0.3554325574199365,0.09852251997456854,-0.7226570179741628,0.36560740768133093,0.033769302406314476,-0.03357652738462295
17,2,0.44535258414667533,0.21806264885812618,-0.8918716863762577,0.4353862130489316,0.020559229993822866,-0.1295080702866627
17,3,0.25081305578507135,-0.011866119782634934,-0.94259740849281,0.5107727457367858,0.039453933595826385,0.1265246390549288
17,4,0.2109086831107321,0.004562006211920138,-0.5403318385970657,0.335173706616035,0.14177241566019078,0.019246826730877232
17,5,0.2611162046399366,-0.10623624482114451,-0.6975638387338923,0.5546728763498245,0.18567124263328347,-0.09100410560794804
17,Aggregated,0.30032429814880124,0.07143992279751357,-0.6749699346130069,0.30033540012805265,0.1104471045623264,-0.0024161567150474167
17,Centralized,0.3003243007823569,0.07143992249302883,-0.6749699333280097,0.3003354009800034,0.11044710711808281,-0.0024161530005651836
18,0,0.13347949612591184,0.10580227832140976,0.1405059284444725,-0.7197368033816992,0.14198558345114934,-0.1471983616776683
18,1,0.15656526818622543,-0.002925839884884122,0.09944373570887587,-0.21704194288664658,0.011073065943216283,-0.05247353487915198
18,2,0.09746045035232902,0.11287338857815937,0.06578885223456955,-0.2235452292387832,-0.05570338463623222,-0.04237215035133066
18,3,-0.008737054110946474,-0.0683523030254226,-0.18517682220492382,-0.04605937399297893,0.012597818091715732,0.24633908720592101
18,4,0.004277401117142313,0.12816878902091847,0.1292850838407228,-0.2013831974022303,0.08221770060903277,-0.1232046744359151
18,5,0.0770652224903723,-0.05215416965108221,-0.0022593825596227174,0.015890480091576956,0.05643392183001066,0.08477275619012008
18,Aggregated,0.07461180988792275,0.034215800203931224,0.03904063924877911,-0.23723842900652067,0.04842373201106144,-0.003492304148677563
18,Centralized,0.07461180836823623,0.03421580069241763,0.039040640516619714,-0.23723842747667942,0.04842372951446545,-0.003492307562590508
19,0,0.44507577841002827,0.23307868818597272,0.3369755583983968,-0.14940758511656244,0.16104722761270288,-0.5191513997968777
19,1,0.26795221478603054,0.19849500636944178,0.419098907456378,-0.009360294383196077,-0.20149884317368216,-0.4444619771064058
19,2,0.3168929366360623,0.3426200398706875,0.416170544301189,-0.014253674598949375,-0.25854186603997964,-0.4949071540577632
19,3,0.22268414834244107,-0.16211090503255565,0.4039782999662622,0.05314050792659696,-0.4725663197159778,0.13773503402728357
19,4,0.19127226114536156,0.05954120003464423,0.3357647194866474,-0.09214239548840268,-0.06233976418802772,-0.2953582914070413
19,5,0.12853288471502813,-0.025069032465183955,0.3596518979569661,0.0001554349819556538,-0.2602298082648287,-0.24042068890860202
19,Aggregated,0.2596362809850976,0.09422720122577234,0.37279952783474785,-0.0374168704147769,-0.17332397414926465,-0.2984076922557145
19,Centralized,0.25963627873765405,0.09422720128339156,0.3727995259461834,-0.03741687377517354,-0.17332397491909698,-0.29840769098536
20,0,-0.02886071934235505,0.08873794661206229,-0.18882226235016972,0.15739959529720485,0.09356630689832267,-0.07155258676386766
20,1,0.2124904497567875,0.0650644410243262,-0.1528131278761006,0.042707033849012886,-0.001150608298059789,-0.10489111607543877
20,2,0.18679887905187711,0.1676518841015044,-0.17022855239956178,0.021932467834847178,-0.016089987966725044,-0.13777388829569726
20,3,0.14592814366607793,-0.08291900834559289,-0.3327292207092227,-0.027084589006676818,0.08791180039814026,0.30670279378472565
20,4,0.14468004989731423,0.09407553370253462,-0.3394036530257308,0.08760035381121216,0.1275367690825835,-0.028519295113902922
20,5,0.2990334810115967,-0.03459994525430545,-0.2170436378733798,-0.14936406736855917,0.1774206163161131,-0.011402838022504715
20,Aggregated,0.1547825737352186,0.042522194709882534,-0.23544207129869552,0.0212014697045339,0.08567414300637613,-7.756292244811804e-05
20,Centralized,0.15478257081038166,0.04252219521173342,-0.2354420762418118,0.021201467979108754,0.08567414098616659,-7.756730352023547e-05
21,0,0.2879775451803612,-0.1902560796155473,0.2667543146737901,-0.7384939109574435,0.3642130224650412,-0.2837219958280186
21,1,0.37538891987498807,0.1869528780198761,0.416581865623223,-1.1190396113286192,0.3288363151279215,-0.34160448320014686
21,2,0.3752245481319671,0.33471626137796234,0.34549116975418714,-1.2199699102875585,0.37562198240096567,-0.4354281071045149
21,3,0.09681159196770103,0.4049273608551879,0.29713661611180475,-0.9594345499837863,0.26036908444761286,-0.21467806276666299
21,4,0.28493423081765745,0.20732450943323077,0.3928560717732216,-0.9368645242124103,0.27232483699057264,-0.29183680142047697
21,5,0.2455865287039106,0.39804896006744345,0.304013875601396,-1.034878038042299,0.3164156506284464,-0.2635764161852143
21,Aggregated,0.2686826417064978,0.213061224515517,0.33088746959936727,-0.9791600629546896,0.31604099625466653,-0.29464100726516734
21,Centralized,0.26868264215516136,0.21306122582711842,0.3308874679036658,-0.9791600644105185,0.31604099660233553,-0.29464100545948924
22,0,-0.09361607474258299,0.3513616087365271,-0.19964975548519687,-0.11910925580124469,0.3961985285481481,0.12379360116248951
22,1,0.22265762253050983,0.3108393239232904,0.026090600153607625,-0.4684821576868838,0.25030689270377765,-0.05558962568768541
22,2,0.11732159406010546,0.5182424842611563,0.0896724880798565,-0.560142260576813,0.2809875662324025,-0.05118968005593035
22,3,0.2318565218294074,0.04027522192174736,-0.22332521110049486,-0.4973274182766753,0.2454898815436984,0.22532063057088556
22,4,0.15324288766768643,0.13892973103044853,-0.23413029335701843,-0.24709861522920973,0.28625650405436415,0.11140599139944844
22,5,0.4013447033247713,0.03986087921110606,0.03544751821996728,-0.5661489572723742,0.2193989564467672,-0.06111361003392436
22,Aggregated,0.17105417000449896,0.2158205738758683,-0.09473052178016785,-0.39700051359625993,0.28007085951291577,0.05571106572480381
22,Centralized,0.1710541675214864,0.21582056967652632,-0.09473052436503832,-0.39700051744956355,0.28007085818415706,0.05571106386301613
23,0,0.08299547866267089,-0.008123261569775764,-0.08416574105281835,0.02575329346665188,0.15244267452153618,-0.3142677754317686
23,1,-0.09881752814609342,-0.04789326022754518,0.10840945097717025,0.04800265883469872,0.014301536174138244,-0.009473439398387384
23,2,-0.126183601374278,0.014393110428756541,0.08115495352907214,0.050161741439377634,0.038628819046006485,-0.0037332063599766485
23,3,-0.46368148463582487,-0.034807050274296834,0.025087348355658654,-0.001613632774137367,0.06594897284956526,0.34479264686979844
23,4,-0.09122684861846364,0.0028623613730564064,-0.04034825712474716,0.04221805917351479,0.014237682803940761,-0.015811441266404696
23,5,-0.2998313418595046,-0.009058161157030042,0.10872977655896233,-0.05161956905741245,0.12766421284062837,0.22437255313060614
23,Aggregated,-0.1672045563009623,-0.013892265512485007,0.028022460674183017,0.015599576674781861,0.07392092559673907,0.03739890212640054
23,Centralized,-0.1672045607933234,-0.013892265256559474,0.028022459248049122,0.015599574031896267,0.07392092458881158,0.03739890184420024
24,0,0.17135298914072092,-0.2281037215831567,0.01337960819212706,0.05201513180976427,0.1521068008435162,-0.018533783279869216
24,1,0.1446457458614897,-0.25376924505098286,0.10225325624451961,0.1692769325236019,-0.08672140359530615,0.05853782248987862
24,2,0.12819980434144138,-0.11949293050085583,0.08671725453973145,0.08906566799381446,-0.07702564026707491,-0.011191778625492086
24,3,0.043401727565548734,-0.26071443737952316,-0.031028833202065325,0.29081681294714734,-0.10878853328469543,0.3612926121251269
24,4,0.16227208455969755,-0.32469779941159155,0.04640808530808087,0.1957983313957921,-0.1100105464249664,0.19653316926035866
24,5,0.11655048213439426,-0.2797913126382231,0.09220070372400048,0.07069489522095308,-0.1527218668108688,0.1260585351500626
24,Aggregated,0.1266896614144055,-0.24809907876357598,0.04810349877997879,0.14278187785630023,-0.059393703884770846,0.12316169198648876
24,Centralized,0.12668966493018394,-0.24809907612670104,0.04810349812790425,0.14278188369084585,-0.05939369723863399,0.12316169571223072
25,0,-0.03579880972120356,-0.17951536851341507,-1.0574761936032449,0.515750406534739,0.4090567938134479,0.29934267163222794
25,1,-0.28955099793174066,-0.4411487178778461,-1.6780095766853043,0.9205730244808326,0.6645646891362118,0.2619181491917446
25,2,-0.35592039711652035,-0.46490075376893036,-1.9257159829240078,0.9951652675002228,0.7298069582756297,0.42205077572565003
25,3,-0.2752105125515995,-0.714621472315862,-1.8798810356309124,1.0446426736545542,0.6510902796095114,0.34516276506288984
25,4,-0.2632752629577054,-0.4820660796724669,-1.445757680856444,0.8058077231483256,0.6195920850694988,0.24884724260564184
25,5,-0.23908919499179646,-0.5905417015215995,-1.7013972561283444,0.8549655958983897,0.8799144777376638,0.22262558607426675
25,Aggregated,-0.23094242991556493,-0.4737363565525123,-1.583090359276754,0.8377194806807771,0.6509397582977169,0.2932940556676701
25,Centralized,-0.23094243132597508,-0.47373635859358765,-1.5830903613323453,0.8377194793891208,0.6509397574389649,0.29329405318369595
26,0,0.3257585236367116,-0.3376362948093818,0.22092816620948202,-0.21680434099051477,-0.10594504778997632,-0.1227098522869408
26,1,0.25260963588376545,-0.11375773655921553,0.2588144231172058,0.011357553480392706,-0.06964345901064775,0.10996354219861575
26,2,0.2000717065120991,-0.06924135482376345,0.3150051284064433,0.0016008116287723102,-0.10832090423354966,0.12929621968346272
26,3,0.21911386816897196,0.06709173346807612,-0.25957574461866373,0.1198468654751378,-0.012134337112916544,0.47965263071750963
26,4,0.2262252368424393,-0.0921673267170835,0.03770027176543233,0.05939627630770741,-0.07613616121220458,0.16433757290539625
26,5,0.1719279752030376,0.11494908707767411,-0.009791347577649035,0.1211443455547645,0.05790176838039128,0.2794397671964467
26,Aggregated,0.2329804842947668,-0.07209513135776054,0.07837063298013201,0.014187855993275277,-0.04780778488820907,0.17237765650301637
26,Centralized,0.23298048162879548,-0.07209513069620677,0.07837063077791658,0.01418785486145732,-0.04780778732497405,0.1723776549276381
27,0,-0.47670148535361734,0.2877957433498181,0.20272324838987082,-0.05557339907297016,0.007299219879133171,0.34298475378694654
27,1,-0.302533419183409,0.04245500613401809,0.2547201406124181,0.11941902904569922,-0.06184758455828145,0.08995372341377668
27,2,-0.3546159086086315,0.1848138948859162,0.22894826695503762,0.07235036778077353,-0.08621411433036691,0.1424857376035924
27,3,-0.21408468431646502,-0.26648136150755614,-0.08527539092837245,0.14370399581970464,0.11382624453681424,0.35985183400958703
27,4,-0.371570513726056,-0.05688787509419634,0.10874368864731478,0.18009831027789194,-0.00974526866406092,0.28251749686262967
27,5,-0.01981411092011209,-0.20784598365424584,-0.11294818204845308,0.011867372045661994,0.12202980489228366,0.107631347326715
27,Aggregated,-0.28349462500144934,-0.010945681811654654,0.08695540511010724,0.07382747671631501,0.022866297567948262,0.22697762220726905
27,Centralized,-0.283494625015746,-0.01094568042003154,0.08695540373930331,0.07382747931216578,0.02286629496038349,0.22697762408591934
28,0,-0.006473689210325636,-0.3404999189856517,0.26064455149122445,-0.1842723116645737,0.24357722525221667,-0.1147707276514609
28,1,-0.012241247127604401,-0.3277762885453011,0.32039027778972196,-0.23083728016315586,0.08894153556252292,0.0875483226978171
28,2,-0.057690922975549744,-0.2439818524783353,0.31741637986013643,-0.1916865491065215,0.04559125316794028,0.09175129716079854
28,3,0.03351471925621195,-0.09088924750604536,0.16501832088345347,-0.24592219786845929,0.02656184911077,0.34819168839053294
28,4,-0.09739145919953589,-0.21518272257431326,0.2652459137287405,-0.2714686460948039,0.09722375528091924,0.11036180637640902
28,5,0.06415507288939679,-0.1637592406069896,0.22846626878733656,-0.33719556188831734,0.13889163175155889,0.24614335773594306
28,Aggregated,-0.008726751315281925,-0.2263627990708361,0.2527429513457309,-0.24442806106594497,0.1121213558961201,0.12734984182135406
28,Centralized,-0.008726750161459051,-0.22636279918178764,0.25274294876903625,-0.24442806236062675,0.11212135554433747,0.12734983898673385
29,0,0.16945772210767557,0.14451658918296761,0.10404826889179802,-0.03391740701804776,0.015938559279185565,-0.3173808636056152
29,1,0.23382513083641585,-0.04896380729636353,0.12545709080346376,0.01556018084027393,-0.05665516721181956,-0.19149919779742403
29,2,0.21385654984433475,0.033583150593828916,0.11513716369445083,-0.010596535231881947,-0.10366448543476917,-0.19747483957144776
29,3,0.05928633381043262,-0.1077888997183632,-0.07072823364729784,0.03006886931032504,-0.07016391601294471,0.05480862811888905
29,4,0.19144138176086403,0.029870740653286158,0.05527803826749746,0.0004432650619122569,-0.010467205286236474,-0.1948126117738081
29,5,0.18458568454745464,-0.1527872693685851,0.0309320656266312,-0.03237394248302164,0.020250499034245095,-0.053637473026851505
29,Aggregated,0.17042190227128926,-0.01762739416369025,0.055426420123638805,-0.006162966691396458,-0.028321230996185776,-0.1468343696747958
29,Centralized,0.17042190156697676,-0.017627395085304087,0.055426420198121204,-0.00616296708736878,-0.02832123038543166,-0.14683437376638947
30,0,0.4302516487259573,0.23127144520812618,0.5512932705028394,-0.8324439268816761,-0.19755150951048542,-0.2088231372113765
30,1,0.11474027922460434,0.036042612762766206,0.4187120587872056,-0.43316223394713493,-0.11399289477672772,-0.0225206030632433
30,2,0.16812753183708093,0.1428728125747319,0.4547520354422392,-0.44985878054564477,-0.17203453640781158,-0.09771772642006403
30,3,-0.1983565499305055,0.14320507591158627,-0.08366115925586684,-0.042906114508125606,0.06507790620643653,0.26223400558372045
30,4,0.14627654901380288,0.0705538111903078,0.41193401751851544,-0.4739476740674894,-0.15506061616567057,0.0006328973968496064
30,5,-0.14948577972022078,-0.009772381441845704,0.10490517236859435,-0.11401192124113124,0.07736657139970844,0.16086679808396406
30,Aggregated,0.08229987884733984,0.10287162385264652,0.29796141495526474,-0.38810735660629414,-0.07613251911600104,0.02028152330717137
30,Centralized,0.08229987819063594,0.10287162285933726,0.2979614206829976,-0.3881073594778768,-0.0761325199617181,0.020281525937508763
31,0,0.33340901710981186,-0.18591979848809184,0.004759628005400885,0.15607321019791548,0.30490217191251107,-0.4774255585781581
31,1,0.2816622218793672,-0.2001626160158204,0.08812268367743895,0.17975819635422402,-0.02123923582258447,-0.27265583657886266
31,2,0.2827791697041942,-0.09515156635612468,0.0833181044665904,0.1681365983957401,-0.11248637799548863,-0.2685729018361941
31,3,0.01036954415485967,-0.07595907138200693,-0.30809374891082175,0.2400852016227643,-0.16889764866564427,0.07256789661974684
31,4,0.24373665835030037,-0.19650281744889855,-0.052489222843113956,0.21468165116969876,0.16680971810478998,-0.3053302093421227
31,5,0.15972479325182423,-0.029972390760300883,-0.1350081401787488,0.04124977194167521,-0.07901405127785309,-0.033052461563853365
31,Aggregated,0.21307573787615747,-0.1284410392610615,-0.06358706979478429,0.16327163330778166,0.024412922573582966,-0.20973899098425003
31,Centralized,0.21307574045590816,-0.1284410382685656,-0.06358706943957783,0.16327163061417457,0.02441292690184818,-0.2097389896053405
32,0,0.009818015339626859,0.07513978304382801,-0.23170331905131228,0.2176631993567784,0.09457638993499838,0.02199017118965146
32,1,0.1487495395612589,-0.10162663875537427,-0.4201014263944731,0.2564054176251758,0.07235904483217474,0.15417958074717747
32,2,0.13997978887142828,-0.010358381348620268,-0.6263911943039864,0.2753744906287955,-0.030399601165590873,0.27137558067394224
32,3,0.06218463582559508,-0.23690603035200858,-0.6704568518757555,0.19292902676580626,0.18840200244030642,0.4790209044296143
32,4,0.04294113826767839,-0.05010028599123757,-0.26184591597410833,0.2693470985766956,0.1509938940004252,0.0997481434904661
32,5,0.17658627458835877,-0.1800435125676267,-0.5207613365830807,0.08883479111439066,0.12059255579182528,0.35765199622568594
32,Aggregated,0.09243008489584671,-0.08535434505806114,-0.4432344262644692,0.20931722326739377,0.10601168218471674,0.22810652519954894
32,Centralized,0.0924300846158427,-0.08535434508991681,-0.4432344265217509,0.20931722053296253,0.10601167997318556,0.22810652194904885
33,0,0.19979355588086614,0.015423985032250443,0.00403737667412661,-0.3644963994440362,0.059041754115308244,-0.015950542596217688
33,1,0.07185589802253678,-0.060965260037730694,0.04704247109457002,-0.05670413759300804,0.01814731305885573,0.02466490636491194
33,2,0.03127577334166486,0.05954229603961046,0.02386517285129779,-0.042638946019517045,-0.07581809647169066,0.054497234720211944
33,3,-0.34270976252897245,0.09741742330491181,-0.13195266558182037,0.1072419974882716,0.09149129873386094,0.29980779120794665
33,4,0.10946249500877114,-0.002601163895632415,-0.12988372706684323,-0.1369921625185088,0.010491361166294648,0.06466771330544792
33,5,-0.20514628154568615,0.0203296826359729,-0.08680323867862055,0.12467138257926522,0.09243953878019617,0.1113323044683726
33,Aggregated,-0.02766315480667352,0.02200091737355514,-0.05040880763122265,-0.0644143521098946,0.03973352843638753,0.09155047025595889
33,Centralized,-0.027663157640976876,0.022000916302943097,-0.05040880316906803,-0.06441434680222198,0.03973352740963243,0.09155047416610403
34,0,-0.002525491383165167,0.0885766943257028,-0.8235090191815931,0.3126138608289918,-0.39389330642212567,0.3312590944583981
34,1,0.1658339210277684,0.057458749044282616,-0.6364350464578878,0.3959248058505757,-0.3090896042630236,0.04238103014353535
34,2,0.19861767326449487,0.19185495378095332,-0.7827013738944687,0.4918965514363798,-0.3868817837954174,0.033564821762474106
34,3,0.08194387191334644,0.15351252368775783,-0.5062622868242264,0.38473459272298505,-0.13190787544224455,0.019139364932489283
34,4,-0.03472989574781741,0.09444119904104878,-0.7261801701833137,0.42143556467376203,-0.3815704625394484,0.2315502237153648
34,5,0.26445982016765957,0.06478870416590282,-0.5033972965708675,0.31091899903602493,-0.12304105964828824,0.0021504103663127455
34,Aggregated,0.1066482885075974,0.10466109140356325,-0.6537853778995142,0.37597579097085015,-0.2793172859268507,0.11570300330053776
34,Centralized,0.1066482867960467,0.10466108911474027,-0.6537853784831631,0.37597578924895425,-0.2793172834554699,0.11570300137904713
35,0,0.02776904761526081,0.17076175487544942,0.12259798415278335,0.1605647409239604,0.10100504207568692,0.18770001213410914
35,1,-0.1635194757355982,0.11427539918054583,0.1976047273362677,0.10561372416523226,0.15177857528737349,-0.07037680185977611
35,2,-0.15902665847973702,0.20028787019938737,0.2306982861592107,0.07662164834290495,0.05894550877179124,-0.08785356070643523
35,3,-0.6442574211077903,0.040528008904592974,-0.37684166547456166,0.19669590825408242,0.15054444838343287,0.34089782427218784
35,4,-0.05686656332597539,0.1261556467800532,-0.02138495154380801,0.2147288350152988,0.19224178114291432,0.03208357417505544
35,5,-0.28303226238079493,0.023754035858839728,-0.13102902933315902,-0.0027983122977371265,0.21597043273031388,0.0002518209749171755
35,Aggregated,-0.21439623202995078,0.10727869131372465,-0.013654641920944144,0.1261166055885757,0.14840275558443342,0.08025727931035836
35,Centralized,-0.21439622900773775,0.10727869040776852,-0.013654641398457438,0.12611660765126528,0.14840275654083068,0.08025727975822908
36,0,0.14285794524604573,0.18518107211367227,0.3174413079373888,-0.6863187350519545,-0.2523395004491535,-0.2500750611226785
36,1,0.1710180308288073,0.18275789729414582,0.3647943147813797,-0.5374749501730416,-0.19073381349780322,-0.21245042000103045
36,2,0.17049656923848783,0.29654289100056375,0.3892281184229611,-0.6567687370759521,-0.26612359782058387,-0.21434038623845256
36,3,0.0790224144580152,0.0577323877146308,0.014584442512618385,-0.4152505112151974,-0.0817799507390876,0.3701302996291387
36,4,0.15229723754193028,0.22494379143611248,0.3037504930413903,-0.5830287429099272,-0.198138338934313,-0.1562481980396748
36,5,0.17638485230279433,0.14614970021289,0.09386440365368745,-0.36932558997813836,-0.029792053070823953,0.005938055894720999
36,Aggregated,0.14619065110788992,0.17447788680159407,0.23366757713989492,-0.5314770856991703,-0.16229698076759383,-0.06605836929375558
36,Centralized,0.1461906526274221,0.17447789013214854,0.2336675817971865,-0.5314770874763084,-0.1622969832940682,-0.06605836944646307
37,0,0.32184267473868405,0.08162179893307547,-0.3001959676819867,0.13899112604985603,0.1289983080600645,0.10184518605243793
37,1,0.3370515990295083,0.16251287023125585,-0.008280189958953738,0.21894395546197917,-0.07234017527868723,-0.35556889553146787
37,2,0.3708777184375021,0.2854483402750156,-0.03711658951588775,0.29787688764527065,-0.07685570366154287,-0.47270265315646975
37,3,-0.18227966086022668,0.2085172547597456,0.09884014953338749,0.41585811416709473,0.026738326857951203,-0.271801687481588
37,4,0.28307690650139733,0.1714842399521837,-0.1310252130074099,0.11123093332264539,-0.13398809978277934,-0.06889338464599934
37,5,0.07802118411496899,0.257344306459323,0.15059328662552074,0.30432813758011656,-0.061340464842380274,-0.4975537002069901
37,Aggregated,0.18724169245797329,0.1890002871150827,-0.03942869568220085,0.24466981372079097,-0.024414861054300945,-0.2455962780546795
37,Centralized,0.18724169193946602,0.18900028470959837,-0.039428695751245295,0.24466981065715032,-0.024414862080859894,-0.24559627987705332
38,0,0.03564834354334242,-0.2334924417536392,-0.0608738619554547,0.0043567889424984685,-0.18131588252453248,0.18177949263776322
38,1,-0.049991184484496284,-0.1744534895699898,0.08874838570874069,0.09312395100521535,-0.1820430528736809,0.06642389284139168
38,2,-0.06923559915772376,-0.08067231264244176,-0.004658827806838417,0.04429778364287522,-0.2433997330611679,0.137581416128291
38,3,-0.05892872874862943,-0.308183721788175,-0.06537250301843672,0.1644078781327761,-0.18804125066546987,0.34620962795228555
38,4,-0.09268046963897968,-0.10784775039082821,0.060371978288954985,0.0973662072055621,-0.21605063893440027,0.11609866335400931
38,5,-0.13071063809625366,-0.1114762351290513,0.028734269353179798,0.057048376704934727,-0.04096610082174159,0.13063977360863255
38,Aggregated,-0.05938986745978679,-0.17315295904816047,0.004867423011076373,0.07583292777093635,-0.16852261003143285,0.16612595358744747
38,Centralized,-0.05938986488524804,-0.1731529619669299,0.004867424309779504,0.07583292539588579,-0.16852261510031133,0.16612595132750768
39,0,-0.07112734615860941,-0.020013023161342857,0.053905542140417255,0.11300374434386219,0.09114870275255456,0.21710453920940706
39,1,-0.0295240152430466,-0.08162585634675525,0.2591363866793298,-0.10485964784222222,0.1442768219461218,0.012163564923628793
39,2,0.028457354610491144,0.025024557638273305,0.1942508096602447,-0.0792880920408194,0.061975287302546415,0.0873790381181032
39,3,-0.2783629952566439,-0.14353573482473617,0.1707236525188943,-0.4543658637568817,0.0479988207591217,0.4251195304072331
39,4,-0.03937310840578166,-0.09867897411224631,0.17019556733317134,-0.16271346238299705,0.16238018071620314,0.12632551703557768
39,5,-0.07406444691510407,-0.028626591241908982,0.22856724912473908,-0.4123426713406713,0.2036111095071797,0.03932550696659405
39,Aggregated,-0.08380348052363698,-0.05972195644364753,0.17380808338777398,-0.18855873797569345,0.12015650352502788,0.15750742082570815
39,Centralized,-0.0838034766309035,-0.0597219533309809,0.1738080847277154,-0.18855874053859623,0.12015650480383946,0.15750742372935597
40,0,-0.08963383373724568,-0.05964055319076055,-0.16327092802602586,0.12911524370676705,0.12608637332383985,-0.06945626335512482
40,1,0.03509730461014631,-0.1196368480363077,0.027708972461732036,0.09813750934412732,0.04463969723663119,-0.05702914336374057
40,2,-0.059544780395224026,-0.14083274514008043,-0.06678797120898355,0.1547492892460895,0.03654353657827366,0.010926184426438971
40,3,0.002669868148218413,-0.15363880323197207,-0.022913666662250403,0.16709280772921814,0.12630760292076745,0.22877968260229847
40,4,0.044821474408699775,0.020947540971184984,-0.07865077540843986,0.09216826724750504,0.03805851162379703,-0.044549701895511065
40,5,0.10852384931251688,-0.06514110311042896,-0.027750677493990968,0.009377716553802883,0.11892217409420605,0.08497843087177527
40,Aggregated,0.008950704269362812,-0.08202289461130305,-0.05778704942931299,0.10490379044307062,0.08606667317591317,0.028266529387576157
40,Centralized,0.008950703395633279,-0.08202289212902038,-0.05778704987113485,0.10490379271873493,0.08606667387925988,0.028266529780879936
41,0,-0.6156549727297626,0.1258197406229801,0.21286153462163312,0.09527232764389101,-0.0240944230418697,0.1881645950863259
41,1,-0.41704527738351316,0.06063023390719321,0.23743367304574786,0.04841765801137831,-0.06241850179149016,0.09212658671944293
41,2,-0.5686198697560788,0.20430183186660647,0.2481993592563561,0.04557961447419717,-0.10070329399589255,0.16056221989198446
41,3,-0.23282590936624947,-0.09676835707620164,-0.2581257797158923,0.18612217494398875,0.1202600221755683,0.3018952208854865
41,4,-0.5096206700431862,0.07925507624436037,0.1471983210486586,0.11345760228056234,-0.059100394911015146,0.22367602202530906
41,5,-0.2656223442466282,0.024231971356233235,0.0029515765641122014,0.05400470816748009,0.08549676703722729,0.124416250415721
41,Aggregated,-0.4258917598986583,0.05924943559474703,0.08608252739865778,0.0929888512326201,0.0009935432725523441,0.18340858551730352
41,Centralized,-0.4258917627217499,0.05924943351584773,0.08608252548570677,0.09298885244480104,0.0009935444994233933,0.18340858713722027
42,0,0.16795999154399757,0.08851830624290144,-0.28060567920958623,0.04422229269796756,0.09917105123901694,0.05621815539648646
42,1,0.1145015553225081,0.11769332131590103,-0.13986538356023276,0.08007155102654527,-0.11564031517595402,0.014798925993430127
42,2,0.1723476084778588,0.15679110035478058,-0.13192003493819643,0.07302730167771648,-0.21973472058175306,0.10280914890462398
42,3,-0.25778216818384697,-0.032531047433314655,-0.32627586163770383,0.17874978531482505,-0.2834432893638934,0.41778439079679164
42,4,0.06932497190652948,0.15879671625301853,-0.3392861317113237,0.03542329261750877,0.023235664567733138,0.05497693489713408
42,5,0.04563962795341396,0.07489149276114813,-0.23591306961604483,0.04443146156658872,-0.12423641909065151,0.12676428936291484
42,Aggregated,0.044694100369927624,0.08860522542945368,-0.24879512611472224,0.0751813895584989,-0.09484075510016135,0.1322732383799899
42,Centralized,0.04469409872708662,0.08860522720592527,-0.2487951301362303,0.07518138809358632,-0.09484075486275192,0.13227323872228583
43,0,0.03956867962385508,0.18345782063444935,-0.167553583021046,0.2082351401792585,-0.1557742967259297,-0.04906579459332736
43,1,-0.2766419717167707,0.256433982671225,-0.38028687354696933,0.14403485727222684,0.09057523360045933,0.17540114721041888
43,2,-0.29131274481477115,0.3960994707806485,-0.46968241438184233,0.07020078194408713,-0.01421809022465209,0.24166396331713103
43,3,-0.7845019324204949,0.3274282287352441,-0.8592292282069423,0.35633058024065756,0.4951558719131766,0.6380773890614689
43,4,-0.22661443956849175,0.261582360305712,-0.3644954390063085,0.2689856061657139,0.015457416337974293,0.1970898010991751
43,5,-0.6286901021060645,0.3866535746342874,-0.6632330395209488,0.14150953943110597,0.3609438305182183,0.45796377913646025
43,Aggregated,-0.36343014026887865,0.2959995445265299,-0.48267001964084305,0.20442748679701866,0.1390871871770424,0.27735828205148244
43,Centralized,-0.3634301407317752,0.2959995469348161,-0.4826700199889607,0.20442748853562373,0.13908719068477812,0.27735828518322725
44,0,0.23364523267629805,0.10603912952304646,0.05341956104146905,-0.4576411639095284,0.02647399373721946,-0.1425385711406209
44,1,0.0568569250121703,-0.010659047379958153,0.2020035242403347,-0.2986503990376119,0.07972684455763263,-0.10740739778157526
44,2,0.06084909907352729,0.0678581862563902,0.1671536718060701,-0.33226120359981054,0.013449077222793518,-0.08115086991194462
44,3,-0.29827836037296634,-0.21099672545284953,0.06920939345893538,0.10141292301715775,0.17364338692912604,0.3199307587164421
44,4,0.00032308832767926374,-0.06534527776011825,0.12303255905672178,-0.331498333790322,0.07997013347317813,0.02071365843506913
44,5,-0.17713988033862285,-0.16082048905575602,0.09015920037243852,-0.07920340290610994,0.2586127077032399,0.021503462276714323
44,Aggregated,-0.02507439991428555,-0.05087793291259004,0.11039623514055494,-0.22530753428788333,0.11085011340433965,0.01061542583861043
44,Centralized,-0.025074400376579813,-0.050877936369691075,0.11039623488502207,-0.22530753702898815,0.11085011434731523,0.010615428181717235
45,0,-0.2548428362799946,0.22225740662260898,-0.4486597593912377,0.36999823429630957,-0.28853986653483915,0.406412700683159
45,1,-0.23592810968958508,0.261039005200002,-0.25803701958036446,0.23647033721630725,-0.14300041444072523,0.13722533416272914
45,2,-0.2637801748898791,0.3467642187721909,-0.2663422886852777,0.21191529177213397,-0.142703551622073,0.15245515151548852
45,3,-0.10205298185682143,0.10215645102053893,-0.5095094056703355,0.12189280782108029,0.07901573032354421,0.1951079509908229
45,4,-0.21843250806944883,0.3865665807818535,-0.42151153695686344,0.2346377970898887,-0.22687744093432954,0.2083367330886418
45,5,-0.12525613170417388,0.27350119637567616,-0.31378116932866174,-0.009597539681026567,0.17819110475185596,-0.005260386555370072
45,Aggregated,-0.1939862563800499,0.2578981543271099,-0.3753977776825489,0.19066017048395983,-0.08495021436766602,0.1848660403997162
45,Centralized,-0.1939862578216969,0.25789815511453146,-0.3753977793421411,0.19066017222228432,-0.08495021553222522,0.18486603925721543
46,0,-0.00911299947355276,0.29955558785602543,0.2574617440647386,-0.621759407587088,0.01914241209877184,0.2791009338900402
46,1,-0.42034159535163096,0.2603385767082053,0.45887119256250125,-0.8236607274820226,0.25532833885553935,0.29161447573183985
46,2,-0.5000007441940822,0.308889824732134,0.6141732834812361,-1.05825525081981,0.22405472734181467,0.34783038389735915
46,3,-0.7871169994199998,0.2114893876630028,-0.027955307281547645,-0.6174019952370647,0.6013830298669739,0.5677065887195757
46,4,-0.33202294221821993,0.35610377133893245,0.19922159622435842,-0.5977521671624835,0.2004434903562435,0.3274792845138887
46,5,-0.63643052094646,0.2171723121490551,0.15675291484830625,-0.5888047129528637,0.48053569696537024,0.3348400428168896
46,Aggregated,-0.43950838925289115,0.2719478159241331,0.2508718948763139,-0.6911701527730888,0.2986955471373892,0.35734895285973406
46,Centralized,-0.43950838495359607,0.271947820214802,0.250871898607123,-0.6911701497390653,0.2986955467028984,0.3573489584966834
47,0,-0.06283854902058401,-0.27526385493088423,0.09731955892719243,0.1516439577189458,-0.17876478325420705,0.19021460873092902
47,1,0.07939709975544412,-0.15882721070281908,0.11833363984222657,0.11796363138381018,-0.1080932075513946,0.05901674102597042
47,2,0.08319674993152319,-0.0707108066902478,0.11870384945043375,0.14210228698063593,-0.19304723543747915,0.15244331922302012
47,3,0.15009516593913597,0.027642921887657223,-0.31620338821455796,-0.18323887357484858,-0.05326665302160301,0.3052326730026983
47,4,0.017367284198144026,-0.08699480766930547,0.04702092554492887,0.011337176103864444,-0.13225095951247945,0.12065468794899464
47,5,0.23614113642227197,0.05018660469180673,-0.12829577872512565,-0.2011509838572712,-0.016344841587196866,0.16873719511215995
47,Aggregated,0.0834546683567248,-0.0848392039642625,-0.021436621753624725,-0.0043414219129655155,-0.10839756660744959,0.1695323878957426
47,Centralized,0.08345466498676248,-0.08483920950114046,-0.021436622754124574,-0.00434142507503618,-0.10839756812443556,0.16953238388027975
48,0,0.08644264872235204,0.08837625093493964,-0.030024715709061903,0.0973105937880963,-0.291049697560845,0.126801387979716
48,1,0.023568637156960708,-0.03447994879742969,0.12321526519876416,0.1470377215294931,-0.2677868876888971,0.06422125895185869
48,2,0.008833032800841759,0.05066978504532642,0.16303442529207085,0.14628266845295504,-0.364222122688398,0.05375060906378728
48,3,-0.18067011521541845,-0.4293098225577252,-0.2649648148780515,0.1828945514034531,-0.042970920428930824,0.6584054005001629
48,4,0.09679211441555208,-0.07477788732760343,-0.09599023099943263,0.1843223985957466,-0.2723594580352361,0.25168218591506314
48,5,0.10433141425791716,-0.26333928567608694,-0.21527022272592514,0.06775881689302672,-0.029207552432402965,0.28921539623552495
48,Aggregated,0.024971598661432576,-0.11983269206163953,-0.07095128197998134,0.13433128532897637,-0.19845538593476839,0.2529357538185405
48,Centralized,0.024971593521352257,-0.1198326935490657,-0.07095129052803427,0.13433128233463884,-0.19845539022647699,0.25293574949351
49,0,0.1343470725575554,0.02450561706244569,-0.31747743738657314,0.03074306494948144,0.0019852290863541654,0.06623306657628471
49,1,0.19829272680106422,-0.08425177596586342,0.09385391208544604,-0.26607300532772443,-0.19953136355255002,0.19738445334241742
49,2,0.2081092596544274,-0.056697725283147746,0.17585396245684395,-0.33563190606113036,-0.3572215273634533,0.2571100435074954
49,3,0.1719880807646567,-0.10130180169558341,-0.08060407621473549,-0.3438309133732797,-0.1455102245455863,0.5368147104192833
49,4,0.12715350238172962,0.11876146486881144,-0.12850862886017783,-0.19940431331055936,-0.11003898429574616,0.195157434893888
49,5,0.25670897508394597,-0.05642661519352383,0.09207133989797042,-0.44446583924324473,-0.14795115773589074,0.3922556292560578
49,Aggregated,0.18033294325386015,-0.023010946981872317,-0.04355948676904894,-0.2521636556416022,-0.1449863677519091,0.2742515865374309
49,Centralized,0.18033294172065323,-0.02301094457809262,-0.043559488188861316,-0.25216365243899996,-0.14498636254651293,0.27425158672365113
50,0,-0.05484247444296291,-0.059158947102253494,0.028214401204659366,-0.019785115706207654,0.007200727956164954,0.07529489231146869
50,1,-0.05820362555124962,-0.05936717049256011,0.11905239857800767,0.028729825898357812,-0.00403236330111317,0.03801257108461608
50,2,-0.03418455779504122,-0.0004903705222529414,0.08792744895096531,0.023852963557188408,-0.03856545539332134,0.05389797770791175
50,3,-0.13491827726666777,-0.04917742610118291,0.04870548810161447,0.04008788102573805,-0.028722113485096894,0.32122384920864894
50,4,-0.16909481767191614,0.04582134389227358,0.05785163445097557,-0.008055728600828498,-0.011648559897880991,0.085067762920819
50,5,-0.06666737412945392,0.042544750645130476,0.06579922321380885,-0.09037297473410244,0.09584448213770386,0.04068466902571153
50,Aggregated,-0.08785774494578173,-0.013059026939483095,0.06426779566266218,-0.007763250215541599,0.006910811700684741,0.10505458633383229
50,Centralized,-0.08785774395943538,-0.013059026840348526,0.06426779701111668,-0.007763248657019635,0.006910812915348193,0.10505458736666938
