Round,Evaluator,2,1,0
0,0,,,
0,1,,,
0,2,,,
0,Aggregated,,,
0,Centralized,,,
1,0,0.017543859649122806,0.017543859649122806,0.017543859649122806
1,1,-0.049999999999999996,-0.049999999999999996,-0.20000000000000004
1,2,0.022222222222222216,0.022222222222222216,0.22222222222222224
1,Aggregated,-0.004407187323146579,-0.004407187323146579,0.006479909451046956
1,Centralized,-0.00617283950617283,-0.00617283950617283,-0.00617283950617283
2,0,0.10526315789473685,-9.25185853854297e-18,-9.25185853854297e-18
2,1,0.2333333333333334,0.15833333333333333,0.008333333333333331
2,2,-0.011111111111111118,-0.044444444444444446,0.12222222222222222
2,Aggregated,0.11307300509337864,0.040927419354838714,0.041330645161290314
2,Centralized,0.12037037037037039,0.04629629629629629,0.03703703703703704
3,0,0.09649122807017545,0.043859649122807036,-0.08771929824561402
3,1,0.1083333333333333,0.008333333333333378,-0.11666666666666668
3,2,-0.055555555555555546,-0.055555555555555546,0.04444444444444443
3,Aggregated,0.052776598754951894,0.00027235427277874343,-0.05618986983588003
3,Centralized,0.058641975308641965,0.0030864197530864426,-0.06172839506172841
4,0,0.09649122807017545,0.14912280701754385,-0.03508771929824561
4,1,0.2083333333333333,0.13333333333333333,-0.041666666666666706
4,2,0.06666666666666671,0.033333333333333326,0.16666666666666666
4,Aggregated,0.12589487832484436,0.10722976796830785,0.02608588002263722
4,Centralized,0.12962962962962962,0.11111111111111109,0.01851851851851849
5,0,-0.026315789473684237,0.05263157894736842,0.02631578947368418
5,1,-0.008333333333333378,0.041666666666666664,-0.03333333333333329
5,2,-0.13333333333333336,-0.06666666666666671,0.1333333333333333
5,Aggregated,-0.05373868138087157,0.01130800792303338,0.03928975664968873
5,Centralized,-0.049382716049382734,0.015432098765432093,0.033950617283950636
6,0,-0.05263157894736844,0.02631578947368422,0.02631578947368422
6,1,-0.041666666666666664,0.03333333333333335,0.008333333333333323
6,2,-0.08888888888888886,-0.022222222222222216,0.2444444444444445
6,Aggregated,-0.06023273910582909,0.01348330503678552,0.08868491794001133
6,Centralized,-0.05864197530864194,0.015432098765432131,0.0802469135802469
7,0,-0.07017543859649122,0.008771929824561375,0.06140350877192985
7,1,0.041666666666666685,0.016666666666666663,-0.008333333333333304
7,2,-0.11111111111111115,0.022222222222222216,0.08888888888888892
7,Aggregated,-0.044266411997736274,0.015739954725523475,0.04586516694963217
7,Centralized,-0.04012345679012345,0.015432098765432075,0.04320987654320987
8,0,-0.04385964912280702,0.008771929824561394,0.03508771929824563
8,1,0.05833333333333329,0.033333333333333326,-0.041666666666666685
8,2,-0.10000000000000002,0.03333333333333335,0.06666666666666667
8,Aggregated,-0.026078805885681962,0.02501414827391058,0.018403367289190717
8,Centralized,-0.02160493827160494,0.02469135802469134,0.015432098765432093
9,0,-0.02631578947368422,0.05263157894736844,0.026315789473684254
9,1,0.05833333333333333,0.00833333333333334,-0.06666666666666667
9,2,0.011111111111111108,0.04444444444444443,0.011111111111111108
9,Aggregated,0.014809705715902658,0.03469510469722694,-0.01071024335031125
9,Centralized,0.015432098765432131,0.03395061728395062,-0.01234567901234566
10,0,-0.017543859649122823,0.03508771929824559,0.03508771929824559
10,1,0.033333333333333305,0.00833333333333334,-0.04166666666666665
10,2,0.0,0.0,0.0
10,Aggregated,0.005616864742501401,0.014774335031126195,-0.0025643746462931574
10,Centralized,0.006172839506172811,0.015432098765432112,-0.0030864197530864335
11,0,-0.07017543859649122,0.03508771929824561,0.03508771929824561
11,1,-3.700743415417188e-17,0.05000000000000001,-0.04999999999999997
11,2,-0.04444444444444443,0.022222222222222216,0.022222222222222216
11,Aggregated,-0.03774759479343521,0.03621250707413696,0.001535087719298253
11,Centralized,-0.037037037037037035,0.037037037037037035,0.0
12,0,-0.01754385964912279,0.008771929824561394,0.008771929824561394
12,1,1.850371707708594e-17,0.05000000000000001,-0.050000000000000024
12,2,-0.022222222222222216,0.011111111111111108,0.011111111111111108
12,Aggregated,-0.012931522354272765,0.023804470854555747,-0.010872948500282979
12,Centralized,-0.01234567901234566,0.02469135802469132,-0.01234567901234566
13,0,-0.01754385964912279,0.008771929824561394,0.008771929824561394
13,1,1.850371707708594e-17,0.05000000000000001,-0.050000000000000024
13,2,-0.022222222222222216,0.011111111111111108,0.011111111111111108
13,Aggregated,-0.012931522354272765,0.023804470854555747,-0.010872948500282979
13,Centralized,-0.01234567901234566,0.02469135802469132,-0.01234567901234566
14,0,-0.0263157894736842,-1.850371707708594e-17,0.02631578947368422
14,1,0.024999999999999984,0.05000000000000001,-0.075
14,2,0.011111111111111108,0.011111111111111108,0.04444444444444443
14,Aggregated,0.0032505659309564213,0.020833333333333332,-0.0031161573288058884
14,Centralized,0.003086419753086415,0.021604938271604906,-0.00617283950617283
15,0,-0.03508771929824561,0.017543859649122806,0.017543859649122806
15,1,0.050000000000000024,0.025000000000000005,-0.024999999999999984
15,2,-0.055555555555555546,-0.022222222222222216,0.011111111111111108
15,Aggregated,-0.012018958687040168,0.007622382569326546,0.0007675438596491265
15,Centralized,-0.009259259259259281,0.009259259259259264,1.850371707708594e-17
16,0,-0.05263157894736842,0.0,0.05263157894736842
16,1,0.00833333333333334,0.00833333333333334,-0.01666666666666668
16,2,-0.033333333333333326,0.0,0.033333333333333326
16,Aggregated,-0.025420911148839834,0.0028897849462365616,0.022531126202603273
16,Centralized,-0.024691358024691374,0.003086419753086415,0.02160493827160496
17,0,-0.03508771929824561,-0.00877192982456143,0.04385964912280704
17,1,0.00833333333333334,0.00833333333333334,-0.01666666666666668
17,2,0.011111111111111108,0.011111111111111108,0.04444444444444443
17,Aggregated,-0.005500141482739102,0.0034132710809281195,0.02305461233729485
17,Centralized,-0.006172839506172811,0.0030864197530864335,0.02160493827160498
18,0,0.0,0.0,0.052631578947368474
18,1,0.0,0.0,0.0
18,2,-0.033333333333333326,0.0,0.033333333333333326
18,Aggregated,-0.010483870967741933,0.0,0.028310696095076415
18,Centralized,-0.0092592592592593,0.0,0.02777777777777779
19,0,-0.06140350877192985,-0.00877192982456143,0.017543859649122806
19,1,-0.01666666666666668,0.00833333333333334,0.00833333333333334
19,2,-0.033333333333333326,0.0,0.033333333333333326
19,Aggregated,-0.037061403508771934,-8.135257498585822e-05,0.019315930956423318
19,Centralized,-0.037037037037037035,0.0,0.018518518518518545
20,0,-0.04385964912280702,0.008771929824561394,0.03508771929824563
20,1,-0.01666666666666668,0.00833333333333334,0.00833333333333334
20,2,-0.04444444444444443,0.022222222222222216,0.022222222222222216
20,Aggregated,-0.03461375212224109,0.012850169779286925,0.02176358234295417
20,Centralized,-0.033950617283950636,0.012345679012345697,0.02160493827160494
