Round,Evaluator,1,3,0,4,2
0,0,,,,,
0,1,,,,,
0,2,,,,,
0,3,,,,,
0,4,,,,,
0,Aggregated,,,,,
0,Centralized,,,,,
1,0,0.07504428173153802,0.0501151898656506,0.05718275479168406,0.05373264023829228,0.060653658526291974
1,1,0.07727702884272149,0.04647970398496662,0.05644467854190325,0.05312529358767414,0.06674810948439193
1,2,0.07102098619752481,0.053356865410547155,0.05803004460408918,0.05358756780636563,0.06135814122183256
1,3,0.06906833213803212,0.05506053673459304,0.05992137587480503,0.05524140864775154,0.057433284376640546
1,4,0.06946098759023292,0.04908365623028922,0.05314425878120254,0.050165204019028777,0.061235892200006234
1,Aggregated,0.07250713944969377,0.05016009786243102,0.056569087330488974,0.05348258703125996,0.06154107503376707
1,Centralized,0.07250713944969377,0.05016009786243102,0.056569087330488974,0.05348258703125996,0.06154107503376707
2,0,0.02144317141684521,0.008797602142599236,0.0068524217506020614,0.009903097441606811,0.01777532294907508
2,1,0.01716293991824171,0.003941083838204914,0.002071791639258434,0.010806683312128447,0.019512133684197863
2,2,0.023226364607639396,0.0008958563423947051,0.00514347740328079,0.011924518523524878,0.012582579893653767
2,3,0.021546795570518133,0.015887657483779478,-0.005073815388547017,0.0008819474638670509,0.01642406988642493
2,4,0.018005360543031982,0.014221339415840214,-0.0006591864860571455,0.008295569039840654,0.02921084091256957
2,Aggregated,0.020012860269748637,0.008911810304086507,0.0018814292564714068,0.008815355574824523,0.019302674705670743
2,Centralized,0.020012860269748637,0.008911810304086507,0.0018814292564714068,0.008815355574824523,0.019302674705670743
3,0,0.003594303230128317,0.007789329477042021,0.019331746674411295,0.01647823114971654,0.008637535520108925
3,1,0.0017590596189992146,0.006213552113393602,0.017569998894174932,0.019378902251386623,0.005651226582557681
3,2,0.00658026343211803,0.007723471283805809,0.021778183238342595,0.01855397159532788,0.0073036741169401525
3,3,0.0050197075355922684,0.009073190417374415,0.014082968612759417,0.025153052482946917,-0.0019570273302236484
3,4,0.0006455171880014368,0.006963141357720829,0.012438471989606865,0.01665432185078881,0.003500001141846232
3,Aggregated,0.0034446700561231373,0.007583785745309477,0.017113200689622736,0.01911407974322091,0.004643972733632925
3,Centralized,0.0034446700561231373,0.007583785745309477,0.017113200689622736,0.01911407974322091,0.004643972733632925
4,0,-0.011492278973829461,0.008684220020160973,-0.010930573099772519,0.01214939827145897,-0.010091718089864928
4,1,-0.008069964689186618,0.009606411643804704,-0.0034163532017825516,0.015915780162688988,-0.008766684848961271
4,2,-0.009139141420500546,0.006341445924841526,-0.00948260547432426,0.011467747056052852,-0.008053197403084644
4,3,-0.009179507841353544,0.01239249025781191,-0.0022897870084691778,0.020865942086269972,-0.011691305090810403
4,4,-0.01165046453194986,0.009797318733463638,-0.006973592348606951,0.015342859812789692,-0.0100324672677387
4,Aggregated,-0.010095150220062877,0.00926529373661034,-0.006870410360357295,0.01497923228504744,-0.009592852581898171
4,Centralized,-0.010095150220062877,0.00926529373661034,-0.006870410360357295,0.01497923228504744,-0.009592852581898171
5,0,0.001176774074445025,0.011888210654578993,0.004790404009519219,0.005211471455107174,0.0037288113979768675
5,1,0.0014543164399027613,0.013565451386636777,0.004852909602137185,0.003916396496687959,0.0013237939992893743
5,2,0.0006417519192638387,0.01129806998927552,0.0042053352331823685,0.005580637862050863,0.0035911837612979643
5,3,0.0019529180493454942,0.011871275814797725,0.005243117353849884,0.0023182726136238524,0.004615243034657737
5,4,0.0013409049332744987,0.010174029738171672,0.005102455795608787,0.0032184294380261658,0.0039092312945589736
5,Aggregated,0.00128500381091226,0.011713470731524966,0.004779500003410599,0.004168412566864907,0.0034564067789360628
5,Centralized,0.00128500381091226,0.011713470731524966,0.004779500003410599,0.004168412566864907,0.0034564067789360628
6,0,-0.0023491551023302444,-8.822302897825984e-05,0.004071258340820989,-0.006109878842058447,0.004038208855495628
6,1,-0.0016094191348216603,0.0019337154886383998,0.0034776863886886527,-0.0038784299494372685,6.480717012334047e-05
6,2,-0.0029348480391856733,0.0010362344338161735,0.002768267921399988,-0.004828755702376148,0.0034148061646949346
6,3,-0.0017598499400406345,0.0022833877560813963,-0.00649310423140684,2.023329732700474e-06,0.005533504815725202
6,4,-0.004674235352341621,0.0013833863760742018,-0.0015681317016388626,-0.001567691542715848,0.006546083999250247
6,Aggregated,-0.0029867238415949866,0.0011529292130650062,0.0007207978571252956,-0.0030797508641674204,0.0039165128140431025
6,Centralized,-0.0029867238415949866,0.0011529292130650062,0.0007207978571252956,-0.0030797508641674204,0.0039165128140431025
7,0,-0.004177190806223027,-0.007660773600731546,0.004350353080100357,0.004486792616207442,0.006063853892121102
7,1,-0.003826706504097824,-0.01283522308525528,0.0099566659653322,0.006042757039638561,0.0007892149756019835
7,2,-0.0042925583304268,-0.008303842015294976,0.004244159722129936,0.0039905419162852744,0.006083730625483276
7,3,-0.004075804991484332,-0.0076208496977428425,0.004892065727212665,0.005338780864962933,0.0033319673004262584
7,4,-0.0050177238836414855,-0.005441357871754949,0.0048056840816576105,0.003479997526541759,0.004871114738229638
7,Aggregated,-0.004283467246207456,-0.008299675517615145,0.005522437386653988,0.004623936550184246,0.004351060039072726
7,Centralized,-0.004283467246207456,-0.008299675517615145,0.005522437386653988,0.004623936550184246,0.004351060039072726
8,0,0.004553284335524669,-0.0015769165594209978,0.002023307415623246,-0.004053047340538099,-0.005006603720963284
8,1,0.0049277353990057875,-0.006163138336700089,0.003241849692363762,-0.0016671389251710698,-0.002520827123540035
8,2,0.005091273106512809,-0.003331216520860317,0.001959591391610129,-0.0034420016717376387,-0.004109760698956601
8,3,0.005121731085003263,-0.0035265074908867183,0.001986283250685769,-0.0037845291217746663,-0.0030537955205131445
8,4,0.004864609965819281,-0.0008589167726587142,0.0015769638257405803,-0.004168647045865159,-0.003952302060450231
8,Aggregated,0.004903001765527831,-0.0029700246093911265,0.0021183979754980384,-0.0034580483556905556,-0.0037693187567032624
8,Centralized,0.004903001765527831,-0.0029700246093911265,0.0021183979754980384,-0.0034580483556905556,-0.0037693187567032624
9,0,0.0034173086786892606,0.0037857530035838444,0.0011366769621699857,0.0011812141518403318,-0.010210489796918265
9,1,0.0032747348546795394,0.0008200902381212756,-0.0002770557650683611,-0.005726268835263746,-0.004952990600559491
9,2,0.004226531551876471,0.0036994139885094535,0.0015248805361151956,-0.0003736745944716939,-0.008794715180008187
9,3,0.004352556026561417,0.004214764198907784,0.0010438550814098279,-0.000627982377895192,-0.00969495160462155
9,4,0.0030334525268829867,0.0031601304613368586,0.0007254798922551542,0.00019931622079484476,-0.009423053254456935
9,Aggregated,0.0036639329655917116,0.0032497162814526703,0.0008345361576554448,-0.000857951960678575,-0.008804879658537287
9,Centralized,0.0036639329655917116,0.0032497162814526703,0.0008345361576554448,-0.000857951960678575,-0.008804879658537287
10,0,-0.006616910670861817,-2.6229333259326452e-05,-0.006435048963510248,0.002421440799264035,0.00044571473314857315
10,1,0.0010357098881624144,-0.003201658389431733,-0.010616664102097792,0.013752092067667863,-0.002906235325369197
10,2,-0.0037923322437146364,-0.0017786611001314272,-0.007074677062274548,0.004637969671244615,-0.0019452431806032404
10,3,-0.005026474615311544,-0.0009110250590545525,-0.009994136027559417,0.004992942314328556,0.0015096270471453067
10,4,-0.007470752905891777,-0.0007195173391186175,-0.0078674527084254,0.002248839459447592,0.004406821108838963
10,Aggregated,-0.004582738814142678,-0.0013119335275284824,-0.0083249567212176,0.005269331291309883,0.0005987274253369747
10,Centralized,-0.004582738814142678,-0.0013119335275284824,-0.0083249567212176,0.005269331291309883,0.0005987274253369747
11,0,0.00671814559327725,-0.008220861956361977,-0.0015361540048662683,-0.004198117256121436,0.003885379665237886
11,1,0.0075571344964254945,-0.007514432494739095,-0.0062541930255885485,-0.001808978450463831,0.00435364601394019
11,2,0.007953860192575931,-0.007591987162549126,-0.004376682465570271,-0.003429786747150829,0.004284612697244192
11,3,0.007262451897474977,-0.007429397182797299,-0.0038146148507945767,-0.001959002273288648,0.004326487256536281
11,4,0.006644303687490638,-0.008466241059888325,-0.0021967044350008754,-0.001343245345859481,0.00366883222938759
11,Aggregated,0.007141226366850565,-0.007960065047092329,-0.003631440813049161,-0.002222342841705227,0.003988110543256646
11,Centralized,0.007141226366850565,-0.007960065047092329,-0.003631440813049161,-0.002222342841705227,0.003988110543256646
12,0,-0.006094092304770706,0.005178875942002063,0.004640018607623663,0.005174147558599352,0.006877135987316016
12,1,-0.008288084274709144,0.005271128738269459,0.003501109075975133,0.010765009067627996,0.0022162488410668287
12,2,-0.005691545673885096,0.005920324739069985,0.004835890871309462,0.005241191544920616,0.004391300816079493
12,3,-0.010599073247115641,0.006548925953015368,0.004194517479030768,0.006847397782576833,0.006403730805784662
12,4,-0.008408871100463625,0.004916866203664733,0.00503979048514622,0.0053768495977220545,0.00684650585562192
12,Aggregated,-0.007794591287519576,0.00551854007154445,0.004460007838056251,0.006574339493750446,0.005473027647464815
12,Centralized,-0.007794591287519576,0.00551854007154445,0.004460007838056251,0.006574339493750446,0.005473027647464815
13,0,0.01129343780232007,0.011758327075847324,0.003071883277341275,-0.008281036697294988,0.01611858144255424
13,1,0.0116483192354177,0.0036096714601321607,0.004926608471720015,-0.0022633009395595398,0.01037957088360378
13,2,0.011116923734171317,0.010193341862662108,0.004016931952485523,-0.006636325169328262,0.01208511546611083
13,3,0.010650173622780028,0.011859116511137859,0.003428879953112539,-0.006039369781856332,0.013696878181213344
13,4,0.010680875189590489,0.014873026652852367,0.002513264290525909,-0.007870952974701797,0.015976123145701685
13,Aggregated,0.010978336810673502,0.01070650971663428,0.003483328392814708,-0.00628394671127335,0.013707421341725498
13,Centralized,0.010978336810673502,0.01070650971663428,0.003483328392814708,-0.00628394671127335,0.013707421341725498
