Round,Evaluator,4,3,0,1,2
0,0,,,,,
0,1,,,,,
0,2,,,,,
0,3,,,,,
0,4,,,,,
0,Aggregated,,,,,
0,Centralized,,,,,
1,0,-0.1693539674873605,-0.12491136149244504,0.18703007432287996,0.16869801081020103,0.11228037251035553
1,1,-0.030493239611741427,-0.01966263009731355,0.0907070421395541,0.11334905258558044,0.027120345254532153
1,2,-0.02233366740941661,0.05258767153007477,0.050016959182087886,0.06258396642389844,0.07583762235315075
1,3,-0.031077833827219268,0.08642535685016292,0.049317210765869715,0.07068212768858952,0.07314967615943117
1,4,0.13756600630805887,-0.13732995632780806,0.02021169104241906,0.07401746187360674,-0.0968330476016778
1,Aggregated,-0.05730399264829342,-0.05895175419252228,0.11295178261249413,0.11817122113413488,0.060299042080520074
1,Centralized,-0.05730399264829342,-0.05895175419252228,0.11295178261249413,0.11817122113413488,0.060299042080520074
2,0,-0.08394139032818125,-0.0661048097502051,0.13986067156483725,0.11260829673213725,0.07701371879513319
2,1,-0.022709688289821613,-0.020589303396056646,0.051490546933272346,0.09601142558624044,0.014197243660544616
2,2,-0.035626865220585745,0.024463979272835768,-0.010402199801588932,0.01911143087013252,0.03510243552014835
2,3,-0.07609448799819359,0.050440908076229404,-0.01887262807623025,0.028813252524980865,0.025346749702755123
2,4,0.25346365594641324,-0.012878858102326328,0.098186145820116,0.13292234271717826,0.04597856832661969
2,Aggregated,-0.0030834056934777106,-0.031453903285081415,0.07227432490280972,0.08561752082496844,0.04119199600991957
2,Centralized,-0.0030834056934777106,-0.031453903285081415,0.07227432490280972,0.08561752082496844,0.04119199600991957
3,0,-0.11926427660234902,-0.10633139148316885,0.09541374226193179,0.0869198595292728,0.030430594372944788
3,1,-0.03880762970527387,-0.04590990178785135,0.04223830676734272,0.059270025374267996,-0.017048256541139773
3,2,-0.05005411020903187,0.010458575358561789,-0.005683607013925553,0.003454128416419487,0.043101814182137814
3,3,-0.0774022306444814,0.0463827671643217,-0.00085112217894166,0.022404095775340957,0.015135007155277854
3,4,0.16202938686489268,-0.08986827567470305,-0.002066893440467532,-0.015761453956003858,-0.057893514028598055
3,Aggregated,-0.03265859215839577,-0.061915949929358706,0.04278860981934516,0.0435921383099355,0.0035813078498355337
3,Centralized,-0.03265859215839577,-0.061915949929358706,0.04278860981934516,0.0435921383099355,0.0035813078498355337
4,0,-0.1170994365846142,-0.08909354640783307,0.09659739724494903,0.08795482578223617,0.04313887474126567
4,1,-0.03803381508396966,-0.038527571112614296,0.03229354447716935,0.05944468589515576,-0.010130062288428913
4,2,-0.04962719614703432,0.010528773959036897,-0.017683926886804972,0.003669998994383508,0.053516174957197155
4,3,-0.07462096917668014,0.048995580671083915,-0.01812377295768339,0.0255941557510825,0.021202844896044973
4,4,0.16201647357547475,-0.0999195198225102,0.011204323990244536,-0.014297474956442544,-0.05502480731554756
4,Aggregated,-0.031146845903061996,-0.05682690149790936,0.04062396765698215,0.0450247735254328,0.011824523524674353
4,Centralized,-0.031146845903061996,-0.05682690149790936,0.04062396765698215,0.0450247735254328,0.011824523524674353
5,0,-0.14353863271967582,-0.04110102342064877,0.08333134404339833,0.07676507658569039,0.022400183873539193
5,1,-0.053413617464685426,-0.029393997168514395,0.04779961483413267,0.05690929181658575,-0.017814530016982362
5,2,-0.06719982887310604,0.016042648776034986,0.011896371831521379,0.0010985684549404398,0.03982552202765037
5,3,-0.0957533437171791,0.050945392576643114,0.015843842121390044,0.02256197376585807,0.011980573274238022
5,4,0.16578954499337858,-0.09885555128507523,0.003256890653963539,-0.016144112859326303,-0.04770811025559282
5,Aggregated,-0.046927093706630264,-0.03443961145660365,0.04312648965286877,0.03869437286216512,0.0014093910995521598
5,Centralized,-0.046927093706630264,-0.03443961145660365,0.04312648965286877,0.03869437286216512,0.0014093910995521598
6,0,-0.12541665372512142,-0.07787029463477163,0.08459434260809837,0.08502660137709311,0.032698328905353465
6,1,-0.04715404258208112,-0.04486562395650375,0.04215271643798314,0.05932797596020561,-0.011916502325911163
6,2,-0.05195743449042453,0.006827707594556541,0.004707192479344132,-0.004944347968715603,0.04535011228627863
6,3,-0.07948656664233002,0.04192110914508192,0.00614037118277415,0.016245024834356518,0.01365431536462444
6,4,0.16142694638678048,-0.08905707638621115,-0.006179854439108596,-0.01891469338477569,-0.04817651167172435
6,Aggregated,-0.03701506510550092,-0.05132499562478762,0.039523994788835774,0.04066652430273174,0.007035410980447552
6,Centralized,-0.03701506510550092,-0.05132499562478762,0.039523994788835774,0.04066652430273174,0.007035410980447552
7,0,-0.15489973010780475,-0.05375368944797039,0.08750079682341015,0.0828968483424725,0.0325306669584384
7,1,-0.05978145802478161,-0.027281109915183403,0.0343544733811882,0.06439970225703874,-0.012250941695325793
7,2,-0.06866327406366904,0.02141701584741992,-0.009578991864448438,0.00863131438079955,0.04777597762485071
7,3,-0.10426045107140793,0.05600970877023567,-0.004253428702810659,0.03324263207446806,0.019092708933370228
7,4,0.16711503202360473,-0.08571161125153563,-0.009831515534049935,-0.021410915179187542,-0.04945745796137415
7,Aggregated,-0.05240236027558113,-0.035364758005278094,0.035452204896769764,0.04307781032463129,0.00721812051483775
7,Centralized,-0.05240236027558113,-0.035364758005278094,0.035452204896769764,0.04307781032463129,0.00721812051483775
8,0,-0.1759117437474188,-0.02550645595645005,0.09409693346527744,0.07619742925399545,0.03481956581765088
8,1,-0.06783537167684264,-0.024836143324810312,0.032431503096076134,0.06585782307569653,-0.004306230999675389
8,2,-0.07764167308562524,0.025618586217716597,-0.00013988682359397005,-0.002848814004424551,0.05545051028573817
8,3,-0.10100658909496728,0.065056626391013,-0.007907743063979806,0.022722839726161924,0.021304137659116266
8,4,0.16042634429146893,-0.08815526593546785,-0.018716878997001144,-0.010618603821607819,-0.04138303025065419
8,Aggregated,-0.06279821518500525,-0.023199996090239892,0.035384394791456227,0.040753861973703114,0.011744214480496241
8,Centralized,-0.06279821518500525,-0.023199996090239892,0.035384394791456227,0.040753861973703114,0.011744214480496241
9,0,-0.15633508905479937,-0.04629502829459539,0.08331216532470281,0.08813937242494677,0.027779084095780126
9,1,-0.06182716348179497,-0.02739157487538964,0.02783807987104912,0.07237721033046667,-0.012044524448451463
9,2,-0.07650257336246874,0.019224254485089968,-0.000451603091709953,0.002267347087270541,0.055435400679207075
9,3,-0.10293039634872997,0.05837565850562949,-0.012520696958917872,0.033094339362076584,0.024811888802208366
9,4,0.16377755867726365,-0.08450088426447074,-0.01350847183559382,-0.01787004570997286,-0.04902295871451821
9,Aggregated,-0.05338869529476088,-0.03250663306693854,0.031226408459426,0.04629589099382915,0.00682122916107061
9,Centralized,-0.05338869529476088,-0.03250663306693854,0.031226408459426,0.04629589099382915,0.00682122916107061
10,0,-0.15239140073584836,-0.02067862656970635,0.08182638245446353,0.07228655407375625,0.030828715098955507
10,1,-0.06140877172943296,-0.021372087942671588,0.03626226928385252,0.055249220266178935,-0.00641721971514659
10,2,-0.0741340941230207,0.023978290383815316,0.008275730011633791,-0.006758684796128022,0.04906593296196705
10,3,-0.10238300486945488,0.0629852851554129,-0.0017007635157683795,0.02234598538580169,0.018247951863558234
10,4,0.16995190274264219,-0.07925297479729858,-0.014137003963119999,-0.03009543486979573,-0.04569295428532406
10,Aggregated,-0.05064088752448034,-0.01914106059455299,0.033983448009143026,0.032559064334046844,0.00792342475580062
10,Centralized,-0.05064088752448034,-0.01914106059455299,0.033983448009143026,0.032559064334046844,0.00792342475580062
11,0,-0.15420926229083326,-0.04134575354676602,0.08579936297068932,0.07513946348255836,0.028650703080098577
11,1,-0.06366900000106573,-0.02434940879139009,0.03094873577360376,0.06617717847847014,-0.010783048258001554
11,2,-0.08820879063667414,0.021193185772945624,0.00909588555800672,0.0019109504620515795,0.05601311834525274
11,3,-0.11526252802775426,0.0602116130724895,-0.002706529431508093,0.03345779206510625,0.02659098197032099
11,4,0.1706564746887594,-0.07643345847873184,-0.021426981298036062,-0.02072448474991418,-0.0533616943138726
11,Aggregated,-0.05426143944795479,-0.027183131300961203,0.03320368598471716,0.03963372714886352,0.006208426872941135
11,Centralized,-0.05426143944795479,-0.027183131300961203,0.03320368598471716,0.03963372714886352,0.006208426872941135
12,0,-0.127422363900121,-0.03678678715478367,0.07562635153125834,0.07774236102412042,0.010756214806319608
12,1,-0.043478144003342024,-0.0350614601362571,0.039641057004380933,0.0579938837626001,-0.018948330699228595
12,2,-0.06197697747949326,0.00910488081771776,0.015345910192000062,-0.009861257539311667,0.047382005451355284
12,3,-0.0844149428140887,0.04468753997505085,0.003595009733521833,0.018845651425815315,0.015330168164626986
12,4,0.16362195461186155,-0.08149919234778154,-0.007456888550204884,-0.027144552693974096,-0.04711048821982338
12,Aggregated,-0.036652109258440674,-0.030963405117898614,0.03509130387057306,0.03490378069048535,-0.0024938152499832797
12,Centralized,-0.036652109258440674,-0.030963405117898614,0.03509130387057306,0.03490378069048535,-0.0024938152499832797
13,0,-0.116587283992673,-0.05627347170366958,0.07504061878265136,0.07198960490998635,0.017729305705794743
13,1,-0.04854880651453484,-0.0330755700815247,0.03532242053129188,0.05613790246669271,-0.010781823734466615
13,2,-0.061657007944828,0.010476902269410648,0.010784169019556184,-0.011408753434223264,0.05179405572178913
13,3,-0.08914096579804641,0.053733102469628674,-0.0009156992510194232,0.01754881293226167,0.020314687159340334
13,4,0.16446643685622658,-0.08274136263457492,-0.01285319215115695,-0.019674624243038157,-0.048757385008199275
13,Aggregated,-0.032202333830066356,-0.03752653308411193,0.03155817573857344,0.03351173149671576,0.001891741014855053
13,Centralized,-0.032202333830066356,-0.03752653308411193,0.03155817573857344,0.03351173149671576,0.001891741014855053
14,0,-0.16667608226089559,-0.029353428548477226,0.09945266257304007,0.08241205198652955,0.024975844297696604
14,1,-0.08175171497636137,-0.02155859938483669,0.04575506548475098,0.06619171650526666,-0.007077512613584562
14,2,-0.10014657148483685,0.02633475056500143,0.02011384418812762,-0.004729943067404855,0.058645361175407064
14,3,-0.13562486358673442,0.06902181104680324,0.01044003332468204,0.02727155612343501,0.028883264202462913
14,4,0.16728878239906078,-0.06960354682716904,-0.018577975476740716,-0.029754353439014773,-0.049333483498470186
14,Aggregated,-0.0653710894962284,-0.019695513477510376,0.043252167121342416,0.03910524976369385,0.006768017361899418
14,Centralized,-0.0653710894962284,-0.019695513477510376,0.043252167121342416,0.03910524976369385,0.006768017361899418
15,0,-0.11461491209441639,-0.023854056061595755,0.06895845595003158,0.06244132165857671,0.01043626037888746
15,1,-0.04033738390988068,-0.029697335734942192,0.029240688469768898,0.0568418687800087,-0.015641408675569044
15,2,-0.05379133907094215,0.001508762337253065,0.006775863105086903,-0.005252145961319834,0.05096851585312258
15,3,-0.07935618526264758,0.04452873463582852,-0.006035639951731268,0.0230496363651679,0.01782992867546003
15,4,0.16367679262594612,-0.09125420121404995,-0.012708186150992602,-0.016603475464519932,-0.042842454000945614
15,Aggregated,-0.029369271892767532,-0.028061104789013615,0.027557376429545217,0.03180848357047925,-0.0006409298999750216
15,Centralized,-0.029369271892767532,-0.028061104789013615,0.027557376429545217,0.03180848357047925,-0.0006409298999750216
16,0,-0.12762401465472992,-0.02556205715022441,0.08599396460400689,0.07444711481233542,0.017154431912644007
16,1,-0.056251902092711296,-0.017610381646383472,0.03788139781577921,0.06548421624305094,-0.006512823806097392
16,2,-0.07859445412118414,0.016885439351580236,0.008395501788900953,-0.017880697239130033,0.058387452575825304
16,3,-0.10897401415778016,0.06353951739833356,-0.006338831877511701,0.021406974476698613,0.027109408681171183
16,4,0.15739555515555298,-0.08793712388399218,-0.019819624078047705,-0.03577585977300545,-0.05201971937302882
16,Aggregated,-0.04262941265918158,-0.022612052537977437,0.033974029133360055,0.032810631170601984,0.0030327839573790947
16,Centralized,-0.04262941265918158,-0.022612052537977437,0.033974029133360055,0.032810631170601984,0.0030327839573790947
17,0,-0.13737872745672047,-0.04247189261846225,0.07095050521641061,0.06018657301359911,0.01757120761049336
17,1,-0.05873963765157741,-0.023226078579937377,0.0229233388367726,0.04558475023717233,-0.01010445668151714
17,2,-0.0723163096634165,0.018278024416561157,0.011117285717919752,-0.008812950765709099,0.06433477811682732
17,3,-0.10049013043839697,0.06354115244335468,-0.006322750276362578,0.019802411450370674,0.027872259036413508
17,4,0.17242717795100404,-0.08583698173202059,-0.010991225682014386,-0.01333601604852586,-0.024715531133977585
17,Aggregated,-0.04316187905938764,-0.029504163405702777,0.02778923792310426,0.0290679983194472,0.00878698414904674
17,Centralized,-0.04316187905938764,-0.029504163405702777,0.02778923792310426,0.0290679983194472,0.00878698414904674
18,0,-0.1140361126135429,-0.023504378734914698,0.07844689172795076,0.08662618820520779,0.015546011381341455
18,1,-0.04839607839169714,-0.018382933078305564,0.036457980985289,0.07287942265840225,-0.015586890421993902
18,2,-0.07581814363984103,0.006822660404541858,0.007978352654824128,-0.008095150396273025,0.056518447280464276
18,3,-0.10023739100851434,0.06369516672381743,-0.0018486510219154668,0.028028219351272234,0.006658924996596483
18,4,0.15359043040519985,-0.09029580070361852,-0.020427189170962493,-0.03548196015068991,-0.04753638837040501
18,Aggregated,-0.03514753758142056,-0.0236188863979316,0.031212221721804604,0.039978117292342026,-0.0010322904251091817
18,Centralized,-0.03514753758142056,-0.0236188863979316,0.031212221721804604,0.039978117292342026,-0.0010322904251091817
19,0,-0.15035734397201697,-0.03128290692712924,0.06990605613721725,0.05768922651988178,0.01522491275822397
19,1,-0.08374331059884217,-0.025022668775866008,0.028692717890174923,0.053707020873473496,-0.00017879266245421263
19,2,-0.08652028980134971,0.014868048433055349,0.01760094823332261,0.0005470436131433989,0.06632206460637571
19,3,-0.1250071051377687,0.059363800830032024,0.0024180974899950885,0.03026327945351977,0.03501232086883135
19,4,0.176776378974308,-0.08872791756313533,-0.013295902467968208,-0.007673438805882469,-0.02630849571803688
19,Aggregated,-0.05395068178337822,-0.026964325659366906,0.028838192853569925,0.03221568122579021,0.009992622436852948
19,Centralized,-0.05395068178337822,-0.026964325659366906,0.028838192853569925,0.03221568122579021,0.009992622436852948
20,0,-0.0950426386623692,-0.0379644565610141,0.08468681166442181,0.06848239925334797,0.00964192667252604
20,1,-0.04188560002268061,-0.023673889092961562,0.03827845551395357,0.059544991713702124,-0.007465196379916979
20,2,-0.0647638281660657,0.004238093214881179,0.00821065592826482,-0.01803543854729018,0.058183807787993196
20,3,-0.09507873709040532,0.056375241231327505,-0.004468486711074553,0.019556233079114502,0.024512312240223842
20,4,0.1531471451766707,-0.08812112654200335,-0.019092145379559188,-0.04151358755024501,-0.044292491885805245
20,Aggregated,-0.025596962367079902,-0.02997765599743892,0.03307535425177852,0.02794907405931887,0.0014120245043167741
20,Centralized,-0.025596962367079902,-0.02997765599743892,0.03307535425177852,0.02794907405931887,0.0014120245043167741
21,0,-0.12987442407009242,-0.0339779367486009,0.06869442141886342,0.044059618165072166,0.015503952282207308
21,1,-0.065748149472916,-0.023998763927668768,0.022618198428502448,0.05169662962228635,-0.00988459623242518
21,2,-0.06859819077330243,0.01668594868737481,0.008214105931228236,-0.0074478579686857145,0.06299857105967983
21,3,-0.10488859201409212,0.06395927184452348,-0.008545562233388204,0.026493355597732676,0.02463428650929084
21,4,0.17397431894664378,-0.08232466417412138,-0.01467732113217488,-0.008093533309915288,-0.028836142446572257
21,Aggregated,-0.0401360267413445,-0.02587917609135374,0.025157306061558846,0.025820932648067715,0.006347151059618294
21,Centralized,-0.0401360267413445,-0.02587917609135374,0.025157306061558846,0.025820932648067715,0.006347151059618294
22,0,-0.0904702174071357,-0.03164515913486366,0.07216713962697832,0.08720259405617238,0.016914118165085115
22,1,-0.04175332021291332,-0.024382102270480027,0.0295355018892487,0.07638220065246346,-0.006165819132693214
22,2,-0.06432489568128812,0.0017274454287481904,0.011477196661635103,-0.015513705883311576,0.05358168493709976
22,3,-0.09266608243092876,0.05552254795221986,-0.010996696911580327,0.029262341782143833,0.015328493523225859
22,4,0.14002625346117376,-0.08898125938970525,-0.016607269760027545,-0.03745575464074058,-0.04222414101696959
22,Aggregated,-0.0262246595028814,-0.029124774905370035,0.027540748272903568,0.03993764940614728,0.003296428699685072
22,Centralized,-0.0262246595028814,-0.029124774905370035,0.027540748272903568,0.03993764940614728,0.003296428699685072
23,0,-0.14098777087846223,-0.03817903108636764,0.06441098481121418,0.05125582824807493,0.011105726820293696
23,1,-0.0726609632516884,-0.028349650527632646,0.023198026115044925,0.052314661873704725,-0.007963743058598417
23,2,-0.07022257103839837,0.010538799910641217,0.011999824077115025,-0.0038659615350178137,0.06427869602353635
23,3,-0.10417949668685056,0.06123423781387783,-0.006729469903884128,0.028972715011019296,0.02441409540272837
23,4,0.16914676960404795,-0.08011523204517874,-0.010710473185246365,-0.007703457630634265,-0.02660343426518916
23,Aggregated,-0.04609767875030026,-0.028509535774973584,0.02479518286671064,0.02913256452616123,0.005645301002859562
23,Centralized,-0.04609767875030026,-0.028509535774973584,0.02479518286671064,0.02913256452616123,0.005645301002859562
24,0,-0.10336643255494901,-0.05025461418277159,0.08528864623244256,0.09125000776278837,0.017094675324002825
24,1,-0.05059602404112465,-0.027303870810085784,0.037635168145934136,0.07423304730865282,-0.0033962691402590894
24,2,-0.07254460927914967,-0.006720037685875222,0.021890513468277115,-0.017086241911818446,0.06309027034969693
24,3,-0.10251924177303455,0.0526962429766756,-0.0006336244752897662,0.026590133019361157,0.021408903876931763
24,4,0.14449530492426685,-0.09303873927983368,-0.01910648771187979,-0.039051933296998444,-0.0333009965426717
24,Aggregated,-0.033150926280565145,-0.037768006456216696,0.03504896349654759,0.039987125656857435,0.007060529069980124
24,Centralized,-0.033150926280565145,-0.037768006456216696,0.03504896349654759,0.039987125656857435,0.007060529069980124
25,0,-0.1259468026349946,-0.029061738330842853,0.06637301903093978,0.047961423603237165,0.006635964671380797
25,1,-0.056524324298630295,-0.02990590453868176,0.02928692402029122,0.04643032444962311,-0.017198429339572233
25,2,-0.0538669543764362,0.00642952992234956,0.01775973877183649,-0.01708148662367855,0.05887617150717639
25,3,-0.08638311397136485,0.053349733188342324,-0.00040860915418904444,0.023113666062692866,0.014041706426966009
25,4,0.18144168090979662,-0.07877861615947404,-0.007264212363088643,-0.012986342610972985,-0.04119976795355252
25,Aggregated,-0.03227433883321254,-0.026727547734012213,0.028773350663729446,0.024099106058179613,-0.0020687495186954953
25,Centralized,-0.03227433883321254,-0.026727547734012213,0.028773350663729446,0.024099106058179613,-0.0020687495186954953
26,0,-0.12449845625199306,-0.034653550857432366,0.08557796349746553,0.08399342824984286,0.02196062395744706
26,1,-0.06228372298135481,-0.025867412775553378,0.03931228202491303,0.07148397764197681,-0.0010899470988542067
26,2,-0.07870140030248782,0.0034051994443998275,0.01808554501425205,-0.017927353398202436,0.06584540844647592
26,3,-0.11304675977942204,0.06078483160431249,-0.003747357554394276,0.02531808623500785,0.027161166277161385
26,4,0.14784293776934293,-0.0791757385364987,-0.02603383540150245,-0.035235196796733974,-0.038379247773499575
26,Aggregated,-0.04451074099534182,-0.026963050782211825,0.03337618641806835,0.03771182338092775,0.008994231256086322
26,Centralized,-0.04451074099534182,-0.026963050782211825,0.03337618641806835,0.03771182338092775,0.008994231256086322
27,0,-0.14331483802820993,-0.044364007441771595,0.07247395356182194,0.06256910562508465,0.006882660485337152
27,1,-0.06600440563200054,-0.025914716908458067,0.028856366342517852,0.05476694686713861,-0.015223432848246843
27,2,-0.06949734927700572,0.012867756454000125,0.019414269779698717,-0.010429861653301408,0.05682807333031983
27,3,-0.09596973514576881,0.06096834493109775,-0.0041663792036131355,0.020555879086605902,0.021246573497860535
27,4,0.16944924468840478,-0.09285703977136144,0.0016999170958102096,-0.009488764479183114,-0.034688653219888455
27,Aggregated,-0.04538135560565164,-0.032966363729169244,0.032670562987284664,0.032158052004313174,0.00044287755714619105
27,Centralized,-0.04538135560565164,-0.032966363729169244,0.032670562987284664,0.032158052004313174,0.00044287755714619105
28,0,-0.10744197800412719,-0.04407052536113705,0.08748628870687535,0.08666658895965494,0.010695475036927051
28,1,-0.048841935718460294,-0.027461861997899614,0.03776414834148798,0.07111952419654101,-0.013245343229910918
28,2,-0.06488865998018097,0.0024846639579904897,0.015521628577642466,-0.024663170400457957,0.0629075041465598
28,3,-0.1019923139486849,0.05880395903146728,-0.0007963220863919318,0.02538015503340889,0.016851891107221968
28,4,0.15377276320728728,-0.07623672595729912,-0.031906189366896015,-0.040289407493958644,-0.033685793613789074
28,Aggregated,-0.032211482278553534,-0.03053955662260909,0.03293161859573541,0.03669122888647287,0.002330404312300189
28,Centralized,-0.032211482278553534,-0.03053955662260909,0.03293161859573541,0.03669122888647287,0.002330404312300189
29,0,-0.11152573249580969,-0.053759973863867445,0.07441162502165782,0.059676796481717996,0.004814899016873679
29,1,-0.04652700576001542,-0.0331876575847703,0.029939376249396573,0.05217416052734502,-0.020306263006361132
29,2,-0.047898934279288076,0.0032738522910769163,0.01742207761818274,-0.015073060007554862,0.05056360563900051
29,3,-0.08100256891409091,0.04914051688150019,-0.002075153191202663,0.029580242817527802,0.007157370008765538
29,4,0.1795368450320841,-0.06867441250084734,-0.01992553647538207,-0.02921433559923183,-0.03558168366140809
29,Aggregated,-0.024597848676742716,-0.034544793980342416,0.028960231697898128,0.02681905604970657,-0.003509694103006624
29,Centralized,-0.024597848676742716,-0.034544793980342416,0.028960231697898128,0.02681905604970657,-0.003509694103006624
30,0,-0.10780858761881729,-0.05603496001907835,0.08140845148040439,0.06859164610477643,0.013587716916193197
30,1,-0.059913516053870616,-0.03117898158060616,0.036605944724652145,0.06672713109046535,-0.012361555019709059
30,2,-0.07022524097656872,0.007909636528584485,0.02243534356992555,-0.025769988394380654,0.06632575578800311
30,3,-0.10506071264286414,0.06328763726472657,-0.0029154560122136666,0.021527962769489747,0.022671021199119654
30,4,0.14522346483047416,-0.07174712193925795,-0.01619344856335637,-0.02560947784950119,-0.029500317116495027
30,Aggregated,-0.03648646978459155,-0.03404798482047888,0.03386959175896097,0.0318727700683198,0.005100400058768989
30,Centralized,-0.03648646978459155,-0.03404798482047888,0.03386959175896097,0.0318727700683198,0.005100400058768989
31,0,-0.1237841646987342,-0.026273924860750524,0.07132811124098547,0.07074707420233661,0.014272688459640016
31,1,-0.05679138874761036,-0.024087736596464963,0.031004197090829667,0.05979585381215723,-0.008503523131592706
31,2,-0.06386607008785712,0.0048066081093235515,0.020125207259854856,-0.02221025944807253,0.06159942126069199
31,3,-0.09783047300311325,0.05920902719486878,-0.004596827161588793,0.024871105965661118,0.01833051671633567
31,4,0.1668828324422051,-0.0805303349725512,-0.026585916858265148,-0.026472364240645137,-0.03233583500574188
31,Aggregated,-0.03616505739042582,-0.02418549601831,0.026706548422833133,0.031576954793647506,0.004707646660048317
31,Centralized,-0.03616505739042582,-0.02418549601831,0.026706548422833133,0.031576954793647506,0.004707646660048317
32,0,-0.09982441945909273,-0.05692788059289971,0.08166889497100553,0.08478794163848917,0.01348303518373006
32,1,-0.041707020376458015,-0.03216735449439905,0.03207777326416876,0.07208416635347996,-0.009605818359895879
32,2,-0.057368523261342785,-0.00260223290320262,0.012165951669386483,-0.02639045939512383,0.063595761044534
32,3,-0.0867935355365794,0.05165287881598465,-0.013156683268732074,0.02441851550151704,0.021711277927008707
32,4,0.1440367885496854,-0.07314088581169097,-0.028353495736879383,-0.04118167067874383,-0.03843477473227278
32,Aggregated,-0.027631040746812538,-0.0365947262911424,0.02889091903596621,0.03578710422944691,0.0036282440032241697
32,Centralized,-0.027631040746812538,-0.0365947262911424,0.02889091903596621,0.03578710422944691,0.0036282440032241697
