,BeforeLocalTraining,AfterLocalTraining,BeforeLocalPartialEvaluations,AfterLocalPartialEvaluations,BeforeEvaluation,AfterEvaluation
1,1789094669.6853495,1789094669.7630672,1789094677.386889,1789094678.9457848,1789094679.8735063,1789094679.8994393
2,1789094681.327812,1789094681.4092953,1789094688.7955093,1789094690.2366083,1789094691.1756158,1789094691.2008708
3,1789094692.4097488,1789094692.4864957,1789094699.9294748,1789094701.70102,1789094702.6233647,1789094702.6482732
4,1789094703.9014523,1789094703.9815211,1789094711.4969559,1789094712.9313242,1789094713.7803423,1789094713.80593
5,1789094715.0682015,1789094715.1433964,1789094722.6350026,1789094724.190224,1789094725.0847821,1789094725.1090107
6,1789094726.2658496,1789094726.3411434,1789094733.964132,1789094735.4216774,1789094736.282476,1789094736.3075743
7,1789094737.5841324,1789094737.6637552,1789094745.2462728,1789094747.0603266,1789094747.8604078,1789094747.885695
8,1789094749.2097971,1789094749.2864213,1789094756.7403417,1789094758.2993004,1789094759.1147618,1789094759.1395102
9,1789094760.371805,1789094760.4498491,1789094767.919028,1789094769.3619215,1789094770.2593012,1789094770.2843342
10,1789094771.4823008,1789094771.5602684,1789094779.1457033,1789094780.691466,1789094781.5048652,1789094781.6194508
11,1789094782.8341572,1789094782.909733,1789094790.407808,1789094792.1949565,1789094793.0324035,1789094793.0576074
12,1789094794.4060497,1789094794.4834776,1789094801.747527,1789094803.1708214,1789094804.1253366,1789094804.1502903
13,1789094805.3852646,1789094805.462377,1789094812.819829,1789094814.358543,1789094815.2093155,1789094815.234184
14,1789094816.54537,1789094816.6218336,1789094824.2992322,1789094825.8355844,1789094826.6989942,1789094826.7235022
15,1789094827.9216924,1789094827.9971023,1789094835.4648683,1789094837.1358452,1789094838.0720122,1789094838.0970776
16,1789094839.2326887,1789094839.325048,1789094846.8699565,1789094848.4185758,1789094849.204431,1789094849.229492
17,1789094850.5052288,1789094850.5864737,1789094858.175294,1789094859.7070758,1789094860.5645232,1789094860.5903203
18,1789094861.799544,1789094861.8751266,1789094869.393822,1789094870.8264534,1789094871.7383928,1789094871.763115
19,1789094872.9889455,1789094873.0650032,1789094880.4749668,1789094882.0753224,1789094882.9986196,1789094883.0234551
20,1789094884.3773162,1789094884.4533038,1789094891.7497587,1789094893.191891,1789094894.1122572,1789094894.137458
21,1789094895.4331555,1789094895.5143251,1789094903.2667599,1789094904.8220606,1789094905.6235383,1789094905.648883
22,1789094906.959192,1789094907.035665,1789094914.491915,1789094916.0403225,1789094916.8643572,1789094916.8896303
23,1789094918.1002579,1789094918.2574584,1789094926.063436,1789094927.5341218,1789094928.488127,1789094928.5129604
24,1789094929.689275,1789094929.7653553,1789094937.3073957,1789094938.749064,1789094939.6957908,1789094939.720919
25,1789094941.1562967,1789094941.2342677,1789094948.638314,1789094950.079568,1789094951.0713968,1789094951.095966
26,1789094952.3477325,1789094952.4244273,1789094959.846209,1789094961.301799,1789094962.2791388,1789094962.3036556
27,1789094963.5749931,1789094963.6625793,,,,
