,BeforeLocalTraining,AfterLocalTraining,BeforeLocalPartialEvaluations,AfterLocalPartialEvaluations,BeforeEvaluation,AfterEvaluation
1,1791284430.791835,1791284431.7669768,1791284459.4189804,1791284465.0182939,1791284465.0267403,1791284465.2034783
2,1791284465.2805917,1791284466.1312664,1791284492.3179297,1791284498.181023,1791284498.1889088,1791284498.3661687
3,1791284498.4093692,1791284499.2571836,1791284525.4499419,1791284531.3601522,1791284531.3680089,1791284531.5510604
4,1791284531.6489382,1791284532.5167706,1791284557.8622615,1791284563.9993122,1791284564.0069425,1791284564.1842153
5,1791284564.2292821,1791284565.0704927,1791284590.5302887,1791284596.2294874,1791284596.237279,1791284596.4153194
6,1791284596.4577174,1791284597.2960496,1791284622.5709832,1791284628.183937,1791284628.191469,1791284628.3699486
7,1791284628.4146445,1791284629.2617111,1791284655.4501944,1791284661.3018703,1791284661.309561,1791284661.4909036
8,1791284661.7253115,1791284662.6760607,1791284687.8339126,1791284693.4419112,1791284693.4495769,1791284693.6296647
9,1791284693.7179432,1791284694.567766,1791284719.6642613,1791284725.332893,1791284725.3403723,1791284725.516894
10,1791284725.630017,1791284726.5608518,1791284752.248272,1791284757.99936,1791284758.006921,1791284758.186961
11,1791284758.311593,1791284759.1655633,1791284785.416409,1791284791.4169326,1791284791.4246378,1791284791.6124246
12,1791284791.6592388,1791284792.6162796,1791284817.951182,1791284823.832653,1791284823.8403018,1791284824.017489
13,1791284824.061757,1791284824.903626,1791284851.0919468,1791284856.6793203,1791284856.686888,1791284856.867195
14,1791284856.9575837,1791284857.94126,1791284883.4241743,1791284889.1991565,1791284889.2068043,1791284889.3856905
15,1791284889.570459,1791284890.4151783,1791284916.6295981,1791284922.1918485,1791284922.1996143,1791284922.3824482
16,1791284922.5020552,1791284923.351892,1791284948.744812,1791284954.331842,1791284954.3393908,1791284954.5222745
17,1791284954.568563,1791284955.424096,1791284981.0177884,1791284986.8596709,1791284986.8675308,1791284987.0488958
18,1791284987.1093812,1791284987.978226,1791285013.4270487,1791285019.3336897,1791285019.3413188,1791285019.5222743
19,1791285019.5647032,1791285020.4131944,1791285045.6686118,1791285051.2888896,1791285051.2964125,1791285051.4745579
20,1791285051.520846,1791285052.3763452,1791285078.0221734,1791285083.7262907,1791285083.733956,1791285083.9126687
21,1791285083.9619598,1791285084.9137673,1791285111.9123578,1791285117.9079206,1791285117.9158323,1791285118.1044178
22,1791285118.1886292,1791285119.0790138,1791285145.8501422,1791285152.136702,1791285152.1447213,1791285152.3350108
23,1791285152.3828046,1791285153.3905902,1791285181.243663,1791285187.16985,1791285187.178891,1791285187.3756042
24,1791285187.4854987,1791285188.3806841,1791285216.0195527,1791285221.9133987,1791285221.921883,1791285222.1098156
25,1791285222.1875455,1791285223.2001297,1791285249.745925,1791285255.760752,1791285255.7748623,1791285256.0517535
26,1791285256.249631,1791285257.1431184,1791285283.6248703,1791285289.7697253,1791285289.7774796,1791285289.9583833
27,1791285290.0109873,1791285291.009774,1791285317.871572,1791285323.53061,1791285323.5381002,1791285323.717286
28,1791285323.7764304,1791285324.638364,1791285350.1364923,1791285355.7597127,1791285355.7672763,1791285355.947239
29,1791285356.034716,1791285356.8932152,1791285382.641745,1791285388.2878902,1791285388.2953677,1791285388.4756432
30,1791285388.5799534,1791285389.4278755,1791285415.5807943,1791285421.7601082,1791285421.7677767,1791285421.953774
31,1791285421.9990764,1791285422.8720496,1791285449.9147565,1791285455.6282496,1791285455.6358795,1791285455.814396
32,1791285455.8589485,1791285456.7041082,1791285482.1960306,1791285487.850444,1791285487.8582985,1791285488.0367918
33,1791285488.1022613,1791285488.9522586,1791285515.3058882,1791285521.4968405,1791285521.5049148,1791285521.696715
34,1791285521.8133795,1791285522.783589,1791285548.4329605,1791285554.0660844,1791285554.0736768,1791285554.2569788
35,1791285554.3721948,1791285555.2408595,1791285581.2789013,1791285586.8703933,1791285586.8781245,1791285587.1444893
36,1791285587.3713193,1791285588.3508086,1791285613.5274327,1791285619.4963722,1791285619.503948,1791285619.6813338
37,1791285619.72481,1791285620.573589,1791285646.4968674,1791285652.1773255,1791285652.1849494,1791285652.3663156
38,1791285652.5052147,1791285653.452266,1791285680.1281624,1791285686.0869374,1791285686.0947883,1791285686.2841153
39,1791285686.3404007,1791285687.2374334,1791285713.5023181,1791285719.315154,1791285719.322826,1791285719.5106716
40,1791285719.557777,1791285720.4478474,1791285746.9915605,1791285753.1589792,1791285753.1671817,1791285753.3546424
41,1791285753.401319,1791285754.3089306,1791285780.964723,1791285787.0094469,1791285787.0170538,1791285787.1996098
42,1791285787.2460413,1791285788.1044083,1791285813.5653307,1791285819.1756613,1791285819.1832223,1791285819.3621182
43,1791285819.4087942,1791285820.2529655,1791285846.092839,1791285851.7354867,1791285851.7432828,1791285851.925097
44,1791285851.9722555,1791285852.8291876,1791285878.2521508,1791285883.944515,1791285883.9521725,1791285884.1298392
45,1791285884.1740072,1791285885.1223867,1791285910.3305306,1791285915.9281704,1791285915.936015,1791285916.121428
46,1791285916.1884136,1791285917.0301716,1791285942.457436,1791285948.4894834,1791285948.4973354,1791285948.6918144
47,1791285948.8306165,1791285949.8324237,1791285976.775393,1791285982.9002602,1791285982.908818,1791285983.0949464
48,1791285983.1786885,1791285984.0634649,1791286011.8284254,1791286017.7276063,1791286017.7353294,1791286017.924428
49,1791286018.035208,1791286019.0515776,1791286045.6955597,1791286051.6289127,1791286051.6374965,1791286051.8265443
50,1791286051.8751628,1791286052.7910907,1791286079.7712538,1791286086.0665221,1791286086.0742102,1791286086.2671196
