,BeforeLocalTraining,AfterLocalTraining,BeforeLocalPartialEvaluations,AfterLocalPartialEvaluations,BeforeEvaluation,AfterEvaluation
1,1786380075.7034135,1786380075.9578347,1786380086.794664,1786380090.3727574,1786380091.2482908,1786380091.3054194
2,1786380092.6909392,1786380092.9388928,1786380103.1281905,1786380106.6018527,1786380107.3700058,1786380107.4251177
3,1786380108.6023033,1786380108.8446364,1786380119.6641128,1786380123.0102968,1786380123.8746917,1786380123.9291382
4,1786380125.0887933,1786380125.328594,1786380136.0694945,1786380139.4070344,1786380140.285364,1786380140.3410287
5,1786380141.528509,1786380141.7688696,1786380152.5940554,1786380155.9570477,1786380156.8440223,1786380156.9062927
6,1786380158.5769906,1786380158.8249395,1786380169.4116683,1786380173.305411,1786380174.2333663,1786380174.2888942
7,1786380175.57894,1786380175.9139633,1786380186.0916517,1786380190.1305523,1786380191.1313634,1786380191.1877675
8,1786380192.5910707,1786380192.8372586,1786380203.5272589,1786380207.0980227,1786380207.9681656,1786380208.0237937
9,1786380209.2644162,1786380209.5047863,1786380220.2389085,1786380223.7513971,1786380224.5956144,1786380224.6507668
10,1786380225.845574,1786380226.086807,1786380236.635756,1786380240.2676272,1786380241.1512933,1786380241.2055266
11,1786380242.3726301,1786380242.616042,1786380253.3907354,1786380256.7493105,1786380257.5193894,1786380257.574832
12,1786380258.9019942,1786380259.145416,1786380270.148154,1786380273.5068786,1786380274.2689524,1786380274.324848
13,1786380275.5652728,1786380275.8190973,1786380286.8091264,1786380290.2392955,1786380290.9746306,1786380291.0301213
14,1786380292.346915,1786380292.5884626,1786380302.6958187,1786380306.0517156,1786380306.939941,1786380306.9978406
15,1786380308.7294106,1786380308.974303,1786380319.5449438,1786380323.4276679,1786380324.3910787,1786380324.447788
16,1786380325.9036589,1786380326.1470094,1786380336.7242088,1786380340.8027434,1786380341.754847,1786380341.8121428
17,1786380343.071185,1786380343.3161817,1786380353.9074318,1786380357.4402173,1786380358.3876295,1786380358.4434865
18,1786380359.6615336,1786380359.9040747,1786380370.82001,1786380374.3352919,1786380375.0864778,1786380375.142376
19,1786380376.4699366,1786380376.7129495,1786380387.6930702,1786380391.0368195,1786380391.966408,1786380392.0209982
20,1786380393.2189214,1786380393.4608428,1786380404.2031627,1786380407.5716324,1786380408.515586,1786380408.5701182
21,1786380409.7952619,1786380410.037312,1786380421.0125318,1786380424.371072,1786380425.3142307,1786380425.3694398
22,1786380426.6751835,1786380426.9202697,1786380437.5488923,1786380440.911557,1786380441.7468565,1786380441.8023996
23,1786380443.5904105,1786380443.8363428,1786380454.4492602,1786380458.6312895,1786380459.4813104,1786380459.5376012
24,1786380460.8663888,1786380461.1218715,1786380471.410627,1786380475.402313,1786380476.4979377,1786380476.5527358
25,1786380477.8471143,1786380478.0948536,1786380489.040908,1786380492.5696306,1786380493.539158,1786380493.5954494
26,1786380494.7976182,1786380495.0409958,1786380505.7855911,1786380509.3194444,1786380510.11688,1786380510.1725786
27,1786380511.390086,1786380511.6313093,1786380522.461867,1786380525.8239546,1786380526.7011645,1786380526.7558591
28,1786380528.031032,1786380528.2728503,1786380539.245981,1786380542.6519027,1786380543.5463018,1786380543.6030455
29,1786380544.9014428,1786380545.1438131,1786380556.2247624,1786380559.6053216,1786380560.416182,1786380560.4726183
30,1786380561.787898,1786380562.0351007,1786380572.7965643,1786380576.2205236,1786380577.0921922,1786380577.1474278
31,1786380578.3512971,1786380578.5966492,1786380589.1018271,1786380592.445629,1786380593.389023,1786380593.4435153
32,1786380594.802589,1786380595.0469623,1786380605.7317958,1786380609.0861862,1786380609.9037519,1786380609.9589863
33,1786380611.3236167,1786380611.5653133,1786380622.4069624,1786380625.7820435,1786380626.7480087,1786380626.804831
34,1786380627.9985926,1786380628.2391884,1786380638.6886492,1786380642.0531406,1786380643.5007787,1786380643.5948493
35,1786380644.9593048,1786380645.2065592,1786380655.8607504,1786380659.8216934,1786380660.6781495,1786380660.7339332
36,1786380662.221957,1786380662.4648912,,,,
