,BeforeLocalTraining,AfterLocalTraining,BeforeLocalPartialEvaluations,AfterLocalPartialEvaluations,BeforeEvaluation,AfterEvaluation
1,1786380075.700943,1786380075.958436,1786380086.7950244,1786380090.3105357,1786380091.2092276,1786380091.2646425
2,1786380092.6900654,1786380092.9381151,1786380103.1291692,1786380106.3848464,1786380107.2171845,1786380107.2702649
3,1786380108.6035366,1786380108.8498106,1786380119.664954,1786380122.899093,1786380123.719131,1786380123.7723415
4,1786380125.089137,1786380125.333889,1786380136.068797,1786380139.3196487,1786380140.1454647,1786380140.19939
5,1786380141.5279734,1786380141.7721648,1786380152.5943718,1786380155.8266907,1786380156.6480472,1786380156.7031467
6,1786380158.5772324,1786380158.840193,1786380169.411526,1786380173.2524865,1786380174.1511133,1786380174.2085135
7,1786380175.5782678,1786380175.8267713,1786380186.0930662,1786380189.9345357,1786380190.7910013,1786380190.846097
8,1786380192.5914245,1786380192.8409698,1786380203.5261967,1786380206.8574743,1786380207.8349445,1786380207.89431
9,1786380209.2652106,1786380209.511733,1786380220.2385259,1786380223.6545694,1786380224.430216,1786380224.4843054
10,1786380225.8464017,1786380226.090047,1786380236.6364975,1786380240.1647027,1786380240.9374177,1786380240.991214
11,1786380242.3716552,1786380242.6139264,1786380253.390932,1786380256.656099,1786380257.481678,1786380257.5359955
12,1786380258.9011424,1786380259.1428912,1786380270.1477637,1786380273.4147303,1786380274.2713861,1786380274.3243003
13,1786380275.5642946,1786380275.8064911,1786380286.8075423,1786380290.0695972,1786380290.9900475,1786380291.0432947
14,1786380292.346631,1786380292.5901597,1786380302.6962047,1786380305.9422836,1786380306.8311756,1786380306.8852215
15,1786380308.7295585,1786380308.994976,1786380319.5452456,1786380323.5538793,1786380324.319606,1786380324.3734102
16,1786380325.9036703,1786380326.1475012,1786380336.7222636,1786380340.6146767,1786380341.417207,1786380341.4715323
17,1786380343.07104,1786380343.3274803,1786380353.9082987,1786380357.3232946,1786380358.29884,1786380358.3529346
18,1786380359.6616333,1786380359.9082298,1786380370.818822,1786380374.2044237,1786380375.1196854,1786380375.1735168
19,1786380376.4702723,1786380376.7133532,1786380387.692529,1786380390.9715497,1786380391.7704058,1786380391.8244894
20,1786380393.2177262,1786380393.4626532,1786380404.20378,1786380407.457942,1786380408.2716594,1786380408.325275
21,1786380409.7951772,1786380410.0381746,1786380421.0118275,1786380424.2574487,1786380425.1078894,1786380425.161265
22,1786380426.6761587,1786380426.9213746,1786380437.5498967,1786380440.8215766,1786380441.711598,1786380441.7654352
23,1786380443.5918741,1786380443.8594832,1786380454.4486415,1786380458.2302732,1786380459.1975777,1786380459.2522595
24,1786380460.867911,1786380461.117112,1786380471.4093285,1786380475.4905097,1786380476.4127963,1786380476.4661155
25,1786380477.8475063,1786380478.1008914,1786380489.0422223,1786380492.5813475,1786380493.5604784,1786380493.6141798
26,1786380494.7979832,1786380495.042844,1786380505.7908096,1786380509.203152,1786380510.0311034,1786380510.084628
27,1786380511.390467,1786380511.6339128,1786380522.462925,1786380525.8609257,1786380526.7067347,1786380526.7596276
28,1786380528.0307531,1786380528.2754943,1786380539.2476997,1786380542.5199387,1786380543.493754,1786380543.5473971
29,1786380544.9027202,1786380545.1511414,1786380556.24582,1786380559.5297954,1786380560.3818376,1786380560.4355261
30,1786380561.786489,1786380562.0302472,1786380572.7959661,1786380576.17217,1786380576.9967744,1786380577.0498037
31,1786380578.3515265,1786380578.594797,1786380589.101839,1786380592.373816,1786380593.3157117,1786380593.3698964
32,1786380594.8015313,1786380595.0444605,1786380605.7329447,1786380608.9837065,1786380609.7869272,1786380609.839707
33,1786380611.3241384,1786380611.566453,1786380622.4080455,1786380625.7328105,1786380626.6198616,1786380626.674666
34,1786380627.9995155,1786380628.2474456,1786380638.6876261,1786380641.9408445,1786380643.088246,1786380643.3518128
35,1786380644.9595737,1786380645.2108135,1786380655.860322,1786380659.6136808,1786380660.4538012,1786380660.509189
36,1786380662.222964,1786380662.4796457,,,,
