Round,Evaluator,1,3,0,2
0,0,,,,
0,1,,,,
0,2,,,,
0,3,,,,
0,Aggregated,,,,
0,Centralized,,,,
1,0,0.20387101057538434,0.05632346468462921,0.20258503329249836,0.19991156104801658
1,1,0.2027405658196416,0.057512396560980616,0.2028170852464194,0.19920407660893436
1,2,0.20221276833286714,0.057157185267503484,0.20155341878561175,0.19779114830312128
1,3,0.004688950724043542,0.16478583358794427,0.005607145556225095,0.003616548744132105
1,Aggregated,0.09916205668891372,0.11342163097752242,0.09934585775835306,0.09670766395655704
1,Centralized,0.05947760218652206,0.14779096171547265,0.06029839580576513,0.05763737085582162
2,0,0.041495711109602276,-0.10150638632370561,0.04155358461063479,0.04302564782941196
2,1,0.042026164803591504,-0.09754634836939506,0.04263817116610402,0.04039963198196896
2,2,0.041532219686821775,-0.10000311016740822,0.0402086150630315,0.04301888817517114
2,3,-0.03310090410841077,0.1055526683062546,-0.03123781904467073,-0.03321506578122551
2,Aggregated,0.002536620015885548,0.007750790226035665,0.00340805097879717,0.002697663080059671
2,Centralized,-0.014165709491078227,0.05523167869429827,-0.012391331506609404,-0.014219536863620324
3,0,0.03911444406901684,-0.10456265826379911,0.03742657803213636,0.037676647579817535
3,1,0.03786084975418161,-0.10400131799900152,0.03745505047365461,0.03721349762546967
3,2,0.03851495613948102,-0.10491626065061528,0.03665445176900393,0.03707016354973395
3,3,-0.030436883322880994,0.09435796542262305,-0.03016595364516692,-0.030244615189445222
3,Aggregated,0.0024120064807402848,-0.00040052445471609743,0.001925737801109574,0.00195194653449957
3,Centralized,-0.012289379874210268,0.04271780144202025,-0.012896791636671567,-0.012570934448425405
4,0,0.03959149434218919,-0.10850078170206294,0.03704580453609004,0.037924754798365
4,1,0.038957530139315084,-0.10818121204394872,0.03842205198558289,0.03875325795987452
4,2,0.04082847892790673,-0.10818229906009036,0.03787606169025479,0.03780734138107115
4,3,-0.02780341238690015,0.08898204800149946,-0.029277955270048547,-0.029173572002190996
4,Aggregated,0.004408014863779769,-0.0050229385816363825,0.002677741540131913,0.0029136923186528513
4,Centralized,-0.009411425798218872,0.03702516531905319,-0.01150778217629648,-0.011062076035602608
5,0,0.03867040977793285,-0.11365526988673032,0.03983593769548814,0.040904360311326445
5,1,0.0367856412285211,-0.11028463805430377,0.0388696713252829,0.03922050940471686
5,2,0.03825994931514599,-0.11254014469750262,0.03941203269861553,0.040132835717353536
5,3,-0.0296647861430515,0.08644101345241295,-0.02812698144578184,-0.027234475008454995
5,Aggregated,0.002534349541887135,-0.008198178896239978,0.004038515614316835,0.004845650954525982
5,Centralized,-0.011881466513077116,0.03304946970107107,-0.009895475713902119,-0.00895141165065357
6,0,0.03998210608730115,-0.11980815782041031,0.04097495604043104,0.04012254401562334
6,1,0.038396273686649114,-0.11631844913853007,0.0399346306480951,0.04039945115701294
6,2,0.03988528045985063,-0.11912280014024008,0.039896758662483996,0.04010305348915783
6,3,-0.02782217449007224,0.08526463694056098,-0.02784047245321034,-0.028644915804985904
6,Aggregated,0.004221267181401222,-0.011795359521192358,0.004615576641988617,0.004165676322210131
6,Centralized,-0.009776643657087492,0.030225481090591106,-0.009309705652576591,-0.009811151568189925
7,0,0.04064989401637547,-0.12428896167212163,0.041814832629302544,0.041538945983939805
7,1,0.040850884300832065,-0.12179773848053033,0.04121929205045097,0.03969657933865564
7,2,0.041080148333936646,-0.12471050214185829,0.04019214744920637,0.04062745116459072
7,3,-0.029222202651587845,0.08506174562983258,-0.02817067606323945,-0.027533127924422574
7,Aggregated,0.004174161184575798,-0.014371226714999324,0.004827113295636895,0.004944301058789946
7,Centralized,-0.010432760788146997,0.028481605385306624,-0.00932547691195352,-0.00902677660870189
8,0,0.04388266795359422,-0.13258279897868577,0.044775917658708274,0.04434395200190863
8,1,0.04321113391494583,-0.12880475105989508,0.043579588346488875,0.04292944604555581
8,2,0.044847157711420595,-0.13180241721910935,0.044311900951250455,0.044380558649697456
8,3,-0.028263987029125765,0.08575305031667553,-0.029138465101927757,-0.027973226558571634
8,Aggregated,0.00616253543853615,-0.017566284434593134,0.00582016284207571,0.006269151632868715
8,Centralized,-0.009055575328096796,0.02802987955449729,-0.009638681402638067,-0.008578343614082435
9,0,0.047155414171484805,-0.1430202061305531,0.046685667693185225,0.04760534046286613
9,1,0.04695839413902713,-0.1392316333751437,0.04611029650768795,0.04587309856035254
9,2,0.047994566299661236,-0.14217365625191936,0.04651077003197868,0.04768167398466516
9,3,-0.030384739055637922,0.09032000794588535,-0.03166608413007172,-0.02894191725208058
9,Aggregated,0.00666740711556962,-0.02013716275213845,0.0055516392385214905,0.0072720574013525096
9,Centralized,-0.010170242051885797,0.030128897281786537,-0.01185752780017064,-0.008716745535255949
10,0,0.050888501863314624,-0.15257898934700342,0.05141600118258238,0.0520120845876114
10,1,0.04906403470523545,-0.15015151381474676,0.05047896734668456,0.05019518136677245
10,2,0.050976665198095815,-0.15203645839848112,0.05098262528772116,0.05082505437614204
10,3,-0.030377951885600645,0.0907624755389201,-0.030325118623356795,-0.030436615569583377
10,Aggregated,0.008072087265443385,-0.024725075464952166,0.008409232509633284,0.008375444349482343
10,Centralized,-0.00965204821007995,0.02842116651089116,-0.009245009676581373,-0.009448176067851283
11,0,0.05197404993645027,-0.15261428086791257,0.050491388947866596,0.050705478441557594
11,1,0.05090019350443766,-0.14929334731598398,0.04988984220832617,0.04919311705336101
11,2,0.051419578386011015,-0.1502814234849131,0.05008113174733584,0.05016911755126378
11,3,-0.029300255535304753,0.08830352504373329,-0.029006136758961205,-0.0295687482645109
11,Aggregated,0.009170676405054203,-0.025602781102875654,0.008716038295754739,0.008358840211439096
11,Centralized,-0.00842595158471198,0.026232954033602613,-0.008207833588822627,-0.008953317489676102
12,0,0.04265885907341371,-0.12676359458701747,0.042287348998424824,0.04245655488752368
12,1,0.041643417395786204,-0.12525099763984263,0.04155428122249424,0.04089388863012052
12,2,0.04242471984549403,-0.12334861267097935,0.04205050948517142,0.041937203369999294
12,3,-0.02556670326069331,0.07767244604449226,-0.024981176163783713,-0.025025241416663697
12,Aggregated,0.006746282773031282,-0.018964587079347017,0.006920177918550129,0.00680109155078463
12,Centralized,-0.008001791887193568,0.02456438125108262,-0.0073218951154433165,-0.007378648401914517
13,0,0.021513611716984654,-0.06285547523061782,0.02179543544506171,0.022552501636782935
13,1,0.021515854324396427,-0.06381619549743214,0.02115344518346547,0.02145045299656494
13,2,0.02079013113034665,-0.059040695038555635,0.020510951474652688,0.020779486733627877
13,3,-0.013030593463731468,0.040012264235675124,-0.013238295719873026,-0.013073491482284594
13,Aggregated,0.0033161656762236667,-0.00855387071627937,0.0031502934241237944,0.0034466509443603103
13,Centralized,-0.006838604182519946,0.021925270899033455,-0.007106278259720984,-0.006861049653402095
14,0,0.007968930432715163,-0.01990195606944582,0.008139810160265973,0.008741703041575363
14,1,0.008171785281177263,-0.02132545607369865,0.008631827156560995,0.007954427668816016
14,2,0.006086391072076887,-0.014904128023199736,0.006200857023886379,0.006522545452791739
14,3,0.0020713536311707686,-0.005343647693776282,0.0021809073565295955,0.0019074902648830137
14,Aggregated,0.004614914999212861,-0.011713349639669851,0.004790662821868454,0.004686641237259672
14,Centralized,0.0036681793180879524,-0.009449232967134888,0.003823285099331696,0.0036150812544642427
15,0,0.005924341699594021,-0.013409322451656075,0.006346732372451712,0.006158182510123057
15,1,0.006644607813943354,-0.01395382529769961,0.006748948078398255,0.005905128122992015
15,2,0.004923184451574285,-0.009536673775672985,0.004508477018263106,0.0036675969299173605
15,3,0.001774983838313142,-0.00369912932845156,0.0017019502650973569,0.0015454825653348884
15,Aggregated,0.0037076564507582217,-0.0077976670828399115,0.0036872196657457773,0.003307760629519922
15,Centralized,0.0029472952207549447,-0.0065546841111287085,0.0030038374196083343,0.0026348172150970303
16,0,0.002784765667053805,-0.0068296478912987695,0.0030579735293679113,0.004347587118284313
16,1,0.004213052113901901,-0.008313898367173242,0.004532319211925817,0.00441446224016645
16,2,0.003736637349022428,-0.005050719572323004,0.003193004568557959,0.003182395585857034
16,3,0.0013158549567946394,-0.0020781699488939495,0.0010626706564938239,0.001013210764447936
16,Aggregated,0.0023939054407176724,-0.004295580444495576,0.002269129096741124,0.0024276785428306745
16,Centralized,0.00209170652429407,-0.0038343109538912603,0.0018822523375595552,0.0019747000486594335
17,0,0.0015178136265045032,-0.001917299859005156,0.0019532169328650337,0.0026757450492323753
17,1,0.0018597857986213384,-0.003263654328843605,0.002613623776042906,0.002836851964616175
17,2,0.0015092224191777064,-0.0020772289278659928,0.0014251200683148557,0.0014214449117356993
17,3,0.000505303010081432,-0.0008069455982497887,0.0007410458662299191,0.0003671406026002517
17,Aggregated,0.001040749149839143,-0.001575324538051865,0.0013396973098265348,0.0012936118876820978
17,Centralized,0.0008965836325662743,-0.0016300759701476746,0.0012848224013411458,0.0010852483556170096
18,0,-0.00044054636942975994,-0.00036690425963539774,0.0006750125293813192,0.0010335905866250643
18,1,2.120166780057257e-05,-0.0010307376782443627,0.001288144258034039,0.000520425406581195
18,2,-0.0003997216432481225,-0.0008203999802435616,0.0002451280506311308,0.0002010476284286337
18,3,1.7108468915292645e-05,-0.0004936712913990587,0.00044051810589430807,0.00013330564939000497
18,Aggregated,-0.00012114722893005552,-0.000610743088500274,0.0005813691039247992,0.00034856130717087034
18,Centralized,-0.00012607693727106442,-0.0008569464835397287,0.0007247183284635703,0.00045805749050256234
19,0,-5.3330326471682605e-06,0.00026986125544004963,0.00042711839186248174,0.0006304366137176535
19,1,8.236167982421845e-05,-0.00023741281647144766,0.0013227441871894452,-0.00036428847484660615
19,2,0.0005577179615748699,0.000583590122630373,0.001013648819878421,0.0002695246595099861
19,3,0.00019452584574387402,-0.00023334842645888568,0.00029468705667325584,8.247041421299377e-05
19,Aggregated,0.00020265369814820148,-2.4297628909686124e-05,0.0005932247007617356,0.00012825876466183482
19,Centralized,0.0003097485421124785,-0.0003167968529666637,0.000673644056090166,0.000279833071633979
20,0,-0.0009188267602393829,0.00036385723944272014,0.00012409247954358235,0.0003151255559849797
20,1,-0.00010516983731650072,0.00036266469622731984,0.00024211100575559827,-0.0005724734010034797
20,2,-2.6941078387363964e-05,0.00019826626911881307,0.0006828734817863521,-0.0004937412894491325
20,3,-7.322729460091983e-05,-5.799040719430224e-05,0.00025132295260397775,0.0001327421750540065
20,Aggregated,-0.00020526651649846927,0.00011653991317452777,0.0002981988306340193,-4.9818652608196944e-05
20,Centralized,-0.00016664306853524102,-6.831635531850493e-05,0.0003434074083098343,9.115239706402693e-05
21,0,-0.0004723776454946908,0.0008613845742588185,-8.819666446366337e-05,4.605715046059518e-06
21,1,-0.00017982374631999218,0.00016232222763292356,2.439777998251384e-05,-0.00036328979176723325
21,2,1.5760364721284503e-05,9.489090681319423e-05,-0.0003720461176791405,0.00013929676992644838
21,3,-4.8981210689918085e-05,-0.00010212478610503266,0.00013990619118221803,-2.5463297489258796e-05
21,Aggregated,-0.00012673447962458553,0.0001242221515452604,4.005846320455353e-06,-4.817744576902292e-05
21,Centralized,-9.022246817479151e-05,1.021308719202178e-06,8.825478365014072e-05,-2.3439200885706318e-05
22,0,-0.00019383494740796148,0.00043786479179566684,-0.00042974308338512385,-0.00020050405795922951
22,1,-4.853342287423438e-05,1.940082991069847e-05,0.0008227254923302008,-0.0003347537053203416
22,2,-0.00020594984337532485,3.857107953879798e-05,-0.00021809007982617756,2.8420370613855644e-05
22,3,-0.00012649966514088432,4.304455608702499e-05,0.0003302973930519963,7.964627825381616e-05
22,Aggregated,-0.00013743112103357762,0.00010129279158865173,0.0002006814718324003,-3.8815107170768286e-05
22,Centralized,-0.00013884071214446495,-1.0280459681183407e-05,0.00031982494022189667,2.208877013602321e-05
23,0,-0.00029621971525802443,0.00020596532972079937,-5.895806667018574e-05,8.916711686631403e-05
23,1,-0.00020708098967092692,-0.00022193964021011148,0.0006770324102166788,-0.00040699518413213803
23,2,0.0003850298115533705,7.92190841121069e-06,-0.00010983059767193566,0.00031412081244766576
23,3,-0.00011490444552109819,0.00018345913666323552,0.00019877689492834907,-2.2773597724325134e-05
23,Aggregated,-7.89356326890156e-05,9.475643098949692e-05,0.00018478489513352257,-1.2510184934804816e-05
23,Centralized,-6.486345724088238e-05,1.7005736495897168e-05,0.00028054163884780325,-2.351748742900524e-05
24,0,-0.0002913291871756707,0.00014283950785470845,0.00035914531528534005,-7.429466587642135e-05
24,1,-0.00034237900336660704,-0.00031935933641717246,0.0006594550756195047,-0.00032736205171692473
24,2,0.0005228990994887347,-0.00022642645640300976,-0.00014058554872897755,-3.811690195208254e-05
24,3,-0.00018874040096285757,9.585118157729351e-05,0.000124177150627273,-3.415245943010995e-05
24,Aggregated,-0.00011640134304835426,-1.3829931138755021e-05,0.00020446968412613284,-8.77328067189285e-05
24,Centralized,-0.00011886047940893689,-2.5455508782227614e-05,0.00024645508908010166,-9.686362304020535e-05
25,0,-2.90879986233894e-05,-0.00014810866436124984,2.6898239982327727e-05,9.467318732860515e-05
25,1,0.0002088022418367345,-0.00032934436424505997,0.000727149229605234,-0.00033812059262512223
25,2,0.0003340404903868499,-5.360089453851358e-05,0.00013364198002131325,0.00010027953330215185
25,3,-0.0001505242624404828,5.816320547926551e-05,2.7445933215545133e-05,3.732481511483504e-05
25,Aggregated,2.8113244437555503e-06,-5.390749629767612e-05,0.0001553704616463195,-3.2027738332230055e-06
25,Centralized,-3.812379645884434e-05,-5.44655230930724e-05,0.0001931434197977866,-4.4208187595373705e-06
26,0,-0.00035816307183575424,-5.984023526087179e-05,0.00031882905452465526,0.00010377611657871877
26,1,-0.0002062204378024494,-0.00030739673737043005,0.000835238011446258,-0.000391258113483145
26,2,-0.0001588101124060659,6.0290435493770556e-06,8.466365165827698e-05,0.00022079417631075868
26,3,-7.896113414760976e-05,8.333181954898784e-05,2.071190886650485e-05,2.6106055484321117e-05
26,Aggregated,-0.0001562081423538976,-1.375360289247083e-05,0.00020760586927316653,3.0728593476409853e-06
26,Centralized,-0.00011827284503427664,-4.59148434791834e-05,0.0002083050960235607,2.449123472985278e-05
27,0,8.882894474692334e-05,-3.8666589448889864e-05,0.00010345795072331614,-3.042084521771386e-05
27,1,-0.00015846360922538993,-0.0003539844244706177,0.0008669315136573356,-8.479028679874341e-05
27,2,-8.649037255902454e-05,-8.576590205394696e-06,0.00022174010662398547,6.642694591320793e-06
27,3,-0.00016971959872139528,2.6753417132753993e-05,0.00010658460680600575,-5.114419706817493e-05
27,Aggregated,-0.0001136426326426103,-4.972759195915456e-05,0.00024515544913738814,-4.4017837153294165e-05
27,Centralized,-9.84378202202596e-05,-6.519903598423138e-05,0.00025107467023656,-5.118534885426943e-05
28,0,-2.315177129474007e-05,5.9360684844402455e-05,0.0003313665450506986,0.00012193235517862777
28,1,-0.0003163073895003828,-0.0002209083700304426,0.0010870231408539692,-0.00016881073833262725
28,2,-0.0002274113699707684,0.0001603167898399834,0.00020625045696833397,0.00016233612038207834
28,3,-0.00012548568808584912,8.700618982798261e-06,0.00013971630550604214,-8.456293954129529e-05
28,Aggregated,-0.00015573154765674714,4.359000699472191e-06,0.00033120023264037384,-2.5926567365958924e-05
28,Centralized,-0.00014762435049498387,3.3810982236343046e-06,0.00032909600853589055,-5.6868612425130714e-05
29,0,-0.00014777135739738045,-2.635123657956003e-05,0.00034206991472177095,-3.1052554534348e-05
29,1,-0.00044670328650100083,-0.0002079373502994475,0.0007435775868653479,-0.00014941640504312348
29,2,-8.771524530908532e-05,0.00016204893849566804,0.00023737283661972217,-0.00011221518486206894
29,3,-5.597505442358578e-05,3.114973016386802e-05,8.200763156269071e-05,3.2526736624743e-05
29,Aggregated,-0.0001376624422337672,4.831206348447134e-06,0.0002530812117679934,-2.9464051487841603e-05
29,Centralized,-0.0001016064884833967,9.401886670321971e-06,0.00021573649471746484,-4.8875128261534804e-05
30,0,-2.0739622118644736e-05,4.1416157213129225e-05,-0.00018320641548883834,4.9473218167968756e-05
30,1,-0.0004090613180889417,-0.00020135248550474474,0.0008466403373695586,-0.00010767635162945803
30,2,-0.0003340607789711995,-2.309597407308221e-05,0.0002022999373522775,0.00022326455427186068
30,3,-0.0001003095707020248,1.2976038378622231e-05,5.3745962247502464e-05,-8.707132248865953e-07
30,Aggregated,-0.00017384327070449405,-2.2280835733933216e-05,0.00016565026525160176,2.576306986398178e-05
30,Centralized,-0.00014266534731715666,-2.1780048099444744e-05,0.0001647837627226136,-8.224913490122629e-06
31,0,-8.777831200700488e-05,4.127326361523983e-05,0.00017896093572623376,-5.0459334229988974e-05
31,1,-0.0003524381307044855,-0.00014051966865725554,0.0007459141624997778,-6.264147524558579e-05
31,2,-0.0002797823054031164,0.0001270234908217945,0.00022326090400437426,0.00021557214428247207
31,3,-8.72660292830831e-05,1.0472463302726998e-05,7.88905903766531e-05,5.21196103764332e-06
31,Aggregated,-0.00016004802879083054,9.894226219594075e-06,0.00022367036695065942,1.9005170761054075e-05
31,Centralized,-0.00010762464933021983,-2.7002044928707094e-06,0.00021534397816654524,-2.2238302516843406e-05
32,0,-0.00011215965086776765,0.0001421259707601319,-8.769995459900759e-06,-6.303042428594068e-05
32,1,-0.00027387548283407576,-0.0002811490751094455,0.000437563681041984,-0.00014823993765425425
32,2,-0.0005107501675668998,0.00018293505414145503,0.00022187654610947294,4.0214560379142616e-05
32,3,-0.00012441246832607666,4.883147971669148e-06,0.0001243109717555859,-2.610271154458721e-05
32,Aggregated,-0.00020757442341368107,9.531294238223202e-06,0.00016842761972288937,-4.083503568558137e-05
32,Centralized,-0.0001809384189864066,-4.177056703140909e-06,0.00016887658740849984,-4.226752114834531e-05
33,0,-0.00020328754454384165,9.324854395510267e-05,0.00021330271876404683,7.417123063097979e-05
33,1,-0.00014198008854548103,-3.083998881463675e-05,0.0003751116067772879,-9.607344610249036e-05
33,2,-0.0001273250354012767,0.0001669760165424842,0.0001510848514391557,-7.46669504756714e-05
33,3,-0.00010350677815084096,-8.09469887747688e-06,8.678912960943114e-05,-1.1948482395799284e-05
33,Aggregated,-0.00012925084523565786,3.219881113573176e-05,0.00016289589372723895,-2.1594024299478957e-05
33,Centralized,-0.00012280987659287387,2.661428452481e-05,0.00016203675048436414,-3.507727389463292e-05
34,0,-0.00020615128104781166,7.645992809499069e-05,3.326534149318087e-05,-8.646729397855195e-05
34,1,-0.00013869235170949068,-0.00016369893455098206,0.00039296268650734767,-9.057140024687493e-05
34,2,-0.0004783368174115972,7.955800459181576e-05,0.00022090476944426155,-8.645789851186025e-06
34,3,-5.308793310253764e-05,-6.342740295979532e-05,6.654836126065988e-05,0.00010584583679085675
34,Aggregated,-0.00015854649208450695,-3.442246666965892e-05,0.0001376286834423608,2.5912510350259247e-05
34,Centralized,-0.00014353526839430233,-2.8727466595578528e-05,0.00014557201915501675,-8.926451787969839e-07
35,0,-6.72048530512374e-05,-4.903685997051377e-05,0.00013728401944323085,4.1857442270855825e-05
35,1,-0.00012198511702869268,-0.00010673448086319833,0.0004759546512205966,-0.000307105777709001
35,2,-0.00023085896405716788,-2.0422474178438677e-07,0.0001505684960367848,5.557629451180546e-05
35,3,-3.658394220090733e-05,-3.566443628278774e-05,7.242266307178984e-05,-8.322188052181656e-05
35,Aggregated,-8.587248734342922e-05,-4.3444928312061464e-05,0.00015923662384534896,-7.686917421985923e-05
35,Centralized,-8.488292630950504e-05,-4.849934574048531e-05,0.00017599908560887723,-7.588772663353245e-05
36,0,-0.0002691873644409722,7.714520155885363e-05,0.00014115582466973456,4.934596508566572e-05
36,1,-2.8153766261159358e-05,-0.00013450431116853365,0.00040991970707286257,-0.0002577094087954368
36,2,-0.0002156592966219839,-3.3120678441596794e-05,0.0002407866537051014,7.9933213584793e-06
36,3,1.2599486163419419e-05,-4.825795899135223e-05,5.77913488427594e-05,3.8482829625705504e-05
36,Aggregated,-7.489109975802667e-05,-3.963371922931685e-05,0.00015603390352679562,-1.1682768114052612e-05
36,Centralized,-6.94270537984996e-05,-3.614310183283157e-05,0.00016298282398232813,-3.252607847801144e-05
37,0,-0.00028336799947574026,1.9620424031715118e-05,0.00017909390851602222,0.00010600995046983197
37,1,-2.524781873152378e-05,-6.751007803957691e-05,0.0003439990428135235,-6.179009930469086e-05
37,2,-0.00015956058948588905,1.2505738635944692e-06,0.00010929093495376518,0.0001499241283167881
37,3,-3.7838840776069825e-05,-5.282232192250815e-05,7.752002215992658e-05,-1.8385365817448485e-05
37,Aggregated,-9.41741057385867e-05,-3.505923726944203e-05,0.00014102926511752871,2.1214223729637136e-05
37,Centralized,-9.424014208665732e-05,-3.349173946591566e-05,0.00014884740933537402,3.7560040906150136e-06
38,0,-0.0001769831843949817,0.0001354399963203745,0.0002660586979104651,4.394355832689397e-05
38,1,-7.808541877541801e-05,-0.0001469496126193237,0.0002734500912082068,-0.00013164739500871417
38,2,-6.875096741381277e-05,9.245632637008838e-05,0.00016622137805928175,-9.252050875273772e-05
38,3,-8.799017848289126e-06,-3.828303719136811e-05,5.715041480047062e-05,4.902837375924535e-05
38,Aggregated,-5.60425235128471e-05,-7.182227807221241e-06,0.0001420169190783172,-2.9624667413752707e-06
38,Centralized,-6.319004538705986e-05,-3.376070617959933e-06,0.00015783431429609862,-2.870709305984968e-05
39,0,-0.00023737070312502642,0.00013298993008099372,5.375226180958278e-05,0.00016946049642869535
39,1,-3.0821891171752457e-05,-8.685916626826236e-05,0.00024815808432129827,-0.00012041770187975105
39,2,-0.00021643343501669596,1.5003662213214364e-05,0.00020983978378429544,-0.00010581623924363348
39,3,-1.2334463188955203e-05,-3.239463906183857e-05,7.003808919584197e-05,-5.1579620430085293e-05
39,Aggregated,-8.34362174440166e-05,-7.246867404305761e-06,0.0001179508555605522,-3.601849291380117e-05
39,Centralized,-8.29597541916055e-05,-1.6416701611181767e-05,0.00012224335057716787,-2.9809681213581924e-05
40,0,-0.00023001494191066119,7.544757675052398e-05,0.00012417091603694752,3.039644912318969e-05
40,1,-0.00014956170928141313,-0.00014378390083948553,0.00025486933042347576,-0.0001540543512269695
40,2,-1.888968064870748e-05,-7.357123333558609e-05,0.0002244577350113223,-3.835802940519809e-05
40,3,-2.380098988717892e-05,-6.142002682026314e-05,6.233222000454758e-05,5.607065174575756e-05
40,Aggregated,-7.57527383882532e-05,-5.469262204308441e-05,0.0001284905685232603,3.6162404476792942e-06
40,Centralized,-7.564247580534034e-05,-4.8576919316409284e-05,0.00014168370978102918,-1.21981190302628e-05
41,0,-0.00015979466483795335,0.00010489841587966546,9.793318489603742e-06,4.510293046868415e-05
41,1,-2.8803902377083634e-05,-3.828525479402748e-05,0.00019645612816904245,-2.178314066555072e-05
41,2,-5.80326532326203e-05,1.3474929863588336e-05,0.00010265277789942943,4.76787145335574e-05
41,3,-4.341832764184067e-05,-4.711526980253946e-05,6.571400064164558e-05,-3.3806738794148194e-06
41,Aggregated,-6.190388647351994e-05,-1.1942029289448567e-05,8.346633749764255e-05,9.507936359920103e-06
41,Centralized,-7.210234009318028e-05,-1.3491410041537496e-05,9.75030661303361e-05,4.051721343300192e-06
42,0,-1.600238456400671e-05,8.439788990993735e-05,-2.2650708075962662e-05,-4.5744797269967975e-05
42,1,-8.43689447530364e-05,-9.015790776008743e-05,0.00024668941600852756,-9.653903240414152e-05
42,2,-0.00010792346606177301,-1.8493970304826284e-05,0.00012073055009625966,-6.444098687108379e-06
42,3,-3.4020544135574905e-05,-3.503384971260034e-05,6.263658094066149e-05,9.900887172134554e-06
42,Aggregated,-5.08949458674787e-05,-2.219177493198613e-05,8.7552627879481e-05,-1.844157548848067e-05
42,Centralized,-5.4065121730122644e-05,-2.2642851700000837e-05,0.00010123739353114225,-2.0804956344946945e-05
43,0,-8.118058228623326e-05,6.217694216340923e-05,9.192928499925553e-05,-7.29256448764315e-05
43,1,-1.3001324943723302e-05,-0.0001120627828497811,0.00024099509530886576,5.054440525523174e-05
43,2,2.4406616890117656e-05,4.081349604204143e-05,0.00019745640611315562,-8.045503588104592e-05
43,3,-2.521347182596334e-05,-3.791698749083805e-05,7.531422398662317e-05,-4.014930670564557e-05
43,Aggregated,-2.4281837343674955e-05,-2.1289514481894054e-05,0.00012367210868289923,-3.735181900902215e-05
43,Centralized,-2.6960767346637105e-05,-1.996658659034663e-05,0.00012068007115706898,-3.4767192574933214e-05
44,0,-0.00014202419547982662,4.302443946745579e-05,5.6906061235345584e-05,4.209369477702526e-05
44,1,-0.00016831165115034166,-0.00011374015899161723,0.0002915964685512122,-6.980023785081262e-05
44,2,-8.11682664007644e-05,4.183782833298381e-06,-1.8368508543318656e-05,-0.00015952005495161367
44,3,2.4463413494625146e-05,-5.050271034884313e-05,4.029397662366763e-05,1.3640473187086685e-05
44,Aggregated,-4.938183279784842e-05,-3.700483076878623e-05,7.353222120068155e-05,-2.2599258318471246e-05
44,Centralized,-4.9080030345006555e-05,-2.9599521184628386e-05,7.577731555745426e-05,-3.424625104750852e-05
45,0,-5.5979730582374675e-05,6.196680887354811e-05,9.998571258070429e-06,6.758517748356452e-05
45,1,-5.487585127899227e-05,-8.364435773443775e-05,0.0003750297436004764,3.694944791181783e-05
45,2,6.248365047499076e-05,-2.076858121813352e-06,0.00012164205695991415,9.422976331071217e-06
45,3,-2.4132913304939403e-05,-3.380470947955914e-05,6.571856917653857e-05,-3.585899273875898e-05
45,Aggregated,-2.03164212783302e-05,-2.1469000915745277e-05,0.00011488282863191614,-6.697599711695079e-07
45,Centralized,-2.4272663123483158e-05,-2.3870290274582057e-05,0.00011511799632185626,-2.64508375962443e-06
46,0,-0.00013458333019449506,8.685973479154636e-05,0.0001131445575446588,4.0374070530341255e-05
46,1,-0.00017289481627309292,-5.4649526185751585e-05,0.0001703523687893819,-2.604423914190357e-05
46,2,4.784147350584781e-05,4.59386541892907e-05,3.859090868332804e-05,-2.6615268770615225e-05
46,3,6.2885262223597955e-06,2.7109222694998714e-06,6.260024039511647e-05,1.974530347854016e-05
46,Aggregated,-3.794962640102659e-05,1.3832493898573685e-05,8.393081780449565e-05,8.384633027620753e-06
46,Centralized,-4.538202917333626e-05,1.0338822842991443e-05,8.659597702818933e-05,9.580871873684134e-07
47,0,-0.000129810015117147,0.0001132306332119748,4.3601612312066385e-05,-2.7022230406894183e-05
47,1,-0.0001442999012135071,-4.368695201114233e-06,0.0001402902017894984,3.097986515336141e-05
47,2,-0.00011864118661628065,-4.599551880865582e-05,-9.63413853905896e-06,-1.718354126250173e-05
47,3,-3.473578819055088e-05,-4.3110796536539415e-06,4.4116078959060646e-05,-3.582855937171494e-05
47,Aggregated,-8.056896139512725e-05,7.72917074651799e-06,5.077310285771396e-05,-2.0856047882635534e-05
47,Centralized,-7.549563978958192e-05,6.525950044411477e-06,5.596141441147062e-05,-2.2554601985006844e-05
48,0,-0.00011930443316940376,9.495124056541997e-05,4.735510725466704e-05,-2.3001914650683242e-05
48,1,-0.0002405856170285825,8.456913915313077e-06,0.00010960109907517945,1.552963875551631e-05
48,2,9.20914116707879e-06,-1.3875121214488676e-05,3.9419903748847775e-05,7.147135189734348e-05
48,3,-4.741609852087584e-05,-1.9689260685670784e-05,4.3319245481320455e-05,-8.139617431008698e-06
48,Aggregated,-8.052417471190837e-05,3.9149490102397045e-06,5.386934384737032e-05,5.904957733790614e-06
48,Centralized,-7.367414502144898e-05,5.019628807773994e-06,5.628328237566408e-05,-3.08929104076335e-06
49,0,-7.146760600774497e-05,7.030262700612651e-05,3.830083170000553e-05,-3.7135852698387074e-05
49,1,-0.00014046274186209814,-4.367928261195253e-06,0.00023143063908180142,0.0001036081169633422
49,2,2.1707594091387634e-05,6.317251530183847e-05,4.9494000530410825e-06,1.5928613748975955e-05
49,3,-1.0365067996902696e-05,-1.5268750494910426e-05,5.117031032445448e-05,5.807266571631701e-06
49,Aggregated,-3.564137651119778e-05,1.2515041337339372e-05,7.041731555191316e-05,1.61287428480636e-05
49,Centralized,-3.457873247247426e-05,9.246036981080027e-06,6.881273824948612e-05,9.903782737209302e-06
50,0,-5.5944626123488606e-05,3.0408978874176446e-05,4.1999952440742914e-05,-0.00011036956811861602
50,1,-0.00019779231437357567,1.584156558178303e-05,1.3218363865918903e-05,-2.147570099597651e-05
50,2,-5.1630281806908096e-05,1.988069948062147e-05,4.501265836639086e-07,3.129945574262272e-05
50,3,-2.6831723292895793e-05,-1.1562318063681557e-05,2.180655941338751e-05,-1.439081069398949e-05
50,Aggregated,-6.25510904353282e-05,4.451954028915003e-06,2.0257643255080938e-05,-2.3504174708760626e-05
50,Centralized,-5.4543095422474965e-05,5.283290379659578e-06,2.266383768739777e-05,-2.520837415244855e-05
