,BeforeLocalTraining,AfterLocalTraining,BeforeLocalPartialEvaluations,AfterLocalPartialEvaluations,BeforeEvaluation,AfterEvaluation
1,1791200182.9033945,1791200183.8648252,1791200212.489754,1791200218.6579223,1791200218.6675038,1791200218.8422673
2,1791200219.297984,1791200220.11931,1791200248.2328763,1791200253.502315,1791200253.5102768,1791200253.6793387
3,1791200253.8611407,1791200254.768062,1791200281.804867,1791200287.0838616,1791200287.0915334,1791200287.2654262
4,1791200287.3288994,1791200288.1177309,1791200314.9338317,1791200320.231023,1791200320.2382445,1791200320.4078562
5,1791200320.5509589,1791200321.3460765,1791200349.016903,1791200354.24616,1791200354.253392,1791200354.4212472
6,1791200354.6545384,1791200355.4533286,1791200382.7339082,1791200387.9911854,1791200387.9985747,1791200388.178169
7,1791200388.3040314,1791200389.0931103,1791200416.6775718,1791200422.3092184,1791200422.3164797,1791200422.4899783
8,1791200422.6178677,1791200423.4621696,1791200451.5754488,1791200456.965387,1791200456.9729142,1791200457.144663
9,1791200457.2681878,1791200458.0654564,1791200484.917099,1791200491.0723603,1791200491.0796363,1791200491.2522156
10,1791200491.3593388,1791200492.149059,1791200520.0292306,1791200525.234161,1791200525.2412539,1791200525.411858
11,1791200525.5695665,1791200526.3953032,1791200553.883542,1791200559.2829185,1791200559.2905416,1791200559.8036401
12,1791200560.4477613,1791200561.2787354,1791200589.0365021,1791200594.5229502,1791200594.5307155,1791200594.7154195
13,1791200594.8335755,1791200595.6664093,1791200623.6292696,1791200629.1002479,1791200629.1077085,1791200629.2780113
14,1791200629.370006,1791200630.2963738,1791200658.4122746,1791200663.7353597,1791200663.742736,1791200663.9218888
15,1791200664.1707988,1791200664.9805455,1791200692.500608,1791200698.5226,1791200698.530141,1791200698.7008262
16,1791200699.1001897,1791200700.0425398,1791200727.5445945,1791200732.8772066,1791200732.8845267,1791200733.055738
17,1791200733.1718538,1791200733.9773076,1791200761.5100818,1791200766.9125881,1791200766.9199193,1791200767.0939507
18,1791200767.1714756,1791200768.1327524,1791200795.6131756,1791200801.7519565,1791200801.7592118,1791200801.93225
19,1791200802.146111,1791200802.950193,1791200830.5133862,1791200835.894614,1791200835.9022403,1791200836.0735798
20,1791200836.1809404,1791200837.1056662,1791200864.5742583,1791200869.8879547,1791200869.8954406,1791200870.0687454
21,1791200870.3250465,1791200871.1366806,1791200898.562842,1791200903.8806589,1791200903.8881907,1791200904.0629754
22,1791200904.2096844,1791200905.1465814,1791200932.6415427,1791200938.7292926,1791200938.7369437,1791200938.9099677
23,1791200939.3080988,1791200940.1146874,1791200967.6888707,1791200973.0867171,1791200973.0939453,1791200973.2665484
24,1791200973.394111,1791200974.210061,1791201001.7522721,1791201007.2916372,1791201007.2992167,1791201007.4729736
25,1791201007.5170603,1791201008.3312318,1791201035.765743,1791201041.7744257,1791201041.7817438,1791201041.9555788
26,1791201042.2504678,1791201043.0561163,1791201070.5374138,1791201076.058617,1791201076.0660615,1791201076.2392638
27,1791201076.2832885,1791201077.096458,1791201104.7043583,1791201110.021364,1791201110.0288465,1791201110.2029812
28,1791201110.3575583,1791201111.169999,1791201138.6597123,1791201144.197334,1791201144.2045853,1791201144.3802276
29,1791201144.4265707,1791201145.7783737,1791201173.7768357,1791201179.1014025,1791201179.108567,1791201179.2785027
30,1791201179.4165788,1791201180.217534,1791201207.7950788,1791201213.1437078,1791201213.1510437,1791201213.3237343
31,1791201213.4602427,1791201214.3816354,1791201241.864663,1791201247.2118492,1791201247.2193625,1791201247.391961
32,1791201247.5779986,1791201248.3808982,1791201275.9407008,1791201282.1216357,1791201282.1297545,1791201282.299716
33,1791201282.4332912,1791201283.3703754,1791201311.0647285,1791201316.4260638,1791201316.4335797,1791201316.6047618
34,1791201316.7753124,1791201317.5984898,1791201346.1426225,1791201351.5607028,1791201351.5679379,1791201351.7414641
35,1791201351.9167454,1791201352.8617258,1791201381.425916,1791201387.7347152,1791201387.7426603,1791201387.9213314
36,1791201388.1238096,1791201388.976671,1791201415.811226,1791201421.0257277,1791201421.0330708,1791201421.202902
37,1791201421.3298397,1791201422.1212823,1791201448.9775064,1791201454.1882246,1791201454.1955028,1791201454.3645291
38,1791201454.575869,1791201455.3650718,1791201482.196643,1791201487.4204628,1791201487.4278002,1791201487.5991507
39,1791201487.747309,1791201488.5399704,1791201515.3943508,1791201521.2904816,1791201521.297782,1791201521.4678469
40,1791201521.8243217,1791201522.616686,1791201549.5163133,1791201554.7457526,1791201554.75328,1791201554.9233308
41,1791201555.033673,1791201555.8222935,1791201582.6070507,1791201587.978521,1791201587.9858992,1791201588.1550474
42,1791201588.2214904,1791201589.0102658,1791201615.9477527,1791201621.1512694,1791201621.1584656,1791201621.3264525
43,1791201621.4773264,1791201622.273321,1791201649.1776166,1791201654.5025544,1791201654.509903,1791201654.6826859
44,1791201654.900676,1791201656.2236702,1791201683.1522043,1791201689.0845191,1791201689.0917113,1791201689.2604969
45,1791201689.5452855,1791201690.3325865,1791201717.1454196,1791201722.4241426,1791201722.431689,1791201722.6033003
46,1791201722.7294219,1791201723.6571116,1791201750.9984288,1791201756.3064463,1791201756.3142118,1791201756.4884806
47,1791201756.570559,1791201757.3782198,1791201784.2740467,1791201789.5232987,1791201789.5304897,1791201789.703731
48,1791201789.915322,1791201791.5509567,1791201818.2488866,1791201824.1345005,1791201824.1418576,1791201824.3098035
49,1791201824.438296,1791201825.2277076,1791201852.0770898,1791201857.2984443,1791201857.305718,1791201857.4752018
50,1791201857.5767899,1791201858.4742124,1791201885.5561552,1791201890.7730713,1791201890.7804763,1791201890.949195
