Round,Evaluator,4,1,3,2,0
0,0,,,,,
0,1,,,,,
0,2,,,,,
0,3,,,,,
0,4,,,,,
0,Aggregated,,,,,
0,Centralized,,,,,
1,0,0.05092074802579554,0.04619868512423928,0.047082461662919156,0.047011825492676754,0.05019215832640277
1,1,0.050176222626719814,0.04577896838704684,0.045773561790321673,0.04599249841524656,0.050233352058927656
1,2,0.05137022949519097,0.04476097649343021,0.04692254288347126,0.050595763785949814,0.048594848064973835
1,3,0.05082624453518831,0.04514972942195719,0.046158450274713256,0.050404459385143145,0.049771757723790916
1,4,0.0746920913646719,0.03325786163247338,0.03356259361759442,0.03194254445560237,0.03779422308001937
1,Aggregated,0.07513154673086722,0.03779381679506469,0.038596679213629824,0.040005491828245504,0.0419832451464901
1,Centralized,0.07513154673086722,0.03779381679506469,0.038596679213629824,0.040005491828245504,0.0419832451464901
2,0,0.008864480242946393,0.0063531959054403805,0.010772058079872826,0.007258954752949206,0.01394761852411473
2,1,0.006179781930514375,0.009191562062118942,0.014803461100639142,0.011601665908629658,0.012814386452952952
2,2,0.013015812044877237,0.007384264027959992,0.01541235588018931,0.010693181068308433,0.009063826437451255
2,3,0.01300542179989216,0.007122332265523955,0.015894069367485202,0.010254015283364618,0.009457671390933852
2,4,0.0654134687731024,-0.007099805741444862,0.004434315774728537,-0.0007626936274055432,-0.002302044494895933
2,Aggregated,0.053996538841271716,-0.0036357572037390893,0.0037930071482632083,0.0014851126763312308,0.0016541429432341062
2,Centralized,0.053996538841271716,-0.0036357572037390893,0.0037930071482632083,0.0014851126763312308,0.0016541429432341062
3,0,-0.0019395395823453242,0.017532238220324965,0.004449685705098092,0.011471654990135055,-0.007055073145433808
3,1,-0.004747323255589737,0.017726226006001166,0.007125146260874241,0.013572778280306246,-0.015060974388063685
3,2,-0.005163261486878467,0.012396651585016957,0.006343034663751106,0.010235968289430198,-0.014992757403568181
3,3,-0.004290524674635916,0.01350066003765577,0.006130975287435576,0.012813030660300633,-0.017476118086897727
3,4,0.051854226837615376,-7.389015337879816e-05,-0.006522675133450219,-0.0016309086238894095,-0.029620191208757887
3,Aggregated,0.04396556266624609,0.00371477207655769,-0.004668240676424532,0.0008618459815678247,-0.025016081478760093
3,Centralized,0.04396556266624609,0.00371477207655769,-0.004668240676424532,0.0008618459815678247,-0.025016081478760093
4,0,0.014921563009827202,-0.007678327573906616,0.004302540647125184,-0.002386569653960933,0.018611089988634165
4,1,0.011989134721033589,-0.008233809873148949,0.005492248618408334,-0.0005593028489743468,0.016334691680937943
4,2,0.012041191444837692,-0.010119593584641774,0.005208178557599455,0.0021360152362818,0.01861735350991546
4,3,0.013924222500746467,-0.010122883822307223,0.006470449571349498,0.001081502876245971,0.017951839480823756
4,4,0.06360968484051799,-0.020281751939490857,-0.004168041754604986,-0.010131131702157455,0.002906694674247096
4,Aggregated,0.061178426258551716,-0.02111776909244251,-0.004854494086279197,-0.010705557975920188,0.00537326465902628
4,Centralized,0.061178426258551716,-0.02111776909244251,-0.004854494086279197,-0.010705557975920188,0.00537326465902628
5,0,0.0013320782623814152,0.00990112630005993,-0.014541694324112637,0.005487917437723423,0.008291777519431979
5,1,4.032671867069959e-05,0.006758185864077268,-0.010894144212133354,0.0034304739285800127,0.010360748909874085
5,2,-0.0009613897408688834,0.006493292780870805,-0.009306659870497487,0.005131276011563796,0.0077028540476965345
5,3,0.0008778092884871941,0.005533253860319775,-0.010465424092220874,0.0045243129950986675,0.008640052197582956
5,4,0.05787679084629896,0.00114960462353276,-0.01618648857898206,-0.00365836897393516,-0.005512842200498516
5,Aggregated,0.05505776768263682,0.0003974076087684436,-0.01766726187131611,-0.0019612908150998505,0.00011604515583319615
5,Centralized,0.05505776768263682,0.0003974076087684436,-0.01766726187131611,-0.0019612908150998505,0.00011604515583319615
6,0,0.013456103774425682,-0.005457482941950518,0.009982332344211475,-0.010294042885041722,0.009875431273384926
6,1,0.009526257780963228,-0.0006217595416730125,0.009444457556590064,-0.0075763255840665756,0.009191373004598184
6,2,0.01003702958660918,-0.0009277505887754176,0.008015554934036757,-0.008162640511270124,0.007214668542275368
6,3,0.009485331914246982,-0.0001622820840136328,0.007344066953717037,-0.008331126873547725,0.007149465895746468
6,4,0.074127116667422,-0.00800245181090751,0.004595542023028596,-0.02223640804511011,-0.003869494279802757
6,Aggregated,0.06480822077559942,-0.00889599738678094,0.0020095749956266042,-0.017110957660344425,3.8516814902985384e-05
6,Centralized,0.06480822077559942,-0.00889599738678094,0.0020095749956266042,-0.017110957660344425,3.8516814902985384e-05
7,0,0.00316278092618964,-0.0008968309690950583,-0.0006672265888029883,0.005266309056283643,-0.002667171859985364
7,1,0.003345509339947997,-0.0010405836597581996,-0.001298769361151128,0.0053458260644322995,-0.003128668794652914
7,2,0.0022425756532802052,-0.001109055627099508,0.00012084236191878817,0.0049817945461572985,-0.004074822111251717
7,3,0.00242221007456253,-0.0011527352474571687,0.00011985467374571827,0.004261456857454446,-0.002559329618858751
7,4,0.06105753874725415,-0.008057999817527979,-0.01027921379245662,-0.01022779854623713,-0.0163576179882708
7,Aggregated,0.052610588762241964,-0.010373741715186492,-0.010533214271095962,-0.006498975691136485,-0.01401500949832162
7,Centralized,0.052610588762241964,-0.010373741715186492,-0.010533214271095962,-0.006498975691136485,-0.01401500949832162
8,0,-0.004539226249867056,-0.0023101501499602087,0.002832112084486401,0.0009630478507420816,0.0031915427945249735
8,1,-0.003813035382749862,-0.0004320912918478063,0.002089374181556149,0.0003422874153910923,0.0028808191830185506
8,2,-0.005022760642472185,-0.0008897581168127694,0.0025165671767523306,0.00028940439658168003,0.0032957051727604066
8,3,-0.002509697441688956,-0.0011997555568975175,0.0016324773862432418,7.407602777794638e-05,0.0025834808957763116
8,4,0.052710805410812925,-0.015130703286406416,-0.009972201818389223,-0.014200388678974855,-0.011965493953413642
8,Aggregated,0.04407458955323444,-0.013398908289962264,-0.009197267379094147,-0.011609270373046343,-0.009095205989992005
8,Centralized,0.04407458955323444,-0.013398908289962264,-0.009197267379094147,-0.011609270373046343,-0.009095205989992005
9,0,0.003109896158552099,-0.00016128887244692877,0.0015817417563019733,0.005427410288165801,-0.0086599203873701
9,1,0.0036908920986635043,-0.000564800825826948,0.001285067760087702,0.005121689024091454,-0.008016745271620723
9,2,0.002941319160601667,-0.0003798521261006456,0.0008561623642928701,0.005615119091167966,-0.00730102527314805
9,3,0.003867331155332221,0.0003062231918548458,6.626305902297329e-05,0.004657817866599069,-0.007452109515499003
9,4,0.060259436389827364,-0.013586347747634352,-0.012183512836503898,-0.006450734933237207,-0.02436404303397108
9,Aggregated,0.050727543340478326,-0.012583357687350059,-0.01119880453111345,-0.0035680041540031835,-0.020945820520170817
9,Centralized,0.050727543340478326,-0.012583357687350059,-0.01119880453111345,-0.0035680041540031835,-0.020945820520170817
10,0,-0.0035522569826619056,-0.002747853381090895,0.004158317241513327,-0.0009738174359508245,0.003507666698187453
10,1,-0.004685543382593885,-0.0020869942214816156,0.0035157913809836785,-0.00046019561383833416,0.0035577550620858223
10,2,-0.0027783361424544442,-0.0027348539389214182,0.002681420395417905,-0.0008805062776911426,0.004886933369221425
10,3,-0.0027411646978154226,-0.002021296367916885,0.004365909434916124,-0.0007661076073395899,0.0011261711318939383
10,4,0.0503921320010462,-0.017130966435457765,-0.010204904340950246,-0.004530703543896886,-0.016837571056876978
10,Aggregated,0.04315453841359682,-0.01476775884300604,-0.009128933912854641,-0.0024846958252107004,-0.015806355887741135
10,Centralized,0.04315453841359682,-0.01476775884300604,-0.009128933912854641,-0.0024846958252107004,-0.015806355887741135
11,0,0.0016517098756105547,0.0001839018475923317,0.0026105862717078275,0.0015909681990264482,0.0019798513221179407
11,1,0.000765177679398435,0.0020290619976645265,0.002991145836393185,-0.0009326180187473026,0.002806415955682228
11,2,0.0009240368578634565,-0.0004747549067522302,0.0026209972260853144,0.0018973976957928971,0.002156455091613549
11,3,0.00017822311418861926,0.0007259291254384533,0.0028248506204408526,0.002382270371269014,0.002604686577646548
11,4,0.05041440220433654,-0.008606093061506087,-0.0166410254557311,-0.00034765617478436467,-0.016654217972537407
11,Aggregated,0.042499143499200726,-0.008153247706381811,-0.01463318710521689,0.00196716508960998,-0.013803922415150799
11,Centralized,0.042499143499200726,-0.008153247706381811,-0.01463318710521689,0.00196716508960998,-0.013803922415150799
12,0,0.004454312620156937,-0.0010762679175721898,-0.0025210821475760647,0.000636136244802013,-0.00321721268687509
12,1,0.005902403193723998,-0.0037850432123082045,-0.0019382535734196774,0.0011712427571275359,-0.0025405502761749873
12,2,0.00289110474637524,0.0012101955625332579,-0.001820157541705461,0.00021321153365311726,-0.0034770799102758535
12,3,0.00600689408155576,-0.0017221327905060627,-0.0026953622434471793,0.0007087375359795876,-0.002916686581383469
12,4,0.0549847865689873,-0.01840515985222224,-0.021474188946831736,0.0038657445626897927,-0.018390407279952437
12,Aggregated,0.04679950250427491,-0.018567447697621507,-0.01922781673912133,0.005636760898441945,-0.015486456855365042
12,Centralized,0.04679950250427491,-0.018567447697621507,-0.01922781673912133,0.005636760898441945,-0.015486456855365042
13,0,-0.0038543074347145204,0.0026083458171279983,0.002609911445539062,0.004867808382400212,-0.004441530501257548
13,1,-0.004848151877614604,0.003045008986622396,0.0023609128755065294,0.0034091574250829687,-0.0035437588000343067
13,2,-0.0034986785352589134,0.0028925574166486436,0.0017761406182888026,0.0037566236013406194,-0.004450892004782713
13,3,-0.003151444593944767,0.002351407973122388,0.0013243586569082523,0.0023363168263124123,-0.002945433923306646
13,4,0.013110958953371433,-0.002996497566624427,0.0054035849301751985,0.005625273343969414,-0.02050644721456978
13,Aggregated,0.008499037867198307,-0.0013670400701398457,0.005243795731864886,0.006644055698078739,-0.018145339298466248
13,Centralized,0.008499037867198307,-0.0013670400701398457,0.005243795731864886,0.006644055698078739,-0.018145339298466248
14,0,-0.0011348202968477653,0.001141348993956698,2.577213361303806e-05,-0.0004577687985699547,0.00028929365603064526
14,1,-0.0016304456654693525,0.0022562741745095777,0.00041576017223509955,-0.0006367198195725408,0.0002864735200699242
14,2,-0.0026732547400565463,0.002719450166371801,-1.923084400113536e-05,-0.0011026300593136287,0.00027567284832620277
14,3,-0.0012606696262914589,0.002232585350376696,-0.00038428252950344446,-0.00045077178553493044,6.884821403139175e-05
14,4,0.013111996968035444,-0.01112372070654739,-0.0015655020695469156,0.0007378608341774331,-0.00223636508432123
14,Aggregated,0.009660246353923315,-0.01261410839115937,-0.00018766083363593958,0.0025868231788188645,0.00020505712516576588
14,Centralized,0.009660246353923315,-0.01261410839115937,-0.00018766083363593958,0.0025868231788188645,0.00020505712516576588
15,0,0.005212566558164925,0.0030871238505990476,0.000775071466196751,-0.0015973030225059257,-0.007457064056427186
15,1,0.007021240762508069,0.00517938099318679,-0.00036739214560192653,-0.002807292903243408,-0.008460263535084134
15,2,0.005222086249678058,0.0034095866011934835,0.0001319895872362614,-0.0019848438596784044,-0.005290150748272842
15,3,0.006868170086246938,0.00473173650577353,-0.0011750892426987643,-0.0028587118508665446,-0.007419226604516046
15,4,0.02841523599104048,0.0008907870565469507,-0.011332799265212468,0.004140219734900719,-0.020570262469249936
15,Aggregated,0.02223119479890132,0.0025827390560122037,-0.007793733334142379,0.004607498246562629,-0.020737097866482625
15,Centralized,0.02223119479890132,0.0025827390560122037,-0.007793733334142379,0.004607498246562629,-0.020737097866482625
16,0,-0.0036296531181776327,-0.003985538402337125,-0.00258920786574422,0.002386390473261615,0.007542477657804056
16,1,-0.001969724156458974,-0.001550922705659492,-0.0009403341495347948,0.0035604712331062595,0.0005050973239108553
16,2,-0.00454088949993001,-0.003678586266608731,-0.001637632963962519,0.004759779927883549,0.004471343442085341
16,3,-0.00425288097590883,-0.003992278169753688,-0.002185127062962804,0.006056351146104215,0.004083858152541931
16,4,0.02105750658115914,-0.012395448415138424,-0.006915109106385784,0.005830207710255367,-0.007663305493167916
16,Aggregated,0.01422509337632994,-0.009629872144740353,-0.005478122205035332,0.005401677112551297,-0.004465749953502684
16,Centralized,0.01422509337632994,-0.009629872144740353,-0.005478122205035332,0.005401677112551297,-0.004465749953502684
17,0,0.0015910141187318158,-0.0013239204594568648,-0.00019353818933880347,-0.0014280979637298233,0.002195776169925656
17,1,0.005820252800401101,0.0006430581264453718,-0.0030085796934794405,0.002938621027117576,-0.00518445598624108
17,2,0.0003396321496878999,-0.00016309526730674633,0.0022240418108379688,-0.005379171315721099,0.0035348595600634756
17,3,-0.0015314053935215502,0.0004546906040785106,-0.0009974290952716152,-0.0017002152306308499,-0.00040051680173759375
17,4,0.018697163996009507,-0.011952638964060559,-0.030755955535845717,0.010402786614756299,-0.031589941226416535
17,Aggregated,0.017661639030966934,-0.010579296471686367,-0.02797895181062474,0.012408869980488969,-0.03056690089121018
17,Centralized,0.017661639030966934,-0.010579296471686367,-0.02797895181062474,0.012408869980488969,-0.03056690089121018
18,0,0.0021323656910967686,-0.0003106522284073071,-0.000281436688445455,0.000507836014025162,-0.001728182688716834
18,1,0.0017690940227842455,0.0003434569110633649,-0.0006536299265963164,-1.2852153126051888e-05,-0.0012618772537822444
18,2,0.00412338810817912,-0.0005372082363897848,-0.000925613568509708,0.00025912763424524216,-0.0019188792947876555
18,3,0.0036290515428519105,0.0013943188052734183,0.00015361022214395448,0.001158700496311509,-0.0009536013979177943
18,4,0.023913187582980874,0.0040476700661919544,0.00575097092848676,0.007995592513133061,0.004738789254992241
18,Aggregated,0.018971111919079995,0.003997987048822829,0.005728504157451879,0.008082560700860253,0.0032390229074362896
18,Centralized,0.018971111919079995,0.003997987048822829,0.005728504157451879,0.008082560700860253,0.0032390229074362896
19,0,-0.004536224216996786,0.009422011785293232,-0.0033814788730595394,-0.003134436554853575,0.00174051655611183
19,1,-0.0001919149123285289,0.002319291130253994,-0.00043483171551883065,-0.0003485514135156594,-0.00039475778272039336
19,2,-0.0038404865610100194,0.010351682439662134,-0.004203869762038232,-0.006010725630410346,0.004222235878612554
19,3,-0.0021429324178108156,0.008107876613168339,-0.002431490944843533,-0.004395643874380828,0.001436913079464704
19,4,0.014443707607594653,-0.006472599360260346,0.002256398069034556,0.006585069068385097,-0.013408551813762614
19,Aggregated,0.01067618026056105,-0.005532118932518146,0.0011854753444861385,0.004151423785715926,-0.009606603760027001
19,Centralized,0.01067618026056105,-0.005532118932518146,0.0011854753444861385,0.004151423785715926,-0.009606603760027001
20,0,-0.0007881297987317478,-0.0010850120102937502,-0.005582431218116091,0.0006534266570017368,0.007179551341527848
20,1,-0.0016536977570424652,0.0020833915952841323,-0.006577927217587722,-0.0007125332723362743,0.007398324347473271
20,2,-0.001518061772742461,0.00034944408457189823,-0.005263138348011733,-0.0026396676482358635,0.009359140772905509
20,3,-0.0007936357480435159,-0.00025675938623908137,-0.0043077966203948475,2.5697772068008126e-05,0.006720130988638167
20,4,0.01318818660709971,-0.011792869669364268,-0.003099515393935207,0.003182133658180114,-0.0025644120831241875
20,Aggregated,0.011229429540556923,-0.011067797852165856,-0.0014381131605252608,0.0050263540036632,-0.0028526603091581838
20,Centralized,0.011229429540556923,-0.011067797852165856,-0.0014381131605252608,0.0050263540036632,-0.0028526603091581838
21,0,0.004137248181159859,-0.005740407930148439,0.010393048098716263,-0.0010228744604052376,-0.0024625820243449597
21,1,0.004450027866810883,-0.004605889583346478,0.006025692671793429,-0.0011816306138256812,-0.000397539815907925
21,2,0.006672515954083683,-0.003509555078333429,0.008976365906535604,-0.002920238505284444,-0.0038159142377356035
21,3,0.006064528211767217,-0.004234134266307181,0.006538289333550971,-0.0031275375049075876,-0.00145249014217817
21,4,0.023393013032468102,-0.016122357647236407,-0.006435749379235203,0.006089906263845762,-0.0005444773410268454
21,Aggregated,0.018919720679642815,-0.014588668847292022,-0.0046943486355463925,0.0052642449720732,0.00027445526949176625
21,Centralized,0.018919720679642815,-0.014588668847292022,-0.0046943486355463925,0.0052642449720732,0.00027445526949176625
22,0,-0.022946539145279967,0.003233066787972506,-0.0023178460242024423,0.007026645762851362,0.01234828283100201
22,1,-0.02509412657665111,0.0053927441695071215,-0.001999414855801753,0.005825066426912882,0.011593466337264848
22,2,-0.024999200726988375,0.006792630398435991,-0.004104500396815878,0.005507802287284661,0.013246403591941796
22,3,-0.021058137777487933,0.005689394031786238,-0.0019962214663220967,0.0038708720570966018,0.010851278147145165
22,4,-0.013400327977197942,-0.010808636010495688,-0.002997205020107106,0.009625108273510445,0.013488893038738785
22,Aggregated,-0.014100362822002081,-0.01009254418346852,-0.0026556790936933037,0.009593903512269153,0.013676539758797174
22,Centralized,-0.014100362822002081,-0.01009254418346852,-0.0026556790936933037,0.009593903512269153,0.013676539758797174
23,0,0.037018170978952145,0.0017803251462748656,0.01785245321071959,0.006787661813258027,-0.007593849696211473
23,1,0.03395420433651542,-0.00018389781076872208,0.023976878336022422,0.01191070856190232,-0.008512271386606911
23,2,0.03847827721726318,0.0034803496680362906,0.018824869056894285,0.006266094079427653,-0.006723993691164133
23,3,0.034227544240631104,0.000486032948361359,0.01687729851890767,0.005602350549440003,-0.0077073367793394805
23,4,0.04307028194314113,-0.018112524394687315,0.01701103319412478,0.022619605469884264,-0.004966816143340283
23,Aggregated,0.04144564494845529,-0.015168135361468738,0.017584331472474672,0.020701034778560296,-0.00721272923053108
23,Centralized,0.04144564494845529,-0.015168135361468738,0.017584331472474672,0.020701034778560296,-0.00721272923053108
24,0,-0.0011521782920804404,-0.0019415567584978985,-0.0024441636196962085,-0.0034369617286561637,0.0011601482431371649
24,1,-0.00037573703593676567,-0.005090335404041344,-0.005890710893092577,-0.0020478343801641876,0.0018199230294805376
24,2,-0.004232304435197013,-0.00012005255579161563,-0.004249077790972943,-0.0022947388311187976,-2.7451371673374117e-05
24,3,-0.0018924059950397845,-0.0011631714987741589,-0.001190771175509922,-0.0024346881153864204,0.0012428010238121504
24,4,0.012123607749805754,-0.021109130994469205,-0.006412092378561684,0.004760780097030701,-0.0009813144264764326
24,Aggregated,0.00962947128884453,-0.018455742758268775,-0.004625446323325727,0.004185977303099308,-0.0002512446361529604
24,Centralized,0.00962947128884453,-0.018455742758268775,-0.004625446323325727,0.004185977303099308,-0.0002512446361529604
25,0,-0.006369248326431526,0.005058171162693163,0.018458042801437136,0.0009629971514991102,-0.012432247453344997
25,1,-0.0009750405963205348,0.007956741181400986,0.013289291347026316,0.0008848610555172267,-0.012071351021902528
25,2,-0.0015492148025810246,0.006878382449297822,0.012308371587058758,0.0015253908510079813,-0.00991508122048889
25,3,-0.004112938448286776,0.004256440901445265,0.013988567690089949,0.002143389594383847,-0.010202518981753114
25,4,0.005676417891349548,0.007993177403305568,0.009289825190774136,-0.0007102350001664685,-0.012817049063120594
25,Aggregated,0.0022684678925181437,0.006637703345373333,0.011016159366278757,0.0006430928417098062,-0.012299959322126247
25,Centralized,0.0022684678925181437,0.006637703345373333,0.011016159366278757,0.0006430928417098062,-0.012299959322126247
26,0,0.0023604255583674007,-0.008880605805389363,-0.0027066800510660407,0.00697763540382981,6.744278233238495e-06
26,1,0.004127231654550891,-0.012664482533956339,-0.0006334796172772578,0.005811707863487632,0.001260056128561431
26,2,0.0024794451602466526,-0.009850048778495647,-0.00303410670306589,0.008758611012255536,-0.00014563125024879924
26,3,0.000826761593140162,-0.008604454068168666,-0.0037919806101632536,0.00922362224485381,-0.0017387988028934552
26,4,0.009231578939164441,-0.009016261059839378,-0.004197002611079532,0.005520993668285229,-0.002114407008058275
26,Aggregated,0.007492402957924754,-0.010900210785393686,-0.0038070631654902915,0.006738023288086575,-0.0021378394748901197
26,Centralized,0.007492402957924754,-0.010900210785393686,-0.0038070631654902915,0.006738023288086575,-0.0021378394748901197
27,0,0.0038858319073984664,0.003059606349622983,-0.003167141519366536,0.003076170125826915,-0.003451524487318597
27,1,0.004251964206400036,0.0031072881784824694,-0.006567194276317777,0.002195829975355501,-0.0016970093377616003
27,2,0.004023149544588253,0.0029192240693434505,-0.004122012429853712,0.0013302792876625457,-0.003061690609297137
27,3,0.005161895461576288,0.004162030078473904,-0.002360652612326464,0.0028654858059108013,-0.0023208515811478565
27,4,0.012975438370972748,-0.010131294118472947,-0.003362747907522661,0.002278539264194565,-0.002707629695765493
27,Aggregated,0.011452943512399847,-0.007056069136709374,-0.003364707636712478,0.003524699887524347,-0.002213406540065189
27,Centralized,0.011452943512399847,-0.007056069136709374,-0.003364707636712478,0.003524699887524347,-0.002213406540065189
28,0,0.005257035642371812,-0.0004389846616279373,0.005315332687046698,-0.0008153612261465752,-0.0021388352383567436
28,1,0.007495584435293663,0.001633843242769359,-0.0020487961278221538,0.004335180886184164,-0.0017189143921108616
28,2,0.006707126684793672,0.003944040498511506,0.0027927828453779835,-0.0037264908217506895,0.0023891954452582667
28,3,0.006384820412638595,-1.7823143105425803e-05,0.0017022983964878706,-0.0004998389227356079,-0.0026543510327317887
28,4,0.011877427492527326,-0.022283172125246005,-0.02131391542962976,0.0188168951876438,-0.024047623194763713
28,Aggregated,0.010715397428144062,-0.018648163948438174,-0.01762358696919816,0.01829765311561782,-0.018727268072815526
28,Centralized,0.010715397428144062,-0.018648163948438174,-0.01762358696919816,0.01829765311561782,-0.018727268072815526
29,0,-0.001806757041013878,0.02035103881311908,-0.002601462811095309,-0.009527956742388367,-0.007792492830262717
29,1,-0.005505941105188005,0.014898681884446787,-0.0021799500694090783,-0.005313919913031837,-0.004197880592204243
29,2,-0.0036376784027899066,0.020382368573479023,-0.003013526970946014,-0.009215954860064206,-0.009408950943789414
29,3,-0.007251804301514608,0.01732937146423823,-0.003230834676729297,-0.0022921563539275917,-0.008680257879876524
29,4,0.015998367699309828,0.010582853360520198,0.009262289895271374,0.0073113013425094775,0.003574840956313653
29,Aggregated,0.011095768180052328,0.011575091931578215,0.004606384492344533,0.004091637754744579,0.0011523587442507292
29,Centralized,0.011095768180052328,0.011575091931578215,0.004606384492344533,0.004091637754744579,0.0011523587442507292
30,0,0.001172386601199755,0.008747849564363178,-0.0028763780311783357,-0.007444321186358295,0.0016665650424826752
30,1,0.005587539685126711,0.00487301951721331,-0.006204502325447037,-0.008116864664116465,0.0055536114477985395
30,2,0.0018349240142924255,0.007375912805159859,-0.005727386498664208,-0.00756426528431287,0.003717292319059808
30,3,0.0026560365830835034,0.00634879442751632,-0.003915637337532844,-0.006475713482400377,0.0030478578825149836
30,4,0.01095840125405414,0.00411239621393314,-0.006737978032896343,-0.010059492855156152,0.0004939378528272494
30,Aggregated,0.008604901878045303,0.005695350569918324,-0.006457745733678654,-0.008897407463559888,0.0016407127553874337
30,Centralized,0.008604901878045303,0.005695350569918324,-0.006457745733678654,-0.008897407463559888,0.0016407127553874337
31,0,-0.0041826898291807985,-0.004403586477865775,0.0019874195234180834,0.0011907265719330105,0.005775473362767154
31,1,-0.003420057189749662,-0.004318328302963282,0.0035026604889221696,0.0030205489892768463,0.003317024605647532
31,2,-0.004141344030534313,-0.004444164007764976,0.0017591476534053593,0.0014780095781014848,0.00564122261226971
31,3,-0.0030764092112676544,-0.0042365736731706845,0.002456556460050639,0.0035084083677802773,0.004048695995896832
31,4,0.0049256571870930875,-0.00594498507825986,-0.00035598063742582435,0.00024771374897264166,0.0028386805160524305
31,Aggregated,0.002083121274651454,-0.005820143168472341,0.0013441843315823868,0.0009890496390856393,0.0029707808992271824
31,Centralized,0.002083121274651454,-0.005820143168472341,0.0013441843315823868,0.0009890496390856393,0.0029707808992271824
32,0,0.002720971079569823,-0.00012967887818093234,8.900752112855625e-05,-0.0015064015738795158,-0.0004505033644594425
32,1,0.0037506484338018483,-0.0018719544105208837,-4.1298153063309975e-05,-0.0013844638823858454,0.00020130777909687926
32,2,0.0036860859553231114,0.001491719594867429,-0.00018893654749091622,-0.0023105473467729927,-0.0014317024946623477
32,3,0.008460953643991458,-0.0024383275879502285,-0.002180151397854425,-0.0034652546780757484,-0.0001809141665126866
32,4,0.01896671597465641,-0.01782568747889007,-0.003958813846198154,0.001982853175892007,0.0006832489923103424
32,Aggregated,0.015090189321285818,-0.017278004539630375,-0.002277411217430102,0.0024468559674554117,0.0023450434831957913
32,Centralized,0.015090189321285818,-0.017278004539630375,-0.002277411217430102,0.0024468559674554117,0.0023450434831957913
33,0,-0.002649665152874008,0.006978924278388668,0.009881022190043515,-0.01273142761631948,-0.002656202388497141
33,1,0.0015530783635245905,-0.0023482010464525387,-0.0015592395579683042,0.0009924408502308098,-0.0003405368793010686
33,2,-0.001558404120714263,0.0035599121525061997,0.003267201275304734,-0.004406236435065238,-0.0006851427182896599
33,3,-0.001727191607009638,0.0031052958463488574,0.004703679197278693,-0.004959672915253869,-0.001246975760116257
33,4,0.009571598190636927,-0.005706549705474611,0.004783214103924567,-0.005803918521075518,-0.001804893683502327
33,Aggregated,0.00601850990947654,-0.0016040798112894568,0.003777492382713978,-0.00635382101673536,-0.0021183676404807486
33,Centralized,0.00601850990947654,-0.0016040798112894568,0.003777492382713978,-0.00635382101673536,-0.0021183676404807486
34,0,-0.00826394037809628,0.011020517729992059,0.00864866304869739,-0.014822465018769833,-0.0020266635019946496
34,1,-0.004213968426752427,0.012621214262207225,0.0009722962213429008,-0.012599641554616662,-0.0007575914218154862
34,2,-0.008648685465466733,0.011559920500199944,0.006557143782257076,-0.014062672072778537,0.0004036461468489507
34,3,-0.00900827736959731,0.009744457346057207,0.009551441908163712,-0.013386954779664869,-0.0011067995609111518
34,4,0.016689777294417577,-0.002349626334174044,-0.0048810894374884724,-0.0003261333116827701,-0.01192039684136485
34,Aggregated,0.01189831612720313,-0.0006536270219122759,-0.00046635845124691857,-0.002026940308996638,-0.012753483183052871
34,Centralized,0.01189831612720313,-0.0006536270219122759,-0.00046635845124691857,-0.002026940308996638,-0.012753483183052871
35,0,0.012361074511595222,0.009277143245118642,0.022312343818921145,-0.008466692539920244,0.009397445802120872
35,1,0.00590587811218259,0.002941701598752066,0.011089083292439765,-0.009728251390821304,-0.006125606469439637
35,2,0.009350695923099348,0.00853327215606942,0.02056775563647698,-0.013500325924205888,0.005375105267057508
35,3,0.010866324833350482,0.008161861030299528,0.023745071679508657,-0.015146477494640187,0.003206112687368027
35,4,0.027132942431524122,-0.02022569318088407,0.008086078259050155,0.003794841564609247,-0.019177562701722623
35,Aggregated,0.02309768450217873,-0.015862258859678274,0.01642984784891407,0.003706110920385254,-0.011889137447019391
35,Centralized,0.02309768450217873,-0.015862258859678274,0.01642984784891407,0.003706110920385254,-0.011889137447019391
36,0,-0.004435413256625427,-0.004136632574394078,0.009937563548565875,0.0032881797890993133,0.009039160354073754
36,1,0.0037553938229411697,0.00408981503951791,0.016216185390567447,0.006018340634712444,0.016964125737170696
36,2,-0.00232150557698129,-0.0010372138403528638,0.011773742620865372,0.005582707789825675,0.011377064840750841
36,3,-0.0026126100173370923,-0.0021475346047743677,0.009928818731251154,0.004457155318030374,0.011069707820774084
36,4,0.011390709196801725,0.003271308492865711,0.014045397276240153,0.009425055084240278,0.013587727404011369
36,Aggregated,0.006094980545286997,0.0006050748515127935,0.012586684217905039,0.006617706174277904,0.012323676558186347
36,Centralized,0.006094980545286997,0.0006050748515127935,0.012586684217905039,0.006617706174277904,0.012323676558186347
37,0,0.001886069178247568,0.014945587085316736,-0.013586647502015064,-0.04986908009653188,0.020829994167800635
37,1,0.006241113152754105,-0.0008296480268699502,-0.016473865836646985,-0.021753283349345516,0.010731177845653538
37,2,0.00545867211998243,0.011375152990711597,-0.012240287798593315,-0.04058760418034195,0.015722734613249016
37,3,0.009305628770238057,0.0073626246375644916,-0.009491747968922286,-0.04051996561011933,0.012125194620230373
37,4,-0.003248452505205201,-0.025085309403330536,-0.01296734518114084,-0.030523817651361484,0.011361082700523158
37,Aggregated,0.003911863466654075,-0.017406725829282,-0.01608948707747477,-0.03141089195966037,0.01634108848654877
37,Centralized,0.003911863466654075,-0.017406725829282,-0.01608948707747477,-0.03141089195966037,0.01634108848654877
38,0,-0.004417077684294055,0.006413963958791906,-0.002160674071566286,0.00961132174380858,0.0013201249286126657
38,1,-0.006330536023208618,0.00615137093343739,-0.006233106559197449,0.0034005380131777044,0.0012129531647176784
38,2,-0.005578549440375533,0.006468309969118085,-0.005364754127636549,0.0036585489915216514,0.011910523009832199
38,3,-0.0009682908472202526,0.006671185411911115,-0.005997306571888492,0.01067015944779829,0.014747046669748853
38,4,0.021340192625623595,0.00826080348121207,-0.013285603483494572,0.04003470540725742,0.002726839882635254
38,Aggregated,0.01175432498281339,0.009581865826332059,-0.0113769608830335,0.026927956508227466,-0.0013306458765688302
38,Centralized,0.01175432498281339,0.009581865826332059,-0.0113769608830335,0.026927956508227466,-0.0013306458765688302
39,0,0.0065907159730879935,0.002837018440822651,-0.007459566673747821,0.0054306356634465525,0.009825716501864925
39,1,0.008000165169988424,0.0018835820855622927,-0.0049896255242733835,0.007901150747640839,0.01254664008069926
39,2,0.003225306034468035,0.005885874912150128,-0.00816190507997593,-0.0009483711702271848,0.010478923451323958
39,3,0.0009511221894339043,-4.5055716713552725e-05,-0.009400303529969577,-0.0011187296792820535,0.007078081983225564
39,4,0.017867522164015104,-0.014489192778498798,-0.020656665779310412,0.014014009099170678,0.0071463006486103
39,Aggregated,0.01629083569619192,-0.012396293024461796,-0.01563988422795043,0.01289705567134097,0.009896202838855003
39,Centralized,0.01629083569619192,-0.012396293024461796,-0.01563988422795043,0.01289705567134097,0.009896202838855003
40,0,-0.006327913814152775,0.01750995474451125,0.0002774857309780989,-0.018205929175528542,0.006597763699091752
40,1,0.0005975910989587357,0.0076567106866165585,-0.009033356502979999,-0.007721607937929832,0.008033380742927572
40,2,-0.0034101139204971136,0.018388978453430172,-0.00434719859071111,-0.01783502253028583,0.005988708132418316
40,3,-0.004351580003111729,0.01679212468154887,-0.0027656422570868987,-0.01588570114486412,0.006282268913960328
40,4,0.013005501605865421,0.0025656907592103216,-0.01909209286987274,-0.007526186122661308,0.010878661947635697
40,Aggregated,0.009254564619159867,0.004855896117492135,-0.016959615801780938,-0.00831522131671277,0.010947234298623579
40,Centralized,0.009254564619159867,0.004855896117492135,-0.016959615801780938,-0.00831522131671277,0.010947234298623579
41,0,0.013235838960402433,0.011568420867414688,-0.018105997522451896,-0.020711836556843995,0.0019094662737745441
41,1,0.020266780953548114,0.0002922831546496548,-0.016456596891833368,-0.017805829155260352,-0.017061825110078796
41,2,0.019901958074609746,0.00478420001844142,-0.02161864616399817,-0.03133387749691234,-0.006924894819866824
41,3,0.02305466029837945,0.001966212258067069,-0.01903747967598072,-0.027944182340281228,-0.0033094368456637814
41,4,0.03360786521310944,-0.01711154610069504,-0.017915670551406394,-0.017090131655762505,-0.018833707883618208
41,Aggregated,0.02943437945187693,-0.011449526855280058,-0.01677808586127823,-0.017928935634531257,-0.01114469307818023
41,Centralized,0.02943437945187693,-0.011449526855280058,-0.01677808586127823,-0.017928935634531257,-0.01114469307818023
42,0,0.018649596705255966,0.014547311268726193,0.009003277640378969,0.011473854347466114,0.00022351342955112725
42,1,0.014833737558890166,0.014677494915638063,0.006003392323589555,0.01495403656973359,0.0050685931506707135
42,2,0.021945175564872133,0.017861554940528636,0.01459166909319275,0.0154444805994867,0.004857376244948863
42,3,0.019211607103507295,0.019379392142050842,0.011897628810870784,0.017690126440117086,0.007789391824653441
42,4,0.034266286727246374,-0.0033120216498229325,-0.009925121596116755,0.03610040670275771,-0.016981818331770378
42,Aggregated,0.02756862853381899,-0.0003645237242967688,-0.003696318734595603,0.029608257561239807,-0.01177727467519299
42,Centralized,0.02756862853381899,-0.0003645237242967688,-0.003696318734595603,0.029608257561239807,-0.01177727467519299
43,0,-0.011393957048753732,0.0031793058738046258,0.013019520773330791,-0.0038550642395734063,-0.008780265238133127
43,1,-0.007544612736875312,0.00110644121879681,0.01257714843761882,-0.0018323844382166397,-0.008163391717229762
43,2,-0.0060458202224067436,0.0026867875825430606,0.015505677105027094,-0.011503121654747135,-0.011440696354039163
43,3,-0.004070238515879118,0.0035514661714393593,0.015614694093280427,-0.011234824250391972,-0.014697641127384541
43,4,0.01086315770196656,-0.005026385045225199,0.02067934287634091,0.0030291292897684768,-0.004339842721124367
43,Aggregated,0.005739170682711446,-0.005122804125553155,0.01969899039685098,0.001083838277964605,-0.004802742658669649
43,Centralized,0.005739170682711446,-0.005122804125553155,0.01969899039685098,0.001083838277964605,-0.004802742658669649
44,0,0.003179048359159799,0.014931566153258458,0.002273183291754055,-0.027570663903252392,0.00844260201907059
44,1,0.0038393796274889497,0.0006155987516339039,0.0052996335187563744,-0.02412981715091657,-0.0005605071989992623
44,2,0.005165748557035587,0.004144511966890715,0.004710113129365785,-0.03036027683296996,0.0007284359871624957
44,3,0.0037589928723304753,-0.0007229991469384254,0.005330338870571152,-0.038961872563291935,0.004593662773833982
44,4,0.012385659026869047,-0.0018126916443619208,0.0020882363739679055,-0.03529346827444819,-0.0011592535815535636
44,Aggregated,0.008787668819973173,0.0034326140751534413,0.002971418033214797,-0.031760105255624956,0.0018512224270560078
44,Centralized,0.008787668819973173,0.0034326140751534413,0.002971418033214797,-0.031760105255624956,0.0018512224270560078
45,0,-0.001477261095549783,-0.02607740572189387,0.0068035656616871575,-0.020709584066517527,0.007968704078546706
45,1,0.0019796816614225444,-0.014509692294821016,0.008982808427440191,-0.0029959858935637656,0.0037813900841288254
45,2,0.0033753742189027787,-0.020392966561432222,0.01508111678834317,-0.014311967341009006,0.011543468467072045
45,3,0.003533856313710035,-0.024804669388717525,0.0193718519824285,-0.013119262678372134,0.01167039104695681
45,4,0.01796373772895783,-0.05073839902875539,0.0037488012161932824,0.002343343727224085,-0.02037887470160914
45,Aggregated,0.013128831756202355,-0.05140275331483326,0.00711458986188375,-0.0013236237675175308,-0.01694864223287177
45,Centralized,0.013128831756202355,-0.05140275331483326,0.00711458986188375,-0.0013236237675175308,-0.01694864223287177
46,0,0.00937135381359802,-0.01756026000272066,0.044002319887899814,-0.008790452973118375,0.0047528695398339005
46,1,0.0007036656770799168,-0.021948545227192924,0.03218998072620984,-0.007848108012124738,0.006067846260322478
46,2,0.00883708469693707,-0.026038999880122364,0.04146943178095248,-0.01599634939334759,0.005946628106673624
46,3,0.018942012177118904,-0.02299799816887814,0.04722325124786011,-0.01203239462594129,0.007523795283220245
46,4,0.0253154227066963,-0.018731314522662856,0.05227611267700156,-0.0021299128997301,0.0003187020581792414
46,Aggregated,0.022805955347166267,-0.015244843355349168,0.05224242122285432,-0.00056436684040993,0.0020864573287710407
46,Centralized,0.022805955347166267,-0.015244843355349168,0.05224242122285432,-0.00056436684040993,0.0020864573287710407
47,0,0.010955721269036137,0.006426023734884373,0.006813194381673938,-0.005677805952312357,-0.008490738761310224
47,1,0.006263907122778434,-0.009147726404341158,-0.0027077465284747943,0.002985069084361843,-0.004896823119183293
47,2,0.011807809619192903,0.007846928717141544,0.0011143104299075482,-0.007776142466230932,-0.006290853177071809
47,3,0.0055859900894590685,-0.0005456562403482931,-0.0020474584308344534,-0.009107233629643552,-0.010134776035419417
47,4,0.024527597426673032,-0.028031361281586165,-0.01338273453123316,-0.00189704196547729,-0.022173914431240446
47,Aggregated,0.023191328553850477,-0.028758269191832223,-0.014514372825136975,0.003285027275255259,-0.020790600650639653
47,Centralized,0.023191328553850477,-0.028758269191832223,-0.014514372825136975,0.003285027275255259,-0.020790600650639653
48,0,-0.033272368663653476,-0.019379745681833614,0.007500470473878235,0.01556539365428461,-0.011689984759039316
48,1,-0.009315226173067355,-0.007217358309632676,0.003993691193671398,0.013266231401737853,-0.00017260976875279517
48,2,-0.023609106421297654,-0.011228852077429479,0.0032484029008885917,0.014568721929746993,-0.008071160791816844
48,3,-0.020868875940683,-0.017852644554820156,0.0031502666202606103,0.020071334788029884,-0.01133739568482206
48,4,0.0003110371185689844,-0.020772051649277822,0.015761036962385382,0.028029866331191814,0.005658396281821845
48,Aggregated,-0.006553374601714488,-0.02199250456162993,0.014365951160058048,0.028549798502816446,-0.0006165014600664061
48,Centralized,-0.006553374601714488,-0.02199250456162993,0.014365951160058048,0.028549798502816446,-0.0006165014600664061
49,0,-0.025385018804928456,0.011042042216679992,0.008018883414004327,-0.0004390729261662581,0.01297190164294072
49,1,0.004194710912568792,0.0003648451285105094,0.0017920930414200556,-0.0029135478707278633,0.001754402395351151
49,2,-0.011679383253183632,0.009830397362890212,0.0035544178744988664,-0.007187377464618237,0.013537658172369271
49,3,-0.013400152127217426,0.006235995315311685,0.003945389319690604,-0.0024356696478746776,0.00901098222283333
49,4,-0.002436839090755318,-0.01503964829769869,0.0011752727503239358,0.007307895913227158,0.014756568969291653
49,Aggregated,-0.005899707541332104,-0.008003132137701069,0.003932445390959216,0.004088222499425874,0.011328245867548383
49,Centralized,-0.005899707541332104,-0.008003132137701069,0.003932445390959216,0.004088222499425874,0.011328245867548383
50,0,0.0013600881586492179,0.010930320831424593,0.01155479378231984,0.0004124438281037775,0.01252508533914471
50,1,-0.0003574008140292443,-0.002800145411723302,0.007547925495875523,-0.0011871055555247255,0.013703149942813984
50,2,0.001637014825162018,0.004216310270222113,0.014292172603312633,-0.004433685463917898,0.020303184459388637
50,3,0.006392416967030064,0.0037627174993879408,0.014671547448550938,-0.003603579605562879,0.025822133256635103
50,4,0.017257975887010966,-0.006403162346612177,0.0003797345774894989,0.02635302682360702,0.008266753332084308
50,Aggregated,0.012478048484411232,-0.006647886032758268,0.0012084191683821132,0.01706796506984846,0.012831805607014246
50,Centralized,0.012478048484411232,-0.006647886032758268,0.0012084191683821132,0.01706796506984846,0.012831805607014246
