,BeforeLocalTraining,AfterLocalTraining,BeforeLocalPartialEvaluations,AfterLocalPartialEvaluations,BeforeEvaluation,AfterEvaluation
1,1786793233.6975703,1786793233.720005,1786793234.7079263,1786793234.958103,1786793234.985525,1786793234.989782
2,1786793235.2502854,1786793235.2713647,1786793236.2947602,1786793236.5227463,1786793236.5490074,1786793236.5532098
3,1786793236.8239486,1786793236.8459942,1786793238.1072676,1786793238.4894798,1786793238.5157216,1786793238.519736
4,1786793238.7877808,1786793238.8099444,1786793239.8367193,1786793240.066422,1786793240.0931299,1786793240.0972965
5,1786793240.368285,1786793240.392184,1786793241.433328,1786793241.6636958,1786793241.6903257,1786793241.6947403
6,1786793241.9876459,1786793242.0090213,1786793243.0651515,1786793243.295069,1786793243.3214264,1786793243.3255155
7,1786793243.6014194,1786793243.6234887,1786793244.633821,1786793244.862931,1786793244.8897715,1786793244.8939118
8,1786793245.1778212,1786793245.1993644,1786793246.2171302,1786793246.4452066,1786793246.4711123,1786793246.4752293
9,1786793246.7485821,1786793246.7703288,1786793247.7164567,1786793247.9464476,1786793247.9727862,1786793247.9768455
10,1786793248.2530687,1786793248.2759306,1786793249.288433,1786793249.5166416,1786793249.5432515,1786793249.5472875
11,1786793249.8206103,1786793249.8420138,1786793250.8633564,1786793251.0906563,1786793251.117561,1786793251.1217
12,1786793251.3941808,1786793251.4158325,1786793252.3669355,1786793252.7683969,1786793252.8112917,1786793252.819044
13,1786793253.1699753,1786793253.2060094,1786793254.2342196,1786793254.4820645,1786793254.510238,1786793254.5161436
14,1786793254.845365,1786793254.8672218,1786793255.8925157,1786793256.1234953,1786793256.1503458,1786793256.1546826
15,1786793256.4369829,1786793256.4669206,1786793257.529513,1786793257.814543,1786793257.841556,1786793257.8465466
16,1786793258.1215532,1786793258.1447554,1786793259.0841854,1786793259.3116608,1786793259.339857,1786793259.3441155
17,1786793259.6159637,1786793259.6397157,1786793260.6517541,1786793260.889563,1786793260.9161294,1786793260.9201689
18,1786793261.187751,1786793261.208647,1786793262.155902,1786793262.3831673,1786793262.409481,1786793262.413548
19,1786793262.684699,1786793262.705958,1786793263.7129567,1786793263.9426198,1786793263.9689338,1786793263.9730546
20,1786793264.2437992,1786793264.2651322,1786793265.2809627,1786793265.510855,1786793265.5375867,1786793265.5417495
21,1786793265.8130317,1786793265.834281,1786793266.8520262,1786793267.078085,1786793267.1047966,1786793267.1087708
22,1786793267.3883448,1786793267.4106808,1786793268.7214682,1786793268.9566333,1786793268.9841082,1786793268.9884362
23,1786793269.2797213,1786793269.3020785,1786793270.3434544,1786793270.5742543,1786793270.6008534,1786793270.605392
24,1786793270.8816133,1786793270.9152458,1786793271.9410622,1786793272.1739883,1786793272.2005668,1786793272.204911
25,1786793272.5199175,1786793272.5500503,1786793273.54575,1786793273.7831101,1786793273.8096619,1786793273.8139853
26,1786793274.0939019,1786793274.1160061,1786793275.12451,1786793275.3525274,1786793275.379269,1786793275.3834164
27,1786793275.6563303,1786793275.6777074,,,,
