Round,Evaluator,4,2,0,1,3
0,0,,,,,
0,1,,,,,
0,2,,,,,
0,3,,,,,
0,4,,,,,
0,Aggregated,,,,,
0,Centralized,,,,,
1,0,0.033986466369319776,0.012777727283583564,-0.04319536249341243,0.09794341102277665,-0.038212206836308965
1,1,0.14919892804011634,0.18201970013722246,-0.12171576228362778,0.2464543282898419,0.18357252337620536
1,2,0.16594664899156747,0.1922659876643991,-0.12521902354504374,0.25203388241095814,0.18731196945894604
1,3,0.149747946308462,0.19219663021645722,-0.12027573933631125,0.24002006948713778,0.17430620565816804
1,4,0.15365779405758448,0.19409746246926485,-0.11440234450374276,0.24246972832591032,0.17063713689699309
1,Aggregated,0.1510240280183394,0.18016773474655165,-0.11407982650898293,0.2376836490354504,0.1706130683159488
1,Centralized,0.1510240280183394,0.18016773474655165,-0.11407982650898293,0.2376836490354504,0.1706130683159488
2,0,0.12109665262546798,-0.07058123349964154,0.04560685345614715,0.09405663643572931,-0.049294309909032934
2,1,0.05684163939062433,-0.000897615190260948,-0.06212640416900479,0.055885726701384204,0.013507363817334554
2,2,0.05193698605285558,-0.014594908432979363,-0.07133320981830253,0.050654108297605825,-0.0013780248888304498
2,3,0.06829099196027441,-0.014445670692176641,-0.04992561117835615,0.062452562374202124,-0.014888181393550763
2,4,0.053693360554110316,-0.018785967054462064,-0.06258158289949564,0.05296013262106778,-0.0083358187372723
2,Aggregated,0.061772419352046776,-0.019173699880286058,-0.05334300598203577,0.05488790360801996,-0.01004632885888866
2,Centralized,0.061772419352046776,-0.019173699880286058,-0.05334300598203577,0.05488790360801996,-0.01004632885888866
3,0,0.09974064212368458,0.08083675636198565,0.09444788065785652,0.16557520015539112,0.09635232511536679
3,1,0.059548514721310904,0.04274099297543384,0.021107165209528315,0.09312936972856604,0.035422347422690285
3,2,0.06295921000592093,0.04384075366358669,0.02248014018608144,0.0893847033414047,0.04610742007856318
3,3,0.05527659555898755,0.038765815430959055,0.018220414293932154,0.08878858524607454,0.04240512578562492
3,4,0.06500073313530381,0.04491458975436164,0.025283885418563457,0.1082469692298738,0.03491441722913598
3,Aggregated,0.06247304955800214,0.04446800949156539,0.027060726417659633,0.09905789452483825,0.04333899384025304
3,Centralized,0.06247304955800214,0.04446800949156539,0.027060726417659633,0.09905789452483825,0.04333899384025304
4,0,0.015782707755864656,-0.016258124287960606,-0.0003170615047159634,-0.0061043262766382255,-0.007234759994833762
4,1,0.021247968242550604,-0.004095116539196845,-0.011011875664157306,0.014571333947235648,0.009606592381919882
4,2,0.01463875479351915,-0.01318821496544635,-0.019947265368184555,0.017791527423338723,0.005761319840778952
4,3,0.01205736807589686,-0.00797892365456295,-0.00540144928798834,0.009785910238427786,0.00983356725835133
4,4,0.027841055622823147,-0.004571699304984863,-0.01591920021414758,0.022140611111317998,0.00643624001111538
4,Aggregated,0.01837326547496165,-0.008109686827018792,-0.011531202304614935,0.01352246863361826,0.006205989304725638
4,Centralized,0.01837326547496165,-0.008109686827018792,-0.011531202304614935,0.01352246863361826,0.006205989304725638
5,0,0.0316052545759968,0.027860412203076734,0.020134472931737,0.021021945543010897,0.03237300927297394
5,1,0.011668300138518332,0.01381025639584769,-0.006137383240821209,0.01384183646373254,0.01761401647071597
5,2,0.029499821239652415,0.014773126959913119,0.014405889666968152,0.011471529617791536,0.019238173105061165
5,3,0.01790855791724239,0.013329731962508676,0.00287025141366312,0.014167408519397136,0.02266708088129803
5,4,0.013512313008337927,0.024571656362716365,-0.0013198845313260137,0.031154484537248346,0.02920920920260101
5,Aggregated,0.019116900288103318,0.017553891294385317,0.004057076135208917,0.017821197453033722,0.02291816767026852
5,Centralized,0.019116900288103318,0.017553891294385317,0.004057076135208917,0.017821197453033722,0.02291816767026852
6,0,0.022348547992926394,0.026831526612447185,-0.008189571757085966,0.00830888870104974,-0.01920896520065549
6,1,0.011876690310509279,0.038673898898672704,-0.03402177460341961,-0.000600196165898396,-0.009104173441502866
6,2,0.01632966945212962,0.03815963762776586,-0.03698243386008843,0.004075426400957849,-0.01809681293203461
6,3,0.010198673892823786,0.030103121406339438,-0.023609114862295864,0.0002140524635436569,-0.014750509865163465
6,4,0.014285882052127693,0.02132716986148934,-0.033540924399175095,0.00932782174313093,-0.008045375850672052
6,Aggregated,0.014005540905115403,0.030698905994538804,-0.02907725605001429,0.0037305500043399832,-0.012800767031185501
6,Centralized,0.014005540905115403,0.030698905994538804,-0.02907725605001429,0.0037305500043399832,-0.012800767031185501
7,0,0.013230981291056676,0.006480984344473752,-0.012450570366019171,-0.021924968406398414,0.008069060195772805
7,1,0.029237489950776633,0.010479768049037089,-0.03185781549851947,0.00033278319977415036,0.024883550140002285
7,2,0.024405793028362308,0.011462139182196318,-0.0187270980515909,-0.01227413619825818,0.019951782716029955
7,3,0.01460248896585153,0.006493985818390876,-0.01612658324121822,-0.01731167196911149,0.01869889103012361
7,4,0.012043052402212309,0.007262083212286746,-0.02096249476589499,-0.002316916196806462,0.008830909351639342
7,Aggregated,0.018946043872447405,0.008512252943555695,-0.02060501723028817,-0.008952762656191583,0.016620277516749726
7,Centralized,0.018946043872447405,0.008512252943555695,-0.02060501723028817,-0.008952762656191583,0.016620277516749726
8,0,-0.022317477480183104,-0.025607958694083954,-0.004326393211051314,0.04110777040146612,0.013915993067595485
8,1,-0.03573904620922799,-0.012892735076951482,-0.02543480878023979,0.032465146400519077,0.02065393439336434
8,2,-0.03051310811654057,-0.0070547584341498866,-0.016653385691871764,0.02835459010493041,0.021412533289207003
8,3,-0.014472495703871423,-0.010680997024897058,-0.008246404782537789,0.029272190997788623,0.01499807134336025
8,4,-0.026658850584237368,-0.011438245099511761,-0.01647873546390158,0.02755757424372872,0.014510910597967367
8,Aggregated,-0.025743978907250938,-0.011810025765814339,-0.015082446976930416,0.030007055339984136,0.017211722947992968
8,Centralized,-0.025743978907250938,-0.011810025765814339,-0.015082446976930416,0.030007055339984136,0.017211722947992968
9,0,0.0057684397259717395,0.02629249006135958,-0.05045250139782671,0.005635583548927263,0.0024398089639471672
9,1,0.025894068317069426,0.01694602147622444,-0.024120651000638867,0.016748984591430576,0.013688823691504731
9,2,0.019661297056313053,0.024026023230110403,-0.02383427407366325,0.00900756438687201,0.01124769684763557
9,3,0.018605735830221626,0.013363488531544827,-0.010829233662650749,0.0139542034100482,0.01600881371747555
9,4,0.016545633605004148,0.0168817447346185,-0.035832127409379244,0.0025101270808348636,0.012289601554330643
9,Aggregated,0.01821052877137599,0.018301282485797304,-0.026143030907374545,0.009795589059406367,0.011915619883012088
9,Centralized,0.01821052877137599,0.018301282485797304,-0.026143030907374545,0.009795589059406367,0.011915619883012088
10,0,-0.00017047625067045564,0.0025885821920341944,0.011000505861106461,0.02306004490286728,0.011225310311250493
10,1,-0.017315709278483995,-0.008001795469526245,0.003572151424655162,0.011555999573206395,0.014410487280299427
10,2,-0.01287837624086971,-0.006410090730498208,0.008946576920169421,0.015680905560135322,0.015133398561305985
10,3,-0.02201700124834407,-0.020329137664073405,0.0068497747358215325,0.006660704244094878,0.005630298618089868
10,4,-0.0034489333997785475,0.0005832796535298168,0.002008230723412239,0.01076834587197482,0.00938043465265223
10,Aggregated,-0.012088141982218479,-0.007164606884066555,0.005801855590290816,0.012127077315851225,0.010913508562892542
10,Centralized,-0.012088141982218479,-0.007164606884066555,0.005801855590290816,0.012127077315851225,0.010913508562892542
11,0,-0.04915644182709851,-0.025175069400621024,0.00805142644974479,-0.01721816034552524,0.0007987115468045277
11,1,-0.03858071760054903,-0.025939813351763343,0.006576828202271612,-0.0036114850088508456,-0.0019123433249171615
11,2,-0.036033335016690815,-0.02105565214244993,0.0032392735445926266,-0.010894992605613727,-0.003587524086449979
11,3,-0.023395617819070166,-0.01289124779681901,0.006124663687193925,-0.006895354089829868,-0.003952936500987159
11,4,-0.03251824242843709,-0.021239262911678117,-0.000775348938237171,-0.0024748412531302795,0.002639368241744805
11,Aggregated,-0.03377319409047737,-0.02041521405342942,0.004249519850981051,-0.007027608664832265,-0.0013031961782334826
11,Centralized,-0.03377319409047737,-0.02041521405342942,0.004249519850981051,-0.007027608664832265,-0.0013031961782334826
12,0,0.024813597358316862,0.019136654133750968,0.016565684058782188,0.014617368701305505,0.01562608938035435
12,1,0.023504543410411027,0.018940407362327206,0.014135982956418859,0.007359350794295146,0.01899989090826649
12,2,0.018590025120451128,0.014059727802158573,0.011467576107654677,0.004397243130811842,0.017047797434666594
12,3,0.013977411151022674,0.02187007976453614,0.0029467972453433005,0.0017137266688596867,0.02339684849274322
12,4,0.018609894897548426,0.01293088434885224,0.013562336271379321,0.008272708597196239,0.012663725616375606
12,Aggregated,0.018993744605867748,0.016768293300935825,0.01097860672487791,0.0062915389868000715,0.017376013050017316
12,Centralized,0.018993744605867748,0.016768293300935825,0.01097860672487791,0.0062915389868000715,0.017376013050017316
13,0,-1.9440807693317983e-05,0.0017954120889188796,0.005667671116498298,0.0055624109690375085,0.005294082018333638
13,1,-0.0003123284676803654,0.0075449308561586605,0.00038502985127848445,0.005310223703904477,-0.0014633954539509737
13,2,-0.0017153875423122577,0.0035551264285494616,-0.0009769762645536325,0.00913967091396567,-0.0015268569682107677
13,3,-0.0036369420187144673,0.0022510817975332055,0.0008127940179265288,0.0020507644175384327,-0.0015577992453116565
13,4,-0.0036826118905073776,0.00559337927200485,-0.0012447409709530658,0.006956305530680631,0.004012331274754797
13,Aggregated,-0.0020481503715052657,0.004278424716288896,0.00030567618192837894,0.005754030311342532,0.0005109682012143272
13,Centralized,-0.0020481503715052657,0.004278424716288896,0.00030567618192837894,0.005754030311342532,0.0005109682012143272
14,0,0.002552526908096268,-0.004729348495037982,-0.01219612829393488,-0.022354789201460175,0.00025956714386481025
14,1,0.006488394951760164,0.00575464878588934,-0.011308032994786344,-0.0026017810284233037,0.0018954117024745124
14,2,0.008625120306241926,0.003109098271162819,-0.01646228611854187,-0.008610405396517548,-0.002420871115395342
14,3,0.006424864308460795,0.007405904244656062,-0.010394708732514364,-0.01063400044116538,0.00026895320100172037
14,4,0.002059219584668942,0.0005959527785481607,-0.006264173113355089,-0.0013895497343203926,0.0013704936450384655
14,Aggregated,0.005499750797614853,0.0031946041717734945,-0.010978843518758314,-0.007466583796750348,0.00036248294551725625
14,Centralized,0.005499750797614853,0.0031946041717734945,-0.010978843518758314,-0.007466583796750348,0.00036248294551725625
15,0,0.03435383738372988,0.012184611119411897,0.023366647410195927,0.0033214280841939742,-0.056591265243476394
15,1,0.01635118376555564,0.003046750010024389,0.005104295112421492,0.007749765989225664,-0.0351676476701419
15,2,0.024500180827793375,0.0073891098072145596,0.007671999803929232,-0.0012604240681587942,-0.03855908542864251
15,3,0.02763603956404761,0.0016150462718974227,0.011550141020212836,-0.0076562719135218225,-0.036094218837205656
15,4,0.008059938972182379,0.0036216738088758658,0.0052046969718513485,0.007736420178697144,-0.024578381204542112
15,Aggregated,0.020364578957287906,0.004717858924832047,0.008959019431150734,0.0017813788163532833,-0.035366214389266994
15,Centralized,0.020364578957287906,0.004717858924832047,0.008959019431150734,0.0017813788163532833,-0.035366214389266994
16,0,-0.002804831187016771,0.017941727811857613,0.006621066149584326,0.003195362117471808,-0.007969650792845192
16,1,0.0027441872135617793,0.0007688991774638202,-0.004314056759728069,0.004499912542728394,-0.0011254712728511567
16,2,0.0075887302159073685,0.011105130004151175,-0.004129131746457963,0.012890822632910902,-0.0027830665912432257
16,3,0.0027534861554660414,0.008327009590861507,0.006327881414588754,-0.002548812108140134,-0.0012647684418302997
16,4,0.002694048900718345,0.003368536624845688,-0.00020670831741626168,0.0026291909473828033,-0.0028305885699272965
16,Aggregated,0.00317136820265525,0.0069837002283042815,0.00016329833481567023,0.004193054491803348,-0.002597521768786926
16,Centralized,0.00317136820265525,0.0069837002283042815,0.00016329833481567023,0.004193054491803348,-0.002597521768786926
17,0,0.012600061260270549,-0.00463176180503637,-0.0290604834083159,0.020099023492477452,0.01784112006333373
17,1,0.004621934168522566,-0.00010046383042099926,-0.02074310329227853,0.00933406583316902,0.0071510863660220435
17,2,0.011618539588795862,-0.007048296628018955,-0.019067719721004992,0.006712144009741568,0.008036234902909367
17,3,0.008429192312720863,0.004527434955927708,-0.0022758964761352566,0.00015048060213443775,0.002425137873245122
17,4,0.005428115191777796,-0.004280111898193813,-0.021903152772042675,0.010612255382338695,0.008460644350417811
17,Aggregated,0.007914575456016624,-0.002043896733457216,-0.017208321496538417,0.008068477312358827,0.0076152064955877915
17,Centralized,0.007914575456016624,-0.002043896733457216,-0.017208321496538417,0.008068477312358827,0.0076152064955877915
18,0,0.017024650146466636,0.022005026992725513,0.013308390607194975,-0.07687744014617827,-0.01785513255220615
18,1,0.008637681606070806,0.009263183468039221,0.008936709516165719,-0.040598749105643844,0.00031944191353974006
18,2,0.005334781628577764,0.00936542056897262,0.010700246289585396,-0.047798491641370185,-0.006872603277914985
18,3,0.0014246540962870203,0.006530733662672232,0.017891108533586716,-0.05177065659392542,-0.013316829654451474
18,4,0.005929341951828002,0.011391161937069254,0.0005819477805439307,-0.03270691597856674,0.0025590290043786823
18,Aggregated,0.006517467559993147,0.010377406009238229,0.009704378661979204,-0.04601738142840425,-0.00563115421661042
18,Centralized,0.006517467559993147,0.010377406009238229,0.009704378661979204,-0.04601738142840425,-0.00563115421661042
19,0,0.03224352591428538,0.022983628942572012,-0.06807857783409042,-0.00888215369901609,0.005908593028770992
19,1,0.015470730218665497,0.016943713228069743,-0.0368756206032643,0.002503160127824929,0.00507518706500821
19,2,0.014790582778691655,0.013355521296670027,-0.03930645566465609,-0.0063410991603799404,-0.0008562979528338381
19,3,0.02096815731256475,0.018139424516389047,-0.03778696512942044,-0.007390089709489743,-0.0022761317326335778
19,4,0.013684369514928107,0.00836552003136873,-0.02969404711027839,0.004731067491977954,0.005685279010717729
19,Aggregated,0.01765902552113136,0.014898432591162525,-0.03876211581228522,-0.0024477495590171983,0.0023141327915653783
19,Centralized,0.01765902552113136,0.014898432591162525,-0.03876211581228522,-0.0024477495590171983,0.0023141327915653783
20,0,7.714697660716937e-05,0.043059284100206346,-0.05232482135354563,0.018059983935466185,0.033268746814003124
20,1,0.003096609843186014,0.01198959392813901,-0.02575800804541038,0.003120833819248651,0.01545068421566067
20,2,0.0018691927520020672,0.028898775362797603,-0.02969468782992655,0.004593756876789557,0.02017616689253002
20,3,-0.0003672357255909882,0.03345953192888918,-0.03118751897007153,0.00397328622380715,0.022974280705251916
20,4,0.006596281115510483,0.009202967435426807,-0.027901407637033557,0.008158928353974833,0.012279686626500226
20,Aggregated,0.002502138459254734,0.022906226188181177,-0.03054983185174285,0.006257040196696097,0.01912557843275644
20,Centralized,0.002502138459254734,0.022906226188181177,-0.03054983185174285,0.006257040196696097,0.01912557843275644
21,0,0.008017215528645759,0.010507282863411838,0.012603960592881443,0.00426626958043416,0.0007060070515549706
21,1,0.0033534201579044688,0.004574046959070725,0.00501024046788839,0.005819658570192635,-0.0023507322273600734
21,2,0.005360282141609831,0.0015482361618054312,0.008182148933272581,-0.0009423583692488747,0.0042724069430933155
21,3,0.00489797492883716,0.0036844722382957996,0.001970171916401018,-0.007157719472838122,0.00672046215757569
21,4,0.0029701861808261658,-0.0007727538932034409,0.004440376903531099,0.001726900657544774,-0.005259841997409215
21,Aggregated,0.0044952094841392105,0.0030296790989438604,0.0056080243455834495,0.00035650861107342874,0.000668943078109191
21,Centralized,0.0044952094841392105,0.0030296790989438604,0.0056080243455834495,0.00035650861107342874,0.000668943078109191
22,0,-0.011873766442889703,0.014819157034815922,-0.013413630175054076,-0.0011927905967607936,0.015598429764655768
22,1,-0.004490633904772027,0.000510890669143571,-0.023855616575457983,0.003950000179611318,0.009658799352670503
22,2,-0.009001387266181347,0.00853564685092378,-0.01268075586613266,-0.004946673582260865,0.015500877792419284
22,3,-0.01167815860257119,0.01243367308271167,0.00013106290250018322,-0.008887665301550163,0.011384162688660026
22,4,0.0027106402804679317,0.0027945522411762422,-0.022207598342716017,0.011542905223821906,0.010655872947349062
22,Aggregated,-0.006090274928349586,0.006863989916316214,-0.014309119318608239,0.00031290229912848505,0.01199321667579926
22,Centralized,-0.006090274928349586,0.006863989916316214,-0.014309119318608239,0.00031290229912848505,0.01199321667579926
23,0,-0.048222405815307436,0.008135556125416669,-0.009665576577480588,0.018120112910915982,0.0025800326079705024
23,1,-0.004457119972722293,0.004061510718992392,-0.00023824354316505093,0.008662980918333561,0.006336861788738072
23,2,-0.018316168837037943,0.004698691344466329,-0.0017743471632697238,0.016341653647758424,0.0020004050378037504
23,3,-0.01742466174571829,0.0030035515196314717,-0.0020466190753081646,0.005484130555876323,0.002662667234275303
23,4,-0.003249058278882294,0.00013241161430535737,-0.0030496371864877246,0.0068706901091598995,0.004778404228166075
23,Aggregated,-0.014620112546733389,0.003463896292001408,-0.0025288314133125414,0.01007298904973051,0.0037234843085585945
23,Centralized,-0.014620112546733389,0.003463896292001408,-0.0025288314133125414,0.01007298904973051,0.0037234843085585945
24,0,0.0010218373533724772,-0.012169237850872705,-0.0454829540039097,-0.009491116779742851,0.01799584772125619
24,1,0.0007328598789732558,-0.006325399748152014,-0.02248908893367439,-0.0013362824252193281,0.013329928987509721
24,2,-0.000935811890473746,-0.007474854931223015,-0.023561422993956516,-0.011346972050284421,0.006959234336014303
24,3,0.0036382070800619853,-0.006559165610767178,-0.02294329339748978,-0.010463281243167267,0.012406873407180016
24,4,-0.001918959463673699,-0.007162908820705509,-0.01553472247258487,0.00011892475892758918,0.0050056122704732475
24,Aggregated,0.0004829598040478111,-0.0073424849600182175,-0.023401906149548797,-0.006098366694859927,0.010185976755356135
24,Centralized,0.0004829598040478111,-0.0073424849600182175,-0.023401906149548797,-0.006098366694859927,0.010185976755356135
25,0,0.01721215178695968,0.021936146129214677,0.008134170812100449,0.020027032625431145,0.016999514408378984
25,1,0.0033515002794430185,-0.0006408401983104772,-0.009645976493302866,0.0101800308432614,0.001332786393241873
25,2,0.009828030537527226,0.008432342829620226,0.003440097718537161,0.013815653399164797,0.009085716485386263
25,3,0.003966344579324372,0.007584285692836686,0.012317464713344984,0.0008259526875439608,0.009958123710179848
25,4,0.006846586280347011,0.003370156673187121,-0.009514611338385074,0.006996182144615402,0.0009379120527153451
25,Aggregated,0.00709473089355351,0.006447975884803862,0.00010683610861419815,0.009088874860684186,0.006456345314316573
25,Centralized,0.00709473089355351,0.006447975884803862,0.00010683610861419815,0.009088874860684186,0.006456345314316573
26,0,0.0009124545275037523,0.011525075649585374,-0.013054178889499952,-0.0023352417510434497,-0.009551590551891764
26,1,0.012895948642956264,0.010231741417356706,-0.010645325940097157,0.007509070844021245,-0.008669813060336321
26,2,0.00045245371240257385,0.00498755416437206,-0.007545620569122574,-0.0019237115812970958,-0.0044702017954741545
26,3,-0.005095051952978095,0.0071747711389495315,0.006979069605237633,-0.013997588770569528,0.002239373107595179
26,4,0.011074757874420778,0.008660887912562107,-0.014119812412629293,0.010472587440285945,-0.01070710076057153
26,Aggregated,0.004363486327295646,0.008100739618957522,-0.007015325261330093,0.00024181199163568202,-0.005801987414619586
26,Centralized,0.004363486327295646,0.008100739618957522,-0.007015325261330093,0.00024181199163568202,-0.005801987414619586
