,BeforeEvaluation,AfterEvaluation
0,1786873749.9295604,
1,1786873753.8830113,1786873754.6940756
2,1786873756.8297482,1786873757.6803274
3,1786873759.7474859,1786873760.5279322
4,1786873762.414496,1786873763.2579122
5,1786873765.118978,1786873765.8944433
6,1786873767.770729,1786873768.610698
7,1786873770.4838696,1786873771.2577705
8,1786873773.1316156,1786873773.9717982
9,1786873775.829632,1786873776.6085663
10,1786873778.4816859,1786873779.325805
11,1786873781.1975021,1786873781.9748704
12,1786873783.8479183,1786873784.6945496
13,1786873786.5781238,1786873787.3565214
14,1786873789.319434,1786873790.162943
15,1786873792.0381436,1786873792.8139277
16,1786873794.7896156,1786873795.567463
17,1786873797.4491081,1786873798.290615
18,1786873800.1574178,1786873800.9356968
19,1786873802.806002,1786873803.6504157
20,1786873805.5173073,1786873806.2947865
21,1786873808.163515,1786873809.0069416
22,1786873810.8696747,1786873811.6467648
23,1786873813.5166872,1786873814.3593595
24,1786873816.2378037,1786873817.0149999
25,1786873818.8810544,1786873819.7209868
26,1786873821.6981251,1786873822.4744914
27,1786873824.353119,1786873825.1303222
28,1786873827.1333616,1786873827.9807615
29,1786873829.8453367,1786873830.6246352
30,1786873832.4987748,1786873833.341971
31,1786873835.2134213,1786873835.9938977
32,1786873837.8850708,1786873838.7293053
33,1786873840.6055856,1786873841.386886
34,1786873843.2719939,1786873844.1206827
35,1786873846.0010872,1786873846.7807827
36,1786873848.6570148,1786873849.5180063
37,1786873851.403674,1786873852.181439
38,1786873854.0545766,1786873854.898983
39,1786873856.8645601,1786873857.6482809
40,1786873859.5194314,1786873860.362637
41,1786873862.333331,1786873863.1106284
42,1786873864.9813552,1786873865.827391
43,1786873867.697002,1786873868.4785442
44,1786873870.3799918,1786873871.2322972
45,1786873873.112694,1786873873.8909693
46,1786873875.7790165,1786873876.6242414
47,1786873878.5024652,1786873879.2844372
48,1786873881.1763284,1786873881.9607933
49,1786873883.8393497,1786873884.6848218
50,1786873886.5741355,1786873887.3523006
