Round,Evaluator,3,2,4,1,0
0,0,,,,,
0,1,,,,,
0,2,,,,,
0,3,,,,,
0,4,,,,,
0,Aggregated,,,,,
0,Centralized,,,,,
1,0,,,,,
1,1,,,,,
1,2,,,,,
1,3,,,,,
1,4,,,,,
1,Aggregated,,,,,
1,Centralized,0.2448313683271408,0.21420986950397491,0.12988382577896118,0.19187244772911072,0.21920239925384521
2,0,,,,,
2,1,,,,,
2,2,,,,,
2,3,,,,,
2,4,,,,,
2,Aggregated,,,,,
2,Centralized,0.23308902978897095,0.21264658868312836,0.14366817474365234,0.1944972425699234,0.21609888970851898
3,0,,,,,
3,1,,,,,
3,2,,,,,
3,3,,,,,
3,4,,,,,
3,Aggregated,,,,,
3,Centralized,0.22368638217449188,0.20957808196544647,0.1555844098329544,0.1977260261774063,0.21342520415782928
4,0,,,,,
4,1,,,,,
4,2,,,,,
4,3,,,,,
4,4,,,,,
4,Aggregated,,,,,
4,Centralized,0.21918514370918274,0.20837610960006714,0.16208885610103607,0.19894981384277344,0.21140003204345703
5,0,,,,,
5,1,,,,,
5,2,,,,,
5,3,,,,,
5,4,,,,,
5,Aggregated,,,,,
5,Centralized,0.2128019630908966,0.207095667719841,0.16932637989521027,0.20125716924667358,0.20951882004737854
6,0,,,,,
6,1,,,,,
6,2,,,,,
6,3,,,,,
6,4,,,,,
6,Aggregated,,,,,
6,Centralized,0.2109852284193039,0.20622490346431732,0.1728074997663498,0.20336143672466278,0.2066209316253662
7,0,,,,,
7,1,,,,,
7,2,,,,,
7,3,,,,,
7,4,,,,,
7,Aggregated,,,,,
7,Centralized,0.2071055918931961,0.20560066401958466,0.1781243532896042,0.20315197110176086,0.2060173749923706
8,0,,,,,
8,1,,,,,
8,2,,,,,
8,3,,,,,
8,4,,,,,
8,Aggregated,,,,,
8,Centralized,0.20654088258743286,0.20476166903972626,0.17971108853816986,0.2047799974679947,0.20420630276203156
9,0,,,,,
9,1,,,,,
9,2,,,,,
9,3,,,,,
9,4,,,,,
9,Aggregated,,,,,
9,Centralized,0.20457911491394043,0.20416933298110962,0.18332616984844208,0.2034909874200821,0.20443439483642578
10,0,,,,,
10,1,,,,,
10,2,,,,,
10,3,,,,,
10,4,,,,,
10,Aggregated,,,,,
10,Centralized,0.20469816029071808,0.2040499895811081,0.18390968441963196,0.2048802524805069,0.20246192812919617
11,0,,,,,
11,1,,,,,
11,2,,,,,
11,3,,,,,
11,4,,,,,
11,Aggregated,,,,,
11,Centralized,0.20323988795280457,0.2037503719329834,0.18690747022628784,0.20375560224056244,0.20234669744968414
12,0,,,,,
12,1,,,,,
12,2,,,,,
12,3,,,,,
12,4,,,,,
12,Aggregated,,,,,
12,Centralized,0.20327989757061005,0.20342282950878143,0.18687963485717773,0.20483939349651337,0.20157833397388458
13,0,,,,,
13,1,,,,,
13,2,,,,,
13,3,,,,,
13,4,,,,,
13,Aggregated,,,,,
13,Centralized,0.2021803855895996,0.20288947224617004,0.18927313387393951,0.20394214987754822,0.2017149031162262
14,0,,,,,
14,1,,,,,
14,2,,,,,
14,3,,,,,
14,4,,,,,
14,Aggregated,,,,,
14,Centralized,0.20265541970729828,0.20272044837474823,0.1890219897031784,0.20469070971012115,0.20091146230697632
