Round,Evaluator,5,4,2,0,3,1
0,0,,,,,,
0,1,,,,,,
0,2,,,,,,
0,3,,,,,,
0,4,,,,,,
0,5,,,,,,
0,Aggregated,,,,,,
0,Centralized,,,,,,
1,0,-4605.4643976369125,-818.6883550783988,703.3380971033156,1958.6344085318024,88.77454467288557,976.2352364707745
1,1,-2109.5083852974335,243.2017124606453,1022.24285638629,1304.346872625368,728.3009287723665,1080.665658564003
1,2,-639.0523219080792,850.0600498115102,1183.5595079781972,924.1949095554755,1084.164014350449,1145.2245168129266
1,3,524.3153513658876,1381.9363864661032,1330.8419424690874,612.2790993655765,1400.222587013649,1229.6819001960475
1,4,1833.54445818045,2036.5835350636376,1522.7931002857383,245.31830735342066,1795.2885269187063,1349.7043469352673
1,5,7494.328380905949,4715.765193254936,2301.747182459878,-1349.9420758954502,3386.8073242003575,1752.6335616951812
1,Aggregated,633.0619106011868,1495.5517544424633,1370.6995503330038,558.7853457516552,1469.9787010206987,1267.3278816831098
1,Centralized,633.0619109786705,1495.551754574351,1370.699549981109,558.7853455983919,1469.9787008955477,1267.3278814712392
2,0,-5319.536575715132,-492.5158147023504,955.93615676211,3028.591238229293,455.5760284006725,1520.3549956703637
2,1,-3066.1833432567864,-58.295777994291946,668.3938503785665,1247.2575324245881,443.29494629046246,847.9239826484297
2,2,-1711.0602530431497,175.73888310907955,481.2496264368261,199.14235814963718,417.06000824589603,464.26460165392393
2,3,-700.2215338898125,401.38198841511314,347.8094689701717,-676.5757551977835,424.2642468799949,184.815922790772
2,4,347.4586383351835,705.3505636260775,223.08214843663,-1693.1383145218579,469.5596907331179,-112.20443186580282
2,5,5073.158716088497,1949.2533706777651,-317.40604020282757,-5891.279655412895,615.0566263395777,-1431.9014255216352
2,Aggregated,-702.4132389500496,485.25525423143165,367.5609920628393,-788.7759273504358,469.90395079746884,189.84708195011012
2,Centralized,-702.4132386093748,485.2552543878888,367.5609922606931,-788.7759274359425,469.9039507798009,189.84708187438045
3,0,-5368.969796961107,-358.87712797942936,1018.1906604232473,2880.8120705955903,352.3440515775519,1458.172305625734
3,1,-3075.001573669623,5.185929451266664,675.5211752087558,1218.4337634868366,376.8252855947832,803.8453691499242
3,2,-1714.8863999824816,195.75999425655365,462.16035185116345,248.02585053731713,373.32166706833897,439.2369341784719
3,3,-716.7731407783477,390.29128621174436,311.2145253440041,-559.9268735741524,405.254657565406,182.37131480714783
3,4,313.05333701382,661.3025937079989,166.33098879608048,-1499.4322730112067,482.97237780987183,-85.89406351751475
3,5,5050.397825966066,1764.0648109561903,-473.7288008521175,-5453.800911438455,735.6615386007182,-1314.462522863683
3,Aggregated,-724.4297188573432,475.2876214914217,330.32855269864564,-673.8106713482317,457.273613178947,194.3840910956333
3,Centralized,-724.4297191943164,475.28762132127684,330.3285529019666,-673.8106710378571,457.27361297997334,194.38409105176285
4,0,-5059.706590338245,-307.0704448220055,984.6328089288083,2725.7583349970128,431.32465757166653,1329.5274169739325
4,1,-2861.0699651600526,23.427025894887876,637.1724868189141,1127.6169337536596,393.39803591687837,728.0391962536762
4,2,-1567.483417046541,195.2236115496541,422.7570517476065,200.19205893992864,361.71728385780546,399.92215557368195
4,3,-626.7508363932996,372.12853420826644,271.81790376862307,-568.5589709261092,369.8172844022681,176.82359881892756
4,4,347.08744786041046,622.916487259248,125.58900019589166,-1467.952378342662,418.26423616214953,-55.47349520588387
4,5,4918.302662688998,1632.119731455474,-533.1995566592097,-5321.966593523986,546.6885939365147,-1165.5539906107417
4,Aggregated,-623.6165588952641,452.5039781660709,288.3232921632647,-690.49700557477,418.35412383235183,188.14335992673608
4,Centralized,-623.6165595198385,452.5039788084899,288.32329240542845,-690.4970055078098,418.354123876091,188.1433599789282
5,0,-4719.513661198504,-369.2176121550669,871.6007896942671,2567.5937222876096,358.36944001126176,1310.9786348410112
5,1,-2614.386003771483,-27.527576266995087,570.7040276253266,1036.2127673094033,341.6193553454355,701.389584971803
5,2,-1393.5448749598695,158.29687379726758,387.0057357326924,152.85688181646833,326.6558415637185,370.87738946705076
5,3,-516.7156099942192,348.17715209241777,266.42026516666925,-579.2991059451075,349.2758854444848,144.69557817860962
5,4,394.21489974837596,615.1983426152385,154.96088904799785,-1442.3793954081666,413.26453038187515,-94.21400221669002
5,5,4779.603258221029,1710.0606696695775,-359.19935520041736,-5213.918967073584,606.3509582639518,-1239.817434095169
5,Aggregated,-503.9806099472593,436.95095405163397,290.13072490135113,-713.0207257716838,399.71049098238524,151.02634657217436
5,Centralized,-503.9806102388787,436.9509541481543,290.13072508277673,-713.020725781208,399.71049084849335,151.0263467139558
6,0,-5107.924609525778,-313.73626286402344,901.1087706549557,2815.458487111008,347.24183209930356,1353.0636251352719
6,1,-2941.795871395653,17.70463530479452,608.434966565832,1200.8074236002105,356.03685212144865,756.1284495320238
6,2,-1660.7178418850872,188.4681796056963,429.03563016179345,262.49105130125696,350.36286938329033,429.07321694739954
6,3,-739.3988105540832,362.36292587881536,312.0739694276081,-513.2745110066223,381.452581504437,208.87967685754634
6,4,215.23542205539317,611.9727017384653,206.38855708169956,-1430.267134105586,458.59877115584214,-21.24542758029744
6,5,4807.253159537301,1649.445278255556,-284.02120846994336,-5464.225284601793,723.7889958419406,-1141.5939421207522
6,Aggregated,-722.8515928854308,448.50104118075825,337.74588901169994,-662.4568699952765,438.4332660764049,217.0398847652048
6,Centralized,-722.8515930254936,448.5010411549748,337.74588861916914,-662.4568700761499,438.4332661414618,217.03988498029523
7,0,-4821.961148586138,-254.86272598592183,713.9537388203598,2717.230511049974,390.6529282205748,1405.160023689777
7,1,-2753.488778586397,42.10279990803233,517.3293332516255,1130.2583666071405,371.74199590601364,755.8351766486498
7,2,-1520.5743332878942,196.65134388537314,387.4533863355868,206.11740422527086,348.0583084056484,396.0324656043005
7,3,-643.3116118884202,360.19930222346323,309.5494386821187,-555.8565340566446,362.5628519183058,150.22500564663463
7,4,263.4418443631945,599.7200125115712,249.91583143247075,-1460.9554843164076,419.60260160756053,-112.3304782551766
7,5,4713.240045464785,1583.1755332078335,-34.31393885346812,-5505.290815288089,595.9072734317691,-1374.4869772898437
7,Aggregated,-620.1371641944946,447.8575508940446,340.5636537528536,-716.5709405893843,414.2467469646618,151.65566776355803
7,Centralized,-620.137163684881,447.8575510739887,340.5636536335673,-716.5709407285252,414.2467475000339,151.65566777779333
8,0,-4260.52411643419,-383.7284146363537,759.1505840464933,2506.5345616369027,287.1596785164615,1272.8823871124107
8,1,-2321.474163710406,-38.97965537851717,497.929761886963,975.3034652417382,292.28921440812553,668.6917408036115
8,2,-1210.062544775761,147.55497511298142,344.1615710657207,92.28812411032916,294.33121161540294,343.27765349492114
8,3,-434.9705034347962,335.43613641030225,252.32582947206615,-634.4872683596369,330.67216941520644,123.3890762772125
8,4,373.62237650535525,602.4392595214752,173.11720127085144,-1507.9571761592385,410.70906608669384,-116.72315457422265
8,5,4508.966185668865,1731.2340819717326,-213.623337684075,-5495.790646441625,681.9443245254273,-1349.9912518271312
8,Aggregated,-399.6848701075562,430.07343216580705,281.41249602740726,-809.9499143210817,385.5865810971244,109.86767028727373
8,Centralized,-399.68487007348165,430.07343191241023,281.41249585233743,-809.9499145393684,385.58658099640274,109.86767048609141
9,0,-4141.2767416072065,-413.64559884199207,748.4640984730657,2361.2186029093323,281.8400368606282,1166.4661284201588
9,1,-2280.53624402662,-48.07786053462505,491.88358621332463,915.9579458765741,294.18100308731397,626.4229288682461
9,2,-1193.5184042865633,146.31716857137778,337.21725756879204,81.89122838801839,294.1877716966342,334.2940862862066
9,3,-430.27887526978805,339.0399990139553,243.30061317908346,-603.6403990211697,326.5849861742942,138.3862949175743
9,4,369.59704735070306,610.3472846058817,161.19301457587267,-1430.3932607292559,401.89916501649157,-74.99111431960597
9,5,4506.318778139854,1736.3891607596051,-255.6738400238373,-5241.336938641971,658.0543567308916,-1181.7572561252744
9,Aggregated,-374.99559966891997,427.51143500586556,266.9990066018684,-777.8099104010598,378.759823068649,126.07716980599936
9,Centralized,-374.9956006839434,427.5114346394418,266.9990064065536,-777.8099106192473,378.759822924663,126.07716959133641
10,0,-4473.57906886169,-451.39240152616486,830.8014765832378,2404.9779521996807,357.7816318535103,1220.1943859894684
10,1,-2511.9612313455186,-71.75443949058297,544.0739076556584,992.9479325478195,341.66132021348596,663.1115690407012
10,2,-1360.2501941123082,132.83699690091484,371.2159100943058,167.9674835437681,324.1768576395902,356.8685206886167
10,3,-559.1175091542294,334.47726894916076,262.2167948278676,-508.7149850126343,342.8953680169797,158.21222973996402
10,4,270.8957948870582,621.0471145846826,162.70447207140066,-1322.2397950575573,403.03523759659697,-48.66751330100069
10,5,4575.4767771465495,1802.1146694684735,-284.98066701243556,-5045.671600292977,574.9741279540812,-1083.6499602641634
10,Aggregated,-514.7969412845108,428.52736685536945,290.79188782904913,-674.9400350497897,390.91010074035836,167.50666100966194
10,Centralized,-514.7969411393459,428.5273670065389,290.79188826245894,-674.940034908126,390.9101007641688,167.50666112581862
11,0,-3724.9968515719165,-606.7779634230901,682.6289635944416,2303.193239581347,287.33643413557263,1182.0266921279067
11,1,-1996.7548545714242,-187.8798932380858,445.23249560338024,904.3175641104259,271.9506706776183,611.4337475238646
11,2,-1004.1446120474988,45.95001375303433,306.16949300119205,96.82408975777852,260.90954627012775,302.7174688391189
11,3,-331.18694543470355,269.5259966604807,226.6975579134453,-565.2223967282971,288.0805968828612,100.45207032637394
11,4,365.2164409989745,580.3124678892423,159.2905566825583,-1373.3970035555851,357.27182275158935,-118.08681943747472
11,5,4133.530049421754,1898.1113376864678,-208.62144119197,-5240.590562023575,566.7507464795435,-1240.010615297966
11,Aggregated,-287.1760351865947,371.008116888132,250.03593579299348,-766.534181688777,339.67378961929774,95.52884447872802
11,Centralized,-287.1760354080771,371.0081167478636,250.0359355282953,-766.5341815884836,339.6737893596248,95.52884418177702
12,0,-4098.088803972954,-243.96858693006612,650.7302547951202,2161.8476748229054,379.0760413870153,1216.955410638619
12,1,-2272.122917718896,22.865193450379785,443.9448032118125,867.0306580041338,325.4454032267521,647.4550837930417
12,2,-1223.9821190288003,166.9638706037792,317.97615494098716,114.50159935066687,294.33070680655067,334.16816292314104
12,3,-510.29464255048055,317.74469217093326,249.84887359148507,-501.473011329327,303.75131869840453,124.83029953901652
12,4,241.80943889629296,541.9515351354195,198.5943315049649,-1254.7941348230408,351.12951495001545,-109.00636833148225
12,5,4332.605505610567,1463.6231731330051,-41.87159647429654,-4846.848420261572,487.9483876028074,-1349.2449725741265
12,Aggregated,-441.1280559615125,402.70099137570435,286.8007220417517,-688.8393734545105,354.6413684394436,99.46100744054304
12,Centralized,-441.1280561335592,402.700991158728,286.80072171090836,-688.839373249044,354.64136850916265,99.46100727024346
13,0,-4248.704439575869,-403.3752049755065,763.1879005895986,2264.742770833424,347.089959597967,1059.0400129367397
13,1,-2426.1402820583644,-65.1152999610538,510.55437878665293,963.9093944093199,320.7791371702068,596.5343010489827
13,2,-1346.449557927558,114.5773662120389,353.3950988868806,213.8357667963917,299.78465215749543,345.33272641848265
13,3,-605.5610914031472,294.3572099037333,257.1023960363209,-397.7589095455819,315.73864263747237,197.565890194409
13,4,162.8171193999702,555.6565001317891,171.1795186490945,-1145.2338682591908,370.6061009317125,57.67104946910341
13,5,4229.076102599802,1624.2262669310992,-232.64000327258873,-4786.425534717776,531.2456510760501,-651.9804737808872
13,Aggregated,-555.5346341522086,383.6082893529549,282.84698921382136,-593.0007611064442,363.66176390563356,232.38508046864106
13,Centralized,-555.5346343506558,383.60828930038326,282.8469896001097,-593.0007613609394,363.66176394055316,232.38508047799797
14,0,-3634.023018705094,-177.33620777501645,679.6347655177034,1959.2002728322748,245.80854089029305,1251.3927179994362
14,1,-1988.6898855054367,42.22306262315966,436.8410771896327,767.2653003591769,246.35685171149953,638.4557675855996
14,2,-1055.3496850510555,155.69866841990154,292.3182121394968,78.05988636615487,244.95009401185314,307.171429001457
14,3,-436.7771461414976,282.19953349902255,208.82398974989692,-490.6968172742269,282.3486061688308,74.34359309693309
14,4,206.67735601142783,474.20248263719793,136.74881212188453,-1198.7366804146395,365.55495612132114,-202.72727695648985
14,5,3974.932864275911,1296.8186199586057,-209.5092928458203,-4719.088164363356,653.0686442072218,-1798.0381424976626
14,Aggregated,-358.7484155087701,365.6201926728146,238.16795949166104,-703.5945448363583,342.15881158658505,-2.8922983598940415
14,Centralized,-358.74841510790884,365.6201930802203,238.1679595298266,-703.5945443961715,342.15881202645386,-2.8922977031550974
15,0,-3378.943900543981,-419.399922914481,633.3528987283668,1795.3636928614978,212.42961846323308,1028.4917882689438
15,1,-1785.769164171184,-86.52765768638463,400.4565636219756,681.1993475831979,222.4874096148559,514.8587523490019
15,2,-869.0915512506551,100.50074153908228,261.3779965598669,37.57243767724071,226.1619536236713,239.11007885775572
15,3,-249.75110993807903,276.5084612049995,182.5354828247364,-487.22415328648657,261.06444015994657,67.99472870962836
15,4,410.6019702672029,520.168681673873,114.76296408756646,-1134.8120033469397,336.2927363271717,-109.86859398563453
15,5,4112.495112301783,1529.9079538585909,-206.13790912159385,-4278.336725487083,556.5332386129807,-999.500196026254
15,Aggregated,-165.25119529767784,350.25580858295154,212.5642132590971,-660.3593179813706,305.4463370343048,84.34722780497654
15,Centralized,-165.25119506905762,350.25580867064633,212.56421313711917,-660.3593181414336,305.4463366560079,84.34722798698766
16,0,-3771.716704766553,-178.57763824802598,579.8126009411019,2039.9799927185322,232.80283767190105,1149.398021150293
16,1,-2091.9490468268496,42.90518589996769,404.7660175031495,819.6352446949991,241.59330114667497,603.508283399748
16,2,-1124.8219143134545,161.20592029285564,297.689866182884,117.04930982571507,247.48816840461416,304.5210720900343
16,3,-483.68532505352283,287.5584215958651,244.80096109434982,-455.1850328980194,288.6842961811851,116.40244066089643
16,4,189.13610966142275,475.9720478358829,209.320391360183,-1167.4121731959838,378.1792618235452,-83.01670273691755
16,5,4016.776233291416,1187.7795936013933,14.005768429070825,-4729.319229994964,677.3293561369555,-1084.6508279654067
16,Aggregated,-410.0031621927743,349.9836907567967,278.16625756175256,-667.1923923738635,347.7247411273963,125.42872437615596
16,Centralized,-410.00316184950134,349.98369088788365,278.16625761675004,-667.1923924829912,347.7247410648531,125.42872442245014
17,0,-3329.8717782955237,-293.9341372996983,542.5706176002873,1888.8198292672146,237.90179241265625,1024.8837942551654
17,1,-1786.3322720108797,-31.580147706309866,367.6111638735092,724.2697082677289,236.10301755008825,519.9141480172633
17,2,-910.4172648025012,117.77491972165873,263.5635790815683,49.43575540909596,235.23426682267925,248.1222823549412
17,3,-328.5183657829172,269.1155746269481,212.93801030527013,-508.77056283029066,263.1229244974372,83.8079459281551
17,4,293.67944185533753,490.9021967480795,177.37482890235867,-1213.6563029902736,324.1256578673042,-83.76976644583253
17,5,3915.298256960962,1409.05699607254,-54.96863744478268,-4723.98921239821,457.1622466398824,-904.3011070115233
17,Aggregated,-235.37902093135583,351.50795441721704,238.29949959296053,-731.479946365423,294.2546046713867,109.73898821135059
17,Centralized,-235.3790207723102,351.50795439384297,238.29949938524766,-731.4799461263399,294.25460539119445,109.73898815194065
18,0,-3186.2895382245615,-381.46137349630095,620.3387997130098,1743.4160299861169,206.38693464972727,1095.8878945526585
18,1,-1679.124795423625,-70.83724736653024,390.9991376151009,647.9499664049586,218.05630179917574,534.0483549829289
18,2,-831.4935374738626,99.2190082593952,254.084666650383,26.8965937158422,230.03521800009642,225.06811129088524
18,3,-273.418816271376,269.093750851581,174.4254109803599,-481.3625939504353,270.7780336672599,13.980580784915986
18,4,321.3537801284459,519.107373511269,100.23932629346457,-1124.9441138987288,349.19015946826977,-232.8212672215935
18,5,3901.8221006213635,1646.503352052293,-283.43591471674335,-4477.652955653337,507.00444537793254,-1506.838929773219
18,Aggregated,-172.96191024477275,374.97590502419456,191.17161810657444,-703.8415182293514,300.8185093115279,-22.964200539440426
18,Centralized,-172.96191022066395,374.9759049100815,191.1716181009294,-703.8415184393622,300.8185091781472,-22.964200629740308
19,0,-3199.1349726116187,-342.33814266714364,489.54907114400015,1762.015289243813,163.15252844096585,1049.5458621351872
19,1,-1700.4115279236637,-51.141900205724234,339.2502771208842,664.5352898092532,199.95743832212096,513.3356293542904
19,2,-853.6627422863501,112.838983649235,250.2448801142245,41.039937228841644,221.57794779652585,225.11312357604518
19,3,-286.06251894761067,271.7207492765758,212.2576868743588,-474.52647162964655,267.6620540040376,44.343467996138344
19,4,332.6555087373309,498.6035337169598,191.68577059701676,-1132.973290188016,352.3277489688384,-151.3086948224833
19,5,3927.642455842292,1381.0520411817117,24.306298959976186,-4524.116181794402,605.3965514845754,-1120.481978229868
19,Aggregated,-177.72203373882274,338.600270679531,240.23477613732769,-704.2670082201199,306.99102799544715,52.32722699546038
19,Centralized,-177.7220342780439,338.60027078994574,240.23477630499065,-704.2670082162788,306.9910281479646,52.32722710104326
20,0,-3647.5097718147954,-216.2711340587089,617.5576967493895,1848.646048277314,307.207761469339,1088.8807340487913
20,1,-2008.013443174029,11.390924346035899,414.6254333803604,739.9229983004427,281.06030488443105,571.2116221418055
20,2,-1085.1079129204643,140.34496718582074,292.2462373212114,98.96680834526285,264.6708819994729,290.62860454411725
20,3,-473.73534455862995,276.71841077492377,224.33180159496558,-425.64311324345675,280.13322298652616,112.23660740041328
20,4,183.72538174867233,484.0919773008107,166.28874684248805,-1091.6351848835786,328.1900490319287,-84.36287909052584
20,5,4045.9346150384213,1386.322991677357,-127.54241939593804,-4464.850727348396,428.51390383205967,-1052.6435778954276
20,Aggregated,-368.3128609744086,368.67189486841954,248.499022504681,-644.5438470020678,314.6591474399364,114.29144944093446
20,Centralized,-368.31286152130474,368.6718952562911,248.49902256963458,-644.5438469361779,314.65914758613167,114.29144899925475
21,0,-3264.88194615375,-296.7349021452589,588.8603164344161,1821.8914544769736,155.48929353012844,986.380144127146
21,1,-1776.9960703326972,-41.97948867609853,390.0694232805654,708.5247157410626,201.18164113567173,504.32676030403195
21,2,-925.2835480432385,111.27987493053011,269.5032590018084,68.78848048330612,226.27081873223506,247.42404622736657
21,3,-355.83142358629453,265.506399095532,199.86925023684316,-461.94862658947335,270.88635436102777,97.00365221254626
21,4,261.7636072031643,487.70320414009393,137.288111482908,-1141.2590301947348,349.3613738243704,-55.564210835502756
21,5,3854.464218750779,1287.837307320222,-187.22671965088986,-4646.399362986295,538.9159589686926,-846.7102490747976
21,Aggregated,-249.0455539079542,327.2900178050641,217.11571172645316,-704.1139212827215,296.10302027796456,119.42378531804164
21,Centralized,-249.04555407152802,327.2900182462476,217.11571229039052,-704.1139208911803,296.1030202955995,119.42378569172114
22,0,-3118.921352669027,-198.92686558933673,545.0738260968616,1712.6494343406996,196.9818451778416,1042.5928960370607
22,1,-1621.9415096412376,12.531112808820684,357.68957190415966,616.3945306215211,208.40891613296068,508.6075533837966
22,2,-800.4464070666619,136.56912212952426,246.07956988021442,-15.911890635697247,220.94199758943194,219.15277133284164
22,3,-264.2802959272537,270.86135586709827,185.85030736153817,-542.090596085563,262.3980831329226,34.75450922895806
22,4,316.6279798045883,476.15099304576046,134.20530520599553,-1217.542585701606,342.73669079883433,-168.40149577272985
22,5,3886.141447989056,1388.2081157343164,-150.35277772611724,-4627.093902115454,563.3226835325254,-1184.1421706140954
22,Aggregated,-151.76593096086012,368.2113728708476,205.1560625567922,-773.6973634952446,302.96731663823454,34.1515190143886
22,Centralized,-151.76593050478144,368.21137272500636,205.15606244085342,-773.6973638104317,302.96731610714744,34.151518630854305
23,0,-2917.97459939592,-337.81296581003636,484.04191259135007,1715.404687879674,140.7152005652365,918.6739834230201
23,1,-1518.061388426298,-54.33930379910763,328.29001457011316,605.8009860936044,186.45280658558502,447.91444694492367
23,2,-754.7329549313342,111.96154291391092,237.8607999941461,-17.683862450100058,217.57898735007814,205.76092905812868
23,3,-250.76201504868396,273.6782134908143,195.46418421476616,-539.3780694770544,266.0286414384979,68.65201521786179
23,4,314.2494493368958,504.9656513785678,163.21653265880084,-1219.3938005450727,343.76358751508985,-73.66485356065988
23,5,3756.5268873527357,1491.320000084219,-29.37261505600238,-4828.037062037003,504.3969586069976,-825.6558195341809
23,Aggregated,-120.53865927223043,358.2519978285438,218.32813119526267,-807.9926809919538,282.77837154602014,89.3530560176242
23,Centralized,-120.5386593610741,358.25199794363004,218.328131291578,-807.99268104862,282.77837176216804,89.35305626484089
24,0,-2740.680340750373,-363.28138057560216,367.40923206894206,1678.8569855881547,161.28587098942052,951.2352306603111
24,1,-1405.0721188979646,-77.27973588445587,274.3255099566671,583.7498003518056,187.11553771644247,457.9286233940915
24,2,-660.6254600133631,91.41875088944107,218.61152757304913,-49.239956886397394,205.5301947170638,194.95764452963644
24,3,-168.7115177048244,256.12291752248126,200.75261669903253,-580.0387048656397,247.47759898651913,33.19568333486787
24,4,368.44042764955924,492.9456429958597,201.23622011169311,-1266.2123704980295,319.76115189774447,-136.86555334661188
24,5,3677.8464884320815,1510.004920076916,191.77290880521372,-4786.231639749466,448.0805006194153,-975.8369593455308
24,Aggregated,-50.63738969924763,345.30912482784635,235.78307230961457,-831.4080802963095,266.2368811656121,49.998545926597885
24,Centralized,-50.6373900844022,345.3091244859041,235.7830720868623,-831.408080436629,266.23688121145915,49.998545533953255
25,0,-2821.019265976416,-339.99679172868906,518.2823867950776,1640.1772529114041,129.84732838330422,910.9413884033604
25,1,-1455.9173703631484,-55.866734846561485,341.82418044147227,563.7628552443098,182.54785162948917,438.25904671120946
25,2,-721.0468255306563,116.07610666089586,240.32079119308264,-53.02840690588904,222.11095682604173,194.1688344179387
25,3,-234.67924126643197,286.5542455294748,185.4033941295403,-572.1337542783651,276.41300209533284,51.731464705428195
25,4,314.64357561283776,529.3307725454489,131.90414260146147,-1245.5118353015112,361.0962224664151,-99.20036055074267
25,5,3714.5429543759337,1548.7422848388778,-219.2898438952409,-4708.921756350233,538.638826805684,-914.2547697106064
25,Aggregated,-96.19630905059397,374.9288046461906,186.3713421906379,-822.1221735192992,292.4030963181048,62.28332368233539
25,Centralized,-96.19630911435922,374.92880446648974,186.37134203977973,-822.1221737417073,292.40309637590786,62.283323529788
26,0,-2763.387261860165,-442.09683036004054,499.3922212842907,1730.20865167925,53.19477820728233,824.9214376075304
26,1,-1428.8652926600876,-120.84785777107994,335.09970639654057,621.0019513402281,138.38500604624,416.1163622807401
26,2,-697.353877725077,74.85853915081142,236.70775870966025,-15.487846668455717,197.0019027444988,205.46614633112864
26,3,-209.60728907365552,259.16113564314674,182.6156405819396,-548.3341696316546,265.8220037660218,90.94406797472071
26,4,341.17355584094526,515.6260948749606,131.8745599161374,-1239.333223425331,367.35728055208295,-23.9531025326872
26,5,3712.875648509337,1586.8206374875683,-95.71876084908946,-4795.986356768892,551.4606400047542,-589.7443549873607
26,Aggregated,-70.79407743407994,342.8509075824537,201.93995250028266,-803.5963778769942,272.4608758898794,124.32810508635204
26,Centralized,-70.79407744262512,342.8509075514056,201.93995283898622,-803.5963778488286,272.46087588865106,124.32810494180453
27,0,-2972.942375603602,-268.33020886508376,459.9988184938833,1777.2107276838665,115.85481294897953,937.2688615723372
27,1,-1571.1741502387817,-31.137688876912176,325.84103001922506,644.0043654180736,175.30442171020275,483.1457430758923
27,2,-806.2008197818653,112.81367493795538,247.83118863903317,-8.368635653799165,214.76903747851733,241.25680507471762
27,3,-306.5884676200835,263.77862514124257,216.621093347663,-555.7488578719393,273.3969861241266,93.5437897414399
27,4,251.2334111886557,490.6443289472913,198.16776991406016,-1267.4287307968682,370.2923099847896,-73.28451423891288
27,5,3721.160503186071,1502.1306962569652,80.80542137226324,-4929.4798327454455,674.2185412727487,-988.888222466201
27,Aggregated,-173.09105212814353,368.3661677790055,245.17683395886533,-821.258119518009,311.5771784420006,81.26698203290039
27,Centralized,-173.09105194950507,368.3661680561054,245.176833980466,-821.2581196772372,311.57717840907344,81.26698195171507
28,0,-2336.4585664926367,-387.2219416059806,385.41591531845125,1540.8027786793398,74.18267109629274,775.7504247890259
28,1,-1152.301566619616,-101.2091518656564,258.748261966879,503.90978949956934,135.7433417387524,372.87083732086927
28,2,-529.7147518353088,75.2763384557714,192.7617971581697,-83.89047829505334,182.4864556277432,163.42921884132684
28,3,-99.7329572171524,246.09514875109025,163.6439493724431,-593.400674286737,234.44158742199915,33.04934217332125
28,4,419.6844627960736,487.3540341247291,138.82348569782667,-1273.1445577247796,306.0363132724433,-116.58224385074631
28,5,3584.476180641613,1545.2096600986695,-18.792146362178883,-4871.934583603334,523.6692878058892,-920.3731574931521
28,Aggregated,71.42562136451984,338.55083381922987,177.99166214872602,-885.732503671747,250.23346433123095,21.22123666372532
28,Centralized,71.42562129530036,338.55083431510803,177.9916620748635,-885.7325036754406,250.23346424894112,21.221236737826086
29,0,-2553.24206536556,-456.8784227283062,462.73884845484247,1601.1211629198892,95.32309266070173,839.3643013322403
29,1,-1292.8413716991677,-127.5618057497291,305.2625177869608,544.9652868490151,156.83594163695645,412.4085809107666
29,2,-633.2039004208393,72.40725728381572,221.2505308451421,-56.696446764236406,199.82309094532638,196.02888339459713
29,3,-194.450704979021,259.17580041214836,183.9992480116974,-571.6525745892712,250.2730128857688,78.39592602609453
29,4,318.84988918225673,518.3691498772498,152.06966744546614,-1250.4165433169449,323.2921234472788,-44.182803365672385
29,5,3550.3254548942423,1645.9832847130401,-83.89184866208633,-4781.578566490105,524.0977105312528,-700.5600131365989
29,Aggregated,-39.24672501231121,349.66896905179266,195.93149515758802,-843.5513820260458,265.56155262662634,99.68661432877583
29,Centralized,-39.2467245332587,349.66896938073523,195.93149483569871,-843.5513823077332,265.5615526561731,99.68661446498088
30,0,-2451.073206762845,-422.74029450623107,361.64053394399593,1556.4178254803546,105.01467948792317,811.0828253712734
30,1,-1238.5518947256357,-120.1868918660055,261.93113687083365,534.843351503868,154.2891628264129,391.09239901512643
30,2,-586.4476778603156,69.12662637313153,205.90628896262237,-55.23127567482595,190.4898638775637,177.37867369770774
30,3,-142.10111452504387,246.3667175086423,180.33061477072312,-558.9637942103676,236.1353282057392,55.05989594241148
30,4,386.1932106828233,488.5836836692751,158.417280424952,-1223.7187350376587,300.82678157312154,-74.37830677429976
30,5,3627.729700211092,1442.762485856179,65.76259168444611,-4683.113715912231,440.0565132325504,-799.2684855292919
30,Aggregated,26.079129530644575,313.3735171368905,198.30122987595064,-827.1979463205877,244.13581539985822,63.141257963866536
30,Centralized,26.079129611782243,313.37351721796017,198.30122983774908,-827.1979460872349,244.13581554265645,63.14125817780944
31,0,-2840.723741175085,-350.7103614210093,474.46373582822673,1689.1670442500256,129.55054837376684,939.3726445941647
31,1,-1473.7944227782734,-72.1127102731626,331.98729606408017,592.5231943921929,182.67534715352036,461.9175823707825
31,2,-741.0736567801019,103.60998454294243,247.55453907579633,-39.62788525273854,222.23816604887526,207.52352932886987
31,3,-256.9417046741098,279.0747254354802,206.7284267295323,-573.6991666810077,277.0831274443194,54.70353586503875
31,4,302.107995596547,530.0671379372824,171.44828917381486,-1274.7504979040148,361.33241224276986,-110.97840311035458
31,5,3761.585394205919,1631.4590574334493,11.447575532652769,-4906.654147697401,599.8918897047013,-949.8626245120217
31,Aggregated,-103.85846214408137,381.2046912923248,229.66652196211362,-847.2188026053122,302.62211280333906,64.42241749462796
31,Centralized,-103.85846140200002,381.20469117168733,229.6665218905143,-847.2188026481565,302.62211283373745,64.42241770505592
32,0,-2198.241556748646,-446.54827485444065,322.66782597222726,1567.4439293021478,4.15809973663635,710.8538084914585
32,1,-1075.2527210501014,-149.26880920623734,237.28651295995456,518.3583478762393,94.85835019507849,349.270694267396
32,2,-495.4223105047679,50.040844228165575,191.05565715004656,-79.5281637279759,164.2394143279915,169.25213712814445
32,3,-105.03059226799107,234.19007418033186,178.4848325302687,-597.1045632075152,234.92575152168436,78.31487306302007
32,4,368.40323083977535,481.84917830058595,174.77601262399963,-1288.785899430414,327.76530544814193,-13.042636069953314
32,5,3341.5509604056506,1379.2644323172854,154.6597667250289,-4954.390423722912,515.3315183951441,-498.81437239042975
32,Aggregated,56.82848211043986,288.5478324064932,204.15346386108,-896.445624986501,234.42745197844047,107.3666242665401
32,Centralized,56.82848201311088,288.5478322674744,204.1534642853421,-896.445625193713,234.42745196432722,107.36662460019423
33,0,-2312.6335132013082,-375.9769028120927,404.47711907651734,1509.0783046868128,121.86077483635884,793.4247049854675
33,1,-1125.1799094508583,-98.70278589450074,274.03165480274345,475.4620713193783,154.19128001911636,383.5118529002058
33,2,-514.8656321096414,80.15340983993681,202.46086359820305,-125.12992318241957,188.74086087098996,166.78002463281848
33,3,-115.92996709588944,254.46148344334208,171.6905415897944,-639.3779405291202,233.34079706137155,45.12111696501156
33,4,352.15799958340574,501.2956186739326,146.2954676188489,-1319.7168569071405,297.98720013050695,-79.20287088256711
33,5,3419.9821678656153,1592.9496776575802,7.2199354236808455,-4748.554168245661,427.86021747968334,-669.6748103134587
33,Aggregated,38.37924081019987,353.34919864116523,191.71313928584192,-898.7173002101647,243.0206106467988,76.24860379936457
33,Centralized,38.37924077457616,353.34919869742083,191.71313938929657,-898.7173003061134,243.02061064547124,76.24860382897502
34,0,-2211.78379929047,-509.1000702154256,416.21273849148184,1486.267372531303,16.632344031650447,763.0080821619833
34,1,-1093.4791785908917,-161.29412516314477,280.52953251922867,472.81672017940696,119.23051447208616,361.919947083027
34,2,-498.6283873244331,57.0000942192244,205.5955627512393,-111.35214792579009,188.6586060389072,161.15119147885278
34,3,-86.09342562140978,259.84226861548177,163.71093083907493,-620.9498166356989,256.5495979894271,51.85686035056844
34,4,423.8709418789254,537.3255873942876,117.05707010554009,-1304.7691819262805,345.51708024276735,-65.2158417880769
34,5,3556.803319874014,1681.4955768647187,-146.55362398970968,-4917.189608679027,584.7132691678748,-740.4310457824176
34,Aggregated,101.17304570865896,344.5141752317096,162.52337437096088,-921.1053475684381,262.81123047841817,60.305684043225874
34,Centralized,101.17304556344754,344.5141754132499,162.52337413688429,-921.1053474223526,262.81123087595535,60.30568381417852
35,0,-2117.0579343955865,-427.424420622209,321.88320455881114,1497.3950856611282,-14.990550260504433,730.8345029292456
35,1,-1025.9749195936533,-141.75564359433704,227.78698551152164,499.34317918647156,87.8018252459609,355.76415738215786
35,2,-468.3737306205725,50.16882985249559,183.98755132020864,-86.9950064473491,161.98666207878185,159.97041182046314
35,3,-95.2444672571547,233.24527420042267,175.60062949376803,-594.1457709069816,237.39114020863065,41.23849380549628
35,4,359.8103168346002,487.0209246742618,176.62628503189785,-1268.9711985616182,337.33143021215403,-94.01280768819873
35,5,3328.6672307847703,1526.777134873287,153.6607177463077,-4626.3292678841135,653.679099905698,-799.3802499078611
35,Aggregated,77.86926507494256,317.2525865603705,201.05345943013384,-851.8675931523834,255.38680858497585,37.719043383678375
35,Centralized,77.86926470056851,317.2525865723921,201.0534595485783,-851.8675932025305,255.3868087219711,37.71904360305522
36,0,-2322.3545282708437,-364.7791945176827,388.4756578144489,1506.7777834108444,87.92246942821099,775.5838617648313
36,1,-1157.6501304179537,-80.42478538344308,272.10108793320427,463.42797135450957,152.78894703189658,370.9450079608086
36,2,-541.9834697567863,100.33796157943878,210.20517668390826,-133.2453283788202,200.1314069772854,162.11014570585104
36,3,-130.7581440540086,275.8785689089726,184.54345983272776,-653.6632153449506,256.13140246213976,43.55361008006352
36,4,365.5532863544376,521.7518986013351,159.04256817442948,-1352.0879040406487,332.2623313317873,-84.03678665620171
36,5,3505.1390021227908,1559.7736434345586,-45.40626960216325,-5116.6826341798915,491.409333728534,-778.5031829660016
36,Aggregated,41.25042042345834,363.5721641509071,186.8447740268676,-971.4427349647498,261.46772956572846,52.11195122986612
36,Centralized,41.25042085689852,363.5721640963084,186.84477369500203,-971.4427349420589,261.4677292757753,52.11195141496353
37,0,-2372.187045355785,-326.78921956919845,389.7511533602236,1495.2889374991403,-13.749725821176341,759.8270277423117
37,1,-1173.9788273427455,-66.8138565196255,272.2203888671488,475.4785721650537,99.86221654562533,371.9117139695118
37,2,-543.3175586902694,106.32914421577871,206.9083871471809,-117.72625559883743,180.652244498255,170.60645400538954
37,3,-124.0724418559038,273.5813194595764,181.621434537414,-621.3827216960501,263.668592017926,58.03117687376489
37,4,382.64171175549774,502.13047170541785,161.25664735311454,-1284.9002053493318,371.2309293358024,-60.37706345475211
37,5,3595.759011458912,1417.6986002265292,44.65145773603979,-4694.584133135587,682.2630812120301,-625.72941478372
37,Aggregated,51.26893652395641,344.2842811478398,201.0955687600197,-880.4173644233642,276.6857177924201,83.90490490812529
37,Centralized,51.268936153712055,344.2842811881172,201.09556858417773,-880.4173642479126,276.685717776504,83.90490489833847
38,0,-2517.1110280320195,-317.6451317498583,359.33679113185593,1563.3969819538509,68.07235584298348,903.8961745763113
38,1,-1262.641014321177,-56.906020832656054,265.1960842390217,506.38064322420354,142.6819798752776,424.96013030052853
38,2,-601.0129561201586,113.06549091126402,217.73151082069262,-105.61140457946657,201.6100317506951,172.92897985964603
38,3,-164.45437496968515,280.5985230779595,208.12755745179646,-630.2792705088143,270.59121519947286,16.63825607783054
38,4,356.5643529951436,513.9977308849278,209.7062044083476,-1325.5541096221398,365.4312782506157,-163.88231400475848
38,5,3583.8902441218715,1511.101125766649,150.11358920517688,-4932.565410289426,594.2626926758179,-1113.7936690173917
38,Aggregated,-5.950692672133787,367.053402174988,229.36258391024543,-912.9955204239247,283.4620445048496,4.016135409903314
38,Centralized,-5.950692091974294,367.05340235444316,229.36258392007846,-912.9955206389855,283.4620443346797,4.016135088320629
39,0,-2342.3006992165215,-429.3522229541406,420.2612640272323,1498.5715987811195,19.484871571982133,805.759959788651
39,1,-1154.3517188813307,-119.83333471323266,286.62542439206726,480.1139266205388,112.81710992906032,387.9608029432713
39,2,-535.5592813248285,82.09608538365514,214.73062654549435,-114.4863498139606,183.7178014838754,169.80992569547715
39,3,-124.55706369932244,269.35974860421294,179.17234929685944,-610.5846029494307,260.3402400770001,38.33687926940051
39,4,381.24785363284235,521.517686292511,141.12201979329052,-1261.5483276457442,361.8315046298448,-111.94320485624202
39,5,3600.9881693740103,1515.9045015474012,-48.618414636121344,-4569.841122958191,611.4436057990592,-913.5867051397519
39,Aggregated,60.0483723912231,337.4013681047361,189.118393359793,-851.7964380115131,269.5802417675948,31.594349080870213
39,Centralized,60.04837207534105,337.4013678038107,189.11839312330068,-851.7964378118515,269.5802420627437,31.594349445877434
40,0,-2112.339908819542,-387.10177260552666,393.36636193692266,1478.783564794183,-32.70586008597132,701.1924351706948
40,1,-1013.4730130179848,-98.02473042514252,263.79466378185003,448.3428061348493,79.24678163508156,335.1249997412805
40,2,-439.7383795076815,87.61595071304238,191.4406555499721,-157.48236383874817,164.65033835119914,153.49413072645666
40,3,-46.50853574240209,257.9853697452485,152.7385671344559,-679.6649928485039,250.10389131350854,54.32399665063928
40,4,441.91392658815715,485.88397595370327,110.6509510783032,-1370.3123169512717,360.69916196115696,-52.252945649928904
40,5,3463.646756825641,1480.7743351697977,-73.95086880202605,-4856.494995000949,602.9011222774855,-602.6438775264659
40,Aggregated,132.29686624227205,332.5993760244463,163.1192625991319,-947.38202255501,250.71469789486906,72.21797939276672
40,Centralized,132.2968667362547,332.59937614949246,163.11926264232412,-947.3820224316908,250.71469824769557,72.21797962678993
41,0,-2149.3312775073236,-354.5983467168519,343.7752129451459,1473.204271261336,-19.743453592481767,722.0096018618008
41,1,-1026.6837545553285,-84.30020329305859,243.24586611472145,437.7205958959322,89.08477919268692,348.13309195541507
41,2,-448.9967748140621,93.98357492430067,193.97231142274433,-163.77958904016484,169.93135973787014,154.15519284139705
41,3,-66.09526498282064,263.80533652374214,183.30488339567108,-681.7653571860158,257.28852533154,42.58180169894043
41,4,407.95099865692157,493.34847122060296,179.0617641347431,-1371.132097058686,375.71027113190667,-81.8994480133019
41,5,3508.6221974091522,1403.2836944106068,71.38257917888235,-4963.747976777605,722.5604464656489,-724.6504201166879
41,Aggregated,120.98053787831797,329.9201748711813,196.44846279803602,-968.9462635841812,278.6670669423408,49.194995070677074
41,Centralized,120.98053775513459,329.92017500937885,196.44846250652367,-968.9462637971415,278.66706716669245,49.19499479806214
42,0,-2209.100633010683,-349.7863725254093,357.74000672211434,1476.6692286764533,0.43091851053111185,716.0326226553659
42,1,-1079.5403393545962,-80.57766419514971,253.8374679345658,452.29455755813103,99.91673281481235,350.9239836538961
42,2,-492.4936435230069,100.49993606904441,200.6781577379092,-150.31118059413032,177.23636299430322,166.25367866774508
42,3,-90.95325929823233,267.6756364727113,179.7709014677531,-669.3729524688484,254.847181473826,65.1038120407179
42,4,412.83992534227946,490.89740786327854,158.23177196535082,-1358.9575050057688,354.07772491842246,-43.274977131946876
42,5,3576.0786615889892,1419.3951634762113,-6.629714728286666,-4838.059773744197,588.4692489432804,-612.3213457919106
42,Aggregated,104.81344658039046,335.1708356820576,183.6502578529854,-938.7064527987586,257.70171810181074,80.932136184245
42,Centralized,104.81344635062224,335.1708360091823,183.65025765305262,-938.7064528370043,257.70171799944563,80.93213625522296
43,0,-2126.1249498891116,-435.0310719456496,342.1548780047734,1487.7237629309416,20.533543209279227,727.7171381024543
43,1,-1002.1196473974435,-120.58861664942435,244.49338251896694,431.86237794677703,106.36789381484236,348.08810164795386
43,2,-426.35474703375934,79.76498325812868,193.83130587606155,-179.68006425635215,177.19183710125654,152.7949750473004
43,3,-48.977409603920385,263.1936319199769,178.42512679477858,-704.8065996179438,253.7221885036382,46.11930236099952
43,4,410.5575418054225,509.32478535999405,169.18743982745372,-1401.9483378062325,355.16133913242277,-66.4248462886234
43,5,3405.9776786789175,1512.4549098266996,125.99814072646629,-5076.900144601859,555.1966324479655,-626.9969155633117
43,Aggregated,118.58362289319498,332.0713062220221,202.5535240635705,-999.4004133461498,255.88726560249367,69.34134286076586
43,Centralized,118.58362303212637,332.0713054300495,202.5535241963375,-999.4004136929985,255.88726530648867,69.3413428074266
44,0,-2177.7521255831275,-385.75717692770155,399.79112248233645,1435.971974612331,30.46173415208094,726.9459964229612
44,1,-1063.0169642144563,-92.34930872923967,265.951462402741,439.85756519194234,113.34237152522756,344.27816081371026
44,2,-476.4224629494757,97.96854590100703,194.85356508646373,-148.29651848750075,179.48237513653206,152.20681605024714
44,3,-77.17180732567118,272.9798216155327,156.5490831917705,-655.2031154755122,249.50545886942572,45.635355874493136
44,4,422.4434932159001,505.4151424896204,109.01100421756617,-1324.3216373911832,338.16840985558525,-68.97525912836123
44,5,3528.2837149834945,1492.891040284078,-148.8943531361611,-4713.531099896631,515.8063593799551,-693.3665695649304
44,Aggregated,110.87742445563723,343.95732828047124,153.0158465935334,-915.9910939533473,248.16980352212266,57.11373276624255
44,Centralized,110.87742460922244,343.9573285334874,153.01584678820535,-915.9910938399082,248.16980376814402,57.11373312691411
45,0,-2111.9659871493063,-488.68095888799417,393.207336476707,1450.9753785095222,6.899235554131863,761.8827472781684
45,1,-976.8985332497066,-141.4898403810399,263.06499206270286,403.96824239707945,104.16439191399682,353.8799311789195
45,2,-396.54226384090975,80.8964637135528,197.80439490548642,-205.90910587197507,183.2455678361618,137.15534405800705
45,3,-17.983540596673052,283.4660461602982,174.73620668226621,-728.9021855216822,266.9157348564639,11.32530238897409
45,4,448.83453947762496,553.6026258720442,153.49678891727723,-1423.6923544847623,377.4410185060266,-128.30578307724755
45,5,3501.137879795666,1654.5445886355444,-23.26275236373243,-5065.263724164289,631.369114788835,-779.4199844770064
45,Aggregated,158.16246806950608,357.50259519677405,184.70386100101948,-1019.8286586114402,274.00224331797455,28.736215804002587
45,Centralized,158.16246832163355,357.5025951482443,184.70386089512968,-1019.8286588076563,274.00224355480077,28.7362155860199
46,0,-2252.6928871681544,-394.6382845879019,383.3816432689696,1460.5798489785595,13.974312450319449,753.630549981577
46,1,-1107.0654036153628,-95.92338736425089,270.8420753138322,438.6121978558942,112.16426900662893,363.3246702697784
46,2,-499.1477609820266,105.62120100335069,212.46119466239645,-160.17265924961478,190.95908230677333,156.78528170594805
46,3,-84.18773939509428,292.0534105398196,187.41631511571117,-672.3656399208019,273.92795248315116,34.556306119576895
46,4,434.2952096571194,538.9337832222923,160.33903131637308,-1351.3862277538296,381.0404837376439,-101.27483330455577
46,5,3605.768541976741,1549.6245860768006,-21.456087951690318,-4872.469685734535,627.3400002735078,-726.7779809250351
46,Aggregated,103.94532309337188,362.84746783526003,191.08669046880811,-949.3912979447631,278.8315552898071,50.611743470857114
46,Centralized,103.94532328215939,362.8474682458724,191.0866907380985,-949.3912976454492,278.83155510426155,50.61174370042363
47,0,-2199.2051068107794,-409.5685512967858,391.64926534027035,1471.6269489666254,52.09698901593418,749.5908859813189
47,1,-1046.9870658528869,-99.37305667826301,268.20900143335956,419.8596001724492,132.04886749446362,355.053033338485
47,2,-449.65596389847457,98.06453450941468,203.56803583564266,-203.04459230397202,192.8814557995344,152.59578571141586
47,3,-64.30881897606334,283.8937755918685,176.68141603812913,-730.6527144629938,260.35907899129404,42.569987378556654
47,4,404.30154192834806,538.699761771047,149.943151146045,-1424.6510919938908,349.9366108620549,-75.13147060596526
47,5,3481.007637213847,1680.9904619542865,9.26364184637447,-4995.77557202493,553.0364708628299,-649.6647979182782
47,Aggregated,106.2762877455553,378.9630845785066,191.29132913717712,-1003.3230872715278,266.57805136872247,67.23703356470834
47,Centralized,106.27628760985795,378.96308465425165,191.2913289928769,-1003.3230872430714,266.5780512921682,67.23703353013023
48,0,-1962.8875280365157,-394.12047264371057,308.087028122411,1400.4876442234613,-15.605388323882877,696.2978584524519
48,1,-900.5406630198929,-94.72764169230943,226.32088822695576,361.60720368181103,90.7852685367771,322.4376765346283
48,2,-360.72375962280245,104.68530964613892,185.36491775694049,-237.64538015636597,173.370591897939,131.38480797749207
48,3,-1.1989365606045557,287.26074610344665,175.06923603575302,-761.6372626463956,257.247608589328,28.40284467835903
48,4,458.0342730414723,528.8159324392477,165.30694505788108,-1466.2379414064108,364.0400762761172,-84.59021918728526
48,5,3406.5117166502523,1467.0330925243325,116.28211039041577,-5250.138644980976,634.9476195351035,-685.1458119053706
48,Aggregated,185.16582209845586,346.55649027023696,190.83816981810716,-1083.0107526972013,263.48567614443664,41.24360449402689
48,Centralized,185.16582188743806,346.5564901081236,190.83816988585906,-1083.010752850692,263.485675805475,41.24360430893978
49,0,-2159.1445454603786,-364.4437476978044,268.66402947558623,1429.9268261614686,-12.815089429866038,748.2782228073241
49,1,-1025.6162325521361,-84.22317087880775,216.62909092686903,423.0594429311587,91.29792695215532,355.0632969323442
49,2,-433.5322555848725,104.9707504912396,195.28588202020146,-180.86616651552592,175.48439938958,147.42497663019154
49,3,-46.73407322721911,284.4465646786884,202.43462014622258,-686.3048027670017,263.43642971182527,24.085843959222018
49,4,433.5006698444394,523.0877188151153,217.40539311226001,-1342.907306089472,374.2203974308458,-114.34649870252365
49,5,3541.106394418578,1494.9723631187778,219.9148987420182,-4506.872234703441,647.2766251170505,-791.3443607968713
49,Aggregated,136.36897314135012,355.11380523824266,217.89443838998207,-900.5005675449481,269.4299829961795,31.983677720372818
49,Centralized,136.36897293083345,355.11380535135066,217.89443826997254,-900.5005677374583,269.4299822440847,31.983677519413565
50,0,-2340.7460957836224,-336.16595187029714,401.7795806772305,1542.0847658770892,54.01997467913392,713.042520671101
50,1,-1157.3496722852244,-63.778603200919136,280.6267973665057,452.395778414281,130.34019476781972,364.50899893924935
50,2,-532.2797205553798,114.64785780875181,218.69896646056836,-184.34470271768367,196.16698491972554,185.26833652370703
50,3,-123.17136633709273,284.2712609749867,197.06370468574997,-730.9552491032059,269.76569056558526,94.75450779345763
50,4,375.2823197441919,514.1711767380135,177.12765259948443,-1455.3581997522472,367.31116647831044,-0.2951531954330777
50,5,3519.050821824068,1426.8465326227683,8.13255700711593,-5307.826953981134,514.6923812587678,-446.72445421585724
50,Aggregated,46.08630609539015,350.73080142347743,205.9596408969173,-1042.8256279623045,265.94746912043945,126.77804419293861
50,Centralized,46.086306338217575,350.73080170153185,205.95964141206298,-1042.8256278317617,265.94746930809526,126.77804470087007
