,BeforeEvaluation,BeforeSV,AfterSV,BeforeGradientRewards,AfterGradientRewards,AfterEvaluation
0,1782856155.9856234,,,,,
1,1782856162.1209986,1782856161.0114439,1782856162.1115215,1782856162.1118681,1782856162.120561,1782856162.257348
2,1782856163.694827,1782856162.5867074,1782856163.6860788,1782856163.6862535,1782856163.6944988,1782856163.7126694
3,1782856165.254734,1782856164.0307508,1782856165.2457743,1782856165.2459552,1782856165.254412,1782856165.2726016
4,1782856166.816433,1782856165.592818,1782856166.8076415,1782856166.8078203,1782856166.8161242,1782856166.8343256
5,1782856168.2661583,1782856167.1625478,1782856168.2569008,1782856168.257085,1782856168.2658365,1782856168.2837434
6,1782856169.8304935,1782856168.6019995,1782856169.821685,1782856169.8218577,1782856169.8301826,1782856169.8482265
7,1782856171.2712169,1782856170.1693776,1782856171.2623353,1782856171.2625103,1782856171.2709064,1782856171.2888393
8,1782856172.7114022,1782856171.6100247,1782856172.7025292,1782856172.7026935,1782856172.7110932,1782856172.7290978
9,1782856174.2646186,1782856173.0467353,1782856174.2555785,1782856174.2557538,1782856174.264299,1782856174.282565
10,1782856175.7007353,1782856174.5970688,1782856175.691852,1782856175.6920285,1782856175.7004187,1782856175.71857
11,1782856177.2578082,1782856176.0336215,1782856177.2490346,1782856177.249211,1782856177.2574968,1782856177.275583
12,1782856178.6961148,1782856177.5905337,1782856178.6873767,1782856178.6875427,1782856178.695797,1782856178.713848
13,1782856180.2458742,1782856179.0258913,1782856180.2369494,1782856180.2371316,1782856180.2455652,1782856180.2638338
14,1782856181.6770566,1782856180.5799232,1782856181.6681552,1782856181.6683192,1782856181.6767452,1782856181.6946635
15,1782856183.1097605,1782856182.0097752,1782856183.100887,1782856183.1010666,1782856183.1094527,1782856183.1276174
16,1782856184.666779,1782856183.443776,1782856184.6578422,1782856184.6580148,1782856184.6664596,1782856184.6847808
17,1782856186.1045928,1782856185.0066144,1782856186.0959191,1782856186.096096,1782856186.1042862,1782856186.1235173
18,1782856187.6621528,1782856186.4433613,1782856187.6532898,1782856187.653461,1782856187.6618319,1782856187.6799164
19,1782856189.089925,1782856187.9926622,1782856189.081206,1782856189.0813766,1782856189.0896192,1782856189.1076763
20,1782856190.6451914,1782856189.4279594,1782856190.6366267,1782856190.6368039,1782856190.6448839,1782856190.6628218
21,1782856192.232927,1782856191.1340072,1782856192.2242267,1782856192.2243931,1782856192.2326243,1782856192.2505918
22,1782856193.8077104,1782856192.7080219,1782856193.7989192,1782856193.7990978,1782856193.8074007,1782856193.825522
23,1782856195.3797085,1782856194.1418068,1782856195.3710167,1782856195.371199,1782856195.379405,1782856195.3974838
24,1782856196.8161318,1782856195.7168193,1782856196.8074079,1782856196.8075762,1782856196.8158145,1782856196.8338027
25,1782856198.3888123,1782856197.165828,1782856198.3799217,1782856198.380105,1782856198.3884966,1782856198.406612
26,1782856199.8384092,1782856198.72912,1782856199.8294318,1782856199.8296146,1782856199.838081,1782856199.8561375
27,1782856201.2728949,1782856200.1734142,1782856201.264044,1782856201.2642167,1782856201.2725735,1782856201.4040942
28,1782856202.8334095,1782856201.72856,1782856202.8244002,1782856202.8245735,1782856202.8330872,1782856202.8514163
29,1782856204.2600768,1782856203.1633644,1782856204.2512157,1782856204.251379,1782856204.2597573,1782856204.2777808
30,1782856205.8154821,1782856204.5942886,1782856205.8065717,1782856205.8067458,1782856205.8151612,1782856205.8331528
31,1782856207.2466934,1782856206.1515837,1782856207.2378294,1782856207.2379992,1782856207.2463894,1782856207.2643328
32,1782856208.7928302,1782856207.5745518,1782856208.7839358,1782856208.7841163,1782856208.7925189,1782856208.8105297
33,1782856210.2438083,1782856209.1305974,1782856210.2346847,1782856210.2348635,1782856210.2434752,1782856210.2618113
34,1782856211.6906219,1782856210.5795228,1782856211.6798058,1782856211.6799736,1782856211.6902947,1782856211.7088432
35,1782856213.247343,1782856212.020428,1782856213.2382486,1782856213.238422,1782856213.2470143,1782856213.2651646
36,1782856214.6815686,1782856213.577934,1782856214.6726496,1782856214.672815,1782856214.6812425,1782856214.6997542
37,1782856216.2460651,1782856215.0217621,1782856216.236911,1782856216.2370918,1782856216.2457283,1782856216.2639089
38,1782856217.6891582,1782856216.585829,1782856217.6802404,1782856217.6804068,1782856217.6888337,1782856217.7071788
39,1782856219.2388217,1782856218.0219846,1782856219.230083,1782856219.2302542,1782856219.2385163,1782856219.2567554
40,1782856220.6734767,1782856219.571885,1782856220.6645484,1782856220.664712,1782856220.673165,1782856220.6912725
41,1782856222.111399,1782856221.0099962,1782856222.1025264,1782856222.102694,1782856222.1110919,1782856222.1293585
42,1782856223.6602576,1782856222.4415278,1782856223.651123,1782856223.651303,1782856223.6599348,1782856223.6781237
43,1782856225.1123781,1782856223.9977245,1782856225.1033695,1782856225.1035523,1782856225.1120527,1782856225.1304464
44,1782856226.673591,1782856225.4428382,1782856226.664494,1782856226.6646674,1782856226.6732745,1782856226.6915152
45,1782856228.1095932,1782856227.0055525,1782856228.100614,1782856228.1007862,1782856228.1092656,1782856228.1277761
46,1782856229.5464985,1782856228.4424908,1782856229.5373943,1782856229.537569,1782856229.5461836,1782856229.564288
47,1782856231.0901852,1782856229.879138,1782856231.0811584,1782856231.0813334,1782856231.0898542,1782856231.1081166
48,1782856232.5376143,1782856231.437412,1782856232.5286968,1782856232.5288653,1782856232.537291,1782856232.5556571
49,1782856234.0951486,1782856232.8708234,1782856234.0861237,1782856234.0862925,1782856234.0948298,1782856234.1130874
50,1782856235.6365898,1782856234.4406438,1782856235.5360143,1782856235.5361793,1782856235.544573,1782856235.6546211
