Round,Evaluator,3,1,2,0,4
0,0,,,,,
0,1,,,,,
0,2,,,,,
0,3,,,,,
0,4,,,,,
0,Aggregated,,,,,
0,Centralized,,,,,
1,0,0.24620646332100232,0.25151113282613247,0.2515547567529839,0.2515547567529839,-0.0013156976338382037
1,1,0.15698511873596518,0.25106053730787575,0.16080433290283544,0.16080724167219335,-0.0009406960103319498
1,2,0.24640076802234243,0.25146855181241634,0.2515645546052249,0.2515645546052249,-0.0013126200034910115
1,3,0.2195841330774152,0.19051125458035248,0.18935962310242538,0.18947304135403945,-0.004248240563019835
1,4,-0.036285504664081335,-0.05256611815672711,-0.07567108036660494,-0.06592658584588153,0.16780735771931662
1,Aggregated,0.1666177928588385,0.17844001787384958,0.15556649397921235,0.1575371557305703,0.03197161595427274
1,Centralized,0.1666177928588385,0.17844001787384958,0.15556649397921235,0.1575371557305703,0.03197161595427274
2,0,0.07151822898490036,0.12092959679858536,0.13814941485772783,0.09340289895535239,-0.42396524045508444
2,1,0.023481331518261244,0.2770794792139341,0.05234504985630683,0.040340558716418264,-0.23296159260939886
2,2,0.07136614883342061,0.12105195787513817,0.13825391284110086,0.09344970035491941,-0.4241217199045791
2,3,0.09550340254754834,0.08268132379456754,0.09636130983539809,0.05976502064793808,-0.325446984237771
2,4,-0.01627828436339075,-0.03952008291700149,-0.07233751412034609,-0.039697679022697385,0.5243300841980226
2,Aggregated,0.04913214081242232,0.11247085026461683,0.07058192413854097,0.049469020987809476,-0.1765682674002393
2,Centralized,0.04913214081242232,0.11247085026461683,0.07058192413854097,0.049469020987809476,-0.1765682674002393
3,0,0.08317337893487821,0.08517717130825249,0.09556548242246575,0.08778588213396617,-0.35170191479956264
3,1,-0.015391462180180787,0.17986840727425038,-0.04963058629155178,-0.028370391054952492,-0.24672588921079275
3,2,0.08332344213649853,0.08533368243439808,0.09574562169081281,0.08794612206900565,-0.3523488683307151
3,3,0.09937067411155703,0.05528296399697551,0.057792706333973126,0.05248240563019833,-0.2715244576281044
3,4,-0.015663976522377103,-0.15294867763686557,-0.15124550186912608,-0.1404761904761905,0.3939890996750865
3,Aggregated,0.04697622405615365,0.05058008555243694,0.009677363048608499,0.01190344862897333,-0.16576971592681033
3,Centralized,0.04697622405615365,0.05058008555243694,0.009677363048608499,0.01190344862897333,-0.16576971592681033
4,0,0.07334578069379495,0.16423768641958073,0.13410518601242408,0.11071112817291359,-0.4823648821572321
4,1,0.04965327469254307,0.3720816317032591,0.08973611644385489,0.08712985909921235,-0.3477020722072905
4,2,0.07318787455635073,0.16398615232443128,0.13449293070343865,0.11090824460347938,-0.48257520218770006
4,3,0.10387483278078286,0.11890420519979057,0.09376025126504972,0.07642761589018789,-0.3612795905310301
4,4,0.013644039175954085,-0.1573286052009456,-0.1090632242136277,-0.02457114907591797,0.4342906054571497
4,Aggregated,0.06275187465962884,0.13242846969125718,0.06864000484083428,0.07213913674891424,-0.24805645157536577
4,Centralized,0.06275187465962884,0.13242846969125718,0.06864000484083428,0.07213913674891424,-0.24805645157536577
5,0,0.07623659291314769,0.08393476187152459,0.09923512714920545,0.08887589865289312,-0.34828238058677097
5,1,-0.003943127741515082,0.24650773150895322,-0.008527348249502605,0.036066994775850264,-0.26410055033916247
5,2,0.0761028684470821,0.08424565078256822,0.09946354803048815,0.08925816023738874,-0.3490702274975272
5,3,0.0957209329378235,0.054730413540394346,0.05568429011807129,0.05169720234979353,-0.2668365032280579
5,4,0.002336698925106849,-0.20259756140167,-0.1430213464696224,-0.04453702733233182,0.3178056108723754
5,Aggregated,0.04930145364668428,0.05341092632157107,0.020598564506444365,0.044288979189067185,-0.1821922462867544
5,Centralized,0.04930145364668428,0.05341092632157107,0.020598564506444365,0.044288979189067185,-0.1821922462867544
6,0,0.1290564435448221,0.13141213559479767,0.1392935250459506,0.12695958679416489,-0.5266867918382541
6,1,0.039742515736442226,0.28781400165218113,0.04101364794582706,0.085293843880531,-0.4579479213934169
6,2,0.12860650491650666,0.13178332460580675,0.1399261069412928,0.1272770116948857,-0.5276278582649676
6,3,0.14223928342930264,0.10573605537137201,0.10290932356191475,0.09511836212412027,-0.39554062699936027
6,4,0.016334183465511375,-0.16764664780071983,-0.038694406596094,-0.02200328407224957,0.35829111786558604
6,Aggregated,0.0912117911552372,0.09786852014764548,0.0769121295481733,0.08254890871769092,-0.31002878900013503
6,Centralized,0.0912117911552372,0.09786852014764548,0.0769121295481733,0.08254890871769092,-0.31002878900013503
7,0,0.031421442032526,0.04383390335264418,0.09912286824410785,0.09912577650589796,-0.2735388892766571
7,1,-0.022253830849244254,0.188242172501658,-0.005095000407227666,0.05657672751812166,-0.21338615658487206
7,2,0.031321347530109976,0.0439180776168034,0.09932914412055621,0.09930587071623902,-0.2738395298772328
7,3,0.045439423020996926,0.017756645146280482,0.04601233059966265,0.049045541790263464,-0.21304368056767284
7,4,0.014921566572336956,-0.18972155259756154,-0.13810513689457207,-0.053947874087272495,0.22214419639217878
7,Aggregated,0.020172082350038888,0.020844097207676437,0.02028321207974343,0.05004037907456282,-0.1504039071118373
7,Centralized,0.020172082350038888,0.020844097207676437,0.02028321207974343,0.05004037907456282,-0.1504039071118373
8,0,0.10046706684348902,0.14332030432051374,0.1698989088201763,0.15383367069170106,-0.5674850515343988
8,1,0.009604756419653951,0.2960690890897879,0.08698093010808995,0.08925849651529433,-0.48641604709879344
8,2,0.10047128643742362,0.14349799266887767,0.17038459300634198,0.15404957235119568,-0.5684383545703148
8,3,0.12861338917001094,0.11434595474902579,0.13219333449659737,0.12300645611586107,-0.44162449834234874
8,4,0.012173776333717645,-0.14119647369830796,-0.0208794792066986,-0.014325891765363518,0.3136882926317996
8,Aggregated,0.07027925562863355,0.11125354335106759,0.10774044749789376,0.10118670260055208,-0.3501809494551733
8,Centralized,0.07027925562863355,0.11125354335106759,0.10774044749789376,0.10118670260055208,-0.3501809494551733
