Round,Evaluator,5,2,1,0,4,3
0,0,,,,,,
0,1,,,,,,
0,2,,,,,,
0,3,,,,,,
0,4,,,,,,
0,5,,,,,,
0,Aggregated,,,,,,
0,Centralized,,,,,,
1,0,-0.15056910569105666,0.07784552845528458,0.07617886178861775,0.11991869918699144,0.0646341463414634,0.08028455284552848
1,1,-0.12012195121951207,0.06581300813008141,0.06463414634146324,0.12219512195121898,0.05869918699187003,0.07463414634146341
1,2,-0.1447967479674796,0.08097560975609724,0.07560975609756128,0.12329268292682927,0.06703252032520311,0.0832520325203252
1,3,-0.14788617886178868,0.08016260162601657,0.07418699186991869,0.12337398373983718,0.07443089430894315,0.08353658536585365
1,4,-0.1184552845528456,0.07410569105691096,0.07268292682926816,0.11926829268292667,0.0709349593495934,0.07414634146341462
1,5,0.3295875898600077,-0.04878925463488467,-0.04648127128263324,-0.03378736284525173,-0.04426787741203181,-0.016647748770336746
1,Aggregated,0.0036904355737519797,0.03833731377231883,0.03684749232343937,0.07490048902536109,0.03365745479358584,0.050369612191516144
1,Centralized,0.0036904355737519797,0.03833731377231883,0.03684749232343937,0.07490048902536109,0.03365745479358584,0.050369612191516144
2,0,-0.054105691056910495,0.017317073170731667,0.0423170731707317,0.02959349593495936,0.01947154471544716,0.057601626016260114
2,1,-0.057804878048780504,0.02394308943089416,0.05613821138211365,0.036463414634146436,0.016829268292682928,0.06589430894308941
2,2,-0.06682926829268297,0.024918699186991917,0.04699186991869905,0.03857723577235754,0.01947154471544709,0.061260162601626096
2,3,-0.04341463414634142,0.018211382113821173,0.041585365853658504,0.03317073170731722,0.018373983739837355,0.0589024390243902
2,4,-0.04630081300813019,0.012601626016260173,0.045447154471544654,0.031951219512195095,0.010772357723577245,0.052845528455284514
2,5,0.25527809307604993,-0.04583806280741588,-0.04059780552402563,-0.047124479757850876,-0.04398410896708279,-0.023250094589481563
2,Aggregated,0.039178892300693775,-0.00021039463209370963,0.0203172978505629,0.009581485272375748,-0.0013419765722733899,0.034487660639144685
2,Centralized,0.039178892300693775,-0.00021039463209370963,0.0203172978505629,0.009581485272375748,-0.0013419765722733899,0.034487660639144685
3,0,-0.06703252032520345,0.03699186991869908,0.05638211382113822,0.04256097560975609,0.02105691056910582,0.039308943089430955
3,1,-0.07304878048780485,0.03256097560975621,0.056747967479674775,0.041341463414634114,0.023455284552845512,0.04089430894308939
3,2,-0.07666666666666654,0.03044715447154471,0.059593495934959405,0.038211382113821114,0.01329268292682927,0.035121951219512185
3,3,-0.0758130081300812,0.03044715447154469,0.05390243902439011,0.042439024390243954,0.015000000000000029,0.041341463414634336
3,4,-0.07162601626016243,0.03873983739837396,0.05943089430894315,0.043292682926829286,0.00979674796747967,0.044756097560975684
3,5,0.28163072266363987,-0.05104048429814589,-0.03741959894059775,-0.0444948921679908,-0.055448354143019095,-0.044419220582671295
3,Aggregated,0.033708631866257256,0.008324803821221406,0.028767201182759168,0.01569998862731719,-0.005112020925736392,0.014824292050494828
3,Centralized,0.033708631866257256,0.008324803821221406,0.028767201182759168,0.01569998862731719,-0.005112020925736392,0.014824292050494828
4,0,-0.12402439024390248,0.023699186991869948,0.03300813008130078,0.02882113821138207,0.04695121951219513,0.04032520325203246
4,1,-0.12512195121951183,0.029349593495935043,0.027154471544715446,0.035894308943089405,0.036341463414634095,0.03296747967479664
4,2,-0.12341463414634099,0.034756097560975446,0.032317073170731674,0.03678861788617889,0.04560975609756102,0.037357723577235775
4,3,-0.12878048780487833,0.017601626016260277,0.036463414634146346,0.02231707317073186,0.04678861788617884,0.03243902439024382
4,4,-0.12219512195121959,0.02065040650406509,0.037195121951219566,0.02264227642276418,0.044512195121951176,0.038658536585365944
4,5,0.29814604615966706,-0.05711312902005286,-0.052307983352251224,-0.0530836171017783,-0.04678395762391218,-0.04912977676882332
4,Aggregated,0.00239394973274195,0.00046627999545093495,0.007517343341294201,0.004532014102126707,0.01674058910496982,0.010656203798476023
4,Centralized,0.00239394973274195,0.00046627999545093495,0.007517343341294201,0.004532014102126707,0.01674058910496982,0.010656203798476023
5,0,-0.096910569105691,0.034268292682926804,0.035081300813008136,0.024878048780487806,0.03211382113821126,0.038861788617886334
5,1,-0.10426829268292698,0.036016260162601586,0.039878048780487785,0.017642276422764273,0.024227642276422795,0.04504065040650412
5,2,-0.09300813008130111,0.03520325203252021,0.03479674796747967,0.021544715447154448,0.03268292682926835,0.041951219512195013
5,3,-0.09837398373983725,0.03536585365853652,0.034349593495934944,0.029552845528455295,0.0360569105691056,0.03865853658536596
5,4,-0.09577235772357733,0.034593495934959424,0.02617886178861791,0.03776422764227638,0.03414634146341445,0.03138211382113832
5,5,0.30565645100264915,-0.051097237987135904,-0.046292092319334205,-0.05966704502459324,-0.04657586076428292,-0.04527052591751793
5,Aggregated,0.023564198794495776,0.009183441373820114,0.009905606732628207,0.00044353462981917065,0.008273626748549976,0.013795064255657914
5,Centralized,0.023564198794495776,0.009183441373820114,0.009905606732628207,0.00044353462981917065,0.008273626748549976,0.013795064255657914
6,0,-0.08020325203252031,0.0173577235772358,0.012723577235772368,0.016138211382113823,0.015203252032520306,0.02609756097560978
6,1,-0.09349593495934955,0.02121951219512191,0.00552845528455284,0.016747967479674806,0.011097560975609757,0.04134146341463396
6,2,-0.08898373983739846,0.018373983739837403,0.012439024390243936,0.01337398373983742,0.011422764227642301,0.023617886178861756
6,3,-0.08772357723577238,0.020691056910569102,0.019959349593495934,0.027439024390243875,0.02540650406504059,0.028373983739837315
6,4,-0.07979674796747978,0.022601626016260153,0.019308943089430895,0.015447154471544725,0.017642276422764246,0.009674796747967482
6,5,0.37449867574725687,-0.049602724177071573,-0.05283768444948931,-0.04353007945516452,-0.049148694665153154,-0.03976541808550881
6,Aggregated,0.05238826339133398,-0.0008870692596383541,-0.006095757989309715,-0.0006141248720573077,-0.0034743546002501974,0.00610713067212557
6,Centralized,0.05238826339133398,-0.0008870692596383541,-0.006095757989309715,-0.0006141248720573077,-0.0034743546002501974,0.00610713067212557
7,0,-0.06914634146341496,0.005243902439024368,0.013658536585365918,0.010447154471544755,0.010569105691056908,0.017032520325203127
7,1,-0.07004065040650367,0.005691056910569112,0.013130081300812935,0.008699186991869948,0.007195121951219559,0.015813008130081282
7,2,-0.07325203252032592,0.007967479674796754,0.018658536585365867,0.013333333333333326,0.013292682926829275,0.019999999999999928
7,3,-0.07178861788617942,0.007764227642276414,0.01902439024390235,0.011788617886178857,0.01292682926829267,0.017845528455284487
7,4,-0.05605691056910565,0.011666666666666655,0.013780487804878044,0.01589430894308942,0.009430894308943127,0.017479674796747908
7,5,0.29188422247445955,-0.08339008702232287,-0.06914491108588713,-0.0794362466893684,-0.07646613696556952,-0.06290200529701093
7,Aggregated,0.040134197657227255,-0.019703172978505618,-0.009837370635733002,-0.015461162288183823,-0.015512339360855295,-0.006573410667576517
7,Centralized,0.040134197657227255,-0.019703172978505618,-0.009837370635733002,-0.015461162288183823,-0.015512339360855295,-0.006573410667576517
8,0,-0.07825203252032514,0.01658536585365852,0.018089430894308967,0.020569105691056886,0.01443089430894311,0.0183333333333333
8,1,-0.07231707317073147,0.013048780487804877,0.010284552845528474,0.012235772357723586,0.011097560975609768,0.0158943089430894
8,2,-0.09146341463414603,0.012804878048780504,0.014349593495934943,0.014796747967479668,0.01373983739837397,0.016260162601626
8,3,-0.08894308943089439,0.014959349593495933,0.017113821138211416,0.02048780487804881,0.016097560975609795,0.02028455284552851
8,4,-0.08422764227642283,0.018211382113821135,0.019552845528455237,0.01934959349593495,0.013780487804878033,0.018211382113821124
8,5,0.3047862277714711,-0.0637722285281877,-0.054237608777903845,-0.0513810064320847,-0.05618615209988642,-0.05083238743851663
8,Aggregated,0.03353235528261112,-0.008592061867394552,-0.005197316046855429,-0.0032127828954850333,-0.007215967246673475,-0.0028317980211531777
8,Centralized,0.03353235528261112,-0.008592061867394552,-0.005197316046855429,-0.0032127828954850333,-0.007215967246673475,-0.0028317980211531777
9,0,-0.06548780487804871,0.011341463414634129,0.028455284552845496,0.023333333333333338,0.007357723577235751,0.026707317073170717
9,1,-0.07813008130081299,0.018170731707317044,0.04008130081300807,0.0306910569105691,0.007113821138211365,0.04304878048780481
9,2,-0.07666666666666672,0.021788617886178786,0.03406504065040657,0.030894308943089355,0.014349593495934945,0.03166666666666667
9,3,-0.04646341463414629,0.01288617886178859,0.024715447154471618,0.02174796747967481,0.010853658536585365,0.022601626016260166
9,4,-0.06069105691056904,0.0194308943089432,0.01788617886178861,0.02378048780487809,0.016016260162601628,0.017723577235772437
9,5,0.34973514945138057,-0.05433219825955352,-0.03698448732500963,-0.04385168369277333,-0.05584562996594773,-0.03613318199016265
9,Aggregated,0.059319913567610495,-0.0046343682474695716,0.009194814056635954,0.005066530194472868,-0.008995792107358149,0.008967360400318427
9,Centralized,0.059319913567610495,-0.0046343682474695716,0.009194814056635954,0.005066530194472868,-0.008995792107358149,0.008967360400318427
10,0,-0.06459349593495917,0.010975609756097543,0.007926829268292683,0.01861788617886178,0.011707317073170723,0.017804878048780483
10,1,-0.07036585365853663,0.009756097560975643,0.0036178861788617807,0.025162601626016214,0.023130081300813028,0.016016260162601582
10,2,-0.06987804878048771,0.013943089430894319,0.0036178861788617824,0.018699186991869954,0.01390243902439025,0.014837398373983715
10,3,-0.05699186991869938,0.006869918699186988,0.007235772357723555,0.013089430894308893,0.007804878048780472,0.01467479674796752
10,4,-0.060447154471544806,0.011463414634146353,0.013780487804878071,0.02028455284552846,0.011178861788617885,0.018373983739837445
10,5,0.33660612939841067,-0.06802875520242141,-0.06916382898221722,-0.05631857737419604,-0.06409383276579651,-0.061975028376843995
10,Aggregated,0.056095757989309776,-0.013033094506994233,-0.015728420334356903,-0.003519845331513708,-0.009791879904469432,-0.007198908222449688
10,Centralized,0.056095757989309776,-0.013033094506994233,-0.015728420334356903,-0.003519845331513708,-0.009791879904469432,-0.007198908222449688
11,0,-0.0490243902439024,0.009430894308943092,0.010162601626016262,0.014390243902438975,0.0051219512195121945,0.022113821138211396
11,1,-0.05666666666666672,0.003373983739837394,0.00808943089430895,0.00947154471544713,0.0012195121951219486,0.02963414634146347
11,2,-0.05682926829268302,0.009837398373983798,0.009552845528455284,0.01308943089430894,4.0650406504059525e-05,0.03650406504065047
11,3,-0.049512195121951305,0.010691056910569114,0.008983739837398395,0.012886178861788604,0.009674796747967484,0.019471544715447184
11,4,-0.0537398373983741,0.00865853658536586,0.010243902439024392,0.006707317073170732,0.008699186991869917,0.0194308943089431
11,5,0.35667801740446353,-0.06479379493000403,-0.06352629587589854,-0.05760499432463097,-0.06869088157396896,-0.04871358304956485
11,Aggregated,0.07003298078016597,-0.013601728647787971,-0.012515637438871748,-0.009405208688729667,-0.01718412373478904,0.0031445467985897744
11,Centralized,0.07003298078016597,-0.013601728647787971,-0.012515637438871748,-0.009405208688729667,-0.01718412373478904,0.0031445467985897744
12,0,-0.02983739837398379,0.0029268292682926816,0.011097560975609757,0.006382113821138213,0.0043495934959349595,0.01971544715447156
12,1,-0.02890243902439019,0.0035365853658536578,0.011707317073170744,0.008699186991869917,0.004959349593495936,0.017073170731707322
12,2,-0.018495934959349567,-0.0018699186991869973,0.013455284552845455,0.0038617886178861785,-0.00028455284552845924,0.013089430894308935
12,3,-0.04199186991869922,0.0037804878048780482,0.014349593495935044,0.009430894308943087,0.0075203252032520415,0.014227642276422751
12,4,-0.03772357723577237,0.008211382113821136,0.012886178861788647,0.010975609756097572,0.007642276422764233,0.010203252032520335
12,5,0.3804767309875145,-0.07512296632614462,-0.06258040105940223,-0.06906923950056752,-0.07377979568672015,-0.06019674612183123
12,Aggregated,0.09240873422040265,-0.02026043443648347,-0.00992835209825999,-0.015256453997497994,-0.01879335835323555,-0.007699306266348269
12,Centralized,0.09240873422040265,-0.02026043443648347,-0.00992835209825999,-0.015256453997497994,-0.01879335835323555,-0.007699306266348269
13,0,-0.03414634146341471,0.020569105691056903,0.013089430894308952,0.014512195121951234,-0.009308943089430905,0.022113821138211403
13,1,-0.0451626016260162,0.02186991869918699,0.010934959349593503,0.01491869918699183,-0.007479674796747989,0.021991869918699225
13,2,-0.040040650406504036,0.02247967479674799,0.011097560975609764,0.013373983739837442,-0.011666666666666672,0.02182926829268296
13,3,-0.04703252032520332,0.019024390243902414,0.014227642276422783,0.015365853658536634,-0.007642276422764237,0.023130081300813052
13,4,-0.04983739837398385,0.01443089430894314,0.013455284552845514,0.010365853658536593,0.0028861788617886167,0.01601626016260163
13,5,0.367234203556565,-0.06116155883465735,-0.07474460839954593,-0.06399924328414697,-0.08688989784336017,-0.062277714718123336
13,Aggregated,0.08013760946207223,-0.004622995564653674,-0.013681337427499114,-0.009649721369271003,-0.030763107016945297,-0.004020243375412262
13,Centralized,0.08013760946207223,-0.004622995564653674,-0.013681337427499114,-0.009649721369271003,-0.030763107016945297,-0.004020243375412262
14,0,-0.04028455284552849,0.013577235772357745,0.010406504065040659,0.012032520325203301,0.009756097560975613,0.011585365853658516
14,1,-0.049756097560975696,0.015365853658536623,0.016178861788617827,0.008089430894308944,0.006910569105691058,0.010528455284552828
14,2,-0.04597560975609765,0.018130081300813023,0.017723577235772416,0.01000000000000001,0.00804878048780488,0.011585365853658564
14,3,-0.04593495934959362,0.01947154471544717,0.012642276422764227,0.013821138211382155,0.010000000000000031,0.014390243902439096
14,4,-0.056382113821138356,0.015487804878048822,0.013130081300812998,0.013455284552845592,0.010000000000000007,0.009186991869918752
14,5,0.358342792281498,-0.06626939084373822,-0.0720204313280362,-0.06753688989784323,-0.06766931517215284,-0.07236095346197476
14,Aggregated,0.07437165927442307,-0.008444216990788194,-0.011844649152735238,-0.012271124758330492,-0.01408506766746284,-0.013738200841578438
14,Centralized,0.07437165927442307,-0.008444216990788194,-0.011844649152735238,-0.012271124758330492,-0.01408506766746284,-0.013738200841578438
15,0,-0.03231707317073175,0.012317073170731677,0.00918699186991868,0.013943089430894284,-0.0010569105691056945,0.0101219512195122
15,1,-0.02630081300812999,0.021382113821138183,0.02089430894308949,0.008983739837398357,-0.008617886178861806,0.003170731707317072
15,2,-0.024024390243902315,0.013008130081300796,0.011626016260162603,0.0075203252032520354,-0.009878048780487828,0.004186991869918699
15,3,-0.04174796747967479,0.01150406504065042,0.011016260162601614,0.013252032520325165,0.0018699186991869914,0.008983739837398395
15,4,-0.039756097560975645,0.01666666666666669,0.016219512195121934,0.01065040650406505,0.00020325203252032168,0.005772357723577242
15,5,0.374820279984866,-0.060726447219069245,-0.07175558077941753,-0.0640559969731368,-0.07832009080590253,-0.0761256148316306
15,Aggregated,0.08970203571022425,-0.007778915046059362,-0.01192425793244618,-0.011651313544865241,-0.02598658023427732,-0.01837256908904815
15,Centralized,0.08970203571022425,-0.007778915046059362,-0.01192425793244618,-0.011651313544865241,-0.02598658023427732,-0.01837256908904815
16,0,-0.04308943089430877,0.01048780487804877,0.004918699186991872,0.01101626016260163,0.0031707317073170734,0.0037398373983739807
16,1,-0.03634146341463422,0.009715447154471535,0.007520325203252049,0.01292682926829269,-0.003983739837398382,-0.0044715447154471625
16,2,-0.03227642276422747,0.00963414634146344,0.005691056910569115,0.010813008130081306,-0.0007317073170731751,-0.00044715447154471957
16,3,-0.047682926829268286,0.011056910569105722,0.009512195121951238,0.015162601626016242,0.005813008130081303,0.006138211382113824
16,4,-0.049756097560975626,0.011178861788617916,0.010569105691056919,0.016219512195121896,0.003333333333333336,0.0035772357723577266
16,5,0.33772228528187687,-0.05853197124479757,-0.07972001513431684,-0.05170261066969355,-0.07264472190692396,-0.07852818766553185
16,Aggregated,0.07225634027066996,-0.010309336972591862,-0.0186170817695894,-0.006289093597179571,-0.020772205163197964,-0.022409871488684112
16,Centralized,0.07225634027066996,-0.010309336972591862,-0.0186170817695894,-0.006289093597179571,-0.020772205163197964,-0.022409871488684112
17,0,-0.036097560975609795,-0.0024796747967479565,0.010609756097560964,0.012764227642276452,0.013821138211382105,0.013577235772357686
17,1,-0.041056910569105716,-0.008861788617886172,0.019390243902439014,0.02012195121951227,0.017682926829268312,0.01223577235772357
17,2,-0.04004065040650401,-0.004024390243902446,0.014105691056910574,0.01589430894308943,0.012967479674796747,0.013292682926829188
17,3,-0.03743902439024375,-0.002154471544715449,0.012601626016260106,0.014186991869918626,0.011707317073170697,0.01085365853658531
17,4,-0.04475609756097562,0.0008130081300813203,0.01695121951219507,0.01528455284552834,0.013780487804878054,0.010121951219512215
17,5,0.3376655315928868,-0.0709231933409004,-0.06161558834657582,-0.05202421490730238,-0.051135073779795676,-0.06451002648505451
17,Aggregated,0.07360400318435129,-0.023655180257022575,-0.0082167633344706,-0.004691231661548965,-0.005583987262595235,-0.010986011600136557
17,Centralized,0.07360400318435129,-0.023655180257022575,-0.0082167633344706,-0.004691231661548965,-0.005583987262595235,-0.010986011600136557
18,0,-0.03406504065040639,-0.007764227642276415,0.007723577235772368,0.014146341463414622,0.0013414634146341536,0.018617886178861794
18,1,-0.03325203252032506,-0.01756097560975605,0.01325203252032517,0.015813008130081286,-0.006382113821138213,0.025691056910569117
18,2,-0.027886178861788583,-0.013495934959349571,0.007235772357723585,0.008821138211382121,-0.0061382113821138225,0.021707317073170806
18,3,-0.033943089430894136,-0.006544715447154456,0.003861788617886205,0.013292682926829322,0.0006504065040650681,0.01780487804878041
18,4,-0.04508130081300832,-0.0039024390243902383,0.011544715447154462,0.011219512195121966,-0.0003252032520325092,0.01922764227642276
18,5,0.29744608399545963,-0.08662504729474094,-0.07266363980325363,-0.04294362466893683,-0.06812334468407126,-0.04638668180098382
18,Aggregated,0.06503468668258836,-0.0329296030933699,-0.015739793017172734,-0.004054361423859897,-0.021994768565904745,0.0004719663368588768
18,Centralized,0.06503468668258836,-0.0329296030933699,-0.015739793017172734,-0.004054361423859897,-0.021994768565904745,0.0004719663368588768
19,0,-0.021260162601626026,0.007317073170731711,-0.0034146341463414604,-0.007845528455284538,0.013617886178861768,0.00914634146341464
19,1,-0.001219512195121967,0.0006504065040650412,-0.009634146341463427,-0.01093495934959351,0.012032520325203242,0.009105691056910569
19,2,-0.007357723577235779,0.003333333333333336,0.0002032520325203254,-0.005772357723577245,0.00947154471544716,0.012317073170731677
19,3,-0.01752032520325206,0.005406504065040649,-0.0009349593495934968,-0.0026016260162601587,0.01288617886178855,0.007642276422764207
19,4,-0.02341463414634148,0.007560975609756104,0.0014227642276422776,-0.003048780487804882,0.015528455284552906,0.011707317073170754
19,5,0.3348467650397277,-0.07393113885735916,-0.08231176693151686,-0.05768066590995065,-0.04701097237987148,-0.055751040484297694
19,Aggregated,0.0907483225292849,-0.01882747640168314,-0.026469919253952184,-0.021562606618901373,-0.005242806778118938,-0.009774820880245713
19,Centralized,0.0907483225292849,-0.01882747640168314,-0.026469919253952184,-0.021562606618901373,-0.005242806778118938,-0.009774820880245713
20,0,-0.03308943089430883,-0.005284552845528471,0.00784552845528456,0.016747967479674736,0.010813008130081254,0.0029674796747967487
20,1,-0.03000000000000003,-0.008048780487804974,0.010691056910569116,0.020243902439024398,0.006382113821138224,-0.004146341463414633
20,2,-0.03333333333333334,-0.006951219512195175,0.007235772357723584,0.014227642276422743,0.0035772357723577266,0.0006097560975609762
20,3,-0.035447154471544645,-0.0037804878048780595,0.00796747967479674,0.018943089430894303,0.008170731707317053,0.004146341463414649
20,4,-0.03861788617886186,-0.001219512195121937,0.013414634146341456,0.015934959349593495,0.010934959349593498,0.0019918699186992
20,5,0.3160423760877782,-0.08439273552781015,-0.07323117669315171,-0.04078698448732496,-0.053518728717366966,-0.06865304578130958
20,Aggregated,0.07114750369612187,-0.028903673376549435,-0.015415671556920177,-0.0002160809735016768,-0.010508358921869682,-0.01985670419652
20,Centralized,0.07114750369612187,-0.028903673376549435,-0.015415671556920177,-0.0002160809735016768,-0.010508358921869682,-0.01985670419652
21,0,-0.03182926829268274,0.01044715447154469,0.0020731707317073263,0.009146341463414595,0.011178861788617852,0.01361788617886169
21,1,-0.02821138211382113,0.012886178861788587,-0.004878048780487785,0.008333333333333337,0.0128861788617886,0.020934959349593444
21,2,-0.018902439024390278,0.015162601626016261,0.0031300813008130262,0.006707317073170756,0.011300813008130104,0.01918699186991863
21,3,-0.03247967479674784,0.010813008130081311,0.004105691056910568,0.009471544715447148,0.009878048780487803,0.007967479674796722
21,4,-0.04402439024390226,0.014715447154471503,0.007926829268292692,0.009552845528455286,0.013414634146341428,0.010609756097560973
21,5,0.2919788119561113,-0.05686719636776397,-0.0684071131290201,-0.04481649640559991,-0.042073401437760116,-0.03327657964434362
21,Aggregated,0.06601842374616182,-0.008137154554759456,-0.018833162743091166,-0.0074263618787672086,-0.004441032639599694,0.00011372682815875897
21,Centralized,0.06601842374616182,-0.008137154554759456,-0.018833162743091166,-0.0074263618787672086,-0.004441032639599694,0.00011372682815875897
22,0,-0.03857723577235756,0.006788617886178859,0.0042682926829268305,0.006422764227642249,0.010691056910569109,0.012845528455284526
22,1,-0.03918699186991871,0.0023577235772357574,0.004918699186991864,0.012439024390243903,0.014634146341463282,0.01703252032520319
22,2,-0.03512195121951215,0.00016260162601627325,0.0007723577235772401,0.007317073170731715,0.007723577235772322,0.01426829268292679
22,3,-0.03138211382113817,0.0029268292682926955,0.00634146341463414,0.006260162601626032,0.010081300813008138,0.010650406504065036
22,4,-0.044430894308943356,0.006178861788617877,0.011707317073170697,0.0034552845528455227,0.013943089430894248,0.016463414634146304
22,5,0.27480136208853573,-0.05698070374574361,-0.0737608777903897,-0.03715474839197882,-0.059326522890654015,-0.0453083617101779
22,Aggregated,0.05620379847606045,-0.01455134766291379,-0.01825315591948149,-0.006146935061981096,-0.009848743318548835,-0.0036506311838962443
22,Centralized,0.05620379847606045,-0.01455134766291379,-0.01825315591948149,-0.006146935061981096,-0.009848743318548835,-0.0036506311838962443
23,0,-0.04174796747967459,0.0069512195121951195,0.0030081300813008405,0.009959349593495962,0.009634146341463421,0.004878048780487806
23,1,-0.043739837398373886,0.015162601626016282,0.011707317073170683,0.010650406504065036,0.007439024390243861,-0.0036585365853658383
23,2,-0.041463414634146524,0.013780487804878014,0.006707317073170735,0.0073170731707317025,0.005731707317073181,0.0006097560975609854
23,3,-0.035447154471544805,0.009959349593495925,0.004756097560975598,0.012479674796747942,0.008780487804878055,0.0019105691056910735
23,4,-0.04780487804878047,0.014756097560975541,0.008495934959349558,0.010650406504065043,0.008699186991869917,0.0076422764227641864
23,5,0.2586454786227772,-0.04748391978811943,-0.06135073779795689,-0.040162693908437345,-0.06386681800983733,-0.053726825576996214
23,Aggregated,0.04833958830888197,-0.005794381894688944,-0.013590355964972179,-0.00493005800068235,-0.013561924257932425,-0.014557034004321592
23,Centralized,0.04833958830888197,-0.005794381894688944,-0.013590355964972179,-0.00493005800068235,-0.013561924257932425,-0.014557034004321592
24,0,-0.03060975609756081,0.009837398373983699,0.005528455284552819,0.008658536585365816,0.006788617886178844,0.004674796747967477
24,1,-0.028658536585365827,0.008577235772357729,0.004268292682926832,0.010894308943089466,0.006747967479674794,-0.006707317073170697
24,2,-0.02934959349593509,0.011260162601626008,0.003617886178861797,0.007235772357723579,0.004105691056910578,-0.001747967479674789
24,3,-0.022764227642276272,0.005121951219512187,0.003577235772357717,0.0080894308943089,0.00593495934959348,4.065040650407803e-05
24,4,-0.04268292682926829,0.01333333333333329,0.008130081300813004,0.009552845528455213,0.0076829268292682735,0.0015447154471544902
24,5,0.2606129398410896,-0.06256148316307224,-0.06922058267120691,-0.033598183881952015,-0.0489595157018542,-0.05875898600075704
24,Aggregated,0.056783805299670094,-0.012072102809052599,-0.01729216422153997,-0.003883771181621745,-0.010343455021039439,-0.017968838849084623
24,Centralized,0.056783805299670094,-0.012072102809052599,-0.01729216422153997,-0.003883771181621745,-0.010343455021039439,-0.017968838849084623
25,0,-0.031788617886178885,0.008699186991869909,-0.0039837398373983555,0.008292682926829257,0.008008130081300805,0.010772357723577219
25,1,-0.031666666666666586,0.01016260162601624,-0.01650406504065032,0.012601626016260106,0.012235772357723567,0.015609756097560918
25,2,-0.029715447154471587,0.01048780487804877,-0.009308943089430841,0.009105691056910555,0.007276422764227659,0.014593495934959306
25,3,-0.024918699186991893,0.00898373983739836,-0.007235772357723631,0.007682926829268288,0.008861788617886177,0.009065040650406492
25,4,-0.04256097560975602,0.011544715447154423,-0.005121951219512184,0.011341463414634115,0.010609756097560978,0.011747967479674753
25,5,0.2521566401816124,-0.05429436246689389,-0.07500945894816455,-0.026447219069239605,-0.04801362088535757,-0.03817631479379499
25,Aggregated,0.05332082338223586,-0.009342658933242343,-0.028443079722506686,-0.0010917775503241282,-0.007858523825770507,-0.0028317980211531924
25,Centralized,0.05332082338223586,-0.009342658933242343,-0.028443079722506686,-0.0010917775503241282,-0.007858523825770507,-0.0028317980211531924
26,0,-0.03804878048780477,0.01304878048780483,-0.0007317073170731443,0.009837398373983716,0.013333333333333345,0.007439024390243877
26,1,-0.0486178861788617,0.01483739837398371,-0.0028861788617886093,0.008739837398373957,0.014878048780487799,-0.0015853658536585276
26,2,-0.038170731707317024,0.01455284552845523,-0.0034552845528455067,0.006626016260162605,0.015934959349593474,0.002073170731707319
26,3,-0.038658536585365784,0.011382113821138207,0.00044715447154471214,0.007398373983739823,0.011991869918699171,0.00012195121951221404
26,4,-0.04459349593495925,0.01581300813008129,0.003455284552845554,0.009999999999999985,0.013170731707317031,0.0045934959349593334
26,5,0.23810064320847543,-0.05124858115777532,-0.06532349602724173,-0.030325387816874633,-0.04493000378357936,-0.044003026863412745
26,Aggregated,0.04245991129307415,-0.005663596042306356,-0.0200784715114295,-0.0031559194814056754,-0.0038098487433185497,-0.011457977936995265
26,Centralized,0.04245991129307415,-0.005663596042306356,-0.0200784715114295,-0.0031559194814056754,-0.0038098487433185497,-0.011457977936995265
27,0,-0.01939024390243898,0.011910569105691046,0.007926829268292681,-0.009186991869918682,0.0031707317073170703,0.012886178861788626
27,1,-0.021056910569105698,0.014349593495934955,0.007317073170731706,-0.01760162601626011,-0.0009349593495934826,0.02280487804878043
27,2,-0.024471544715447196,0.014512195121951203,0.0072764227642276354,-0.00898373983739835,0.007682926829268299,0.02349593495934966
27,3,-0.016991869918699172,0.010772357723577226,0.006951219512195102,-0.01199186991869918,4.065040650407772e-05,0.013658536585365847
27,4,-0.036991869918699176,0.013373983739837385,0.01109756097560975,-0.007764227642276405,0.004878048780487803,0.015406504065040565
27,5,0.2525917517972006,-0.04614074914869465,-0.04600832387438516,-0.05505107832009085,-0.05991297767688245,-0.02391222096102896
27,Aggregated,0.05929148186057112,-0.004787899465483925,-0.008154213578983327,-0.02431479586034346,-0.01593312862504263,0.005157511656999867
27,Centralized,0.05929148186057112,-0.004787899465483925,-0.008154213578983327,-0.02431479586034346,-0.01593312862504263,0.005157511656999867
28,0,-0.026463414634146313,0.003373983739837394,-0.004552845528455263,0.009024390243902421,-0.009593495934959326,0.008699186991869915
28,1,-0.019715447154471512,-0.0032926829268292656,0.0032520325203252063,0.016016260162601638,-0.017235772357723507,0.013658536585365802
28,2,-0.019878048780487795,-0.0034146341463414573,-0.004390243902439017,0.011463414634146307,-0.014349593495934967,0.011056910569105682
28,3,-0.018455284552845477,0.0012601626016260118,0.0029674796747967453,0.01117886178861787,-0.01060975609756096,0.008780487804878037
28,4,-0.03532520325203244,0.0049186991869918685,0.0017886178861788807,0.0161788617886179,-0.00630081300813006,0.01386178861788617
28,5,0.2223798713583054,-0.0526863412788498,-0.0908626560726444,-0.02534998108210372,-0.06935300794551656,-0.022720393492243706
28,Aggregated,0.05007960877971122,-0.015438416922552106,-0.027442283634709498,0.0013135448652337068,-0.028971909473444822,0.001012168770612984
28,Centralized,0.05007960877971122,-0.015438416922552106,-0.027442283634709498,0.0013135448652337068,-0.028971909473444822,0.001012168770612984
29,0,-0.022723577235772317,0.012926829268292653,0.0006504065040650468,0.008373983739837372,-0.0024796747967479717,0.015447154471544674
29,1,-0.020487804878048785,0.016829268292682904,-0.008373983739837403,0.007520325203252049,-0.008943089430894304,0.023211382113821098
29,2,-0.030650406504064934,0.01699186991869917,-0.008495934959349557,0.006910569105691058,-0.008292682926829276,0.023536585365853707
29,3,-0.02186991869918696,0.010487804878048757,-0.003333333333333317,0.006666666666666657,-0.008861788617886161,0.012032520325203229
29,4,-0.03304878048780487,0.015487804878048713,-0.0010162601626016307,0.0067479674796747735,-0.0049593495934959365,0.0192276422764228
29,5,0.2131857737419598,-0.04477866061293989,-0.06763147937949286,-0.029738933030646893,-0.05276201286416947,-0.018274687854710606
29,Aggregated,0.046065051745706694,-0.003286705333788229,-0.023205959285795538,-0.0038723984988058673,-0.0205504378482884,0.007579893096781534
29,Centralized,0.046065051745706694,-0.003286705333788229,-0.023205959285795538,-0.0038723984988058673,-0.0205504378482884,0.007579893096781534
30,0,-0.020325203252032503,0.00934959349593496,0.0063008130081300745,-0.0034552845528455045,0.009715447154471537,0.01060975609756096
30,1,-0.020934959349593503,0.007520325203252006,0.008617886178861747,-0.00605691056910569,0.013739837398373912,0.01662601626016253
30,2,-0.02199186991869917,0.013943089430894243,0.008333333333333333,-0.0025203252032520293,0.01865853658536569,0.01528455284552839
30,3,-0.014512195121951213,0.007601626016260164,0.007926829268292678,-0.004105691056910564,0.012195121951219464,0.007967479674796748
30,4,-0.03426829268292683,0.011422764227642277,0.012276422764227643,-0.002073170731707311,0.014430894308943055,0.010406504065040628
30,5,0.2332576617480136,-0.052478244419220686,-0.04810821036700722,-0.03917896329928132,-0.03995459704880788,-0.008134695421869061
30,Aggregated,0.05444103263959969,-0.008802456499488241,-0.00838166723530072,-0.01432389400659615,-0.0023939497327419533,0.006073012623677916
30,Centralized,0.05444103263959969,-0.008802456499488241,-0.00838166723530072,-0.01432389400659615,-0.0023939497327419533,0.006073012623677916
31,0,-0.022520325203252024,0.007398373983739826,0.0008130081300812904,0.00024390243902440187,0.0059756097560975515,0.00321138211382113
31,1,-0.022357723577235752,0.008780487804878022,0.0041869918699186884,-0.0016260162601625923,0.007398373983739823,0.0011788617886178885
31,2,-0.030365853658536456,0.009593495934959347,0.0015447154471544915,-0.0021138211382113656,0.005487804878048767,0.0036585365853658756
31,3,-0.021422764227642267,0.006463414634146336,0.0049186991869918616,-0.0023170731707316972,0.007317073170731704,0.0001626016260162492
31,4,-0.039918699186991806,0.010406504065040643,0.007601626016260159,0.005243902439024396,0.008292682926829265,0.008373983739837379
31,5,0.20690503216042366,-0.04086265607264493,-0.050983730609156216,-0.04273552780930774,-0.03575482406356433,-0.029757850926976633
31,Aggregated,0.043085408847947204,-0.006317525304219265,-0.012657795974070256,-0.012925054020243385,-0.005925167747071526,-0.006624587740247945
31,Centralized,0.043085408847947204,-0.006317525304219265,-0.012657795974070256,-0.012925054020243385,-0.005925167747071526,-0.006624587740247945
