Round,Evaluator,2,0,1,3
0,0,,,,
0,1,,,,
0,2,,,,
0,3,,,,
0,Aggregated,,,,
0,Centralized,,,,
1,0,-0.002979128414599399,0.06212318568426196,0.03081823003579995,0.020243155539082392
1,1,-0.023580080363963446,0.03821468621546021,0.0638311319092081,0.009357640734198253
1,2,0.15375728554861012,0.010602414813847985,-0.06359127898445069,0.0880505495761749
1,3,0.01573033921734406,0.019035758580369183,0.012380637062135205,0.037867068292526
1,Aggregated,0.015489708163454215,0.03822852241753576,0.024701844486801582,0.029679008008243843
1,Centralized,0.015390748213332334,0.038227851483144844,0.024822052892481267,0.029621962030052674
2,0,-0.003974276984294543,0.04888987225691014,0.02467030417852149,0.01217394334708193
2,1,-0.02418271112634852,0.0294762150551818,0.05433289615416156,0.004426957306806169
2,2,0.12900075922584978,0.014407015686992014,-0.06240845061670841,0.06768765685125662
2,3,0.0030820771625736237,0.014586387620673926,0.014245019961403524,0.0150801659830098
2,Aggregated,0.008904437938742609,0.030619556175354404,0.02021076864542651,0.017761685792077878
2,Centralized,0.008823425995776984,0.03061604278255038,0.020310908674979672,0.017729837133772144
3,0,-0.004516372551113303,0.03891352788899405,0.01974844544736899,0.0001927540783482895
3,1,-0.025190278451442654,0.022592407462396435,0.04910269682356557,-0.0009144827209342602
3,2,0.11384585432038774,0.02073152480388939,-0.05897866295455742,0.0229683787677205
3,3,-0.006996508332118706,0.00969015469010151,0.015186378049639746,0.0017582842365867952
3,Aggregated,0.004183132568701339,0.02491546536859519,0.017584216479830165,0.0032268044696180842
3,Centralized,0.004114058534706588,0.024910904217488424,0.017675716511323228,0.003218220242756175
4,0,-0.0063301812442825385,0.029891967289294136,0.014671416478373176,-0.0007093991820467938
4,1,-0.026065364730033912,0.01867550187014452,0.04278476685862226,-0.0004584426922617281
4,2,0.09881267197690506,0.012625689293294981,-0.05740349933500278,0.020165669154398866
4,3,-0.01350990902987837,0.007104403714502522,0.016674959157588817,-0.002442364163747842
4,Aggregated,-0.00012269932754896927,0.019045102251887568,0.014430810013506799,0.001785292668500824
4,Centralized,-0.00018206496956930476,0.019045990553082804,0.01451156672750846,0.0017838590606700695
5,0,-0.00715182717278869,0.023791710296939956,0.010862124779838445,-0.0015911546319955505
5,1,-0.02547762406685054,0.01577196067216884,0.03738004915964364,7.948653786598453e-05
5,2,0.08754466328748668,0.006396710938943682,-0.05686616794309812,0.016790622795622646
5,3,-0.018123899896452602,0.006503798616937469,0.018185569389466135,-0.0047081333419744424
5,Aggregated,-0.0027178930592769417,0.01514423556433326,0.011852519132926155,0.0007213450246136789
5,Centralized,-0.0027670912671108835,0.015146677855889685,0.011921973041470404,0.0007258747149430043
6,0,-0.0076140931189592545,0.0187817861333059,0.008744556699903996,-0.001803794904446263
6,1,-0.02423081246517987,0.012405557991111163,0.0310773439842056,0.0014135884868185604
6,2,0.07793195511847006,0.0017034509427516636,-0.049475978161744434,0.011799007733979178
6,3,-0.020866931838477123,0.006090167057249694,0.018774858335431258,-0.005108944177755759
6,Aggregated,-0.004355717906344647,0.011701396916843295,0.010261660314451245,0.0003216852259589429
6,Centralized,-0.004396498020649786,0.011703156460116196,0.010315639913293184,0.00033080164741039475
7,0,-0.008142286833548833,0.015133524785674141,0.007292171831803464,-0.0018659980631412336
7,1,-0.02316461178614244,0.009545417719549079,0.026821585070513437,0.002405600422907578
7,2,0.07078581866386734,-0.0016299813913645776,-0.044468096851358184,0.008959555203635177
7,3,-0.0230131087117065,0.0065978434507938015,0.019113329159753736,-0.0047545863982591625
7,Aggregated,-0.005613009392562788,0.00925138035851362,0.009169479192762531,0.0003148307139447194
7,Centralized,-0.0056471884880545204,0.009249824438880035,0.009213500944114878,0.00032691745685313234
8,0,-0.008353945948615367,0.013201327015985328,0.006282972361724186,-0.0016884141892026504
8,1,-0.022483066259995816,0.009475220634943644,0.023374509810784597,0.0028629804058001654
8,2,0.06553529738538301,-0.005267572284476912,-0.041211443547598064,0.007062994335886187
8,3,-0.024537500291032407,0.007804335152042485,0.01966951159565117,-0.004112626099452464
8,Aggregated,-0.006499657216185379,0.008368113938372116,0.008294420109166565,0.00040531420535138275
8,Centralized,-0.006529490066141556,0.008368151012857683,0.008329945276703969,0.0004177419295519393
9,0,-0.008255538370180586,0.01172042794379101,0.005120207212386711,-0.0014411033529195562
9,1,-0.021357814945127996,0.008723374476881035,0.01923939156396551,0.0037360306614997777
9,2,0.06130347344765136,-0.007438157236211588,-0.037337260238057605,0.004826350246218182
9,3,-0.02557724115825837,0.008803669521610944,0.018882786658431894,-0.002578392983760234
9,Aggregated,-0.006900841747881305,0.007567425664938789,0.006939572241596305,0.0008000987219857535
9,Centralized,-0.006925927597557553,0.0075667541733145174,0.006966612037810405,0.0008130109850830065
10,0,-0.007887331476896976,0.011044384777639443,0.0041394898999060625,-0.0013388269604483818
10,1,-0.019992341137061928,0.007363680875949912,0.0171490207357089,0.0046269323644575755
10,2,0.057374555280364954,-0.007553545501557439,-0.0347145718559275,0.0034092727897986896
10,3,-0.025895514752878466,0.008813833256901604,0.01847965363146091,-0.0011858426286283734
10,Aggregated,-0.006938887274481265,0.006897816322335271,0.006212782952403068,0.0012315230342355536
10,Centralized,-0.006960334307576928,0.0068940064973456935,0.006236117007495226,0.0012456134189406873
11,0,-0.00774396091647898,0.009570759406076212,0.0038111838722072653,-0.0009721960134535338
11,1,-0.01882895574231218,0.005618446302671408,0.014919529290232797,0.005152272307716858
11,2,0.05390860137049639,-0.005519324827403198,-0.032670735778710346,0.0019665608741349324
11,3,-0.025961355228570227,0.007825327952371166,0.018436706294869848,-0.00013479439436778207
11,Aggregated,-0.006998609106694685,0.005912389524589555,0.005657745085098526,0.0015557749427588204
11,Centralized,-0.007016463682106479,0.005907130199468679,0.005675190374666972,0.001569247015066208
12,0,-0.007623759505747341,0.008346652061577675,0.0034672311567660826,-0.0006213656635116934
12,1,-0.01764293503793972,0.004533334299032091,0.01310807968179005,0.005493265968667528
12,2,0.05056682676097004,-0.0046958175274901025,-0.030017374199817107,0.0003894392798283787
12,3,-0.026319769406473865,0.0075328928240531905,0.01817612385386865,0.0011948043380023792
12,Aggregated,-0.007105846521709171,0.005209313306935215,0.005264965005223499,0.0018587160004633562
12,Centralized,-0.007119890342477039,0.0052029406937379565,0.005278512238085851,0.0018716194527275156
13,0,-0.007683936842309107,0.007483821429246459,0.0031984610216373444,-0.00031963590868008124
13,1,-0.017045964033706378,0.004083923753763996,0.011613440435945028,0.005799672742161729
13,2,0.04716836581818142,-0.005429492669609094,-0.026725252269863414,-0.0007743136264554464
13,3,-0.025913432378484022,0.007469283311952586,0.01648764678981399,0.0024343441987414913
13,Aggregated,-0.007301428165013217,0.004669576682128847,0.0047725161451346075,0.002170120241759903
13,Centralized,-0.007313441260965445,0.00466286653177216,0.004783776127474493,0.002182530761915824
14,0,-0.008111957582381688,0.007329675304503351,0.002983638649978184,4.3818073164697546e-05
14,1,-0.016616136967445308,0.00366649274552807,0.010184838956585646,0.006260453019726907
14,2,0.04457300724001961,-0.0058879186077149814,-0.024767159717159027,-0.0009965640914197382
14,3,-0.025938057971793622,0.007058702940035401,0.0157922103509201,0.0031674472621866234
14,Aggregated,-0.007657997790358673,0.004334960480139086,0.0043566984344456765,0.002566750241678012
14,Centralized,-0.0076688902717527456,0.004328369350326403,0.004364907025299225,0.0025789274370435094
15,0,-0.00839972579993537,0.007264570767497254,0.0028173426610102422,0.0004423159527962156
15,1,-0.01615119441323226,0.003219604270099185,0.00989713677092651,0.006437626602644885
15,2,0.04219439563871036,-0.005789666998308078,-0.023993856620031243,-0.0016563497889931268
15,3,-0.02617601128138093,0.006733465573552301,0.01654707646181081,0.003914548559466398
15,Aggregated,-0.007974588302897594,0.004113346339848489,0.004477929576212959,0.0028290437822813155
15,Centralized,-0.007982896183385067,0.004106457941696906,0.00448494413587455,0.0028403167194667573
16,0,-0.00841307264813186,0.006919702506339313,0.002388654830601624,0.0006797258933577156
16,1,-0.015339098001051682,0.0032754128428101603,0.008354454194954212,0.006342113038643978
16,2,0.04004397688402601,-0.0064074375686555135,-0.021683309993934915,-0.0019393930361085953
16,3,-0.026021711009384038,0.006883009884742136,0.015637600615024574,0.004455915649740572
16,Aggregated,-0.007974096455532004,0.003967369077884203,0.003955765724227364,0.0029568825072662395
16,Centralized,-0.007980041736709943,0.003960464216995506,0.0039607322190939155,0.0029670718817939082
17,0,-0.008486869142757938,0.006887344557146781,0.002612644754754506,0.0006424505788281085
17,1,-0.015229001933368028,0.0026972583924589066,0.007541201423474618,0.008407055697719731
17,2,0.03849280692788635,-0.005873598073433563,-0.0219524483778404,-0.001367167260227703
17,3,-0.026442507533737458,0.006613939003693216,0.016228571634118383,0.0054401174136327335
17,Aggregated,-0.008262412618242843,0.0037851898021321263,0.003863011583363222,0.003893757378340753
17,Centralized,-0.00826695305939565,0.0037772014704421236,0.003864087311646877,0.003907994898529911
18,0,-0.008450706705916059,0.006503494053422214,0.0021994882246642914,0.0007501231914076034
18,1,-0.01444653990526193,0.0026762373828410923,0.0071659278410429504,0.005901884826587806
18,2,0.03661416806530939,-0.00599415597683943,-0.019212400204804622,-0.002588796300386604
18,3,-0.026128906862859777,0.007052385699501211,0.015166178195654204,0.004426403601641306
18,Aggregated,-0.00818401090111456,0.0037312690306841555,0.003742309861307971,0.0027464580535387978
18,Centralized,-0.008187098988721714,0.0037238697314729077,0.003743862253195472,0.0027558228144318347
19,0,-0.008834733504546605,0.00673564131129147,0.0014349895427931646,0.000991804308672915
19,1,-0.014534510725966995,0.002634402715991318,0.005709514539007439,0.006218173069457228
19,2,0.0347822660861161,-0.006254809830041365,-0.016856087948327717,-0.002697805587283502
19,3,-0.026489178196795384,0.007668774246284306,0.013995341125961194,0.004493591861641407
19,Aggregated,-0.00866212794079702,0.003893815340386092,0.0030861469014728765,0.002927028884604674
19,Centralized,-0.008664072713300284,0.003884831345562572,0.003085701329930591,0.0029368310218737975
20,0,-0.008752068459825499,0.007082683635657912,0.001705725767049258,0.0007830360895274141
20,1,-0.014594379809844238,0.0032943327685988066,0.0055300686888342665,0.005995004144886032
20,2,0.03268593376883642,-0.0068721128615004306,-0.016179576117236638,-0.0019263519374195421
20,3,-0.02659110294149991,0.00849829655049437,0.014258451127280821,0.003577259374449193
20,Aggregated,-0.00895653263171249,0.0043166826738762175,0.0032659682046072037,0.002690714691269448
20,Centralized,-0.00895800707264509,0.004307958645417155,0.0032647607627190414,0.002700840502731542
21,0,-0.008807014079424568,0.00699174417451245,0.002024620970399534,0.0008188660365932692
21,1,-0.014707753414948316,0.002748069342763416,0.005987884578764276,0.006904123992992159
21,2,0.03109670996655567,-0.006472432683965086,-0.016828917274103735,-0.0012491329868337651
21,3,-0.026465198369804616,0.007983617740652807,0.015192265578471234,0.0038982505912070107
21,Aggregated,-0.00919593646897554,0.0040539366300677065,0.00363354009297734,0.003152837735960254
21,Centralized,-0.009197963623893385,0.004044353391703041,0.0036322611769376476,0.003164651081863701
22,0,-0.00877141393805119,0.007705671808658142,0.0011010348154422884,0.0008125160560001297
22,1,-0.01439786137427528,0.003594136762482441,0.005105228148291341,0.005977961768147952
22,2,0.029741708051548105,-0.007497232487253348,-0.014861970538959636,-0.0011831285118674869
22,3,-0.02618492689188316,0.008577692619268135,0.014114252205995456,0.003799250724446692
22,Aggregated,-0.00920560530174773,0.004551345929297321,0.0030759828829896195,0.002842739682339488
22,Centralized,-0.009206603362594724,0.004542800887064086,0.003073815325698649,0.002852672674921862
23,0,-0.0083977601333303,0.008042333734061666,0.0003775796681928095,0.0006945068909553024
23,1,-0.014267817471454702,0.0032335149141622666,0.005161476476328711,0.005961267394042837
23,2,0.02816473269068978,-0.0069145341472266406,-0.014060209567800642,-0.001219836440103569
23,3,-0.02568303098984603,0.008201952162247969,0.013507427561611648,0.0037604303400189296
23,Aggregated,-0.009142589513364479,0.004543497161862461,0.0028304998492986577,0.0027851471079549752
23,Centralized,-0.00914411334265928,0.00453393638264965,0.0028300856245771755,0.002795277823446287
24,0,-0.008283012843083373,0.007621791919476488,0.000379453429532009,0.0007344793381786388
24,1,-0.014029998885793113,0.0029654436492902794,0.005077669155928967,0.005807060306080763
24,2,0.026519704549519896,-0.00599525364362323,-0.014007856241776912,-0.000978390351933936
24,3,-0.025293731847495473,0.006916551245384095,0.01384872649654661,0.003742632387758432
24,Aggregated,-0.00916419340857219,0.004162459091812906,0.0028857113168739277,0.0027775800100471072
24,Centralized,-0.009165313296480916,0.004154110569676133,0.0028848351844386146,0.0027870255977646744
25,0,-0.008227625224284338,0.007680514132437056,0.000373541490594644,0.0006904464640184413
25,1,-0.013704664771391295,0.003464018733571994,0.004538639860074111,0.005777824461927122
25,2,0.02533486999743442,-0.006923342748343907,-0.01296736779296598,-0.001048853394898688
25,3,-0.025098082281053674,0.007057552817757949,0.013957926936036267,0.0035785610310474316
25,Aggregated,-0.009158080132584213,0.0042473448749416045,0.0028748493128635463,0.002708593806302213
25,Centralized,-0.00915856871255255,0.004239891720100322,0.0028721786777016387,0.002718130561122157
26,0,-0.008347809056147749,0.008309135575841542,4.3401360561370894e-05,0.0006576985775767231
26,1,-0.013626964748334192,0.003756061475438189,0.0036596990419645223,0.005998720346138783
26,2,0.024592684199975734,-0.007482339670342797,-0.011797962168104787,-0.0012495015108602316
26,3,-0.025358048114983055,0.008123697080672001,0.013130437707969298,0.004097549163177848
26,Aggregated,-0.009328801225834443,0.004705078886761797,0.002462015434992889,0.0028543849491689498
26,Centralized,-0.009328463771181015,0.00469680642160347,0.0024583320193247923,0.00286413426364316
27,0,-0.008088240432198593,0.007690869405282043,-0.0006318447522399295,0.0007155638311156417
27,1,-0.013509343418917241,0.003280997288262905,0.002880049142727034,0.005983723832574513
27,2,0.023322160454320357,-0.007129819270262211,-0.009986991209393828,-0.0013077477246073443
27,3,-0.024906464062950908,0.007000230558843097,0.012923806164880439,0.003677931653903612
27,Aggregated,-0.009277327437396132,0.004152311942471496,0.0021880413776976197,0.0027695288415312057
27,Centralized,-0.00927765070069385,0.004144620352153611,0.002183253474667371,0.002779802393905279
28,0,-0.008019181651870011,0.007427059398624684,-0.00042280883902279703,0.0007730517896089121
28,1,-0.013477027016924043,0.0026110727382247373,0.003788190895445192,0.005764562732039212
28,2,0.021998541029177726,-0.006345184948189589,-0.010107730008219214,-0.001258849926804577
28,3,-0.02531674880124432,0.0065413133887977926,0.013945696787745349,0.003237974852551867
28,Aggregated,-0.009510617966299833,0.0038567721193342,0.0027528404809812257,0.002629358825998749
28,Centralized,-0.009510218197252396,0.0038483427325708397,0.002748861768394934,0.0026390823170090428
29,0,-0.008061711397835514,0.0074635632862125835,2.28000951154698e-06,0.0009232882370462289
29,1,-0.013473756903221204,0.002289697189705941,0.004449579651457004,0.00636931331375102
29,2,0.02082112150746529,-0.00573416372078539,-0.010637362228072295,-0.0013215220593740529
29,3,-0.025302689114825635,0.006537151512093729,0.014499543909924533,0.004023197317345443
29,Aggregated,-0.00967801400923025,0.003847164031527783,0.0031536083768901263,0.0030342815908164125
29,Centralized,-0.00967726790812143,0.0038377368885851096,0.003150382933662372,0.003044713945307316
30,0,-0.008391299629883893,0.007226309308243112,0.0005034272557122946,0.0009643910266323141
30,1,-0.01343723462758955,0.0018091591832107567,0.0039313433429007906,0.008551369862632857
30,2,0.020137137962131135,-0.004915101606053453,-0.010103594538362312,-0.002161871670739113
30,3,-0.025338682343986715,0.0064977223182860104,0.014401074831411948,0.00458589537142759
30,Aggregated,-0.009874355028936401,0.0037166992104901856,0.003203566577922523,0.003753633138105887
30,Centralized,-0.009872720230232416,0.0037063171651468808,0.0031980292117506615,0.0037689104505745524
