Round,Evaluator,5,1,4,2,3,0
0,0,,,,,,
0,1,,,,,,
0,2,,,,,,
0,3,,,,,,
0,4,,,,,,
0,5,,,,,,
0,Aggregated,,,,,,
0,Centralized,,,,,,
1,0,,,,,,
1,1,,,,,,
1,2,,,,,,
1,3,,,,,,
1,4,,,,,,
1,5,,,,,,
1,Aggregated,,,,,,
1,Centralized,0.16675858199596405,0.16723136603832245,0.16685330867767334,0.1667567491531372,0.1656235158443451,0.16677650809288025
2,0,,,,,,
2,1,,,,,,
2,2,,,,,,
2,3,,,,,,
2,4,,,,,,
2,5,,,,,,
2,Aggregated,,,,,,
2,Centralized,0.16673249006271362,0.16700924932956696,0.16676896810531616,0.16671213507652283,0.1660441905260086,0.16673298180103302
3,0,,,,,,
3,1,,,,,,
3,2,,,,,,
3,3,,,,,,
3,4,,,,,,
3,5,,,,,,
3,Aggregated,,,,,,
3,Centralized,0.16672147810459137,0.1668788194656372,0.16673633456230164,0.16669417917728424,0.16630224883556366,0.16666698455810547
4,0,,,,,,
4,1,,,,,,
4,2,,,,,,
4,3,,,,,,
4,4,,,,,,
4,5,,,,,,
4,Aggregated,,,,,,
4,Centralized,0.1664300560951233,0.16664612293243408,0.16751670837402344,0.16731204092502594,0.1671644151210785,0.1649305820465088
5,0,,,,,,
5,1,,,,,,
5,2,,,,,,
5,3,,,,,,
5,4,,,,,,
5,5,,,,,,
5,Aggregated,,,,,,
5,Centralized,0.16733382642269135,0.1669686883687973,0.1663322001695633,0.16711686551570892,0.1671750694513321,0.165073424577713
6,0,,,,,,
6,1,,,,,,
6,2,,,,,,
6,3,,,,,,
6,4,,,,,,
6,5,,,,,,
6,Aggregated,,,,,,
6,Centralized,0.1672263890504837,0.16686886548995972,0.16657961905002594,0.1666618436574936,0.16708922386169434,0.16557399928569794
7,0,,,,,,
7,1,,,,,,
7,2,,,,,,
7,3,,,,,,
7,4,,,,,,
7,5,,,,,,
7,Aggregated,,,,,,
7,Centralized,0.16712762415409088,0.16685239970684052,0.1666237711906433,0.16638049483299255,0.16701947152614594,0.1659962236881256
8,0,,,,,,
8,1,,,,,,
8,2,,,,,,
8,3,,,,,,
8,4,,,,,,
8,5,,,,,,
8,Aggregated,,,,,,
8,Centralized,0.16701894998550415,0.16684171557426453,0.16662117838859558,0.16630034148693085,0.16691601276397705,0.16630181670188904
9,0,,,,,,
9,1,,,,,,
9,2,,,,,,
9,3,,,,,,
9,4,,,,,,
9,5,,,,,,
9,Aggregated,,,,,,
9,Centralized,0.16690842807292938,0.16675062477588654,0.16666533052921295,0.16629603505134583,0.16690334677696228,0.16647619009017944
10,0,,,,,,
10,1,,,,,,
10,2,,,,,,
10,3,,,,,,
10,4,,,,,,
10,5,,,,,,
10,Aggregated,,,,,,
10,Centralized,0.1668398231267929,0.16674065589904785,0.1667202115058899,0.16632290184497833,0.16682292520999908,0.16655343770980835
11,0,,,,,,
11,1,,,,,,
11,2,,,,,,
11,3,,,,,,
11,4,,,,,,
11,5,,,,,,
11,Aggregated,,,,,,
11,Centralized,0.1667952537536621,0.16677804291248322,0.16669659316539764,0.166360005736351,0.16678360104560852,0.16658656299114227
12,0,,,,,,
12,1,,,,,,
12,2,,,,,,
12,3,,,,,,
12,4,,,,,,
12,5,,,,,,
12,Aggregated,,,,,,
12,Centralized,0.166781485080719,0.1667516976594925,0.16670945286750793,0.1664261668920517,0.1667703539133072,0.1665607988834381
13,0,,,,,,
13,1,,,,,,
13,2,,,,,,
13,3,,,,,,
13,4,,,,,,
13,5,,,,,,
13,Aggregated,,,,,,
13,Centralized,0.16678063571453094,0.1667679101228714,0.16671349108219147,0.16640180349349976,0.1667439043521881,0.1665922999382019
14,0,,,,,,
14,1,,,,,,
14,2,,,,,,
14,3,,,,,,
14,4,,,,,,
14,5,,,,,,
14,Aggregated,,,,,,
14,Centralized,0.16674934327602386,0.16675478219985962,0.16671589016914368,0.16647259891033173,0.1667301058769226,0.16657739877700806
15,0,,,,,,
15,1,,,,,,
15,2,,,,,,
15,3,,,,,,
15,4,,,,,,
15,5,,,,,,
15,Aggregated,,,,,,
15,Centralized,0.16674771904945374,0.16676561534404755,0.16670697927474976,0.16652576625347137,0.16672483086585999,0.1665290892124176
16,0,,,,,,
16,1,,,,,,
16,2,,,,,,
16,3,,,,,,
16,4,,,,,,
16,5,,,,,,
16,Aggregated,,,,,,
16,Centralized,0.1667235642671585,0.166739821434021,0.16671933233737946,0.16655001044273376,0.16670359671115875,0.16656368970870972
17,0,,,,,,
17,1,,,,,,
17,2,,,,,,
17,3,,,,,,
17,4,,,,,,
17,5,,,,,,
17,Aggregated,,,,,,
17,Centralized,0.16671866178512573,0.16673028469085693,0.16671429574489594,0.16658176481723785,0.16669565439224243,0.16655927896499634
18,0,,,,,,
18,1,,,,,,
18,2,,,,,,
18,3,,,,,,
18,4,,,,,,
18,5,,,,,,
18,Aggregated,,,,,,
18,Centralized,0.16671878099441528,0.1667286455631256,0.16671046614646912,0.16658806800842285,0.16668197512626648,0.16657206416130066
19,0,,,,,,
19,1,,,,,,
19,2,,,,,,
19,3,,,,,,
19,4,,,,,,
19,5,,,,,,
19,Aggregated,,,,,,
19,Centralized,0.16671517491340637,0.16671977937221527,0.1667008250951767,0.166585311293602,0.166677787899971,0.16660113632678986
20,0,,,,,,
20,1,,,,,,
20,2,,,,,,
20,3,,,,,,
20,4,,,,,,
20,5,,,,,,
20,Aggregated,,,,,,
20,Centralized,0.16669580340385437,0.16670966148376465,0.1667078584432602,0.16660116612911224,0.16667671501636505,0.1666088104248047
21,0,,,,,,
21,1,,,,,,
21,2,,,,,,
21,3,,,,,,
21,4,,,,,,
21,5,,,,,,
21,Aggregated,,,,,,
21,Centralized,0.16670124232769012,0.1667098104953766,0.1666962057352066,0.16662098467350006,0.16667331755161285,0.166598379611969
22,0,,,,,,
22,1,,,,,,
22,2,,,,,,
22,3,,,,,,
22,4,,,,,,
22,5,,,,,,
22,Aggregated,,,,,,
22,Centralized,0.1666961908340454,0.16670425236225128,0.16669856011867523,0.16663402318954468,0.16667282581329346,0.16659420728683472
23,0,,,,,,
23,1,,,,,,
23,2,,,,,,
23,3,,,,,,
23,4,,,,,,
23,5,,,,,,
23,Aggregated,,,,,,
23,Centralized,0.16669057309627533,0.16669921576976776,0.1666966825723648,0.16663901507854462,0.16666901111602783,0.16660551726818085
24,0,,,,,,
24,1,,,,,,
24,2,,,,,,
24,3,,,,,,
24,4,,,,,,
24,5,,,,,,
24,Aggregated,,,,,,
24,Centralized,0.166696235537529,0.16669024527072906,0.16669915616512299,0.1666504144668579,0.16666343808174133,0.16660058498382568
25,0,,,,,,
25,1,,,,,,
25,2,,,,,,
25,3,,,,,,
25,4,,,,,,
25,5,,,,,,
25,Aggregated,,,,,,
25,Centralized,0.16668781638145447,0.16668976843357086,0.16669251024723053,0.16665534675121307,0.16666650772094727,0.16660800576210022
26,0,,,,,,
26,1,,,,,,
26,2,,,,,,
26,3,,,,,,
26,4,,,,,,
26,5,,,,,,
26,Aggregated,,,,,,
26,Centralized,0.1666892170906067,0.16668227314949036,0.1666993647813797,0.16664637625217438,0.16667087376117706,0.16661186516284943
27,0,,,,,,
27,1,,,,,,
27,2,,,,,,
27,3,,,,,,
27,4,,,,,,
27,5,,,,,,
27,Aggregated,,,,,,
27,Centralized,0.16669251024723053,0.16668325662612915,0.16669677197933197,0.16665035486221313,0.16666792333126068,0.16660922765731812
28,0,,,,,,
28,1,,,,,,
28,2,,,,,,
28,3,,,,,,
28,4,,,,,,
28,5,,,,,,
28,Aggregated,,,,,,
28,Centralized,0.16668930649757385,0.16667914390563965,0.1666944921016693,0.1666516214609146,0.16666696965694427,0.1666184961795807
29,0,,,,,,
29,1,,,,,,
29,2,,,,,,
29,3,,,,,,
29,4,,,,,,
29,5,,,,,,
29,Aggregated,,,,,,
29,Centralized,0.1666867434978485,0.16667614877223969,0.16669142246246338,0.16665436327457428,0.16667039692401886,0.1666208952665329
30,0,,,,,,
30,1,,,,,,
30,2,,,,,,
30,3,,,,,,
30,4,,,,,,
30,5,,,,,,
30,Aggregated,,,,,,
30,Centralized,0.16669341921806335,0.16667108237743378,0.16667748987674713,0.16665372252464294,0.16667397320270538,0.1666303277015686
31,0,,,,,,
31,1,,,,,,
31,2,,,,,,
31,3,,,,,,
31,4,,,,,,
31,5,,,,,,
31,Aggregated,,,,,,
31,Centralized,0.16668915748596191,0.1666712611913681,0.16668221354484558,0.16665904223918915,0.16667471826076508,0.16662359237670898
32,0,,,,,,
32,1,,,,,,
32,2,,,,,,
32,3,,,,,,
32,4,,,,,,
32,5,,,,,,
32,Aggregated,,,,,,
32,Centralized,0.16668429970741272,0.1666710376739502,0.16667987406253815,0.1666613221168518,0.1666717231273651,0.1666317880153656
33,0,,,,,,
33,1,,,,,,
33,2,,,,,,
33,3,,,,,,
33,4,,,,,,
33,5,,,,,,
33,Aggregated,,,,,,
33,Centralized,0.16668273508548737,0.16666968166828156,0.16667631268501282,0.16666269302368164,0.16667118668556213,0.1666373759508133
34,0,,,,,,
34,1,,,,,,
34,2,,,,,,
34,3,,,,,,
34,4,,,,,,
34,5,,,,,,
34,Aggregated,,,,,,
34,Centralized,0.1666821837425232,0.166666179895401,0.16667583584785461,0.16665960848331451,0.16667431592941284,0.16664186120033264
35,0,,,,,,
35,1,,,,,,
35,2,,,,,,
35,3,,,,,,
35,4,,,,,,
35,5,,,,,,
35,Aggregated,,,,,,
35,Centralized,0.16668103635311127,0.16666530072689056,0.1666783094406128,0.1666622906923294,0.16667109727859497,0.1666419506072998
36,0,,,,,,
36,1,,,,,,
36,2,,,,,,
36,3,,,,,,
36,4,,,,,,
36,5,,,,,,
36,Aggregated,,,,,,
36,Centralized,0.16667874157428741,0.16666585206985474,0.16667765378952026,0.16666322946548462,0.16667169332504272,0.16664282977581024
37,0,,,,,,
37,1,,,,,,
37,2,,,,,,
37,3,,,,,,
37,4,,,,,,
37,5,,,,,,
37,Aggregated,,,,,,
37,Centralized,0.16667711734771729,0.16666662693023682,0.1666758954524994,0.16666246950626373,0.1666715443134308,0.1666463166475296
38,0,,,,,,
38,1,,,,,,
38,2,,,,,,
38,3,,,,,,
38,4,,,,,,
38,5,,,,,,
38,Aggregated,,,,,,
38,Centralized,0.16667784750461578,0.1666697859764099,0.1666746735572815,0.1666623204946518,0.16666966676712036,0.16664572060108185
39,0,,,,,,
39,1,,,,,,
39,2,,,,,,
39,3,,,,,,
39,4,,,,,,
39,5,,,,,,
39,Aggregated,,,,,,
39,Centralized,0.16667695343494415,0.16666972637176514,0.16667522490024567,0.1666605919599533,0.16667023301124573,0.1666472852230072
40,0,,,,,,
40,1,,,,,,
40,2,,,,,,
40,3,,,,,,
40,4,,,,,,
40,5,,,,,,
40,Aggregated,,,,,,
40,Centralized,0.16667458415031433,0.1666690707206726,0.16667501628398895,0.1666606068611145,0.16667038202285767,0.16665032505989075
41,0,,,,,,
41,1,,,,,,
41,2,,,,,,
41,3,,,,,,
41,4,,,,,,
41,5,,,,,,
41,Aggregated,,,,,,
41,Centralized,0.16667340695858002,0.1666686236858368,0.16667357087135315,0.16666056215763092,0.16667091846466064,0.1666528582572937
42,0,,,,,,
42,1,,,,,,
42,2,,,,,,
42,3,,,,,,
42,4,,,,,,
42,5,,,,,,
42,Aggregated,,,,,,
42,Centralized,0.1666722297668457,0.16666752099990845,0.16667243838310242,0.1666622757911682,0.166670560836792,0.16665492951869965
43,0,,,,,,
43,1,,,,,,
43,2,,,,,,
43,3,,,,,,
43,4,,,,,,
43,5,,,,,,
43,Aggregated,,,,,,
43,Centralized,0.1666729599237442,0.16666796803474426,0.16667217016220093,0.16666185855865479,0.1666695475578308,0.16665543615818024
44,0,,,,,,
44,1,,,,,,
44,2,,,,,,
44,3,,,,,,
44,4,,,,,,
44,5,,,,,,
44,Aggregated,,,,,,
44,Centralized,0.16667293012142181,0.1666688174009323,0.1666691154241562,0.1666639745235443,0.16666942834854126,0.1666557490825653
45,0,,,,,,
45,1,,,,,,
45,2,,,,,,
45,3,,,,,,
45,4,,,,,,
45,5,,,,,,
45,Aggregated,,,,,,
45,Centralized,0.16667252779006958,0.16666890680789948,0.1666693091392517,0.1666644811630249,0.16666851937770844,0.16665621101856232
46,0,,,,,,
46,1,,,,,,
46,2,,,,,,
46,3,,,,,,
46,4,,,,,,
46,5,,,,,,
46,Aggregated,,,,,,
46,Centralized,0.1666709929704666,0.16666817665100098,0.1666691154241562,0.16666610538959503,0.1666678786277771,0.1666576862335205
47,0,,,,,,
47,1,,,,,,
47,2,,,,,,
47,3,,,,,,
47,4,,,,,,
47,5,,,,,,
47,Aggregated,,,,,,
47,Centralized,0.16667136549949646,0.16666702926158905,0.16666893661022186,0.1666654795408249,0.16666828095912933,0.1666588932275772
48,0,,,,,,
48,1,,,,,,
48,2,,,,,,
48,3,,,,,,
48,4,,,,,,
48,5,,,,,,
48,Aggregated,,,,,,
48,Centralized,0.1666710376739502,0.16666698455810547,0.16666893661022186,0.16666586697101593,0.16666807234287262,0.16665910184383392
49,0,,,,,,
49,1,,,,,,
49,2,,,,,,
49,3,,,,,,
49,4,,,,,,
49,5,,,,,,
49,Aggregated,,,,,,
49,Centralized,0.16667018830776215,0.16666719317436218,0.1666688323020935,0.1666664183139801,0.16666778922080994,0.16665951907634735
50,0,,,,,,
50,1,,,,,,
50,2,,,,,,
50,3,,,,,,
50,4,,,,,,
50,5,,,,,,
50,Aggregated,,,,,,
50,Centralized,0.16666966676712036,0.166667640209198,0.16666832566261292,0.16666577756404877,0.16666775941848755,0.1666608452796936
