,BeforeEvaluation,BeforeSV,AfterSV,BeforeGradientRewards,AfterGradientRewards,AfterEvaluation
0,1786186806.5652213,,,,,
1,1786186816.393188,1786186808.6769204,1786186815.5978541,1786186815.5982704,1786186816.392352,1786186816.5055115
2,1786186827.7025397,1786186819.7957902,1786186826.9205225,1786186826.9206884,1786186827.7019439,1786186827.8147364
3,1786186838.7472875,1786186831.1356146,1786186837.9819582,1786186837.9821198,1786186838.7466905,1786186838.8598742
4,1786186850.037693,1786186842.1336684,1786186849.254599,1786186849.2547765,1786186850.0370722,1786186850.1497936
5,1786186861.1563287,1786186853.5324092,1786186860.3646786,1786186860.3648422,1786186861.1557372,1786186861.3364677
6,1786186872.498393,1786186864.6210136,1786186871.7086873,1786186871.7088478,1786186872.4977949,1786186872.610821
7,1786186883.5494869,1786186875.9122586,1786186882.7532017,1786186882.7533667,1786186883.5488846,1786186883.7309358
8,1786186895.0957808,1786186886.997089,1786186894.288843,1786186894.2890074,1786186895.095195,1786186895.207898
9,1786186906.152753,1786186898.5255919,1786186905.3456566,1786186905.3458216,1786186906.1521516,1786186906.2656677
10,1786186917.5330424,1786186909.56495,1786186916.6406481,1786186916.640817,1786186917.5324662,1786186917.64534
11,1786186928.6479216,1786186920.9937541,1786186927.8538854,1786186927.8540525,1786186928.6473415,1786186928.7598414
12,1786186939.8195744,1786186932.0282893,1786186938.9533288,1786186938.9535046,1786186939.8189855,1786186939.931485
13,1786186951.181216,1786186943.1825256,1786186950.383942,1786186950.3841045,1786186951.1806264,1786186951.2932155
14,1786186962.1748319,1786186954.5695803,1786186961.3834732,1786186961.3836403,1786186962.1742475,1786186962.286834
15,1786186973.2542639,1786186965.6098611,1786186972.4841254,1786186972.4842927,1786186973.2536645,1786186973.3671713
16,1786186984.7611353,1786186976.7487206,1786186983.9719477,1786186983.9721158,1786186984.76056,1786186984.8733616
17,1786186995.9283044,1786186988.129688,1786186995.072404,1786186995.072577,1786186995.9277065,1786186996.039537
18,1786187006.9714959,1786186999.3766992,1786187006.1680777,1786187006.168253,1786187006.970906,1786187007.0852482
19,1786187018.3745785,1786187010.417348,1786187017.5843441,1786187017.5845108,1786187018.373993,1786187018.4864256
20,1786187029.4913704,1786187021.7554002,1786187028.6046429,1786187028.6048105,1786187029.490777,1786187029.6027906
21,1786187040.5258272,1786187032.8554156,1786187039.7265759,1786187039.7267425,1786187040.525238,1786187040.6376646
22,1786187051.593456,1786187043.9036093,1786187050.7105918,1786187050.7107618,1786187051.592871,1786187051.7049334
23,1786187062.701591,1786187055.066186,1786187061.8919399,1786187061.8921072,1786187062.7010043,1786187062.8135176
24,1786187074.0780742,1786187066.087678,1786187073.280638,1786187073.2808084,1786187074.0774944,1786187074.1912062
25,1786187085.2111309,1786187077.4828894,1786187084.3382747,1786187084.3384423,1786187085.2105606,1786187085.3223796
26,1786187096.5724852,1786187088.6170094,1786187095.774046,1786187095.774213,1786187096.5719047,1786187096.683227
27,1786187107.6900346,1786187100.0626307,1786187106.8906996,1786187106.8908653,1786187107.6894498,1786187107.8024964
28,1786187119.1567247,1786187111.1528625,1786187118.2840233,1786187118.2842069,1786187119.1561036,1786187119.26904
29,1786187130.2801223,1786187122.5308237,1786187129.499741,1786187129.4999068,1786187130.2795377,1786187130.3934772
30,1786187141.4214566,1786187133.6693153,1786187140.5587037,1786187140.5588758,1786187141.4209337,1786187141.5329974
31,1786187152.8340614,1786187144.8786454,1786187152.0353796,1786187152.0355456,1786187152.8334842,1786187152.9453228
32,1786187163.982572,1786187156.260674,1786187163.0963922,1786187163.096562,1786187163.9819763,1786187164.094956
33,1786187175.02779,1786187167.3964021,1786187174.2110655,1786187174.211239,1786187175.0272,1786187175.1403413
34,1786187186.2921498,1786187178.3951466,1786187185.5006332,1786187185.5007975,1786187186.2915368,1786187186.4043221
35,1786187197.4275885,1786187189.7489252,1786187196.5373504,1786187196.5375204,1786187197.4269931,1786187197.5397499
36,1786187208.8388314,1786187200.8881137,1786187208.0252588,1786187208.025422,1786187208.838242,1786187208.9520135
37,1786187219.9007585,1786187212.2107143,1786187219.1103199,1786187219.1104887,1786187219.9001746,1786187220.0130808
38,1786187231.2864263,1786187223.2703416,1786187230.417828,1786187230.417998,1786187231.2858136,1786187231.3977344
39,1786187242.3257453,1786187234.7121482,1786187241.5292432,1786187241.5294106,1786187242.325148,1786187242.4370964
40,1786187253.7859666,1786187245.728381,1786187252.9834738,1786187252.9836416,1786187253.785387,1786187253.8977852
41,1786187265.0263448,1786187257.1586766,1786187264.1492617,1786187264.1494386,1786187265.0257514,1786187265.1385005
42,1786187276.0263484,1786187268.382119,1786187275.2240922,1786187275.2242713,1786187276.0257385,1786187276.140228
43,1786187287.169594,1786187279.4591873,1786187286.2996595,1786187286.2998285,1786187287.1690128,1786187287.28173
44,1786187298.2397704,1786187290.55677,1786187297.418979,1786187297.4191413,1786187298.2391288,1786187298.3519464
45,1786187309.556364,1786187301.5913877,1786187308.7720292,1786187308.7722096,1786187309.5557814,1786187309.6681893
46,1786187320.7638948,1786187313.0053027,1786187319.889786,1786187319.8899677,1786187320.7633042,1786187320.8754168
47,1786187331.829464,1786187324.1858168,1786187331.021958,1786187331.0221243,1786187331.8288665,1786187331.943866
48,1786187343.1909363,1786187335.214403,1786187342.3925831,1786187342.3927488,1786187343.1903474,1786187343.3026721
49,1786187354.2962825,1786187346.5583506,1786187353.3785083,1786187353.3787515,1786187354.295761,1786187354.4081411
50,1786187365.6229198,1786187357.6635401,1786187364.7703004,1786187364.770463,1786187365.584098,1786187365.7347016
