Round,Evaluator,2,4,1,0,3
0,0,,,,,
0,1,,,,,
0,2,,,,,
0,3,,,,,
0,4,,,,,
0,Aggregated,,,,,
0,Centralized,,,,,
1,0,0.04748380628047075,0.045579418690569466,0.045096973676448625,0.04497762170264742,0.05541813536304166
1,1,0.04709782804919337,0.04548787011060545,0.045071850325250365,0.045231427004435346,0.05527453376709409
1,2,0.04666586704376008,0.04459398568001671,0.04395194795436182,0.04418610306769798,0.058393466279274255
1,3,0.04579391385437679,0.0452792757043999,0.04495052607041861,0.04512325882084927,0.05464296150340907
1,4,0.025992672316864012,0.06943476360572086,0.026333463943248026,0.026856469349918664,0.0446551342069489
1,Aggregated,0.033702745991530926,0.06972566739687068,0.0339588428372069,0.034963635103849484,0.04890403432278127
1,Centralized,0.033702745991530926,0.06972566739687068,0.0339588428372069,0.034963635103849484,0.04890403432278127
2,0,0.012563675917542745,-0.020153667604445164,0.03203777642496502,-0.019702814678697046,0.029300730256374453
2,1,0.021283925467503108,-0.025526594787252055,0.03293879993919791,-0.01877797774090776,0.027309912487344972
2,2,0.005146734270102456,-0.00501803475333364,0.030194167792679548,-0.013905063813471723,0.018607721284024784
2,3,0.006615098154861016,-0.007035622879370498,0.030801992894660457,-0.014169547401550507,0.014359046896571187
2,4,-0.0004347503777526185,0.031742987986280974,0.016569624361309997,-0.03306496203796881,0.01757416333325938
2,Aggregated,0.002219251709419288,0.027490284778452133,0.01608473686396103,-0.03007694887743493,0.016872955305161273
2,Centralized,0.002219251709419288,0.027490284778452133,0.01608473686396103,-0.03007694887743493,0.016872955305161273
3,0,0.030263898800633175,0.01168539139264823,0.01275670806224289,0.009437612892704597,0.012593607640148845
3,1,0.024087570466499546,0.016018631655865572,0.010395798352443416,0.0059770978706695285,0.0031080816304400053
3,2,0.022960318031826053,0.016674068972987743,0.01870991622513912,0.0033530854199528243,0.004788361315196897
3,3,0.020373559066209,0.009683281543301408,0.02208346646805005,-0.0015568132601195698,0.011039349091725674
3,4,0.016440948258250952,0.04487642446979614,-0.012918956281209485,-0.009892003960893552,-0.007634460463321857
3,Aggregated,0.019637192432803038,0.05553358256759164,-0.016774471375760255,-0.0015812961569095702,-0.008547647527305387
3,Centralized,0.019637192432803038,0.05553358256759164,-0.016774471375760255,-0.0015812961569095702,-0.008547647527305387
4,0,0.007247781874168674,0.005631353224308809,-0.02926265282883557,0.009659744838751708,0.007045048374398651
4,1,0.005094683488752097,0.004749914575747587,-0.02891531920200953,0.007680393642701866,0.010679572085182136
4,2,0.005207910914491022,0.004380634769882185,-0.023670977490163,0.008353084442417657,0.007146992054695069
4,3,0.005614906554308766,0.005841610879518901,-0.025141060277077795,0.008593173843964819,0.006882584606907268
4,4,0.002858974962850181,0.08424679561308503,-0.02835110077201879,0.003691363073609541,-0.011134170433309738
4,Aggregated,0.0007197269238694793,0.062441081261149764,-0.026310374898913632,0.0030128994898901778,-0.018531413111274143
4,Centralized,0.0007197269238694793,0.062441081261149764,-0.026310374898913632,0.0030128994898901778,-0.018531413111274143
5,0,0.006413843624809142,-0.0032285269150630876,0.004502699609342,0.0029269285672331707,0.006341233392896357
5,1,0.0015029443448175963,0.004491321674400426,0.005504341077585466,0.011185844567030218,-0.006890976862827644
5,2,0.004098302405825155,0.00042743291897290683,0.005366696295076541,0.008949020410940828,0.0020628458075960384
5,3,0.0037058814894647954,-0.0022575698079985457,0.006874118500773447,0.0114541085357757,0.003024373056153373
5,4,-0.01719072041569009,0.07569057837700928,-0.01810782406743943,-0.02736495506650522,-0.00822874023503853
5,Aggregated,-0.01103821416710551,0.05570416603110687,-0.008489237677084012,-0.014923693390593703,-0.006737828940160343
5,Centralized,-0.01103821416710551,0.05570416603110687,-0.008489237677084012,-0.014923693390593703,-0.006737828940160343
6,0,-0.002426208903162805,0.002165090380266658,-0.004198952343715712,0.0031096674269223625,0.00198390022535293
6,1,-0.007006261902670379,0.00854269878632456,0.005085986678494515,0.00461602610456666,9.11454151252609e-05
6,2,-0.004680026834345537,0.0017663963942620097,-0.0026201175947500976,0.003603492746955547,-0.0009854707648952706
6,3,-0.0043578440974659785,0.0031725794045990444,-0.002473447098603503,0.002911707495194756,0.0029032399676701274
6,4,-0.022102038584964852,0.09636248614104022,-0.02213125320456575,-0.016220268785551523,-0.014840295188483859
6,Aggregated,-0.015897355792633436,0.08006528508139997,-0.025205830222746983,-0.007999421962978448,-0.019627513009341565
6,Centralized,-0.015897355792633436,0.08006528508139997,-0.025205830222746983,-0.007999421962978448,-0.019627513009341565
7,0,-0.0007629103941154893,-0.001427266886817182,0.0005716022276030307,-0.0015714793086344177,0.003455768145720454
7,1,-0.006018987567880409,0.00019688808786832898,0.0050855760427942895,0.00279056817801862,0.004880981261787054
7,2,-0.001086279910499712,-0.0022048334736902977,0.0013101358738080724,-0.0007781035757412153,0.003043633639623891
7,3,-0.004650304933442402,-0.0005740760762630905,-0.0007726402102913643,-0.001019755304374237,0.007319842322893997
7,4,-0.02399611725851595,0.09332593222271796,-0.022489953662515393,-0.021166761509319232,-0.02015544009761888
7,Aggregated,-0.018367102630845192,0.07521296139770743,-0.020069454187152617,-0.01325062346430449,-0.021159222137361284
7,Centralized,-0.018367102630845192,0.07521296139770743,-0.020069454187152617,-0.01325062346430449,-0.021159222137361284
8,0,0.0010581223123583977,-0.001490590600285266,-0.0027315277491100722,-0.0014101432327183056,0.00209347344413618
8,1,-0.008070299933083178,0.00029701051938979816,-0.0012971442105398328,-0.003701774791921609,0.001059901319162317
8,2,0.0006570398229039015,-0.0024506361410314833,-0.004087190294491134,-0.0006025787018849306,0.0034275959260180833
8,3,-0.0035704811854272963,-0.0020166429725925446,-0.0005898051726812912,-0.004942904073911383,0.006786141961960401
8,4,-0.02157571542442847,0.09409584017896654,-0.028241320357333805,-0.022365033150007867,-0.021033069958695624
8,Aggregated,-0.012290209800495453,0.07801536113841517,-0.028847167680815477,-0.01160236843588732,-0.02437733635250945
8,Centralized,-0.012290209800495453,0.07801536113841517,-0.028847167680815477,-0.01160236843588732,-0.02437733635250945
9,0,0.00013170528154918815,0.0016960877166914052,0.0012842764564478905,-0.002048428472040855,0.002050926180322521
9,1,-0.006886233231200005,0.0022325298279640047,0.004177758036568099,-0.0012117087998841046,0.006750889375072927
9,2,0.0016721420166427442,0.0024525870558428225,0.0005070415372205086,-0.001177591055678227,7.397030625564312e-05
9,3,-0.0037963454877345455,0.0009588988022121797,-7.105176253075866e-06,0.000884304869790505,0.005623886218341148
9,4,-0.022679281341660078,0.10147666501702693,-0.02649174885332343,-0.027602017273809277,-0.024666775407673636
9,Aggregated,-0.010058756914330556,0.08662816909207888,-0.020924765215385017,-0.018433870742549652,-0.03171691988414646
9,Centralized,-0.010058756914330556,0.08662816909207888,-0.020924765215385017,-0.018433870742549652,-0.03171691988414646
10,0,-0.00045756802548880816,0.0007806406500911679,0.002746806788289811,-0.0003283668177042361,-0.0007660056965788429
10,1,-0.006981409265169266,0.00463282016092086,0.0062552549558001725,0.004292318677460591,-0.0069606276887807005
10,2,0.002392753745730056,-0.0003502432715155444,0.003040101911788349,0.0017083359238051691,0.0007685188489757762
10,3,-0.004394984608514246,-0.005705775263288332,0.003927350197005858,0.005362544314000961,0.0026935280184622757
10,4,-0.025478797493768617,0.09898323395000191,-0.024164687090955525,-0.01927494339566869,-0.0240729277936876
10,Aggregated,-0.01318985986806496,0.08215504514775236,-0.02038728734677028,-0.02712081150781195,-0.01772271702666004
10,Centralized,-0.01318985986806496,0.08215504514775236,-0.02038728734677028,-0.02712081150781195,-0.01772271702666004
11,0,0.014009782430695778,-0.022072542711835282,-0.0030506532201807343,0.013239670317147437,-0.0009729875037881947
11,1,0.011414910396351598,-0.019996229459037437,-0.00408687157347366,0.015444651384878706,0.005289660729966005
11,2,0.01071882888575383,-0.022708072464341887,-0.0031541578693238073,0.009933858776770877,-0.003313430156488643
11,3,0.0159769899490566,-0.02382450441797534,-0.003768441343104756,0.01773761149938701,0.006827697710133454
11,4,-0.014676407285823749,0.07146221800183411,-0.02454733873448071,-0.014157861324771577,-0.018183124104879454
11,Aggregated,-0.011706907546880278,0.06334789246406783,-0.014336540532531224,-0.013373265383423235,-0.02400974175998729
11,Centralized,-0.011706907546880278,0.06334789246406783,-0.014336540532531224,-0.013373265383423235,-0.02400974175998729
12,0,0.010058154635325951,0.0049762421979451755,0.008492590192366091,-0.0027313760849416798,0.00890362309125803
12,1,0.004174973393602736,0.005048573815303117,0.008462659009680178,-0.0030891134601727386,0.0032838092563157394
12,2,0.011732356648028514,0.0056836278057687244,0.0099916377581392,-0.00028281690957438117,0.008708648456197277
12,3,0.004007898473786116,-0.002604992332082038,0.003796513724947987,0.001350022050830647,0.008586678563161235
12,4,-0.013091571208019301,0.08469158287899435,-0.014190193208464557,-0.02240924204347491,0.0037503532948661507
12,Aggregated,-0.00549033858132531,0.06524848743406023,-0.005834604412304824,-0.01514081525531686,0.006388589741231436
12,Centralized,-0.00549033858132531,0.06524848743406023,-0.005834604412304824,-0.01514081525531686,0.006388589741231436
13,0,0.000773900052651295,0.0014831987339351872,0.001023626940559011,0.0009014906784726217,-0.0009322186618956933
13,1,-0.0048688825059675,0.001433612180262712,0.002779893264291251,0.00017003865842448267,0.0038343725433338193
13,2,0.0026554168058100366,-0.0005464089429617541,0.00243492992274639,0.0021170123438295396,-0.0012953678603786684
13,3,0.011419483371807088,-0.0029015870780881637,-0.00042773852011035544,0.0021513661992116806,0.008992775462270682
13,4,-0.006791660027139957,0.07021127052457855,-0.0207550134430852,-0.02775333120129466,-0.013919108156328814
13,Aggregated,-0.011816817176040103,0.05907763017511016,-0.011022960404608298,-0.01791139204689203,-0.02127069440391842
13,Centralized,-0.011816817176040103,0.05907763017511016,-0.011022960404608298,-0.01791139204689203,-0.02127069440391842
14,0,-0.0011685122198603847,-0.00017129990716934312,-0.0015809686054168936,0.00016445861980668534,-0.0005105983201543707
14,1,-0.005470022427498692,0.004131870153601195,-0.0044722636839654,0.0036857150301209144,0.006130114419369231
14,2,0.0010992266133841929,-0.0030677990713897808,-0.004444766022426061,0.002884477888479169,-0.002187862994747854
14,3,-0.0004272555434457879,-0.005486705618553681,-0.006088069017671013,0.0030067581654894555,0.004248604635207248
14,4,-0.017839829688679983,0.062132556489042735,-0.025419018331667063,-0.008831558010936024,-0.01365826451699122
14,Aggregated,-0.015431253323150068,0.05239793122169085,-0.013918100519341314,-0.011325687105788932,-0.022178282680026216
14,Centralized,-0.015431253323150068,0.05239793122169085,-0.013918100519341314,-0.011325687105788932,-0.022178282680026216
15,0,0.0014589620385436985,0.003690890687287182,0.0019639055857556347,-0.0062336784033545515,0.001107087410710758
15,1,-0.002282403490170031,0.004559154063035828,0.004565637828167033,-0.005088421818661194,0.006392303152523269
15,2,0.0031039974011363345,0.003037923927923694,0.0036356474357975613,-0.0066704338199661,0.0009867904261127852
15,3,0.004642172229940942,0.0011147589089392322,0.003047836835470538,-0.004045835500884197,-0.0023259845331206944
15,4,-0.00831060116517641,0.05195564201678891,-0.0023317174683691044,-0.020807374084411318,-0.014416781002148731
15,Aggregated,-0.006995269953869387,0.052643461732036524,-0.004781139434459803,-0.019493649658134937,-0.01785235540600606
15,Centralized,-0.006995269953869387,0.052643461732036524,-0.004781139434459803,-0.019493649658134937,-0.01785235540600606
16,0,-0.0013814027645852323,-0.0006101484502655888,0.0010572857857683905,-0.001562170968025282,0.0017183383007508962
16,1,-0.006265365180480808,0.0012218614037307904,0.0015737705692918482,-0.007238454150005522,0.0034206283159112605
16,2,-0.0016262217080197751,-0.0008398029816101465,0.0013630214062499229,-0.0018824450051602862,0.001234135521525495
16,3,0.0017258813501158413,-0.004622970928438488,0.007740809599280899,-0.005457596754510357,-0.0007410109066433172
16,4,-0.009893826228166003,0.0544704638689872,-0.0009283877832920959,-0.02128284961896793,-0.026732398546905223
16,Aggregated,-0.01007780241875971,0.05188507620678699,-0.006838851604721226,-0.009767048967928006,-0.01726368826568079
16,Centralized,-0.01007780241875971,0.05188507620678699,-0.006838851604721226,-0.009767048967928006,-0.01726368826568079
17,0,-0.00030970825213072207,-0.0005018360763668693,0.002159583604291464,0.0010490166938146056,-0.002423894766522098
17,1,-0.0033617281789610227,0.0018663711526201332,0.0029661964446862253,0.0011592887076305486,-0.002480236426913397
17,2,0.0013438012193554818,0.0008124968417173704,0.002100838811334274,0.001378508176232208,-0.0059692087841519085
17,3,-0.0020822031695898607,-0.014208860406322524,0.0006471151751960604,0.0029753550683422336,0.00028635633483969913
17,4,-0.011948383038810573,0.044289354117357536,-0.0044242233170576515,-0.01539585879284271,-0.012855405562946195
17,Aggregated,-0.010912888544636316,0.042774613645485744,-0.005115020338069247,-0.012661003170228176,-0.01437032706604043
17,Centralized,-0.010912888544636316,0.042774613645485744,-0.005115020338069247,-0.012661003170228176,-0.01437032706604043
18,0,-0.0010379700829631947,-0.004069637933952832,0.001508328285538856,0.003634960295841331,0.0015690099211149362
18,1,-0.0019340270365150716,-0.004789721082774578,0.0010137717889000966,0.00558374374654077,0.003162441963775776
18,2,-0.00392271236175733,-0.0010577879623661338,-0.002058936815059779,0.004807597244087735,0.004604735168768523
18,3,0.00022081275603439977,-0.002938183542662239,0.004550004529597311,0.00783666968034399,0.0043046157343694024
18,4,-0.016156009148153384,0.039554204184363624,-0.006265548524516402,-0.004099964998168305,-0.004949077622585178
18,Aggregated,-0.011708668559970721,0.03881483711806273,-0.01005181926421509,-0.008768693271506981,-0.01081095555952762
18,Centralized,-0.011708668559970721,0.03881483711806273,-0.01005181926421509,-0.008768693271506981,-0.01081095555952762
19,0,-0.00033363864293500524,-0.002687263907312426,-0.0016610154335500885,0.0022338537759178222,0.002077910514184057
19,1,-0.0038474711341324897,-0.00041874919061851885,-0.0032446489413744412,0.003290577829347661,0.003284665804694741
19,2,-0.0010777070831935057,-0.002761058065704962,-0.006081664067382725,0.0028368863218286937,0.001378932330463368
19,3,0.0010809541261133768,-0.005022471182345645,-0.0035950632441771485,0.005073950366239324,0.00257488767512362
19,4,-0.00896081590345473,0.037298283545152154,-0.02230441958970856,-0.001384330218880405,-0.00754188830146637
19,Aggregated,-0.009520272691478556,0.04208900127244617,-0.012752656907925137,-0.004849179123990157,-0.009934061543816826
19,Centralized,-0.009520272691478556,0.04208900127244617,-0.012752656907925137,-0.004849179123990157,-0.009934061543816826
20,0,-0.0008891954774994853,-0.003141789814982764,0.0019243225969386055,0.003229079358393088,-0.0008344615129259751
20,1,-0.003259936419379077,-0.0019434663613577994,0.002174062862267744,0.004385718127787509,-0.0005625806409754639
20,2,0.0017937283443189048,-0.0015091832792768823,0.00019452733005907163,0.002966519120235849,0.002330868026619104
20,3,0.0006742679740169927,-0.006257031544921636,0.001771259642422519,0.0035481318177891046,0.0007737171831286572
20,4,-0.007447496680393322,0.035009155628216854,-0.008698559107990807,-0.006078534911653788,-0.009995106151836217
20,Aggregated,-0.009306950517358222,0.03782497234959857,-0.009747653349261072,-0.007836980877511886,-0.010836214875141541
20,Centralized,-0.009306950517358222,0.03782497234959857,-0.009747653349261072,-0.007836980877511886,-0.010836214875141541
21,0,-0.0005785414946010305,-0.0013426623040774864,0.000540242546610284,-0.0005817657799752046,0.0012310810387138494
21,1,-0.0026225809517929485,-0.000606633402552717,-0.0002582739140839313,-0.00029103739820704835,0.002530189709531705
21,2,-0.003324076298116647,-0.001769428387770805,-0.0011456383881029476,-0.0009921409275282882,0.0017323723661088568
21,3,8.957842794848717e-05,-0.005169333473490936,0.0012983568774035698,0.0010808259095648179,0.0012355681641422597
21,4,-0.009857968144640376,0.03347351379780593,-0.007668508705825239,-0.007706442223344132,-0.009278320674244719
21,Aggregated,-0.010411244309523912,0.0394311327143584,-0.007475145378638655,-0.009844029218833927,-0.012494804825687645
21,Centralized,-0.010411244309523912,0.0394311327143584,-0.007475145378638655,-0.009844029218833927,-0.012494804825687645
22,0,0.0024658238032917953,-0.004515582417791259,0.0025772630967608686,0.0006862488398744528,0.0030306591652915493
22,1,0.0015547006175108847,-0.004317185714552374,0.0037114928356623026,9.481162045926102e-05,0.004174429729551591
22,2,0.004783461349152136,-0.006579219378517862,0.00273732553992515,0.0025902404562176593,0.006547070987403938
22,3,0.003279420098100999,-0.00579267664744917,0.0021410316402906407,0.0020747693236102854,0.0037200012123572703
22,4,-0.005483275920539889,0.029926653246126044,-0.0036024835563362918,-0.007682396728416151,-0.005262134252636377
22,Aggregated,-0.007774640127733217,0.034747816587440555,-0.006430929234884602,-0.008389338351465946,-0.007880420253861778
22,Centralized,-0.007774640127733217,0.034747816587440555,-0.006430929234884602,-0.008389338351465946,-0.007880420253861778
23,0,0.000952981578119679,-0.005629234998254268,-0.00014769061551120252,0.0010730439389505483,0.0004303636959994519
23,1,-0.001479095453900057,-0.0031943417967805624,-0.0008852132342163745,0.00014210567905408405,0.0009759767107622664
23,2,0.0007139800596212118,-0.002501003606048516,-0.003458051230493556,-0.0022936669309087223,-0.002307242576344577
23,3,-0.0007298869096445254,-0.011995920582997501,0.0005531618557110448,0.001146729414357649,0.005982100473803607
23,4,-0.009056925636736522,0.02821119552066846,-0.010762323171935206,-0.009470502142198894,-0.007283084490160306
23,Aggregated,-0.00472980083820551,0.03104774745836255,-0.010138323135327,-0.006620687658783138,-0.012467706771052725
23,Centralized,-0.00472980083820551,0.03104774745836255,-0.010138323135327,-0.006620687658783138,-0.012467706771052725
24,0,-0.0006088132155189931,-0.0030054065419838,0.001120867477716043,0.0036978983499320263,0.00011801434036215752
24,1,-0.001421224059856378,-9.381453494512748e-05,0.00017107577803560556,0.0024898483548946213,0.0005375251853344531
24,2,-0.0009398708585972582,-0.0008644812759427412,-0.001439720126885688,0.003918747869502299,0.0012494168585066485
24,3,-0.002852310776787066,-0.007857149165626836,0.0034018689913338654,0.006852716094610672,0.0027522723395025706
24,4,-0.010209983035040266,0.02724825325497942,-0.005161427584461123,-0.00255024619577041,-0.004425911566929201
24,Aggregated,-0.00798389252941052,0.034157551099764705,-0.008470879174883676,-0.00423693634850833,-0.01002863925490192
24,Centralized,-0.00798389252941052,0.034157551099764705,-0.008470879174883676,-0.00423693634850833,-0.01002863925490192
25,0,0.0011065022702420205,-0.004431651105657536,0.001075754958596739,0.0005184875956402639,0.0007870952769374439
25,1,0.00027034347170648196,-0.0013356176168987923,0.00026501763412167443,0.00015074344963912726,-0.00026596389775169484
25,2,0.0006003473016006493,-0.00035138750213652983,0.0012104200600456536,0.0019417486650870675,-0.00015411892491184928
25,3,0.0023461398112716416,-0.00897234267471265,0.0013895615673493891,0.0017539002095969555,0.001987212884339189
25,4,-0.007270235776849445,0.03185232777170941,-0.008433707769967573,-0.007844699594624353,-0.009425523926348182
25,Aggregated,-0.009080448797388932,0.03251406486415721,-0.0058085229318657694,-0.0075036213523796665,-0.011100582281870263
25,Centralized,-0.009080448797388932,0.03251406486415721,-0.0058085229318657694,-0.0075036213523796665,-0.011100582281870263
26,0,0.0013490074589450275,-0.004185420236243762,-0.00017047595645994413,0.002508204643301054,0.001393696897618991
26,1,0.000390017016555876,-0.0006872805856896647,-0.0007967060100800126,0.0014742291520455568,0.00032078634583556455
26,2,0.0017254494833122572,-0.0010441031241151468,-0.00040053833811615945,0.002107294828387463,-0.00035616031177529244
26,3,-5.276142183462951e-05,-0.008295193427748338,0.0009627904689110826,0.003898885177755515,0.004574516591020466
26,4,-0.008158545550442707,0.03141185067655387,-0.010036058026253245,-0.004946838140051696,-0.00728720248374557
26,Aggregated,-0.0038963095898672966,0.03163739054307664,-0.007593225137270243,-0.009080355498535113,-0.010033209370821196
26,Centralized,-0.0038963095898672966,0.03163739054307664,-0.007593225137270243,-0.009080355498535113,-0.010033209370821196
27,0,-0.00041754471635810917,-0.0021861554132770198,0.001377083461329942,-0.0010278644629628944,0.0019185316075872585
27,1,-0.0009413140972627335,0.0009422963011843644,0.0006701553872886004,-0.0022790756186661792,0.001298256997493465
27,2,-0.00014767249533812477,0.0008656471035964332,-0.0005790575468934097,-0.002595696350214233,0.0014261496158926384
27,3,-0.002518788373422426,-0.0072630517312608335,0.003261157437317308,-0.0003370026083227423,0.005517977790040869
27,4,-0.010106580591946834,0.032642903597812474,-0.005477227216264021,-0.010472100883132876,-0.006087464082051571
27,Aggregated,-0.006966548870276929,0.03285526101370949,-0.0072591122492365245,-0.010418762477235602,-0.007956543170255024
27,Centralized,-0.006966548870276929,0.03285526101370949,-0.0072591122492365245,-0.010418762477235602,-0.007956543170255024
28,0,-0.0007476810015822316,-0.002911677360600261,-6.359668230824326e-05,0.0003520466385467639,0.003777793513436677
28,1,-0.0012948866111689957,0.00014543905467455284,-0.000710011542055324,-0.0001965560143806694,0.002498008176805593
28,2,-0.00020284213043361514,-4.617157872343532e-05,0.00038794443944124103,-0.0006281846048863606,0.0012720176071035825
28,3,-0.0036057427315472883,-0.008521380328942217,0.0015759824343460737,0.002204646423979765,0.01032857035896052
28,4,-0.010024891888937352,0.031764948410834395,-0.0073867116048885505,-0.007694095514519132,-0.0037625347902119116
28,Aggregated,-0.008196865700754912,0.03127492280883283,-0.006639361482845606,-0.007593110971719467,-0.007016136294602134
28,Centralized,-0.008196865700754912,0.03127492280883283,-0.006639361482845606,-0.007593110971719467,-0.007016136294602134
29,0,-0.0007636673070917144,-0.0019337334450602464,-0.0006887314879664856,0.00255916902662509,0.0010200574319336269
29,1,-0.0011860037606657048,0.0012404696957888576,-0.001634336749411642,0.0016211117719693783,0.00027727036284174074
29,2,6.055722130712075e-05,0.0004792950079634095,-0.0012964652966828813,0.0016651049855895708,-0.0010795783209976502
29,3,-0.004679074861765486,-0.007683302544508521,-0.004731910690854545,0.008498752279544294,0.008003891174371327
29,4,-0.008663538909453332,0.03431412200225995,-0.010474298918746506,-0.0066763341139009485,-0.008303358180161553
29,Aggregated,-0.007273916018372379,0.03351640560847202,-0.009248400309679739,-0.00594665290047984,-0.01038400758705124
29,Centralized,-0.007273916018372379,0.03351640560847202,-0.009248400309679739,-0.00594665290047984,-0.01038400758705124
30,0,0.0011041272591411993,-0.003565982355862109,-0.00013541100015258914,0.0026816072958635666,0.0011575728119686212
30,1,-0.0008930281690984929,-0.0018498937712682249,-2.4212238865264914e-05,0.0025732793080789776,0.0013789175684579
30,2,0.00084821701674343,-0.00045420481175769225,-0.0012691909588818328,0.0016121704984956955,7.2204905189573084e-06
30,3,0.0028497029805416483,-0.008748185135605307,0.001434998826804798,0.004158974106726064,0.002071711740524562
30,4,-0.004849796620671115,0.031222878307442532,-0.00906977330801916,-0.007052738239151537,-0.007998440698175879
30,Aggregated,-0.0052962262397392565,0.03104633037376912,-0.008106756361308077,-0.005735430357460461,-0.010636716937546227
30,Centralized,-0.0052962262397392565,0.03104633037376912,-0.008106756361308077,-0.005735430357460461,-0.010636716937546227
31,0,-0.0003218924633252906,-0.0038984118796863707,-0.0004127731044836778,0.0005862922551684941,0.0026039432634845363
31,1,-0.0007695935237898938,-0.00235595838360722,-0.00048011332003094023,0.0002749239083840967,0.0017811497162374132
31,2,0.0003810272087672012,-0.0027000559163117767,-0.0008668400002987668,0.0005360303732799758,0.001774572069804333
31,3,0.0009798909307027583,-0.008784342772817016,0.000697447866683489,0.002021587982761087,0.003421356969901674
31,4,-0.008232324421563547,0.03500420279319849,-0.00895087652360893,-0.009085230218941271,-0.00970371508358849
31,Aggregated,-0.007431269974425783,0.03288293251231921,-0.00814687659529237,-0.008104242183431077,-0.010217636849557284
31,Centralized,-0.007431269974425783,0.03288293251231921,-0.00814687659529237,-0.008104242183431077,-0.010217636849557284
32,0,0.0010825487432647902,-0.002764575300446423,0.00021635192632510347,6.343659308030251e-05,0.0030882577557959645
32,1,-0.00118180361216881,-0.0007654022882352294,0.0004952607549598106,0.0003233027421771515,0.0030008508650052113
32,2,0.0005762576911675662,-0.0004042297127952436,-0.0010543370328565838,-7.914860116190192e-05,0.002050946941290337
32,3,0.0024047846332946893,-0.0073290181218904306,0.0015146010600904202,0.0011572150311714362,0.004197546618642399
32,4,-0.0074043679518366315,0.036132027405882707,-0.01016031977133729,-0.010112051426882354,-0.006696782292310613
32,Aggregated,-0.00741900190293425,0.034494715615229425,-0.008207256326872995,-0.00827939765884595,-0.00876905223719229
32,Centralized,-0.00741900190293425,0.034494715615229425,-0.008207256326872995,-0.00827939765884595,-0.00876905223719229
33,0,0.0014764909183164745,-0.004166604706971912,0.00022656024626686774,0.0003150244149606222,0.0020489084943423968
33,1,0.0004142861670014625,-0.002406823061477294,-0.0002001968962670288,-0.00037396002123485925,0.0013942482596756604
33,2,0.0012436707613463261,-0.0011012515616173567,-0.001169878328240559,2.8254126020190357e-05,0.0005165500715721971
33,3,0.0028692456116299727,-0.009256493313946223,0.0012496418079307986,0.0012635797339962645,0.0027107835827149835
33,4,-0.009570961904776288,0.039163680680177726,-0.010596378477448872,-0.010955690049076396,-0.008706055735186121
33,Aggregated,-0.0072823791390768285,0.0350235687830625,-0.008635447613506998,-0.008313923316819745,-0.010638564778066262
33,Centralized,-0.0072823791390768285,0.0350235687830625,-0.008635447613506998,-0.008313923316819745,-0.010638564778066262
34,0,-0.000650510556337942,-0.003841623478290253,0.001248424270504713,-0.0003098143629170639,0.0015118579736201057
34,1,-0.0012256536424097334,-0.0019541054721015955,0.0008521834634288535,0.00020356073504160336,0.0012696364007123808
34,2,-5.6106859585249484e-05,-0.0010095298924232498,-0.0005871398661233716,4.086782999073446e-05,0.0006616420383780186
34,3,-2.0994366668948086e-05,-0.00916695737240462,0.002531433821106981,0.0010757049188640955,0.004000511781960905
34,4,-0.010578050219618051,0.03759059518161688,-0.00863125422382043,-0.010682072476714577,-0.008658064226776828
34,Aggregated,-0.009306877366789435,0.03430733189959542,-0.007343832422011879,-0.009560431024954302,-0.009443984724284763
34,Centralized,-0.009306877366789435,0.03430733189959542,-0.007343832422011879,-0.009560431024954302,-0.009443984724284763
35,0,0.0006881518610935935,-0.0005362637544291383,0.0010692209490459265,-2.8653711876301205e-05,0.001077912165634549
35,1,0.000502458598925141,-0.0007317862653359384,0.0005278169877177534,-0.0001058281847798298,0.000983791329491481
35,2,0.001194314567873714,-0.00015262568181688326,0.0008281261925399232,0.0003094608425564675,-0.0008449815216978499
35,3,-5.920480195378367e-05,-0.00747890299601782,0.0035957271702251417,0.0023040309061921893,0.0038021487444443772
35,4,-0.0091006902090893,0.04073287575079691,-0.00780938720404086,-0.01041511914324545,-0.009958936419824479
35,Aggregated,-0.0068548611636134425,0.03912327477154655,-0.006430363092751167,-0.008738582038333895,-0.00932589839746936
35,Centralized,-0.0068548611636134425,0.03912327477154655,-0.006430363092751167,-0.008738582038333895,-0.00932589839746936
36,0,-0.0018312070123451356,-0.0013757042855405226,0.00045067638096642215,0.0005712199934372655,0.001413867227146065
36,1,-0.0015763867420919332,-0.001427036289030843,0.0005251419004365839,0.0006715975760051424,0.0014846096039909339
36,2,-0.0011405683451621315,-0.0015147011626856842,0.00026518563018239626,0.0006290087504156725,0.001220933156782324
36,3,-0.004677138170146155,-0.006902413804728724,0.0024124872374975165,0.002737056301675153,0.006045751285686878
36,4,-0.010504273102319921,0.04304054509402969,-0.008750734851522708,-0.010463407544035965,-0.009911910062004148
36,Aggregated,-0.008974173377845906,0.040404853412662624,-0.007426703371946877,-0.007952515364876891,-0.007688717481626885
36,Centralized,-0.008974173377845906,0.040404853412662624,-0.007426703371946877,-0.007952515364876891,-0.007688717481626885
37,0,0.0018535699886847935,-0.0017740453219249072,0.0008762907298637388,-0.0007300286040038841,0.0005022128901390875
37,1,0.001528894512215411,-0.0022421435476069904,0.0010517034188975696,-0.00033302280485252115,0.000792526055346122
37,2,0.0022055749190672464,-0.0016958457153045336,0.0008516360628372623,-0.00029802846068854307,-0.0005793372579769436
37,3,0.004384612030461718,-0.009827368135369097,0.002863005922802565,0.000992872971305516,0.002467207099198886
37,4,-0.004738272210306827,0.04192387245180235,-0.010312495679459912,-0.012640999353819213,-0.012335574789432969
37,Aggregated,-0.005363262894662719,0.03842057050301772,-0.008816192559906602,-0.010844066588032837,-0.010307019094352185
37,Centralized,-0.005363262894662719,0.03842057050301772,-0.008816192559906602,-0.010844066588032837,-0.010307019094352185
38,0,0.0008558810918265159,-0.0008806245136797351,0.000688376500035683,0.0005969349320187926,-0.0012174199966241796
38,1,0.0006684947299687003,-0.0011681083120399292,0.0006471062282272122,0.000335085919281856,-0.0012805361994374302
38,2,0.0009052418470444662,-0.001226848313137377,0.0006495437061468083,0.0003553144406113466,-0.0006271092581323097
38,3,0.0030611077961760036,-0.008735578984269117,0.0027693658098220763,0.0023339433401436322,0.00023120603739740323
38,4,-0.008785614392103238,0.04459854185085801,-0.008183191667469785,-0.009128197135069087,-0.015082866476405372
38,Aggregated,-0.007174156739241311,0.040295549433425136,-0.007463141302231933,-0.008061552433524502,-0.011518027428018418
38,Centralized,-0.007174156739241311,0.040295549433425136,-0.007463141302231933,-0.008061552433524502,-0.011518027428018418
39,0,9.748847988985584e-05,-0.0002670094608192388,-3.922230471194721e-05,0.0003026143172049023,0.0004150715694049373
39,1,0.0010699707970500858,-0.0014470639550058747,9.882450259305619e-05,0.0008682086462251049,0.0008833861818519676
39,2,0.0009133170227409671,-0.0016213601934895053,5.6540140205812066e-05,0.0004830432025391629,0.0007374259246812333
39,3,0.003111996522174739,-0.009318913945537782,0.002071744986742886,0.0027501498166526825,0.002764082791964374
39,4,-0.010279375795690136,0.04892947860291128,-0.011507911035790002,-0.011010982344655307,-0.010292695719446583
39,Aggregated,-0.007754113983323426,0.040392228892996825,-0.008778462497108692,-0.008185396721298994,-0.008628425281327227
39,Centralized,-0.007754113983323426,0.040392228892996825,-0.008778462497108692,-0.008185396721298994,-0.008628425281327227
40,0,-0.00021397398269380844,0.0006529649887013895,0.0005335327313553166,-3.168926126142224e-05,-0.0011980368395665233
40,1,-4.7749047481951415e-05,-0.0007920789432038157,0.0005869310252451539,0.00013834839311002896,-0.0010367036496936395
40,2,0.0002601773753739461,-0.0009394169006767576,0.00044326615653472365,0.0002737906710313015,-0.0005918257726946245
40,3,0.001977220734589285,-0.008445069044005188,0.002808125435168609,0.0021856650168670575,0.0003365650773651113
40,4,-0.010394228325594472,0.04977197104279379,-0.009975074194087153,-0.010348515759065617,-0.011414067260453747
40,Aggregated,-0.008442728364925852,0.04115232534927734,-0.0076815114847693855,-0.008275221367262523,-0.009941087056314706
40,Centralized,-0.008442728364925852,0.04115232534927734,-0.0076815114847693855,-0.008275221367262523,-0.009941087056314706
41,0,0.0006140487427759023,0.0003703243732905888,-0.0005523634703390226,-5.35620808880255e-05,-0.0003784475648394431
41,1,0.0010051754061573344,-0.0009656025119239455,-5.230970182763528e-05,-1.10580114159801e-05,2.3794819010226435e-05
41,2,0.0005630760127919752,0.00031322635370847803,-0.0005008980191971167,-0.0001178796535073153,-0.00025752469379602125
41,3,0.0027671899802680358,-0.00637827650066165,0.0009327809712470806,0.0014977910136789627,0.001406942087775521
41,4,-0.007365830474284722,0.05169200116995976,-0.008625382347346314,-0.008092456933742064,-0.008476424843091229
41,Aggregated,-0.0070737005342946585,0.04140838704363884,-0.008432387419960915,-0.008068934783238505,-0.008719328083374268
41,Centralized,-0.0070737005342946585,0.04140838704363884,-0.008432387419960915,-0.008068934783238505,-0.008719328083374268
42,0,0.0004974874009379654,-0.0003167854433395206,0.000165320768592947,-0.00035408565397925716,0.00015007748147842688
42,1,0.0007241925954247256,-0.0018687947073010775,0.000713294289768258,0.0004355594171163842,0.000846120006603653
42,2,0.0007919885718295882,-0.0002651296542967428,6.210074492183914e-05,-0.0003036293086760594,2.601643921220457e-05
42,3,0.002348347155625505,-0.005620887848517739,0.0015261744941672225,0.0009828241498588788,0.0014089416408328244
42,4,-0.010796773570839736,0.04719253294238456,-0.011862851225016926,-0.012148437377904841,-0.011796463301076658
42,Aggregated,-0.008980999689522883,0.03920341310376567,-0.009551038265524529,-0.010062107742881524,-0.010063406120992066
42,Centralized,-0.008980999689522883,0.03920341310376567,-0.009551038265524529,-0.010062107742881524,-0.010063406120992066
43,0,-2.9993217724737693e-05,0.00031644989192747275,-0.000740088433504621,-9.364042721802153e-05,0.00031908288876781693
43,1,0.00028319504961123176,-0.0013495649488142563,-0.00013644789257497938,0.00010129346224459675,0.001101524329533407
43,2,0.00033396000990528195,0.0002006218790731068,-0.0007605622915065862,-0.00027321350583398664,0.0003448685375150982
43,3,0.0016303571536579668,-0.004784219095344286,0.000189131074730603,0.0009346651350011244,0.0018767812434229028
43,4,-0.008306938123398439,0.05079346890803953,-0.009562223465160917,-0.008856222521495148,-0.008366727095499838
43,Aggregated,-0.008431784750280735,0.040436299284145924,-0.009843812310670828,-0.009337787339148597,-0.008868672766286504
43,Centralized,-0.008431784750280735,0.040436299284145924,-0.009843812310670828,-0.009337787339148597,-0.008868672766286504
44,0,0.00019886711584386855,-0.00034531400841077977,0.00041356113104462725,-1.5154452137348489e-05,0.00020424022443264373
44,1,7.810849962154679e-05,-0.0018907109231319395,0.0007649549545946293,0.0004834243273628654,0.000564223141552898
44,2,0.00041615423896289766,-0.00030895596988954793,0.00019366325752576594,-0.0001206161780995298,-0.00018024534849958584
44,3,0.0017122326258920434,-0.005522488455068245,0.0015031192596221801,0.0012603905678661089,0.0012000304902196038
44,4,-0.011266160779893678,0.04661176002727939,-0.011271135390548562,-0.011725104624252984,-0.011970771041184651
44,Aggregated,-0.00888752710527784,0.0381904220871357,-0.009219275225072926,-0.009643304999282561,-0.010243401166824017
44,Centralized,-0.00888752710527784,0.0381904220871357,-0.009219275225072926,-0.009643304999282561,-0.010243401166824017
45,0,0.00023310729785221417,0.0004537102114781764,2.511446967365383e-06,-0.0009929700650109388,-6.638415799829952e-05
45,1,0.0003759472102414572,-0.001389225671050462,0.0003633970163341225,-0.00038915374027223375,0.000412937890153441
45,2,0.00031384055399934495,0.00041886483700679565,-0.00021987600592414115,-0.0006260567754864915,-5.8839425542677366e-05
45,3,0.0012886287165310751,-0.003932781238662665,0.000519257733601027,-0.0005425408383387906,0.0017956084825947137
45,4,-0.01116600452993509,0.04710355662334398,-0.011999136866378095,-0.012677972902536562,-0.011938433397708304
45,Aggregated,-0.007990000179735826,0.03789456630104597,-0.0094483019458658,-0.010348944455653142,-0.010661555656121936
45,Centralized,-0.007990000179735826,0.03789456630104597,-0.0094483019458658,-0.010348944455653142,-0.010661555656121936
46,0,-2.3503179026619174e-05,0.00029570851374940234,0.0002658136552901887,-0.00018514368479834452,0.0001711195017540033
46,1,8.379667285956979e-05,-0.001487514311643929,0.0008173382542233274,0.0004956476643536285,0.0007168290148010782
46,2,3.27215756110046e-05,0.00037528139669404105,0.00015147450128402868,-0.000295426021655353,0.00011848322636957102
46,3,0.0011031170622276775,-0.004226749269189516,0.0011290297639256948,0.0006840323173350251,0.0021400007242350825
46,4,-0.010829355534687675,0.0461679664475695,-0.011037473513988216,-0.011950774082513898,-0.01148140800404636
46,Aggregated,-0.0073627282414257195,0.03570389734927403,-0.008034582931101628,-0.00967500598246235,-0.00998332561592296
46,Centralized,-0.0073627282414257195,0.03570389734927403,-0.008034582931101628,-0.00967500598246235,-0.00998332561592296
47,0,-9.020962952530076e-06,0.00010061406474711488,-6.683482068237471e-05,-0.00041199073070522787,-0.0001367623573756129
47,1,0.000356343830457434,-0.0017950138311727583,0.0006330958660252795,0.0002984344616828172,0.00020452970368537346
47,2,0.000132750788265118,0.00013585213423285004,3.728002050262987e-05,-0.0002862458795305528,-0.00017396250329323367
47,3,0.0008189803534469112,-0.0023034958881223895,0.0005962563447151385,-0.0001582445992896438,0.00040163532097987344
47,4,-0.010585522722516371,0.04587826942809519,-0.011289580499521926,-0.012143999755518253,-0.012591785870328507
47,Aggregated,-0.006104812635419368,0.03346906095483037,-0.007670040480164274,-0.009177470581305488,-0.010991933400946856
47,Centralized,-0.006104812635419368,0.03346906095483037,-0.007670040480164274,-0.009177470581305488,-0.010991933400946856
48,0,2.642002640114438e-05,0.00015137989177052558,0.00020437916655017171,0.0001153963971621726,-8.419712871500044e-05
48,1,0.0003237994614939658,-0.001997671093939138,0.0010365050122052234,0.0007482052383438261,0.00019177135121797677
48,2,5.5137364946919456e-05,8.191782764886043e-05,1.659287772463695e-05,-7.666178419733493e-05,-7.698628612308189e-05
48,3,0.0007732537814692538,-0.0024955557768373254,0.0008259291809397542,0.0006505647468758332,0.0006260647898943604
48,4,-0.00982592399140505,0.04429681524654148,-0.010653370079694118,-0.011287787143258303,-0.012244646430621517
48,Aggregated,-0.004883465653537954,0.030455645669871013,-0.006887801562272783,-0.00800174044710975,-0.010417900239761638
48,Centralized,-0.004883465653537954,0.030455645669871013,-0.006887801562272783,-0.00800174044710975,-0.010417900239761638
49,0,-0.00014321319792256665,0.00014190248473395045,0.00011506317103763079,-0.000367108742997535,-0.00016002206802049335
49,1,-0.00020311003240374806,-0.001615465844658696,0.000786718968583335,4.729102373528712e-05,0.00035846859015014704
49,2,2.1429582354195083e-05,1.1620090778952097e-05,0.00016802595232149608,-0.00025777933034588083,-0.00017150553358886617
49,3,0.0004928263970980904,-0.0024590489920985957,0.000886077955388719,0.00010637050094176684,0.00021175444745881732
49,4,-0.0091965156405396,0.04311115736211088,-0.01004859616606822,-0.011733210441897316,-0.012522150524369982
49,Aggregated,-0.0038407104254535446,0.028169313993889302,-0.005721002205093108,-0.008631958441628899,-0.01047375540532911
49,Centralized,-0.0038407104254535446,0.028169313993889302,-0.005721002205093108,-0.008631958441628899,-0.01047375540532911
50,0,0.00014286913645989902,0.00033423825729744414,0.0006630851089215794,-9.718884921844361e-06,-0.000760448351045596
50,1,0.0002158098109962499,-0.0015326916092021719,0.0012698554709632511,0.0007500674541183019,-7.6943832281956e-05
50,2,0.0001784019803712474,0.0001509711352888965,0.0006920599189232204,-8.192809810936194e-05,-0.0007674381205268328
50,3,0.000987039497504826,-0.002261278697878652,0.0015404118665880632,0.0008671753474637427,-0.00025984081049251577
50,4,-0.008297331666330808,0.041352183171573756,-0.008812548785700406,-0.010705345735340975,-0.01309492846915908
50,Aggregated,-0.0030242672163250097,0.02514769321792826,-0.0036968591019151563,-0.006954579829833365,-0.011000383565339592
50,Centralized,-0.0030242672163250097,0.02514769321792826,-0.0036968591019151563,-0.006954579829833365,-0.011000383565339592
