,BeforeLocalTraining,AfterLocalTraining,BeforeLocalPartialEvaluations,AfterLocalPartialEvaluations,BeforeEvaluation,AfterEvaluation
1,1791207821.9719214,1791207822.0942745,1791207830.6503453,1791207832.4866343,1791207833.2699068,1791207833.301549
2,1791207835.0228662,1791207835.138819,1791207843.5657213,1791207845.3916497,1791207846.1982656,1791207846.2288706
3,1791207847.699827,1791207847.817073,1791207856.5197659,1791207858.347715,1791207859.1997275,1791207859.2303288
4,1791207860.63852,1791207860.754962,1791207869.0379543,1791207870.9658217,1791207871.8281047,1791207871.859521
5,1791207873.1419172,1791207873.2575803,1791207881.4952312,1791207883.4912298,1791207884.770159,1791207884.8006525
6,1791207886.4136586,1791207886.5373616,1791207894.7765007,1791207896.6114874,1791207897.474103,1791207897.5045238
7,1791207899.3727272,1791207899.4950716,1791207907.7391095,1791207909.5822072,1791207910.4697785,1791207910.5008104
8,1791207911.811792,1791207911.9287946,1791207920.4721675,1791207922.329345,1791207923.2439506,1791207923.2743828
9,1791207924.5843725,1791207924.7039309,1791207932.9493108,1791207934.7745843,1791207935.587425,1791207935.618576
10,1791207936.9947026,1791207937.1207645,1791207945.4979725,1791207947.4518597,1791207948.2378533,1791207948.2691967
11,1791207949.5868728,1791207949.702628,1791207957.5646992,1791207960.2152433,1791207961.0279794,1791207961.0594425
12,1791207962.6252382,1791207962.7444313,1791207970.669552,1791207972.5342717,1791207973.9069781,1791207973.9577627
13,1791207975.4994714,1791207975.6235433,1791207983.7855966,1791207985.611102,1791207986.4717174,1791207986.5022378
14,1791207987.850673,1791207987.9874973,1791207996.6595168,1791207998.4905713,1791207999.3868902,1791207999.4179554
15,1791208000.7857895,1791208000.905001,1791208009.682679,1791208011.538857,1791208012.353756,1791208012.3842294
16,1791208013.8082058,1791208013.9257936,1791208022.2248516,1791208024.154312,1791208024.945406,1791208024.9755533
17,1791208026.293619,1791208026.409223,1791208035.2454078,1791208037.0719464,1791208038.0001698,1791208038.031165
18,1791208039.35305,1791208039.468903,1791208047.3792508,1791208050.0318754,1791208050.9537551,1791208050.9839027
19,1791208052.3694756,1791208052.4875236,1791208060.5432465,1791208062.3744938,1791208063.2089908,1791208063.239711
20,1791208065.1249487,1791208065.2419114,1791208073.4676378,1791208075.3849916,1791208076.186838,1791208076.2171159
21,1791208077.6497402,1791208077.765455,1791208086.2223861,1791208088.0898085,1791208089.0005424,1791208089.0314343
22,1791208090.2954264,1791208090.41199,1791208098.900302,1791208100.7242186,1791208101.68449,1791208101.715493
23,1791208103.0030541,1791208103.1185195,1791208111.616713,1791208113.4462752,1791208114.2998962,1791208114.3308315
24,1791208115.7454236,1791208115.8626869,1791208124.3349998,1791208126.168761,1791208127.0341449,1791208127.064822
25,1791208128.471898,1791208128.594509,1791208136.4661875,1791208138.3687603,1791208140.0613194,1791208140.091637
26,1791208141.5399947,1791208141.6561487,1791208149.6677513,1791208151.488467,1791208152.303744,1791208152.334884
27,1791208154.3856604,1791208154.5046582,1791208162.5316038,1791208164.3466477,1791208165.1939437,1791208165.2246842
28,1791208166.671784,1791208166.7884145,1791208175.4638958,1791208177.287823,1791208178.205631,1791208178.2359397
29,1791208179.7007303,1791208179.8166764,1791208188.281875,1791208190.1018863,1791208190.9100318,1791208190.9403863
30,1791208192.3036897,1791208192.4236963,1791208200.8303134,1791208202.6514788,1791208203.6130896,1791208203.6439247
31,1791208205.0167882,1791208205.1343935,1791208213.1202476,1791208215.4395401,1791208216.2967691,1791208216.327922
32,1791208217.8642006,1791208218.1001062,1791208226.0058713,1791208227.8589926,1791208229.3458507,1791208229.3824449
33,1791208231.0823214,1791208231.202008,1791208239.5782607,1791208241.3993437,1791208242.2661233,1791208242.2968335
34,1791208244.3040805,1791208244.4269617,1791208252.4895115,1791208254.302427,1791208255.165517,1791208255.1963634
35,1791208256.6686687,1791208256.7849884,1791208265.253148,1791208267.0889773,1791208268.0047858,1791208268.0345922
36,1791208269.3338065,1791208269.4502861,1791208277.9180636,1791208279.738658,1791208280.6168413,1791208280.647303
37,1791208282.1485107,1791208282.2654974,1791208290.9003935,1791208292.8585532,1791208293.6540377,1791208293.684172
38,1791208295.2163377,1791208295.3324554,1791208303.3191035,1791208305.721784,1791208306.6854298,1791208306.7160087
39,1791208308.1591966,1791208308.2760563,1791208316.3173249,1791208318.151674,1791208319.6312459,1791208319.662466
40,1791208321.41853,1791208321.5348554,1791208329.6837094,1791208331.5478687,1791208332.5111258,1791208332.5408785
41,1791208334.3139684,1791208334.4310086,1791208342.7990975,1791208344.6353102,1791208345.5063329,1791208345.5371027
42,1791208347.1072147,1791208347.2229931,1791208355.7858963,1791208357.622032,1791208358.5733793,1791208358.603964
43,1791208359.9375684,1791208360.0534635,1791208368.9398525,1791208370.7730033,1791208371.6484938,1791208371.6795878
44,1791208373.124003,1791208373.242199,1791208381.6965313,1791208383.5266416,1791208384.5127037,1791208384.5431457
45,1791208385.9143999,1791208386.0312965,1791208394.7742286,1791208396.6171842,1791208397.4739711,1791208397.5048292
46,1791208398.9671228,1791208399.0842817,1791208407.0271537,1791208409.471985,1791208410.5292132,1791208410.559821
47,1791208412.2440696,1791208412.3603957,1791208420.4290648,1791208422.247648,1791208423.0780191,1791208423.1117198
48,1791208425.0635955,1791208425.181788,1791208433.4438958,1791208435.2896965,1791208436.1609743,1791208436.3287826
49,1791208437.7174282,1791208437.8341503,1791208446.23738,1791208448.0872838,1791208448.956903,1791208448.9873743
50,1791208450.4197612,1791208450.5354936,1791208460.3683724,1791208462.2100983,1791208463.060082,1791208463.09092
