Round,Evaluator,0,3,1,4,2
0,0,,,,,
0,1,,,,,
0,2,,,,,
0,3,,,,,
0,4,,,,,
0,Aggregated,,,,,
0,Centralized,,,,,
1,0,0.1686700363757357,0.17560186934813965,0.1719822923006142,0.16158080639370717,0.17617362278850657
1,1,0.16718124514402002,0.17482925519695777,0.1711707345155296,0.16036901673560047,0.17564022284481282
1,2,0.167560826684506,0.17473519331683326,0.1709686219359274,0.160448335068555,0.17556423232643942
1,3,0.16836908576040902,0.17530430881623815,0.1717749266585279,0.16150168563473136,0.17607297309587858
1,4,0.1603143909559131,0.16657784449982596,0.1631435618667077,0.1524698004035812,0.16715905458609331
1,Aggregated,0.16640932210429982,0.17338540783466513,0.16978991714756775,0.15919366817830471,0.17409461329138784
1,Centralized,0.16640932210429982,0.17338540783466513,0.16978991714756775,0.15919366817830471,0.17409461329138784
2,0,0.004390178336896783,0.009157027206843249,0.006688269414399668,0.006037747752483252,0.0047229927829878044
2,1,0.005187750932919995,0.00981065911440336,0.007464871494504833,0.007116120665307871,0.004990934620061194
2,2,0.004614810301685788,0.010032754816068596,0.007241537265643661,0.007069821396420931,0.005054736487821994
2,3,0.004252018089991486,0.00937066879388395,0.006635647284846172,0.006692360665315981,0.0042186898398472675
2,4,0.004122354457961121,0.008125600011710638,0.006480980526344774,0.0055582334305849836,0.004238336824410645
2,Aggregated,0.004511776214291972,0.009270247978467875,0.006897336562227291,0.006477160669432902,0.0046401950317918085
2,Centralized,0.004511776214291972,0.009270247978467875,0.006897336562227291,0.006477160669432902,0.0046401950317918085
3,0,0.0025846631276339256,0.0011851117238664444,-0.0002134585648898309,-0.003422184552083283,-0.0011150844299411286
3,1,0.00257097168014125,0.0006989466918258673,-0.0008476082760234297,-0.0034626618616804125,-0.0007590450530919557
3,2,0.0022407063558378313,0.0012146203866541156,-0.0004124179075061518,-0.0034704815458845018,-0.0013014318182680933
3,3,0.0023725994767977137,0.0009915540707986115,-0.0007861343087790722,-0.0033879207777681277,-0.0007757398384148461
3,4,0.0020600511833595994,0.0006019007374816902,-0.0007928236193258793,-0.002152175656717903,-0.0010308664167287484
3,Aggregated,0.002274184395599645,0.0008423118585933347,-0.0007042389578163166,-0.0027898603102704017,-0.0010860239617650888
3,Centralized,0.002274184395599645,0.0008423118585933347,-0.0007042389578163166,-0.0027898603102704017,-0.0010860239617650888
4,0,0.0015582970637810537,-0.0011521713610002334,0.00026505501136019907,0.0021858156561990138,0.0004505565347760513
4,1,0.0015595452468192329,-0.001493521128921745,0.0006773425383349815,0.0021506858168361636,0.0006217868225880534
4,2,0.0018513295234112714,-0.0008506718648547499,0.0003629502596018408,0.002216925020127251,0.0003346417560349535
4,3,0.001946955259542584,-0.0009126198301317335,0.0005542919528829626,0.0021054655076417185,0.00042554506124167036
4,4,0.001698282643522205,-0.0008159219867854543,0.0004193697638421701,0.001947016591740025,0.0007145036005838675
4,Aggregated,0.0017225977726737082,-0.001041364644321711,0.00045390524191513495,0.0021172926012926695,0.0005106018156824136
4,Centralized,0.0017225977726737082,-0.001041364644321711,0.00045390524191513495,0.0021172926012926695,0.0005106018156824136
