Round,Evaluator,4,1,3,0,2
0,0,,,,,
0,1,,,,,
0,2,,,,,
0,3,,,,,
0,4,,,,,
0,Aggregated,,,,,
0,Centralized,,,,,
1,0,0.3551216201581008,0.34985799258862216,0.3616787461229206,0.3951786017563506,0.36314348344893205
1,1,0.3441253701420371,0.32931640769325365,0.3476448253561374,0.15806239246243853,0.346056569817674
1,2,0.35190162952109816,0.33294634442145754,0.3561689766117782,0.15890145877763803,0.35132486973481414
1,3,0.34546684446304143,0.3306165882728911,0.3491052675135332,0.15800128266552044,0.347847454564049
1,4,0.34517169613892823,0.32512861795563036,0.3550266930715445,0.15558771583234499,0.3420073901699253
1,Aggregated,1.7417871604232065,1.667865950931854,1.769624508675914,1.0257314514942937,1.7503797677353945
1,Centralized,0.34807835958647343,0.332901321795999,0.3536049989128159,0.1973060576641816,0.34953682217810556
2,0,0.0765143644868042,0.09581883906647405,0.08081892618889097,0.1044845816616431,0.08100472646143547
2,1,0.14274356811443753,0.14897206416162356,0.11806343621870284,-0.19228950399021064,0.16884518848269298
2,2,0.13974113868042032,0.14734235175084767,0.11783273371829751,-0.19556051048743686,0.16302816917114468
2,3,0.1418685066534683,0.1523498532189304,0.12254363281535126,-0.1878034476988338,0.16515875425185914
2,4,0.14521964613749758,0.1528212997830294,0.12219361968701713,-0.18402378704955688,0.1682031178486394
2,Aggregated,0.6460872240726288,0.6973044079809051,0.5614523486282595,-0.655192667564395,0.7462399562157721
2,Centralized,0.13139183527962675,0.14126143809492323,0.11358890330056917,-0.14075559690248937,0.15206352826409567
3,0,0.05542720854416125,0.04512963431773893,0.045285466654456694,0.040522970321883046,0.03420388083534636
3,1,0.07068141537961642,0.10054590688156126,0.10899168015682376,-0.1820312725685338,0.1041411572185463
3,2,0.07157665021367231,0.10169754321876495,0.1108481955756753,-0.18672073321676677,0.10585290077280077
3,3,0.07606184358719888,0.1020051890443651,0.11049377072286239,-0.18525577504585086,0.10295295015741023
3,4,0.07510627754420053,0.10047672735403244,0.10930646393869446,-0.17611742256986926,0.10080409136363774
3,Aggregated,0.348853395268849,0.4498550008164629,0.48492557704851236,-0.6896022330791381,0.4479549803477413
3,Centralized,0.07036245296252974,0.0918210366154359,0.09911810614728099,-0.14528255174186794,0.09187612246205164
4,0,0.03032455512704838,0.021716704859457873,0.03360541692264977,0.01396403120572927,0.024192658724020884
4,1,0.07954083435196099,0.07966250517250706,0.07768388778264781,-0.17549705740592283,0.06498283297926163
4,2,0.08209886453946114,0.08233989213668882,0.08098832532821981,-0.18070526821736493,0.06449279181545073
4,3,0.0825562651270205,0.08050011166339076,0.08178392006645104,-0.17292359472058794,0.06530017917024912
4,4,0.07856109941784005,0.07565932495650536,0.0768727377193437,-0.16808069286109165,0.060267521723674146
4,Aggregated,0.35308161856333126,0.33987853878854996,0.3509342878193123,-0.6832425819992386,0.2792359844126568
4,Centralized,0.07227865571938359,0.06988423271811592,0.07169611169495502,-0.1428623935391148,0.057153180048944686
5,0,0.022857548678847983,0.025435047742032743,0.023504411716343147,0.019290521899045326,0.024307167750348593
5,1,0.0744507646210282,0.022493575430595113,0.09845746958055233,-0.18885165606246077,0.06230231366999906
5,2,0.07739640047134917,0.018351798440611546,0.10311196414032767,-0.20220547654678986,0.060829648205588005
5,3,0.0781479529951139,0.028354169606070807,0.10301551078860866,-0.19849088886260688,0.06426178837916124
5,4,0.07418743306841165,0.022785551241062605,0.09668762787885576,-0.18617086720666984,0.056523651382280146
5,Aggregated,0.3270400998347506,0.11742014246037279,0.42477698410468767,-0.756428366779483,0.268224569387377
5,Centralized,0.0671635394959857,0.023403534752852943,0.08749070247193085,-0.15832319829056404,0.054855312218589865
6,0,0.0034342922038726994,0.002216028820290573,0.020374393554908124,0.023389601832746118,0.01793670321208016
6,1,0.06151811451190302,0.039109034561085415,0.06723756842169744,-0.12482395373525702,0.06363314631772371
6,2,0.06868016540940926,0.040103982968327165,0.07470579660663991,-0.13782174171175346,0.06696949670064603
6,3,0.0642112049039983,0.03596460076362688,0.0730679637992627,-0.1250695531429079,0.062362358156465736
6,4,0.061070379702392215,0.03497769137206342,0.06968424130663338,-0.12054382774735543,0.05973209768099732
6,Aggregated,0.25891415673157553,0.15237133848539336,0.3050699636891416,-0.4848694745045279,0.27063380206791315
6,Centralized,0.05377756442051086,0.031640128671483324,0.06269067612657357,-0.10193977641523506,0.05561986799101589
7,0,0.005361644932635156,0.0027792624181973056,0.0035775490321355466,0.013186603373100845,0.012036164515040115
7,1,0.05501797021640494,0.054499227315254146,0.040599079199545716,-0.11855630900166991,0.04130162136635129
7,2,0.06288147711296342,0.061730606246922046,0.04616673635994216,-0.13186555915912107,0.04603034405179987
7,3,0.05420138122111349,0.05383845618374216,0.043450832614891514,-0.11571985129850063,0.041541951838454216
7,4,0.05526495784946584,0.05442781850041072,0.04070455805895348,-0.11304470880177683,0.04044323797392717
7,Aggregated,0.23272743133258278,0.22727537066452647,0.1744987552654686,-0.465999824887968,0.18135331974557248
7,Centralized,0.048244623044870746,0.047215765656795264,0.03619202172130234,-0.09758919383841848,0.03727051560045374
8,0,0.00924375627809724,0.007647212614931369,0.01800486129169151,0.026869317184675102,-0.008778006463240758
8,1,0.045994512477297356,0.03915510922447318,0.04256428802588778,-0.14284434741704555,0.05129114808852693
8,2,0.05018397870697656,0.041213815442775054,0.042720934536384474,-0.16407761884035915,0.06154005252365899
8,3,0.044551154134065886,0.038536329244083296,0.04052343119633279,-0.14085088820759564,0.050112546056378444
8,4,0.044780472899689124,0.03473962544841161,0.04016650853823703,-0.1385837140744466,0.048966847560829446
8,Aggregated,0.1947538744961264,0.1612920919746745,0.1839800235885337,-0.5594872513547716,0.20313258776615298
8,Centralized,0.040176408331498076,0.033273811946400826,0.03757127700221708,-0.11762260111551666,0.042664817576063725
9,0,0.006819672288282892,0.01302026432190392,0.009912515885751235,-0.006182163814476144,0.009992482443490594
9,1,0.05702725788885801,0.03706282522376184,0.03429884845503429,-0.14894158194415136,0.04599372114722535
9,2,0.06573827492274706,0.039172244363993296,0.03894193887346354,-0.17233964747163188,0.052434498852324915
9,3,0.05249866604825894,0.03714992791917894,0.03817730679682634,-0.14623541184078856,0.04503373531047657
9,4,0.05483297105389588,0.03654092762989368,0.03702003406952072,-0.14460776386242508,0.04275916602129951
9,Aggregated,0.23691684220204265,0.16294618945873177,0.15835064408059604,-0.6183065689334729,0.196213603774817
9,Centralized,0.049056919240524036,0.03339660185593604,0.03256779064222837,-0.12850819378117107,0.04044950721957038
10,0,0.007949808341838081,0.0034211279213329305,0.0108433517489692,0.013126936239471743,-0.014832536570519644
10,1,0.0204357815396495,0.04088607844005311,0.02962810832265046,-0.08529193363298328,0.03266141128598846
10,2,0.02299514352447685,0.046875262215720595,0.032934934465839207,-0.10303385240629986,0.04429363356849125
10,3,0.021682857895883038,0.03609708534006039,0.026051297684477566,-0.079054153838796,0.02982886309940602
10,4,0.019397433154113266,0.038190962405461756,0.028645263816686466,-0.08064868572660538,0.02989897300603523
10,Aggregated,0.09246102445596084,0.1654705163226288,0.12810295603862296,-0.3349016893652125,0.12185034438940132
10,Centralized,0.018927156004586033,0.034318332526397835,0.02623026167531668,-0.07028535313577325,0.02598746460062969
11,0,-0.0013683869648813195,-0.004013364435389181,0.00320745877452083,0.007036870297159477,0.007799870776018506
11,1,0.027477060865974737,0.028448023847935214,0.04383391633637838,-0.1090945697514784,0.03827671174382472
11,2,0.030756576135392396,0.03039848409378996,0.05601381783564711,-0.1314556617052768,0.04638125375668246
11,3,0.023578884070101176,0.021631279438812143,0.043453455719284606,-0.10231355456953987,0.03687144358354436
11,4,0.027351211716823056,0.02325833927771449,0.047736923264925644,-0.10895587217834363,0.03880067578154985
11,Aggregated,0.10779534582341024,0.09972276222286271,0.19424557193075648,-0.44478278790747894,0.16812995564162003
11,Centralized,0.022504995548891425,0.020932994229883466,0.040319596107361036,-0.09291699327696507,0.03469150950052573
12,0,0.004805089898854457,-0.010106855495565278,0.017383493073937495,0.026797443012246666,-0.024245659938116736
12,1,0.03432652195318794,0.020954602135595357,0.00450734670171773,-0.08136799918745291,0.03506554107419332
12,2,0.03687554718971682,0.028115556982996455,0.004668892346246142,-0.10334834418944899,0.05027931870069782
12,3,0.02774260411963947,0.02000848065060853,0.011689438790358823,-0.07476189668446319,0.03040440823693462
12,4,0.030888644756264554,0.02168762767702319,0.004696604011333505,-0.08033556676432846,0.036804172648180714
12,Aggregated,0.13463840791766318,0.08065941195065822,0.04294577492359369,-0.3130163638134465,0.12830778072188972
12,Centralized,0.027840401532319703,0.01721442340623859,0.008226323410972484,-0.06629171143682604,0.027720596215991974
13,0,0.007431095431049124,-0.0017245201545225905,0.007178468217154443,0.00645586334547808,-0.0069471527955715295
13,1,0.022803779989123665,0.0015944301939798489,0.04516235609357814,-0.08992109122798492,0.011458421040865592
13,2,0.028262135361525425,-0.003521513277649277,0.05679597810138235,-0.11143543923479077,0.014212858926843534
13,3,0.0233549483630479,0.00046591552479015286,0.04303836899374074,-0.08125016526823621,0.008188766170671768
13,4,0.02436343758072198,-0.0023701530300279956,0.04957058643880668,-0.08828952896039882,0.004038845750053377
13,Aggregated,0.1062153967254681,-0.005555840743429889,0.20174575784466248,-0.3644403613459327,0.030951739092862734
13,Centralized,0.02181292482856502,-0.0010858631695325083,0.0417176861406805,-0.07616159465165057,0.006732365573281735
14,0,-0.04311083684123951,-0.016719096094079115,0.014761651740336496,0.029525180831650788,0.007457783769631676
14,1,0.002325702442030034,0.02742578966824897,0.035470050459640655,-0.05378153300019988,0.021228441997505943
14,2,0.014263790960118804,0.036474430245482546,0.03956828421366303,-0.07185598877094149,0.02649226376902684
14,3,0.0005377198157428454,0.020249529548668606,0.031993141141886464,-0.04473035832898162,0.019521450565929733
14,4,0.008580030352464645,0.029424739073866977,0.03540480982904239,-0.05460499388703742,0.02024802295799941
14,Aggregated,-0.017403593270883134,0.09685539244218795,0.157197937384569,-0.19544769315550972,0.09494796306009361
14,Centralized,-0.0018456839325738347,0.020860063762308475,0.032127675085782584,-0.0419204019388265,0.019465365288885306
15,0,-0.007363622342997796,0.01056889532693716,-0.003909704664604942,0.02291413259734536,0.008143087489701484
15,1,0.025252116464480705,0.005952526882963426,0.01850148009646966,-0.08259234895566711,0.03214952837408421
15,2,0.03500878220918553,8.915112638471987e-05,0.026662121908757132,-0.1042718756782652,0.03439764728483097
15,3,0.02274259135683813,0.006071215410459296,0.019387883109539004,-0.07087133892923553,0.02495778204263891
15,4,0.028431338120116393,0.00022109006200999315,0.022066935066353665,-0.08167536306354366,0.02534495388170468
15,Aggregated,0.10407120580762283,0.022902878808754575,0.08270871551651442,-0.31649679402936587,0.1249929990729602
15,Centralized,0.021976784272737093,0.0043335134973718475,0.01738551726218518,-0.06685630020821696,0.025694014081503715
16,0,0.015435244216356985,-0.005556916405133445,-0.0013370281262191266,0.025924638861607615,-0.04054336592148785
16,1,0.03048255661631716,0.02270655645949753,0.03226063501644875,-0.07229160107891033,0.0007341660311274823
16,2,0.0322203321867786,0.02528427990071574,0.04204135913449892,-0.09445433362813477,0.013564469553690195
16,3,0.026236385039375264,0.018561555909510544,0.028937773677195144,-0.06287701551271009,-0.0007585572416933639
16,4,0.026883934141549673,0.021922266106500214,0.03638167968188459,-0.07478965450643583,0.005346422194421665
16,Aggregated,0.1312584522003777,0.08291774197109067,0.1382844193838082,-0.2784879658645834,-0.021656865383941862
16,Centralized,0.02669794839446193,0.017497006548594995,0.0288530962307199,-0.05906511167707265,-0.0028373617406701785
17,0,0.01856804443364949,0.03263409445512775,-0.00387595534600163,-0.0534221529569169,-0.0017141164127733477
17,1,0.03786020673042256,0.01909207766623046,0.009239736170751507,-0.08986594764504,0.026632469226129368
17,2,0.040924212981256064,0.015055380874856684,0.014520779626528103,-0.0949758698988196,0.03360788767719452
17,3,0.029760641084005928,0.01987499135698881,0.009414676910952166,-0.07410472932639015,0.019166575895527987
17,4,0.03539405631648213,0.015290149310702411,0.012773743955205,-0.08220695755373635,0.027140468117491306
17,Aggregated,0.1625071615458163,0.1019466936639061,0.042072981317435115,-0.39457565738090283,0.10483328450356989
17,Centralized,0.03307628691379829,0.01988415194201975,0.00892167190865426,-0.07996690566025566,0.021902405602657916
18,0,0.0352814711233979,0.03626240666563612,0.027781394443289652,-0.0893784518236313,0.014630446229116223
18,1,0.05097769216013825,0.05413656726569498,0.0636079003795497,-0.21074994068148603,0.05123993000196266
18,2,0.051049704267226416,0.053848916560441634,0.06708342183185671,-0.23089036597598137,0.059514515382255044
18,3,0.04241799215291971,0.04679897076876032,0.05212213923732466,-0.1740464653608145,0.04149182216445687
18,4,0.04570207282019296,0.04938682689340119,0.06032888676910368,-0.1975815006454368,0.04784518478555248
18,Aggregated,0.2254289325238755,0.24043368815393384,0.27092374266112457,-0.9026467244873501,0.21472189856334312
18,Centralized,0.04549028617275159,0.04857457842929083,0.055274081229799515,-0.18428999243224642,0.044112539282605244
19,0,-0.03930166153773503,0.015176775517783198,-0.03463907515782652,0.004437061211386208,0.013330715855960925
19,1,-0.004812594028704968,0.01950741483371692,-0.0014978074545775395,-0.09851771362990717,0.05164283757412299
19,2,0.0034181343640207603,0.019312219399765743,0.0065399110400950235,-0.11338775761106117,0.05978495594067623
19,3,-0.006276809938267269,0.017509096098248713,-2.8886890658205246e-05,-0.08000483015900678,0.04135640929797677
19,4,-0.0015478746570497138,0.014833004607344167,0.0031898649881478163,-0.0900785518412228,0.046867962372648876
19,Aggregated,-0.0485208057977362,0.08633851045685871,-0.02643599347481944,-0.377551792029811,0.21298288104138585
19,Centralized,-0.008483046885050704,0.017353968825066547,-0.00407621799250336,-0.07880877928605,0.043804008388669574
20,0,0.011373689988510242,0.01607683880988945,0.010090669239674582,0.004619736529809164,0.014388551856958727
20,1,0.032889950356507054,0.022753176107642516,0.03840251147103698,-0.06905845739972513,0.0100517000940823
20,2,0.03356933398184423,0.02166763415188116,0.03882890504309942,-0.08072302420821874,0.01024053527036341
20,3,0.02590052273181537,0.01951650116498923,0.028394632756403176,-0.05441187477172375,0.010055707394087012
20,4,0.027801875619928394,0.018433151491354296,0.036125512645069004,-0.06351217689236724,0.0052600797084768145
20,Aggregated,0.13153537267860524,0.0984473017257567,0.15184223115528328,-0.26308579674222554,0.04999657432396827
20,Centralized,0.02692318642661779,0.01983850770729169,0.031205054047382046,-0.05497860324848785,0.009818225525168355
21,0,-0.03865925574477314,0.013657965471049057,0.00895464998835775,0.016527322346633528,-0.007094214155406838
21,1,0.0017342745430989777,0.03798633333963689,0.03174698398644231,-0.09004146421937032,0.04026329671948414
21,2,0.01392448470900672,0.04176615005742277,0.039089348836897776,-0.11502439876060751,0.050860922695449916
21,3,-0.0021971076697763544,0.03017640145330685,0.02933120826144926,-0.07255078690708518,0.02953212390430113
21,4,0.006713244564119734,0.03563486383082129,0.03401416928535124,-0.09024981516671716,0.04010991925675689
21,Aggregated,-0.01848435959832408,0.1592217141522369,0.14313636035849833,-0.3513391427071465,0.1536720484205852
21,Centralized,-0.0022544159893250395,0.03259466523277756,0.029438912761241092,-0.07384876728904537,0.032295119639923535
22,0,-0.010239071573803157,0.006036947027111864,-0.0014095274628572287,0.006188607554452199,0.005041855183465133
22,1,0.002188585501281901,0.008863339341785337,0.025627819779646135,-0.06584327634557437,0.02119473925308729
22,2,0.007860629858638425,0.0062730006010434285,0.030569289463987667,-0.07763188498202718,0.02550274735964474
22,3,0.002300534271730574,0.007893150917998621,0.01924785880032839,-0.049115053931041645,0.015974812948453074
22,4,0.0029302562874389693,0.005385815162760305,0.027408500974084395,-0.06262318809198494,0.019564527650932535
22,Aggregated,0.005040934345286713,0.034452253050699586,0.1014439415551893,-0.24902479579617562,0.08727868239558269
22,Centralized,0.001472217852152038,0.0069256631522304135,0.02118400312515827,-0.05211510664212278,0.017967900816338
23,0,-0.0221919906882258,0.021844529391915116,0.012243614766085558,0.00047997872515406607,-0.01873178366850767
23,1,0.009042388544477002,0.008415826323265062,0.028504095149929208,-0.05927421686920799,0.018414465195508083
23,2,0.016726636747392203,0.003566056963983015,0.030404446356308026,-0.06887702556637065,0.025846081308799836
23,3,0.0035534455122910504,0.010160888113079495,0.022271886461464347,-0.044114145085501814,0.009610296266958392
23,4,0.011596168428669729,0.004607630957210335,0.027598210771041815,-0.056285419536465604,0.020106549019194987
23,Aggregated,0.018726648544604194,0.048594931749452994,0.12102225350482894,-0.22807082833239195,0.05524560812195366
23,Centralized,0.0048154358834445925,0.009218717701783934,0.024697923589110823,-0.04751588810699011,0.012277803954709185
24,0,0.006713608741974455,0.009320307956596222,-0.0067371085430495215,0.017038254770478788,-0.006945062901224097
24,1,-0.0008578875161934991,-0.004760266606620166,0.02947442289289778,-0.04997336842239195,0.028844453008445292
24,2,-0.006956940736069433,-0.007488485560725561,0.03906634458044489,-0.06438060395347654,0.03745141221803592
24,3,-0.0009051802368513368,-0.0010369291420799273,0.021618519821471897,-0.03554705515603857,0.018300577071928576
24,4,-0.005981050013687358,-0.007088152604103171,0.03322791913813687,-0.050267136440055725,0.028990695509199735
24,Aggregated,-0.007987449760827157,-0.011053525956932564,0.11665009788990195,-0.18312990920148436,0.10664207490638546
24,Centralized,-0.0019403837664000812,-0.0026864434831709925,0.02457051035183772,-0.03884002584586541,0.022494905534581756
25,0,0.0004131975095409357,0.006687016254868798,0.004861990883578828,0.011297634798276274,-0.02190005832397507
25,1,0.01708732691131171,0.008077382582996938,0.018201519254751566,-0.04738291981919534,0.007621122165298784
25,2,0.02036091123264745,0.005726920140123861,0.01928675097269833,-0.05783470896191453,0.01744784841921252
25,3,0.011208285689828085,0.006119417534629521,0.013228622883659629,-0.032441055634546447,0.0032390354394951876
25,4,0.016274547022611337,0.006150183158381105,0.018153788369798474,-0.046712494120653446,0.010541190328289369
25,Aggregated,0.06534426836593946,0.032760919671000234,0.07373267236448684,-0.17307354373803333,0.016949138028320775
25,Centralized,0.013590993729733944,0.00654662058984935,0.01515434505795152,-0.03650893143570961,0.004433222111675172
26,0,-0.011535860082483187,0.002586787538174472,-0.002737998262779202,0.010414500073142423,-0.00461307335002321
26,1,0.0014670107500729607,0.014159489836894594,0.019060078164200276,-0.038898464210584856,0.014571100011080048
26,2,0.004744344960321662,0.014625663738178234,0.021887649120780662,-0.04611855491989828,0.019008925668399543
26,3,-0.0011282393411368122,0.010769080991583309,0.012346707676848765,-0.02437175302626816,0.006991086103132869
26,4,0.0020850137740038846,0.01300201917283159,0.02084832540369897,-0.037469996090254545,0.013427697587448151
26,Aggregated,-0.004367729939221511,0.0551430412776622,0.07140476210274947,-0.13644426817386354,0.049385736020037374
26,Centralized,-0.0004336476698066689,0.011376895561563708,0.014983109551423856,-0.028844394170514636,0.010474976329145536
27,0,-0.0009838825610587539,0.008024435143230592,-0.000951737669121863,0.007371766940807696,-0.005303598402422887
27,1,0.008510055035463962,-0.0009281670366758541,0.023446044970012583,-0.04425550517417091,0.0074353432732202325
27,2,0.009704853314363458,-0.007111200665738045,0.028365522434598233,-0.051842898686106795,0.012089828490225414
27,3,0.005489202540033668,-0.002041286123965282,0.018075629101481864,-0.028195526276771146,0.0030451984481075322
27,4,0.00838318763728323,-0.005195788395912075,0.02538612697633085,-0.04240318456297149,0.007768186596635102
27,Aggregated,0.031103415966085537,-0.007252007079060674,0.09432158581330166,-0.15932534775921278,0.025034958405765344
27,Centralized,0.006517924466809043,-0.0018413091413625275,0.01968187441380876,-0.0334838782625485,0.005432379080828536
28,0,-0.018783216175879223,0.0065495968799047545,-0.03878331455411167,0.021207228290755054,0.008169870362109156
28,1,0.009470385297231052,0.023258815406791786,-0.009099228541402025,-0.04415219819142037,0.013491609288689426
28,2,0.013723972256284018,0.024526437112175458,0.0013255817960331256,-0.0577957047792365,0.015464898162851926
28,3,0.004399125959341556,0.017138203199510857,-0.008476367267732841,-0.028893420974087442,0.009144253665191364
28,4,0.010579421433353381,0.02214358770900089,-0.0006339071614562282,-0.04566561266203047,0.01019008281447559
28,Aggregated,0.019389688770330756,0.09361664030738372,-0.055667235728669696,-0.15529970831601986,0.05646071429331749
28,Centralized,0.004812877294667099,0.019225584070944192,-0.009992686354666129,-0.03321634826223705,0.011420959708241335
29,0,0.010776694910793399,0.010782607142084788,-0.0009519877058631411,0.006776053508142144,0.002042117876404572
29,1,0.005280274134838141,0.013750830266372192,0.033389217412721967,-0.04676086069121307,0.006100969442832941
29,2,0.005609612007233772,0.013719318610835491,0.03783723334864063,-0.05400892057944818,0.0037103223141280255
29,3,0.006221308544390679,0.010473759123566849,0.023142776984913842,-0.029784974779624763,-7.49740882861033e-05
29,4,0.0038700769412231355,0.012123206753951834,0.034622432175484635,-0.04345725410037428,0.0005192802212328475
29,Aggregated,0.031757966538479156,0.06084972189681118,0.12803967221589788,-0.16723595664251803,0.012297715766312278
29,Centralized,0.00616902585690966,0.012227182833874408,0.026703727220902893,-0.03510669572854385,0.0024767657156275465
30,0,-0.0019044883022105788,-0.009891530493514345,-0.008659452464894711,0.02640578205794208,-0.028392047973786184
30,1,0.005665919827971939,0.020848558761381253,0.009621605577141763,-0.04389945627916803,0.005481988626447855
30,2,0.010210111559633646,0.026431807747042284,0.01593764151561332,-0.05672765308488561,0.012962206763086119
30,3,0.005029791548149478,0.012978855553259401,0.006474254541048998,-0.02741054756764606,-0.001262403100683707
30,4,0.006643128366333971,0.02132295803468425,0.01340030289008771,-0.04457526066809727,0.007732992533441413
30,Aggregated,0.025644462999878482,0.0716906496028528,0.03677435205899709,-0.14620713554185472,-0.003477263151494566
30,Centralized,0.005419072154174939,0.015337782694374082,0.0080155795345715,-0.031537284756149184,0.00044723613665178564
31,0,0.006500378471838066,0.004786660838348972,0.0022702186725148113,0.011509725526332068,-0.00697865678897268
31,1,0.0076479653584923726,0.010627843497995396,0.018290639856749176,-0.04241259507084658,0.008149204130817603
31,2,0.007169987038508217,0.010228792276534348,0.019068438984788137,-0.05069263944145283,0.010178083719405599
31,3,0.005844720688843628,0.006920376576956241,0.011580155919804751,-0.026014229275750516,0.003014058626563059
31,4,0.0054067279504919335,0.008047252164784646,0.017620528804542443,-0.041213954544698304,0.006918274614544961
31,Aggregated,0.03256977950817427,0.040610925354619604,0.06882998223839934,-0.14882369280641602,0.021280964302358558
31,Centralized,0.006514515877848207,0.008259799315480378,0.014240282168520418,-0.03146761307596865,0.00471971278747629
32,0,-0.00387652576347816,0.012852649255966438,-0.015087226719283359,0.0076285781701671135,0.005495416717885634
32,1,0.0184031030549735,0.019453798182836487,0.007414576460110113,-0.06730798073452299,0.01957906926511398
32,2,0.024463963862278167,0.01626887190155833,0.017545267205353425,-0.08706949837797298,0.02517721893015688
32,3,0.013020183924186505,0.013778040341939218,0.007617622477883769,-0.04877102566470315,0.013895260049551484
32,4,0.018900405157894044,0.015868411593194787,0.013661288738791291,-0.06773483539237685,0.017813225660894418
32,Aggregated,0.070911130235854,0.07822177127549525,0.031151528162855307,-0.26325476199940884,0.08196019062360242
32,Centralized,0.014927282727881236,0.015759532600463314,0.007109811740975697,-0.05513792735481746,0.016841604471468683
33,0,0.0016764824754471894,-0.001712178115358224,0.0004844909530968252,0.007714140895671558,-0.009613234773447072
33,1,0.012000115541595595,0.018429200461847293,0.01896640710675417,-0.04943149380794883,0.014917361866199567
33,2,0.013891831570663338,0.02123325654060745,0.02104353362693039,-0.06098945651059408,0.020002640673043127
33,3,0.008839181563168846,0.011087259882419428,0.012089876110220972,-0.030300428492463848,0.005510666964210609
33,4,0.01092559496767791,0.01759804251633755,0.019586594403679262,-0.04687630297142272,0.014113737321310034
33,Aggregated,0.047333206118552955,0.06663558128585352,0.07217090220068155,-0.17988354088675776,0.04493117205131627
33,Centralized,0.009788042622822585,0.013947597844042706,0.015009707598460839,-0.03777927690582374,0.009753599371067151
