Round,Evaluator,4,3,1,0,2
0,0,,,,,
0,1,,,,,
0,2,,,,,
0,3,,,,,
0,4,,,,,
0,Aggregated,,,,,
0,Centralized,,,,,
1,0,0.17956295480435805,0.18174946080795742,0.17939344859539366,0.1784056877314062,0.18082316187586228
1,1,0.1841440904560238,0.18751854789367445,0.18332331755541428,0.18168621784280628,0.18631546754549408
1,2,0.18350519889642442,0.18762196424024277,0.1801097955787095,0.1784661262634783,0.1854748390839282
1,3,0.18407822984458305,0.188495520482273,0.1807427362380765,0.1790209547701497,0.18605709650327792
1,4,0.18526941591760634,0.1879191936520894,0.1833162088396175,0.18247506885112177,0.18640189788199577
1,Aggregated,0.1833059390821448,0.1866687453964575,0.1814226891388115,0.18003009980947024,0.1850361708906458
1,Centralized,0.1833059390821448,0.1866687453964575,0.1814226891388115,0.18003009980947024,0.1850361708906458
2,0,0.0003691808576713566,0.0006517285914128997,0.0003663023557572513,-0.0006966574259424744,-0.0005244436453655799
2,1,0.0014290438107207814,0.0017278177840731267,-0.0007121989662246957,-0.0013004610482153104,-0.0010089930611098122
2,2,0.0033900337217146804,0.003755244438195689,-0.002987570467564958,-0.0023370907011680208,-0.0013818243872575112
2,3,0.003489037098084537,0.004181634533855585,-0.0032549459497284382,-0.002374005447784668,-0.0013691597920473938
2,4,0.002103520921351378,0.0023228172459666555,-0.0019239692304550637,-0.0013162606241208556,-0.0006205872003503939
2,Aggregated,0.0021334917162665963,0.002504944973156035,-0.0016699709754114222,-0.0015916104118354406,-0.0009829983887727786
2,Centralized,0.0021334917162665963,0.002504944973156035,-0.0016699709754114222,-0.0015916104118354406,-0.0009829983887727786
3,0,0.0015369097618178932,-0.001236058561116458,-3.408670313981843e-05,0.0003212013415754037,-0.0002764808744925166
3,1,0.0019698185606760194,-0.0009302780211672764,0.0004775489345920388,-0.0009538539828054323,-0.0001773888145484459
3,2,0.002636563981928943,-0.0002242969658804365,0.0010884689030601338,-0.0033420176185498087,0.00036779930908267626
3,3,0.0024884870336175794,0.00026838705327630516,0.0010808893395758746,-0.003800246429342739,0.0005697211799414052
3,4,0.002041063810250521,-0.001108215766679127,0.0009639882159223308,-0.0019510527472158755,0.0006617460558469716
3,Aggregated,0.002101528407256629,-0.0005948103840567487,0.000698361839037942,-0.001927519454820742,0.00021415175581066166
3,Centralized,0.002101528407256629,-0.0005948103840567487,0.000698361839037942,-0.001927519454820742,0.00021415175581066166
4,0,0.0002131693458473601,-0.0007317237021349361,-0.0004227720788161582,-0.0017909918623991569,-0.0006882906780245372
4,1,-0.00022304160562162668,0.00042085637102363315,0.0007118811553862274,-0.003999537117765176,-0.00029272843755426454
4,2,-0.0014078058071454866,0.001950002552566347,0.001181417795856395,-0.007184374977483804,0.0014881282728338126
4,3,-0.0020902352111544066,0.0024901468497176543,0.0015601357396314926,-0.007608454456074583,0.002054329738223511
4,4,0.0008076208595929798,0.0008822213568966397,8.930209159361639e-05,-0.005075525972918253,0.00025130934172111025
4,Aggregated,-0.0005934371322325882,0.0009950126193011832,0.0006594661881324052,-0.005067087064256209,0.0005504626856269365
4,Centralized,-0.0005934371322325882,0.0009950126193011832,0.0006594661881324052,-0.005067087064256209,0.0005504626856269365
5,0,-0.00022967478862485994,0.0005604083189907849,0.001155003907531301,0.00042625862425366514,0.0007487852972560586
5,1,-0.00042169991875165385,0.0010338618546500164,0.0014288092807272334,-0.00040886026548324627,0.0009631720436406051
5,2,-0.000237689171356655,0.0013493184825151088,0.001660016174427283,-0.000756832796082102,0.000941428358284165
5,3,-0.0003483743581290185,0.0012109255320911338,0.0011335172553457562,-0.0007813252634382965,0.0009333093185598218
5,4,-2.2738096044268758e-05,0.00038668579495205563,0.0015570577078759251,-2.7691643633300418e-05,0.0009286632775018233
5,Aggregated,-0.00024504301320865305,0.0009306494267732741,0.0013641220952379926,-0.0003169133798528049,0.0008805923857549265
5,Centralized,-0.00024504301320865305,0.0009306494267732741,0.0013641220952379926,-0.0003169133798528049,0.0008805923857549265
6,0,0.00020793836225188416,0.00015260056966915532,-7.413905246757002e-05,-0.000735517320739798,0.0002723027263852762
6,1,-7.332668406873817e-05,0.0004044116179318121,0.0010562428270379897,-0.0014966728785766122,-0.00012650407935812884
6,2,-4.199526320327052e-05,0.0007804810272407019,0.0012093892663914438,-0.0028148791693659286,5.4337568510385664e-05
6,3,0.0001401769722611949,0.001053118273047878,0.001230301782534495,-0.003243537985772079,0.0006740297083512092
6,4,0.00019037432664721724,0.00019358838372841026,0.0007602469157013366,-0.0017264842333455691,-0.00018800920029000875
6,Aggregated,7.90665325176613e-05,0.0005216818389363738,0.0008279983636190702,-0.001993925904773232,0.00014752209077174746
6,Centralized,7.90665325176613e-05,0.0005216818389363738,0.0008279983636190702,-0.001993925904773232,0.00014752209077174746
7,0,0.0011401577925245654,-0.0008713162781176158,0.00026467728777369214,-0.0014671243076799622,-0.00048413501789617376
7,1,0.0012512536005118906,-0.0009346008701956991,-0.0005433408864997639,-0.001161491684877806,-0.0001809574445650867
7,2,0.0012364673153637152,-0.0007052002772695131,-0.0006781568330966529,-0.00130768123271503,-0.00011996262200833682
7,3,0.0008070585419191866,-0.00046699167585594336,-0.00027669448636463516,-0.0012671478958339384,-0.00013518946489592397
7,4,0.001542339942106515,-0.0010692252997540638,-0.00033354317128242623,-0.0010066066504354414,-0.00045487119668936594
7,Aggregated,0.0011719245155876671,-0.0007835688116628492,-0.0003147857256667774,-0.0012530862721198946,-0.00026179852513748546
7,Centralized,0.0011719245155876671,-0.0007835688116628492,-0.0003147857256667774,-0.0012530862721198946,-0.00026179852513748546
8,0,0.001330726290841161,-0.0004076657587789116,0.00027264283952634544,-0.00037413231985491957,0.0009878577299076892
8,1,0.0014330757541050731,0.00021581192309250337,-0.0005341976876086858,-0.0022062150001482704,0.0015989538666361768
8,2,0.00217593798039347,0.0013254540825582528,-0.0027088689956863126,-0.003169204240065345,0.0026312070590623366
8,3,0.0021443569570955743,0.0018375745168582407,-0.0030708688716803247,-0.0027240795678121024,0.0027222199067048667
8,4,0.0019442670309876694,-0.0004470499084025766,-0.0011680946747253636,-0.0019312040678673111,0.0018511446000512614
8,Aggregated,0.0017736969119079664,0.0005334344022495663,-0.0014371829382815264,-0.0020570272447851903,0.0019243895437022855
8,Centralized,0.0017736969119079664,0.0005334344022495663,-0.0014371829382815264,-0.0020570272447851903,0.0019243895437022855
9,0,-0.00035441863481182795,-0.0018766235695035955,0.0008947741394512524,0.0010942318380670242,0.00046986490975049294
9,1,-0.0003351910026424857,-0.0009853589724402904,0.0017745825320440315,-0.0010727875223553117,0.0006077196923433707
9,2,-0.00012593215906147223,-0.0004887894564857184,0.0021284583667495935,-0.0024210998031987487,0.000924402240414901
9,3,2.608039345585548e-05,-6.37143406363061e-05,0.00168922180472774,-0.0022589667224539108,0.0005360058422550329
9,4,0.0002100380879795934,-0.001324575061459358,0.001498584202224403,-0.0010949692354579857,0.000719214948244055
9,Aggregated,-0.00011688189637037068,-0.0009114444841750632,0.0015746211935417458,-0.0011406168490942874,0.0006332867920741762
9,Centralized,-0.00011688189637037068,-0.0009114444841750632,0.0015746211935417458,-0.0011406168490942874,0.0006332867920741762
10,0,0.0007890224561305652,0.0007760529415709279,-0.0006066686461318045,-0.0008881882827982541,0.00019614269467814563
10,1,0.0013488159918921975,0.0015901889583349927,-0.0017557937557455864,-0.0017258164049226087,0.0007399664009972495
10,2,0.0026329205303638192,0.00246283857575059,-0.0034872829050998644,-0.003391779775329553,0.0019228129004477217
10,3,0.0024161577543472166,0.0025334862359103483,-0.0036116340280471873,-0.003496018943801721,0.0019317811040834205
10,4,0.002082913375385213,0.0017862563278759698,-0.0025522338129890815,-0.0021096870063714783,0.0011186571136014179
10,Aggregated,0.0018335191396200896,0.0018117857457370472,-0.0023774632519964387,-0.0023002089103930368,0.0011689331245041308
10,Centralized,0.0018335191396200896,0.0018117857457370472,-0.0023774632519964387,-0.0023002089103930368,0.0011689331245041308
11,0,-0.00024242546742456924,-0.00029540426023344317,-0.0002117470104261702,-0.0003481243025662347,-8.246151479930908e-05
11,1,0.0006290718726793394,-0.00018655883640356641,-0.00024685985376684725,-0.0016342801966972816,7.416688570223336e-05
11,2,0.001087654901201629,0.00048439919491986746,-0.0003603903724312093,-0.003960441616939051,0.0009014189828605338
11,3,0.0012173058015361856,0.0006755935165329333,-0.0001841386931708507,-0.004248123937776346,0.0011121621558773979
11,4,0.0010158404224348142,0.00015689161868369476,-4.270606559408918e-06,-0.0029343477402962487,0.0004726553951727127
11,Aggregated,0.0007390747706598292,0.00016901521266536138,-0.00020163439642850722,-0.0025866801883943544,0.00048494852392949594
11,Centralized,0.0007390747706598292,0.00016901521266536138,-0.00020163439642850722,-0.0025866801883943544,0.00048494852392949594
12,0,8.641709843313731e-06,-0.001410906634465464,-0.0003235624316822764,0.0006617619669991822,0.0014744564827240273
12,1,0.00034209861736948143,8.010556939703391e-05,-0.0016057273707712038,-0.0005322663808552508,0.00199980615889981
12,2,0.0012909575052350982,0.001896799906006824,-0.002742437861376157,-0.0027366944105843985,0.0031656584002484186
12,3,0.0014081376221929379,0.002271072599741684,-0.0029963949257959368,-0.003171758998170489,0.003374105512739772
12,4,0.0017583331398136558,3.248982988013719e-05,-0.0020041858243812732,-0.002337852390783542,0.002515906055657485
12,Aggregated,0.0009378399098469492,0.0005923925513335186,-0.0019269575164791108,-0.001588449369145136,0.002460317698845347
12,Centralized,0.0009378399098469492,0.0005923925513335186,-0.0019269575164791108,-0.001588449369145136,0.002460317698845347
13,0,0.0008599636684473851,0.00015257554685142635,-0.0008756976783031963,0.0005321503411420625,0.0005082146820658032
13,1,0.0017145006033255454,0.001008994191967159,-0.0007991636083147883,-0.0011990172225046503,0.0013624464201934712
13,2,0.0028071000333658447,0.00251605508802751,-0.0007437601461175447,-0.0046761021839550705,0.0016212102840634697
13,3,0.0030116999772361003,0.0031382879050919966,-0.0007028565239885616,-0.005347050022347684,0.0011829816150739877
13,4,0.002339151580475973,0.000853555762653685,-0.00025931359569121294,-0.0028714118619740953,0.001763264715942244
13,Aggregated,0.002122145683919911,0.0015483070422314651,-0.0006878354443139094,-0.002675700082043451,0.0012481334091837438
13,Centralized,0.002122145683919911,0.0015483070422314651,-0.0006878354443139094,-0.002675700082043451,0.0012481334091837438
14,0,-0.002154330825261813,0.00039884317403232616,-0.000548986962840429,0.00034415732125848514,0.0009010277290254498
14,1,-0.0020185828983701453,0.00043742148292750805,-0.0006796036152880973,-0.0009608354889524347,0.001453827872223638
14,2,-0.0008709118943099892,0.0014546166272318972,-0.00040303516697171954,-0.003761897134501683,0.0020623526865834927
14,3,-0.00028615811014669293,0.0014893510853264346,-0.0001056391872257867,-0.004472984793545729,0.0020686484099538957
14,4,-0.0004761962003655029,0.0005251720571111969,-0.00045643619425036845,-0.0025524556867638475,0.0011567222856074088
14,Aggregated,-0.0011575633512252122,0.000845410705043,-0.0004386398829782145,-0.002241216339941793,0.0015291396249350552
14,Centralized,-0.0011575633512252122,0.000845410705043,-0.0004386398829782145,-0.002241216339941793,0.0015291396249350552
15,0,0.0010023364558014336,-0.004824014545867406,0.00046708815366166927,0.0016011586266851286,0.0013655885243174589
15,1,0.0013588872431322804,-0.004034996559344719,0.000361450332870424,0.0007281914557846806,0.0013859187691571905
15,2,0.0019650903117709893,-0.002591282816700404,0.000789829749332438,-0.0017728614257979689,0.002159944500417536
15,3,0.001861277822879054,-0.001415949721040368,0.0006198591571751511,-0.0025263535376186088,0.0020975056083095208
15,4,0.0014607352394643484,-0.0015700313547195384,0.00014985979525697541,-0.0017326622143929511,0.0014149025166703614
15,Aggregated,0.0015005455050038788,-0.0029099600464595143,0.00046733189673239437,-0.0007079216847998782,0.001675763243516043
15,Centralized,0.0015005455050038788,-0.0029099600464595143,0.00046733189673239437,-0.0007079216847998782,0.001675763243516043
16,0,5.813345484649475e-05,0.0005769018148273575,-0.0019841021329124243,-0.0003524887686047806,0.001202573091595636
16,1,0.00028894723124717935,0.0009479863358290597,-0.0013964487315760092,-0.0013649979769478553,0.001311996144508154
16,2,0.0004892785205477294,0.0011196735739846012,-0.0008708199947358127,-0.0030011609652874694,0.0013929443818519404
16,3,0.0005025469838990178,0.001194668821642947,-0.0007251374353452577,-0.0030200646480475694,0.0013616141966893498
16,4,0.0006046108560054868,0.0011568160706924124,-0.0016884354382766882,-0.0014316155484905538,0.0014748384033626846
16,Aggregated,0.0003645917022184179,0.0009762736829254641,-0.0012982270256369703,-0.0018202409594524275,0.0013395753645294329
16,Centralized,0.0003645917022184179,0.0009762736829254641,-0.0012982270256369703,-0.0018202409594524275,0.0013395753645294329
17,0,-0.0007743863810818189,-0.00041195696146457316,0.0006445118758670617,0.001016985594035728,-0.0006049908452889386
17,1,-0.0007061003993691029,-0.00042335435484483854,-0.00029221889837797906,0.0008473384806358175,0.0003567422676819587
17,2,-2.5891421148357036e-05,-5.059251426913399e-05,-0.0017953086145438095,0.0009103614765821518,0.0010065571102439441
17,3,2.1347365599997763e-05,0.0002479902926087167,-0.0019833255052911797,0.0006821368010366425,0.0008676678725812626
17,4,-0.0001286838637698758,-0.00027062252517150257,-0.0005421284203797302,0.0008179515232522157,-0.00023357893756096316
17,Aggregated,-0.00033561416985087114,-0.00016637065646581036,-0.000782411269947995,0.0008468418906595573,0.00029292483353740204
17,Centralized,-0.00033561416985087114,-0.00016637065646581036,-0.000782411269947995,0.0008468418906595573,0.00029292483353740204
18,0,0.0008109817931396053,0.0004964924244082995,-0.0007695294998258772,0.0005620770588193121,0.0003015323610111568
18,1,0.0018106276406980686,0.0008132728981180282,-0.0004116240227335551,-0.0010801822753876607,0.0005672006200455049
18,2,0.003102624526637865,0.0018346483935474242,-0.0002942958263931909,-0.004310373235038445,0.0008920948627135901
18,3,0.0030036770173141342,0.002065091594253843,5.271349343099289e-05,-0.00491118355141622,0.0009954083012581438
18,4,0.0025074541146076212,0.0010641116931180232,-0.0009598629998294195,-0.0023774922607662785,0.0011459049847136378
18,Aggregated,0.002208894966875554,0.0012370985144415684,-0.000454727094856792,-0.0024037655679632953,0.0007598541805585483
18,Centralized,0.002208894966875554,0.0012370985144415684,-0.000454727094856792,-0.0024037655679632953,0.0007598541805585483
19,0,-7.264239350078065e-05,0.00036723828769401795,-0.000873633852818532,-5.9737516275258175e-05,0.0009287609510155818
19,1,0.0003715859947223454,0.0004707728063733615,-0.0003371058899442928,-0.001754253807561588,0.0008683790067212704
19,2,0.0009429992519228622,0.0013625462429126267,-9.930968575831237e-06,-0.0037379011393848896,0.0013375936396968213
19,3,0.0008484708927155915,0.0017333526703709246,-6.496180553458945e-05,-0.004070081785237678,0.001257077441409891
19,4,0.0008808765693535706,0.0007403269306041663,-0.0006875760112441824,-0.0020338377583841863,0.0007565587669514318
19,Aggregated,0.0005687953775025752,0.0009298890666562605,-0.0003454325274601303,-0.002313203828354706,0.0010532379705486057
19,Centralized,0.0005687953775025752,0.0009298890666562605,-0.0003454325274601303,-0.002313203828354706,0.0010532379705486057
20,0,0.00018868521331549443,-0.00011201550285528198,-0.00011461166805759963,-0.0009908336844370444,-0.0002094588759326869
20,1,0.0007017413706197961,6.0182707037999736e-05,6.816639815264517e-05,-0.0020291086379196116,0.0005363598632546911
20,2,0.0011494268667969654,0.0008958269703482051,7.482616825969142e-05,-0.003841926623396304,0.001318998346793256
20,3,0.0011226970473098416,0.0012692593339035051,0.00016913395308638853,-0.003993136264323068,0.001133997408358293
20,4,0.0008430577863622557,0.00012996181239925594,0.0002647602544549821,-0.0023683206172241825,0.00095383760915095
20,Aggregated,0.0007778358600432689,0.00044458045331944305,7.958976698576777e-05,-0.002633578458902704,0.0007245677636339764
20,Centralized,0.0007778358600432689,0.00044458045331944305,7.958976698576777e-05,-0.002633578458902704,0.0007245677636339764
21,0,0.0009325372244160838,0.0014164177382668711,7.220045234351268e-05,-0.0014068446274093241,-0.000709927801603492
21,1,0.0017773719908896442,0.0018680434014361814,-0.001283575365352437,-0.0020798993529421383,9.537335334836584e-05
21,2,0.0036342798794436007,0.0036640751808542185,-0.0037351370035382803,-0.004333696299420329,0.0010945106626807828
21,3,0.003819144458376539,0.0038189135944988388,-0.004349263206723758,-0.004103491976607197,0.001125809740510475
21,4,0.0025343147782785403,0.0026955214723588397,-0.00223484258479697,-0.002984786044041273,-6.284537347921079e-05
21,Aggregated,0.0024982098506249792,0.0026723762892998195,-0.00228212657394114,-0.0029568757349641614,0.00031675918484024473
21,Centralized,0.0024982098506249792,0.0026723762892998195,-0.00228212657394114,-0.0029568757349641614,0.00031675918484024473
22,0,-0.001433986571179946,0.00036748075766160164,0.0006008422220905844,0.0003499321003325062,0.0009996252373783135
22,1,-0.0009242030595868829,0.00019192480247212835,0.0002045562291159079,0.0002495057598895345,0.0009782743202120267
22,2,-0.0004339701419126226,0.00036986507996348097,-4.2973432638506356e-05,4.3571406522765104e-05,0.0008684666760096808
22,3,-0.0006593943927832728,0.00072507718653122,-0.00036673081319444354,0.00028458154574527347,0.0008301981421618827
22,4,-0.0002365339864626152,-0.00012768598209335623,0.00040007850240111144,-7.449305241667981e-05,0.0009368947805529048
22,Aggregated,-0.0007195707078046658,0.00031086343539838226,0.00014380691998821526,0.00016967747586741171,0.000913306024085055
22,Centralized,-0.0007195707078046658,0.00031086343539838226,0.00014380691998821526,0.00016967747586741171,0.000913306024085055
23,0,0.00026043482530275217,-8.608091099507701e-05,-0.0002543700324341184,-0.0009347273619259244,0.0012490369405971887
23,1,0.00031450777122867256,2.108684447326148e-05,-4.4716661667149046e-05,-0.001388859874566136,0.0013802661524405864
23,2,0.0004065919567738663,0.00014953680503427638,0.0006413482342666477,-0.0029127657374097837,0.0014518857936848446
23,3,0.0001571775367862164,0.0004935534658296326,0.0008085306496084058,-0.0029667155807769443,0.0011641581120988194
23,4,0.0008384813187450879,-5.443361779877698e-06,-0.0002196781663061087,-0.0017276539183593842,0.0009323032738693116
23,Aggregated,0.0003772118618141085,0.0001174543134248492,0.00019705399445083907,-0.001981318975193408,0.0012362366581584183
23,Centralized,0.0003772118618141085,0.0001174543134248492,0.00019705399445083907,-0.001981318975193408,0.0012362366581584183
24,0,8.963313063150014e-05,0.0007646386008063129,-0.0021996417710470175,-0.0008360623045971904,0.0010738094062774076
24,1,0.0003627345816652379,0.000898446396405637,-0.0018140964530458288,-0.0014407780839107893,0.001318825212137507
24,2,0.0010671464125835528,0.0013093071184349678,-0.0015530651708072847,-0.0025803994699191406,0.0018343110604485883
24,3,0.001012184754150706,0.001459748096488117,-0.0013383098140854366,-0.0026535609908264275,0.0018262958489678387
24,4,0.000764858590784064,0.0007483642615845387,-0.0018319895860771966,-0.0015990936463428306,0.0012004255438262076
24,Aggregated,0.0006355636768475004,0.0010353147563415637,-0.0017223149156946431,-0.0018250083852831926,0.0014450712216750965
24,Centralized,0.0006355636768475004,0.0010353147563415637,-0.0017223149156946431,-0.0018250083852831926,0.0014450712216750965
25,0,0.000785954160578715,0.0008584815748477951,-0.00046058853812007693,-0.000982286948573143,-0.00015540494740017284
25,1,0.001110702933427856,0.001042198519399612,-0.00024055716449109717,-0.002659781457476573,0.0009013667144075865
25,2,0.0020146875788012277,0.0017876458849506282,2.2706283159111087e-05,-0.0057811624527421635,0.0019688981828216083
25,3,0.0019178073129606232,0.0020470706742498714,0.00020699045408478778,-0.006117893482289555,0.001969314145842218
25,4,0.0023180818405974394,0.0017249124776939407,-6.989118513400227e-05,-0.004722370277807034,0.0009115647671554039
25,Aggregated,0.0015839869762744522,0.0014723725964823002,-0.00010654304705704683,-0.0039967088304536085,0.001126861269073735
25,Centralized,0.0015839869762744522,0.0014723725964823002,-0.00010654304705704683,-0.0039967088304536085,0.001126861269073735
26,0,-0.0001980469853161304,0.00010423724166462311,0.0009134865695998695,-0.0002289759446868563,0.0007324321649277451
26,1,-0.00027552241240635564,-4.661462855165555e-06,0.0005477189293708551,-0.00010089899907976633,0.000649858572038331
26,2,-9.475242975831577e-05,-3.5917107876121124e-05,0.0005038257589743874,-0.00020224043667444827,0.0008701722324996793
26,3,-6.812891542014218e-05,0.00013956950196200208,0.00034969647262252194,-7.671258743803441e-05,0.0007547933454723359
26,4,-6.402894957519187e-05,-0.00012615367554661973,0.000969337617498602,-0.0005374797842294869,0.0007657136710574034
26,Aggregated,-0.0001435320273421359,1.3268364017367714e-05,0.0006576948679686778,-0.00022192316709367202,0.0007411605344566215
26,Centralized,-0.0001435320273421359,1.3268364017367714e-05,0.0006576948679686778,-0.00022192316709367202,0.0007411605344566215
27,0,0.0004277242885996328,-0.0006288014680727335,-0.0007343274737816707,0.00031515826223958986,0.0001580390693996773
27,1,0.0004367942193945429,-0.0004434089082955987,-0.00010785218556770652,-0.0007437419286083269,0.0006953620530835276
27,2,0.001366682697413276,0.00010736847107975697,0.000206103982170656,-0.003227159428147208,0.001057259105504436
27,3,0.0012588920494792822,0.0005386993805735004,0.0002690368212910984,-0.0038374958304581265,0.0010445410561037223
27,4,0.0015291164803614605,-0.00011724500699872298,-0.00017995837175869647,-0.0022468909585301733,0.0005807649907434062
27,Aggregated,0.0009857168001017158,-0.00010767139650995628,-0.00010456212936827599,-0.001926117464020168,0.0007003092754641264
27,Centralized,0.0009857168001017158,-0.00010767139650995628,-0.00010456212936827599,-0.001926117464020168,0.0007003092754641264
28,0,7.682930184894077e-05,-0.0005492926045641407,-0.0007720465017910368,0.00012521993591416703,0.00026606127196522703
28,1,8.471839095535356e-05,-0.0004789582746110484,-0.0006695824671645589,-4.7569617652639305e-05,0.0004068050234558214
28,2,0.0003831122734603435,-0.00039911885464777677,-0.0008204542731122755,-0.000381007780813869,0.0003542563652813635
28,3,0.0001673817366237303,-9.476512800005906e-05,-0.0006086489154153607,7.838588420445713e-05,0.00017114994393669926
28,4,0.00047036220831060406,-0.0003395998234508572,-0.0008547024402049759,-0.00021537677801611126,7.783395285364906e-05
28,Aggregated,0.00022062236623500707,-0.0003631219444328889,-0.0007459168509892477,-5.552995160678457e-05,0.00024717257796440516
28,Centralized,0.00022062236623500707,-0.0003631219444328889,-0.0007459168509892477,-5.552995160678457e-05,0.00024717257796440516
29,0,0.000568726945509392,-0.0005785412690085922,0.0006054560020702815,0.0002325472179711759,-0.0011460866200110535
29,1,0.0008685250999536727,0.00010585694402140225,0.000559976979242129,-0.0012391370039445146,-0.00046246192721034475
29,2,0.001715193642722825,0.00046782490000459677,0.0005767909859742237,-0.00293950531158631,0.00010612521322448942
29,3,0.0014122115209496448,0.0006715066212127677,0.00043041089191622197,-0.002989744389624771,9.682975059161306e-05
29,4,0.0014873913999518633,-4.0262336151406876e-05,0.0005207613706885624,-0.001437692376455681,-0.0005105588438258923
29,Aggregated,0.001180876010108702,0.00014019862011494338,0.0005275965785114652,-0.0016677278586674006,-0.0003684232695972086
29,Centralized,0.001180876010108702,0.00014019862011494338,0.0005275965785114652,-0.0016677278586674006,-0.0003684232695972086
30,0,0.0009298969771504961,-0.0004042417691748512,0.00035038091807391704,0.0006413636719990567,-0.0007129758482341153
30,1,0.0015644200359588227,-0.0005747394682625566,1.6379517020788843e-06,-0.0004251041493768796,0.00013969380204215305
30,2,0.0028483851124378456,0.00018495972696818316,-0.000965219071585699,-0.0024811742537773906,0.0011275018529488905
30,3,0.002662889295784286,0.0004609305886501806,-0.00119421070016331,-0.002878991405957804,0.0012716870031518686
30,4,0.0022058103223552136,-0.0004849731671102383,9.977647579635559e-05,-0.0012972119592439602,0.0002121019072039469
30,Aggregated,0.0020092902288472232,-0.0001560848289992885,-0.00034822156871977723,-0.0012757321574145663,0.0004104653918657127
30,Centralized,0.0020092902288472232,-0.0001560848289992885,-0.00034822156871977723,-0.0012757321574145663,0.0004104653918657127
31,0,0.001260814355044465,8.900335382874824e-05,6.406959442859887e-05,-0.000891109242890468,0.0005357244287423901
31,1,0.0013213707755536264,0.0004425341960324606,0.00014501123175548377,-0.0016931927603555405,0.0004996845639438992
31,2,0.0016158842400083066,0.001085864783186095,0.0005001332384935756,-0.0029614502871567155,0.0008049695701063526
31,3,0.0013775932344844478,0.001053241087601812,0.0007143258977085861,-0.002851204651838694,0.0009526836502676143
31,4,0.0014345812979108955,0.0006882674896205736,6.372660178812032e-05,-0.0019448381141109416,0.0004960061282968719
31,Aggregated,0.0013935884313076333,0.0006591206349166082,0.00029971758538617407,-0.0020493552735158477,0.0006517054572933482
31,Centralized,0.0013935884313076333,0.0006591206349166082,0.00029971758538617407,-0.0020493552735158477,0.0006517054572933482
32,0,-0.00024185596062878956,-0.0004890943096931333,8.41839264931236e-05,-0.0001938757272337795,0.0002989930819950785
32,1,-0.00014726177759899855,-6.753879868544218e-05,0.000290995585981609,-0.0011254648001386832,0.0005146144915028128
32,2,0.0002627637277279752,9.748210211750578e-05,0.0004923061399404146,-0.0022256830034647476,0.0009748155227548998
32,3,0.00014813590348375,0.00017048537386201896,0.0005540247855516619,-0.0024129026429184947,0.0009422565291031397
32,4,0.0004988178824572513,-0.00016508931527875286,1.1378330224541082e-05,-0.001143776741746814,0.000516045015624339
32,Aggregated,9.82940955210306e-05,-8.596784042668725e-05,0.0002913705729910158,-0.0014126325114203883,0.0006396909248811385
32,Centralized,9.82940955210306e-05,-8.596784042668725e-05,0.0002913705729910158,-0.0014126325114203883,0.0006396909248811385
33,0,-0.0005406885565029107,0.0006767020920412185,-8.137463830612535e-05,4.874079749569068e-05,0.00041269201773816433
33,1,-0.0001339988753662036,0.0010042319555040665,-0.0005551879768698864,-0.00047713409005020003,0.0007917313130733701
33,2,0.0005567629914498496,0.0015777002842920348,-0.0007759765692924913,-0.002231810158985849,0.0014006233852293048
33,3,0.0006083646250016043,0.0016799188709704723,-0.0009611734495262702,-0.002333265205803026,0.0015045791943327947
33,4,0.0005386924518099449,0.0009813378847000954,-0.0006973560226304299,-0.001023998233766101,0.0008132506481246675
33,Aggregated,0.00019780958999995508,0.0011792104535139959,-0.000613767975432596,-0.0011912506314026609,0.0009816841568118665
33,Centralized,0.00019780958999995508,0.0011792104535139959,-0.000613767975432596,-0.0011912506314026609,0.0009816841568118665
34,0,8.179865928958178e-05,-5.542985410145936e-05,0.0003541572810914236,-0.0005180963900312511,0.0002744129591476352
34,1,0.0004606781220736526,0.0005639947878403735,0.0002117575878515558,-0.0018964455581672553,0.0008102058243894853
34,2,0.0012244233036651656,0.0013408546957117925,0.00043472571253949286,-0.004033810989057857,0.0014020929657393303
34,3,0.0011158648722573272,0.0013869944435143777,0.0005632539705496838,-0.00413638964339638,0.001395649287988384
34,4,0.0010526620962462005,0.0011283377622464989,0.00032087201405363216,-0.002853694781485492,0.0008521282905416667
34,Aggregated,0.0007710680828562337,0.0008687987856234943,0.00036288136102011946,-0.0026590498462691274,0.0009446919656191451
34,Centralized,0.0007710680828562337,0.0008687987856234943,0.00036288136102011946,-0.0026590498462691274,0.0009446919656191451
35,0,0.0001499496134809412,0.0001654703779439252,-0.0003295270169531313,-0.0008132626650321513,0.0005310099387291285
35,1,0.0004793744031265183,0.0004572172119164479,-0.00023609760594136184,-0.0017120585081252804,0.0008865132783147378
35,2,0.001194133470342355,0.000985937530984371,-8.927562968075916e-05,-0.0037897655365819165,0.0014384570966566054
35,3,0.0011284101179539893,0.0012024289670799714,7.114817696333894e-05,-0.004125498651848595,0.0014368059133290866
35,4,0.0009092606202855976,0.00042475971988817547,-0.0003730333286087536,-0.0023390746656639814,0.001063134130649394
35,Aggregated,0.000755835208857103,0.0006442963314623314,-0.00017876595755461261,-0.0025373545277194856,0.001063853866101642
35,Centralized,0.000755835208857103,0.0006442963314623314,-0.00017876595755461261,-0.0025373545277194856,0.001063853866101642
36,0,-0.0010371108497750877,0.0005167576516319161,0.0006168291458472863,7.876835328947304e-05,0.00022307909185925178
36,1,-0.0006791041576359532,0.0006287103968038276,0.0005440008278431367,-0.0010224953799830552,0.0007521506038989952
36,2,0.0004122246715035638,0.001154395354982805,0.0005979617041081039,-0.003462997794227198,0.0015473331683641307
36,3,0.00042844652970526936,0.0014439739595357808,0.0006604427291007816,-0.00377303639170673,0.0011486409137691038
36,4,0.0007742039227494872,0.0007796227158353504,4.2721146975046215e-05,-0.002288537212228892,0.0011005820348896891
36,Aggregated,6.085205634159818e-06,0.0008979998869382869,0.00048345180131469936,-0.0020874082260617247,0.0009333143504767716
36,Centralized,6.085205634159818e-06,0.0008979998869382869,0.00048345180131469936,-0.0020874082260617247,0.0009333143504767716
37,0,0.00012928264189982497,-0.00025239996919826737,-0.000929279009851064,0.0007186546912908857,-2.6118643918016106e-05
37,1,0.0006375367133448162,7.475895759913217e-05,-0.0017946706940644948,-2.059327825687518e-06,0.0005230230193919383
37,2,0.001963229015262526,0.0013303083951113274,-0.0042619168564738946,-0.0012968393279988333,0.0015954922952806298
37,3,0.001947979332178351,0.0016981345471880757,-0.004035795140569875,-0.0016728560963553277,0.0018285438740381762
37,4,0.0017792478090867406,0.00031182285172656385,-0.0025359567923647114,-0.0011336147050446518,0.0006746828474151256
37,Aggregated,0.001271907463500993,0.000629082218002062,-0.0026790445842002648,-0.0006710862908509992,0.0009156273384135383
37,Centralized,0.001271907463500993,0.000629082218002062,-0.0026790445842002648,-0.0006710862908509992,0.0009156273384135383
38,0,-8.206474448883376e-06,0.0006089883927518321,0.0005787785798115674,-0.0010440105319217444,-0.00019301693960623866
38,1,0.00015128398086095932,0.0006986011901344477,-0.0004977288250894071,-0.00036384936454478267,-2.931377575455622e-05
38,2,0.0005347993577399901,0.001110552136796091,-0.0016183540375888353,-0.00010249381206744826,0.0003084817099825832
38,3,0.0006023164463468345,0.001290862347498704,-0.0019788780314269117,-4.411323101023805e-05,0.00039041824110280234
38,4,0.0005743715459637256,0.0009946883853089617,-0.0008903493690440874,-0.0004434072769649503,6.44778201000118e-05
38,Aggregated,0.0003769943793579626,0.0009477814535044186,-0.0008884069396974578,-0.00039036961995455216,8.462450994338917e-05
38,Centralized,0.0003769943793579626,0.0009477814535044186,-0.0008884069396974578,-0.00039036961995455216,8.462450994338917e-05
39,0,0.0012137586750720687,0.0008671611743302092,0.0010996118639258997,-0.002276719983267926,-0.0005209322770783749
39,1,0.001474630474236934,0.0010435628831072445,0.0011793198876203336,-0.003739503363703802,0.00029198523077345235
39,2,0.0019488157075523815,0.0016910221775158145,0.0015904118705741376,-0.005700560597863778,0.0007842241063296784
39,3,0.0014937053406095875,0.0016529529702041226,0.0015436778008507568,-0.005130045384321854,0.0006626747386337191
39,4,0.0017407876864830826,0.001045723807926452,0.0010923330317249903,-0.0034388075627724874,-2.3535074848871998e-05
39,Aggregated,0.001555110470746248,0.0012561660041735553,0.001283673788117947,-0.004027465542695922,0.00024374268365386735
39,Centralized,0.001555110470746248,0.0012561660041735553,0.001283673788117947,-0.004027465542695922,0.00024374268365386735
40,0,-0.001978095354094857,0.0009688691459749673,0.00015793939482497594,-0.0006619421735754934,0.001218646838820292
40,1,-0.0012837263670605892,0.00108808428464723,0.00030585424230141395,-0.0013867674629457205,0.0012874330576617317
40,2,-0.001139228614175064,0.0013641310760654501,0.00045778887908713245,-0.0026657406884108836,0.0016978374789025548
40,3,-0.0004332431783973042,0.001193244778144533,0.00028264336680408804,-0.002451881516642984,0.0013009994284722197
40,4,0.00013616296036973266,0.0004764182238755262,-0.0002534050523476476,-0.0012148331584271959,0.000878390193425301
40,Aggregated,-0.000942160102498633,0.0010192649582234407,0.0001950701611019697,-0.0016691746191471143,0.0012685959320504424
40,Centralized,-0.000942160102498633,0.0010192649582234407,0.0001950701611019697,-0.0016691746191471143,0.0012685959320504424
41,0,-0.0003434530155352426,-0.0011377835992154306,0.002006027673156533,0.001455753812817882,-0.0023344807624157784
41,1,-0.0001641686229123825,-0.0004495028256404095,0.001466553692040858,-0.0001080469079965322,-0.0012161265224000072
41,2,0.0003878515258299501,0.00018777423938056518,0.0015960750666850598,-0.0014808425594171966,-0.0007912986925877497
41,3,0.0005724781204484146,0.00021655656525831717,0.0013828948496386402,-0.0016772847172357923,-0.0007698966079745628
41,4,0.0008795834291971043,-0.00043619797484060384,0.000894980217619525,-0.0006795364493313009,-0.0012115819835630981
41,Aggregated,0.00025103921105863275,-0.00029807157283361546,0.0014260345280409463,-0.0004960948629247156,-0.001249050874238285
41,Centralized,0.00025103921105863275,-0.00029807157283361546,0.0014260345280409463,-0.0004960948629247156,-0.001249050874238285
42,0,-3.4327575615925958e-06,-0.00034219116743005966,0.001254228366211041,0.0015084373928804537,0.0013428143674134696
42,1,0.0005146441639458544,-1.417814208341528e-05,0.001023138132423725,-1.5060580215694082e-05,0.0016246513317700495
42,2,0.0014515833123751357,0.0006456921804414465,0.0008267670415072148,-0.002731240486481773,0.0024785353054454823
42,3,0.0014381466455039146,0.0013029847283303605,0.0005468351876974216,-0.003948432619335294,0.0020699016018883892
42,4,0.0009624477785491525,0.000380492785894726,0.0002877317031386032,-0.0020995490079548504,0.0018910523520226244
42,Aggregated,0.0008244607080651297,0.00039893566795892363,0.0007580552214985178,-0.0014423756346117421,0.0018400520729800808
42,Centralized,0.0008244607080651297,0.00039893566795892363,0.0007580552214985178,-0.0014423756346117421,0.0018400520729800808
43,0,-0.002597653128763498,-0.0007760343456401475,-0.0015272023318130287,0.0013572079196980465,0.0005772533123518923
43,1,-0.0017727461097360934,0.00010374653970018724,-0.002266335222600004,0.0007663882426844052,0.0008721558617582873
43,2,-0.001173811452826773,0.0010528679547900932,-0.002898263801026859,-0.0004669649458025893,0.0015388138175057482
43,3,-0.00027555949821699287,0.0015880846833638755,-0.0027493075996241974,-0.0009908306689086284,0.001702727339480442
43,4,0.00011270288320497182,0.0012318917603555948,-0.0025978675296200295,-0.0003508820357404648,0.0012248612181215313
43,Aggregated,-0.001096743705320043,0.0006893733709039784,-0.0023822223304750144,7.177574179277335e-05,0.0011647975004989727
43,Centralized,-0.001096743705320043,0.0006893733709039784,-0.0023822223304750144,7.177574179277335e-05,0.0011647975004989727
44,0,-0.00016666610685108217,0.0008967461688660471,-0.00037181938093131716,0.002426272232619146,0.0003991078488343939
44,1,0.0003937299246214943,0.0010655022567651181,-0.0002038477608697964,0.0005499424542815768,0.0005846864868471783
44,2,0.0008341004264200258,0.0014994231863649065,0.00010996902683300669,-0.0013598657906623364,0.0011402961055702896
44,3,0.0005423053227303872,0.0013154983138648824,-1.0613408870652208e-07,-0.00196699589860177,0.0012121600654472356
44,4,0.0007809963519387897,0.0008193185154299528,-0.0007181910591533743,-0.0011882803148644168,0.0008398045495566128
44,Aggregated,0.00042427482998160795,0.0010782048129143128,-0.0002449566998875145,-0.00029238997064901515,0.0008124107147641816
44,Centralized,0.00042427482998160795,0.0010782048129143128,-0.0002449566998875145,-0.00029238997064901515,0.0008124107147641816
45,0,-0.0012970300921236319,-0.0002113808970448235,0.00028271352022521954,0.0007884439588349705,-0.0019363328567577553
45,1,-0.0003791292657636521,0.00035767073524753943,0.00047125122693581487,-0.0014400957871927985,-0.001298852055772722
45,2,0.0004621203629898059,0.0011726868280866425,0.0005180974210439634,-0.003845292423736333,-0.000329657477600868
45,3,0.0008060173927026996,0.001487406274990216,0.0005050327481445849,-0.004572190124145508,0.0006153376577839727
45,4,0.0008750494830325991,0.0010044706528831494,0.0003098615235958243,-0.0034264216329454905,0.00032615876817341236
45,Aggregated,0.00010708661292965215,0.000770841988131445,0.0003932659564272412,-0.0024916616142987994,-0.00048421750721093596
45,Centralized,0.00010708661292965215,0.000770841988131445,0.0003932659564272412,-0.0024916616142987994,-0.00048421750721093596
46,0,0.0005009619948167861,0.0007429038925850488,-0.0003382483813987887,0.0017976798364614966,8.434354589604472e-05
46,1,0.0008933166897910868,-0.000259356266446135,0.0005846782134330319,0.0006579884385455463,0.0009009859763958887
46,2,0.0013812265273379864,0.00023385805927410205,0.00040909165417049034,-0.000994782711440532,0.0012303218494286302
46,3,0.0011070614166479142,0.00035783126298612834,-7.350118000050883e-06,-0.001404626425181519,0.0011500613873585716
46,4,0.001121486443058095,-0.00011288238371619704,-0.00011994606358720998,-0.0004806670874272038,0.000884009043377663
46,Aggregated,0.0009746881358676629,0.00019630908041703236,7.778043053460934e-05,-7.668344300325592e-05,0.0008242482926464733
46,Centralized,0.0009746881358676629,0.00019630908041703236,7.778043053460934e-05,-7.668344300325592e-05,0.0008242482926464733
47,0,-0.0003434170562513069,-0.0006493995969250636,0.00012027691871694391,0.0011215241787221849,-0.0005968840606585664
47,1,0.0002112864981326438,-0.00039901645997006223,-8.139628558421393e-05,0.00043061802443200754,-0.0003414804480129263
47,2,0.0011292774884521628,0.00045015145783438383,-0.001586069073779069,-0.0011771241497053405,0.0007999007680631997
47,3,0.0011251905649531694,0.0010262465386003709,-0.001905066839527242,-0.0014987597549270223,0.0010810959140416464
47,4,0.0007832265937028885,9.732624680747944e-05,-0.001169396485236851,-0.0006524464781874184,0.0006961208741228686
47,Aggregated,0.000556812768914063,9.494177981020554e-05,-0.0009037879114218883,-0.0003349674209693787,0.0003262746597348672
47,Centralized,0.000556812768914063,9.494177981020554e-05,-0.0009037879114218883,-0.0003349674209693787,0.0003262746597348672
48,0,-0.001254420834420609,0.0008261802425789425,0.0005052669965762553,-3.1196054845496665e-05,0.0006147773169815019
48,1,-0.00049811208503918,0.0012847883666707064,0.0009783038665672704,-0.002258181784996849,0.001097438456866434
48,2,-0.0002212441261139971,0.0018133884272629667,0.0009682806103376222,-0.0038589293388482547,0.001753063778655678
48,3,-0.0003505021007720858,0.0021152777743752684,0.0008585574701155323,-0.004157686057751823,0.001803071996520154
48,4,-9.738094953518258e-05,0.0015940139365846096,0.0008662354594544841,-0.003233345146092666,0.0013667677856688246
48,Aggregated,-0.0004963324288140854,0.0015105547544580933,0.0008379489941298927,-0.002666728931217612,0.0013130008070964428
48,Centralized,-0.0004963324288140854,0.0015105547544580933,0.0008379489941298927,-0.002666728931217612,0.0013130008070964428
49,0,-0.0003932061744908936,-0.00048813498145094204,0.0009875117637173894,0.0004402261563095348,-0.0013786813816783039
49,1,-3.9685409670679274e-05,-0.0005492681813137057,7.704127015970934e-05,-0.0003381211945368649,-0.0004528184737189929
49,2,0.0010947617493951363,0.0005367259845860469,-0.001248480531119082,-0.0017329238703513736,0.0008003487493345248
49,3,0.0011433976270642705,0.0011503594278246914,-0.001509731379729327,-0.0019178429823730099,0.0008296022243225731
49,4,0.0008972254489908201,0.00013333049147008503,-0.0009411460101323969,-0.0014684176608486328,0.00019081313905466117
49,Aggregated,0.0005053492230987629,0.00014415126111103443,-0.0005047582812834221,-0.000976221480773648,-2.4019736781618248e-05
49,Centralized,0.0005053492230987629,0.00014415126111103443,-0.0005047582812834221,-0.000976221480773648,-2.4019736781618248e-05
50,0,-0.00168511560215537,-0.00033845177269494576,0.00022500932104081993,0.0024981184890324544,0.00032617757283131914
50,1,-0.0006312739895615094,-6.988745321706199e-05,1.2986351739704045e-07,0.0012315588807162102,0.0008831192514646091
50,2,0.0005413405357376037,0.0011696969766690029,-0.0017571596077049316,-0.0005914351415144866,0.001507466018036872
50,3,0.0006347568985036671,0.001678372165511525,-0.0020887366708820226,-0.0009698481474547456,0.00148146482775565
50,4,0.00013711638400195624,0.0009952811508143144,-0.0009648514905500301,8.424037036379358e-05,0.0010116381019925013
50,Aggregated,-0.0002278503131010708,0.000693220182438183,-0.0008964765922611695,0.00048075098959839043,0.0010329768666566856
50,Centralized,-0.0002278503131010708,0.000693220182438183,-0.0008964765922611695,0.00048075098959839043,0.0010329768666566856
