,BeforeEvaluation,BeforeSV,AfterSV,BeforeGradientRewards,AfterGradientRewards,AfterEvaluation
0,1789100834.671603,,,,,
1,1789100843.4633632,1789100836.3374481,1789100843.3541496,1789100843.3546185,1789100843.4617307,1789100843.5595717
2,1789100855.1602294,1789100848.292546,1789100855.0598907,1789100855.0601366,1789100855.1582348,1789100855.256087
3,1789100866.297072,1789100859.609758,1789100866.199543,1789100866.1997967,1789100866.2946064,1789100866.3930702
4,1789100877.8338623,1789100871.1052656,1789100877.7360008,1789100877.7362418,1789100877.8312616,1789100877.9309475
5,1789100889.3591094,1789100882.3295486,1789100889.1838176,1789100889.1840613,1789100889.35643,1789100889.4556441
6,1789100900.8228776,1789100893.8363266,1789100900.7243779,1789100900.7246282,1789100900.8198245,1789100900.9194238
7,1789100912.151729,1789100905.302412,1789100912.0528154,1789100912.0530634,1789100912.1486034,1789100912.2490354
8,1789100923.8411746,1789100916.9797115,1789100923.743145,1789100923.7433836,1789100923.838083,1789100923.93725
9,1789100935.4916146,1789100928.444049,1789100935.393603,1789100935.3938563,1789100935.4886558,1789100935.58942
10,1789100947.1220014,1789100939.9337769,1789100947.0241733,1789100947.024427,1789100947.1190782,1789100947.2185633
11,1789100958.8171654,1789100951.6039388,1789100958.7187138,1789100958.7189689,1789100958.8136475,1789100958.9135916
12,1789100970.0960417,1789100963.3214056,1789100969.997385,1789100969.9976463,1789100970.093036,1789100970.1934454
13,1789100981.6525645,1789100974.8102615,1789100981.553829,1789100981.554077,1789100981.6491878,1789100981.7499337
14,1789100993.279002,1789100986.1967404,1789100993.1807287,1789100993.180976,1789100993.2755828,1789100993.3753552
15,1789101004.8787603,1789100997.677697,1789101004.7809265,1789101004.781173,1789101004.8754246,1789101004.975186
16,1789101016.500582,1789101009.4137938,1789101016.30944,1789101016.3096871,1789101016.4978192,1789101016.59883
17,1789101028.3117936,1789101021.2574146,1789101028.2121468,1789101028.212398,1789101028.3086922,1789101028.408928
18,1789101039.941335,1789101033.015985,1789101039.744916,1789101039.745164,1789101039.9382443,1789101040.0380857
19,1789101051.641975,1789101044.4120157,1789101051.5408235,1789101051.5410693,1789101051.638503,1789101051.7402813
20,1789101063.1302097,1789101056.1800926,1789101063.0293827,1789101063.0296657,1789101063.1265268,1789101063.2274086
21,1789101074.7295156,1789101067.6248057,1789101074.6283085,1789101074.6285615,1789101074.726011,1789101074.8261979
22,1789101086.475316,1789101079.509183,1789101086.2751298,1789101086.2753828,1789101086.4720993,1789101086.5737464
23,1789101097.9628031,1789101090.8844385,1789101097.8641026,1789101097.8643513,1789101097.9593413,1789101098.0594125
24,1789101109.5816946,1789101102.580968,1789101109.4799945,1789101109.480241,1789101109.5782678,1789101109.6798112
25,1789101121.0568168,1789101114.2059822,1789101120.8497267,1789101120.8499768,1789101121.0535142,1789101121.1557312
26,1789101132.7649455,1789101125.8895185,1789101132.6644096,1789101132.6646614,1789101132.7615452,1789101132.8624194
27,1789101144.5523005,1789101137.257542,1789101144.4517484,1789101144.4519975,1789101144.548625,1789101144.6489627
28,1789101156.163097,1789101149.050431,1789101156.063742,1789101156.064004,1789101156.1599548,1789101156.2612116
29,1789101167.9750874,1789101160.6990244,1789101167.8329816,1789101167.833404,1789101167.9697497,1789101168.0764427
30,1789101179.3956912,1789101172.538999,1789101179.2968636,1789101179.2971182,1789101179.3926058,1789101179.4931204
31,1789101191.136959,1789101184.2445855,1789101191.0371785,1789101191.0374353,1789101191.1337495,1789101191.2342098
32,1789101202.755697,1789101195.7612941,1789101202.6543045,1789101202.6545622,1789101202.7524412,1789101202.8535635
33,1789101214.5068452,1789101207.481001,1789101214.406177,1789101214.4064302,1789101214.503117,1789101214.6036162
34,1789101226.2131152,1789101219.0498383,1789101226.1006525,1789101226.1009088,1789101226.2094736,1789101226.3105192
35,1789101238.0884082,1789101231.1464572,1789101237.9872143,1789101237.9874723,1789101238.0846725,1789101238.186419
36,1789101249.8429172,1789101242.555247,1789101249.742729,1789101249.7429821,1789101249.8393517,1789101249.9401836
37,1789101261.7466867,1789101254.392946,1789101261.6478245,1789101261.6480758,1789101261.7430046,1789101261.8433206
38,1789101273.5724456,1789101266.2066479,1789101273.4735894,1789101273.4738455,1789101273.5690868,1789101273.6702397
39,1789101285.108943,1789101278.1746697,1789101285.0069077,1789101285.0071714,1789101285.105075,1789101285.2071385
40,1789101296.806641,1789101289.9390275,1789101296.706289,1789101296.7065408,1789101296.803385,1789101296.9041927
41,1789101308.8005111,1789101301.3962557,1789101308.700436,1789101308.7006936,1789101308.797101,1789101308.897814
42,1789101320.6239176,1789101313.3917437,1789101320.5224202,1789101320.5226743,1789101320.619358,1789101320.7213395
43,1789101332.2982252,1789101325.1775143,1789101332.1973965,1789101332.1976469,1789101332.2948723,1789101332.3953567
44,1789101344.474521,1789101337.2314243,1789101344.3738625,1789101344.3741083,1789101344.4709208,1789101344.5718691
45,1789101356.3392186,1789101349.1955218,1789101356.23933,1789101356.239585,1789101356.3356857,1789101356.4359853
46,1789101368.0522964,1789101360.9181368,1789101367.9515882,1789101367.9518497,1789101368.0485375,1789101368.1491823
47,1789101379.8770313,1789101372.614482,1789101379.7762723,1789101379.776524,1789101379.873363,1789101379.9740386
48,1789101391.6513371,1789101384.5103977,1789101391.5507472,1789101391.551004,1789101391.6478636,1789101391.7479365
49,1789101403.375593,1789101396.4886503,1789101403.275445,1789101403.2757063,1789101403.3721867,1789101403.4729798
50,1789101416.7251186,1789101408.186529,1789101415.2937167,1789101415.2939796,1789101415.390488,1789101416.8229263
