Round,Evaluator,0,2,5,4,3,1
0,0,,,,,,
0,1,,,,,,
0,2,,,,,,
0,3,,,,,,
0,4,,,,,,
0,5,,,,,,
0,Aggregated,,,,,,
0,Centralized,,,,,,
1,0,,,,,,
1,1,,,,,,
1,2,,,,,,
1,3,,,,,,
1,4,,,,,,
1,5,,,,,,
1,Aggregated,,,,,,
1,Centralized,0.1631389856338501,0.1682940423488617,0.16557198762893677,0.16801594197750092,0.16776108741760254,0.16721798479557037
2,0,,,,,,
2,1,,,,,,
2,2,,,,,,
2,3,,,,,,
2,4,,,,,,
2,5,,,,,,
2,Aggregated,,,,,,
2,Centralized,0.16213837265968323,0.16853433847427368,0.16590216755867004,0.16846655309200287,0.1680305451154709,0.1669280230998993
3,0,,,,,,
3,1,,,,,,
3,2,,,,,,
3,3,,,,,,
3,4,,,,,,
3,5,,,,,,
3,Aggregated,,,,,,
3,Centralized,0.16148518025875092,0.16862773895263672,0.1660011261701584,0.16857241094112396,0.16842468082904816,0.16688884794712067
4,0,,,,,,
4,1,,,,,,
4,2,,,,,,
4,3,,,,,,
4,4,,,,,,
4,5,,,,,,
4,Aggregated,,,,,,
4,Centralized,0.16082285344600677,0.16881799697875977,0.16599982976913452,0.16861790418624878,0.1687498539686203,0.16699159145355225
5,0,,,,,,
5,1,,,,,,
5,2,,,,,,
5,3,,,,,,
5,4,,,,,,
5,5,,,,,,
5,Aggregated,,,,,,
5,Centralized,0.1606774777173996,0.16892050206661224,0.16570918262004852,0.16868555545806885,0.16900518536567688,0.1670021116733551
6,0,,,,,,
6,1,,,,,,
6,2,,,,,,
6,3,,,,,,
6,4,,,,,,
6,5,,,,,,
6,Aggregated,,,,,,
6,Centralized,0.16067159175872803,0.16895419359207153,0.16553300619125366,0.16869930922985077,0.16903404891490936,0.16710786521434784
7,0,,,,,,
7,1,,,,,,
7,2,,,,,,
7,3,,,,,,
7,4,,,,,,
7,5,,,,,,
7,Aggregated,,,,,,
7,Centralized,0.1610204130411148,0.16894279420375824,0.16525419056415558,0.16863219439983368,0.16908515989780426,0.16706527769565582
8,0,,,,,,
8,1,,,,,,
8,2,,,,,,
8,3,,,,,,
8,4,,,,,,
8,5,,,,,,
8,Aggregated,,,,,,
8,Centralized,0.1614176332950592,0.1688869148492813,0.16504469513893127,0.16853632032871246,0.16903328895568848,0.16708123683929443
9,0,,,,,,
9,1,,,,,,
9,2,,,,,,
9,3,,,,,,
9,4,,,,,,
9,5,,,,,,
9,Aggregated,,,,,,
9,Centralized,0.16179566085338593,0.16880206763744354,0.16484518349170685,0.168526291847229,0.1689833700656891,0.1670474261045456
10,0,,,,,,
10,1,,,,,,
10,2,,,,,,
10,3,,,,,,
10,4,,,,,,
10,5,,,,,,
10,Aggregated,,,,,,
10,Centralized,0.16226062178611755,0.16862890124320984,0.1648673117160797,0.16838902235031128,0.16883204877376556,0.16702203452587128
11,0,,,,,,
11,1,,,,,,
11,2,,,,,,
11,3,,,,,,
11,4,,,,,,
11,5,,,,,,
11,Aggregated,,,,,,
11,Centralized,0.16275377571582794,0.16853055357933044,0.16477368772029877,0.1682872772216797,0.1686851531267166,0.16696959733963013
12,0,,,,,,
12,1,,,,,,
12,2,,,,,,
12,3,,,,,,
12,4,,,,,,
12,5,,,,,,
12,Aggregated,,,,,,
12,Centralized,0.1631440818309784,0.16841045022010803,0.1647430658340454,0.1682005077600479,0.16853520274162292,0.16696667671203613
13,0,,,,,,
13,1,,,,,,
13,2,,,,,,
13,3,,,,,,
13,4,,,,,,
13,5,,,,,,
13,Aggregated,,,,,,
13,Centralized,0.1635676920413971,0.1682494431734085,0.1647624522447586,0.16808512806892395,0.16840936243534088,0.16692593693733215
14,0,,,,,,
14,1,,,,,,
14,2,,,,,,
14,3,,,,,,
14,4,,,,,,
14,5,,,,,,
14,Aggregated,,,,,,
14,Centralized,0.16393525898456573,0.16814124584197998,0.16482283174991608,0.16796743869781494,0.16824527084827423,0.16688787937164307
15,0,,,,,,
15,1,,,,,,
15,2,,,,,,
15,3,,,,,,
15,4,,,,,,
15,5,,,,,,
15,Aggregated,,,,,,
15,Centralized,0.16428062319755554,0.16798412799835205,0.1649205982685089,0.1678454726934433,0.1681172102689743,0.16685201227664948
16,0,,,,,,
16,1,,,,,,
16,2,,,,,,
16,3,,,,,,
16,4,,,,,,
16,5,,,,,,
16,Aggregated,,,,,,
16,Centralized,0.16453590989112854,0.16787086427211761,0.16502471268177032,0.16773709654808044,0.16797126829624176,0.1668601632118225
17,0,,,,,,
17,1,,,,,,
17,2,,,,,,
17,3,,,,,,
17,4,,,,,,
17,5,,,,,,
17,Aggregated,,,,,,
17,Centralized,0.1647561639547348,0.16776257753372192,0.16508561372756958,0.16763947904109955,0.1678721159696579,0.16688403487205505
18,0,,,,,,
18,1,,,,,,
18,2,,,,,,
18,3,,,,,,
18,4,,,,,,
18,5,,,,,,
18,Aggregated,,,,,,
18,Centralized,0.16494490206241608,0.16768024861812592,0.16516736149787903,0.16756205260753632,0.16776978969573975,0.1668756604194641
19,0,,,,,,
19,1,,,,,,
19,2,,,,,,
19,3,,,,,,
19,4,,,,,,
19,5,,,,,,
19,Aggregated,,,,,,
19,Centralized,0.16513727605342865,0.16760185360908508,0.16525235772132874,0.16750313341617584,0.16766640543937683,0.16683903336524963
20,0,,,,,,
20,1,,,,,,
20,2,,,,,,
20,3,,,,,,
20,4,,,,,,
20,5,,,,,,
20,Aggregated,,,,,,
20,Centralized,0.16528809070587158,0.16750214993953705,0.16535761952400208,0.16743002831935883,0.16757676005363464,0.16684536635875702
21,0,,,,,,
21,1,,,,,,
21,2,,,,,,
21,3,,,,,,
21,4,,,,,,
21,5,,,,,,
21,Aggregated,,,,,,
21,Centralized,0.16539742052555084,0.16744118928909302,0.16543389856815338,0.16738420724868774,0.1675165295600891,0.16682671010494232
22,0,,,,,,
22,1,,,,,,
22,2,,,,,,
22,3,,,,,,
22,4,,,,,,
22,5,,,,,,
22,Aggregated,,,,,,
22,Centralized,0.16553279757499695,0.16737152636051178,0.1655084788799286,0.1673203706741333,0.1674336940050125,0.1668330729007721
23,0,,,,,,
23,1,,,,,,
23,2,,,,,,
23,3,,,,,,
23,4,,,,,,
23,5,,,,,,
23,Aggregated,,,,,,
23,Centralized,0.16560426354408264,0.16731694340705872,0.165607750415802,0.1672697216272354,0.16737650334835052,0.16682472825050354
24,0,,,,,,
24,1,,,,,,
24,2,,,,,,
24,3,,,,,,
24,4,,,,,,
24,5,,,,,,
24,Aggregated,,,,,,
24,Centralized,0.165686696767807,0.1672588586807251,0.1656818836927414,0.16722804307937622,0.16732606291770935,0.16681835055351257
25,0,,,,,,
25,1,,,,,,
25,2,,,,,,
25,3,,,,,,
25,4,,,,,,
25,5,,,,,,
25,Aggregated,,,,,,
25,Centralized,0.16575846076011658,0.16720761358737946,0.16575288772583008,0.16717956960201263,0.16727565228939056,0.1668258011341095
26,0,,,,,,
26,1,,,,,,
26,2,,,,,,
26,3,,,,,,
26,4,,,,,,
26,5,,,,,,
26,Aggregated,,,,,,
26,Centralized,0.1658206433057785,0.16717912256717682,0.1658143699169159,0.16714556515216827,0.16724200546741486,0.16679827868938446
27,0,,,,,,
27,1,,,,,,
27,2,,,,,,
27,3,,,,,,
27,4,,,,,,
27,5,,,,,,
27,Aggregated,,,,,,
27,Centralized,0.16589440405368805,0.16713255643844604,0.16588081419467926,0.16711102426052094,0.16719695925712585,0.16678428649902344
28,0,,,,,,
28,1,,,,,,
28,2,,,,,,
28,3,,,,,,
28,4,,,,,,
28,5,,,,,,
28,Aggregated,,,,,,
28,Centralized,0.16596195101737976,0.16710197925567627,0.16592437028884888,0.16707997024059296,0.16715288162231445,0.16677890717983246
29,0,,,,,,
29,1,,,,,,
29,2,,,,,,
29,3,,,,,,
29,4,,,,,,
29,5,,,,,,
29,Aggregated,,,,,,
29,Centralized,0.16600842773914337,0.1670706868171692,0.16596710681915283,0.16705095767974854,0.1671190857887268,0.16678373515605927
30,0,,,,,,
30,1,,,,,,
30,2,,,,,,
30,3,,,,,,
30,4,,,,,,
30,5,,,,,,
30,Aggregated,,,,,,
30,Centralized,0.16605117917060852,0.16704916954040527,0.1659972071647644,0.1670314371585846,0.16709373891353607,0.16677719354629517
31,0,,,,,,
31,1,,,,,,
31,2,,,,,,
31,3,,,,,,
31,4,,,,,,
31,5,,,,,,
31,Aggregated,,,,,,
31,Centralized,0.1660895198583603,0.16701707243919373,0.16604632139205933,0.16700595617294312,0.16706882417201996,0.16677218675613403
32,0,,,,,,
32,1,,,,,,
32,2,,,,,,
32,3,,,,,,
32,4,,,,,,
32,5,,,,,,
32,Aggregated,,,,,,
32,Centralized,0.16612403094768524,0.16699914634227753,0.16609831154346466,0.16697993874549866,0.16703452169895172,0.16676408052444458
33,0,,,,,,
33,1,,,,,,
33,2,,,,,,
33,3,,,,,,
33,4,,,,,,
33,5,,,,,,
33,Aggregated,,,,,,
33,Centralized,0.16613882780075073,0.16698481142520905,0.16611798107624054,0.16696548461914062,0.16702091693878174,0.16677196323871613
34,0,,,,,,
34,1,,,,,,
34,2,,,,,,
34,3,,,,,,
34,4,,,,,,
34,5,,,,,,
34,Aggregated,,,,,,
34,Centralized,0.16618256270885468,0.16695775091648102,0.16616162657737732,0.1669411063194275,0.16699686646461487,0.16676005721092224
35,0,,,,,,
35,1,,,,,,
35,2,,,,,,
35,3,,,,,,
35,4,,,,,,
35,5,,,,,,
35,Aggregated,,,,,,
35,Centralized,0.16621355712413788,0.16694007813930511,0.16618908941745758,0.16692712903022766,0.16697312891483307,0.1667570322751999
36,0,,,,,,
36,1,,,,,,
36,2,,,,,,
36,3,,,,,,
36,4,,,,,,
36,5,,,,,,
36,Aggregated,,,,,,
36,Centralized,0.16623257100582123,0.16692455112934113,0.16622324287891388,0.16690988838672638,0.16695421934127808,0.16675549745559692
37,0,,,,,,
37,1,,,,,,
37,2,,,,,,
37,3,,,,,,
37,4,,,,,,
37,5,,,,,,
37,Aggregated,,,,,,
37,Centralized,0.16625124216079712,0.16691358387470245,0.16624674201011658,0.1668994277715683,0.16694171726703644,0.1667473018169403
38,0,,,,,,
38,1,,,,,,
38,2,,,,,,
38,3,,,,,,
38,4,,,,,,
38,5,,,,,,
38,Aggregated,,,,,,
38,Centralized,0.16627053916454315,0.16690374910831451,0.1662667840719223,0.16688862442970276,0.1669284999370575,0.166741743683815
39,0,,,,,,
39,1,,,,,,
39,2,,,,,,
39,3,,,,,,
39,4,,,,,,
39,5,,,,,,
39,Aggregated,,,,,,
39,Centralized,0.16628539562225342,0.16689199209213257,0.16629312932491302,0.1668773740530014,0.1669142246246338,0.1667378693819046
40,0,,,,,,
40,1,,,,,,
40,2,,,,,,
40,3,,,,,,
40,4,,,,,,
40,5,,,,,,
40,Aggregated,,,,,,
40,Centralized,0.16630184650421143,0.1668790876865387,0.16632455587387085,0.1668645590543747,0.16689921915531158,0.16673068702220917
41,0,,,,,,
41,1,,,,,,
41,2,,,,,,
41,3,,,,,,
41,4,,,,,,
41,5,,,,,,
41,Aggregated,,,,,,
41,Centralized,0.16631576418876648,0.1668667197227478,0.16634158790111542,0.1668536216020584,0.1668885350227356,0.16673371195793152
42,0,,,,,,
42,1,,,,,,
42,2,,,,,,
42,3,,,,,,
42,4,,,,,,
42,5,,,,,,
42,Aggregated,,,,,,
42,Centralized,0.16633795201778412,0.16686053574085236,0.16635213792324066,0.16684509813785553,0.1668771505355835,0.166727215051651
43,0,,,,,,
43,1,,,,,,
43,2,,,,,,
43,3,,,,,,
43,4,,,,,,
43,5,,,,,,
43,Aggregated,,,,,,
43,Centralized,0.16635480523109436,0.16685128211975098,0.1663673371076584,0.16683709621429443,0.16686774790287018,0.16672176122665405
44,0,,,,,,
44,1,,,,,,
44,2,,,,,,
44,3,,,,,,
44,4,,,,,,
44,5,,,,,,
44,Aggregated,,,,,,
44,Centralized,0.1663624793291092,0.16684144735336304,0.1663816273212433,0.166831374168396,0.16686192154884338,0.16672120988368988
45,0,,,,,,
45,1,,,,,,
45,2,,,,,,
45,3,,,,,,
45,4,,,,,,
45,5,,,,,,
45,Aggregated,,,,,,
45,Centralized,0.1663736253976822,0.16683678328990936,0.16639003157615662,0.1668265163898468,0.16685061156749725,0.16672243177890778
46,0,,,,,,
46,1,,,,,,
46,2,,,,,,
46,3,,,,,,
46,4,,,,,,
46,5,,,,,,
46,Aggregated,,,,,,
46,Centralized,0.16638383269309998,0.16682901978492737,0.16640694439411163,0.16681864857673645,0.16684499382972717,0.166716530919075
47,0,,,,,,
47,1,,,,,,
47,2,,,,,,
47,3,,,,,,
47,4,,,,,,
47,5,,,,,,
47,Aggregated,,,,,,
47,Centralized,0.16639283299446106,0.16682104766368866,0.166420117020607,0.16681194305419922,0.1668376326560974,0.16671639680862427
48,0,,,,,,
48,1,,,,,,
48,2,,,,,,
48,3,,,,,,
48,4,,,,,,
48,5,,,,,,
48,Aggregated,,,,,,
48,Centralized,0.16640271246433258,0.16681621968746185,0.1664334535598755,0.16680529713630676,0.16682907938957214,0.16671320796012878
49,0,,,,,,
49,1,,,,,,
49,2,,,,,,
49,3,,,,,,
49,4,,,,,,
49,5,,,,,,
49,Aggregated,,,,,,
49,Centralized,0.16640782356262207,0.16681112349033356,0.1664414256811142,0.16679997742176056,0.16682477295398712,0.16671490669250488
50,0,,,,,,
50,1,,,,,,
50,2,,,,,,
50,3,,,,,,
50,4,,,,,,
50,5,,,,,,
50,Aggregated,,,,,,
50,Centralized,0.1664193868637085,0.16680416464805603,0.16645215451717377,0.16679349541664124,0.16681809723377228,0.1667126566171646
