,BeforeLocalTraining,AfterLocalTraining,BeforeLocalPartialEvaluations,AfterLocalPartialEvaluations,BeforeEvaluation,AfterEvaluation
1,1791292276.4909525,1791292276.632048,1791292285.4716778,1791292287.6549077,1791292288.5796554,1791292288.6122673
2,1791292290.2050238,1791292290.3297937,1791292299.4176567,1791292301.4915755,1791292302.4249003,1791292302.457805
3,1791292303.7391481,1791292303.8677108,1791292312.6860054,1791292314.7565734,1791292315.6759977,1791292315.7101934
4,1791292317.064314,1791292317.1881838,1791292325.8462856,1791292328.0999296,1791292329.0068252,1791292329.0408688
5,1791292330.5620427,1791292330.6868114,1791292339.4472733,1791292341.8533142,1791292342.7838745,1791292342.8169744
6,1791292344.1614568,1791292344.2857249,1791292353.2311618,1791292355.3181996,1791292356.4236917,1791292356.4576464
7,1791292357.7699919,1791292357.8943176,1791292367.0842502,1791292369.2613358,1791292370.264205,1791292370.2983336
8,1791292371.6739748,1791292371.800683,1791292380.7821436,1791292383.1052132,1791292384.1734707,1791292384.207877
9,1791292385.6814334,1791292385.8253403,1791292395.3177063,1791292397.4445868,1791292398.4962516,1791292398.5303316
10,1791292399.9717116,1791292400.0997877,1791292409.5890353,1791292411.796123,1791292412.849526,1791292412.8839924
11,1791292414.364363,1791292414.492582,1791292423.8279288,1791292426.0282276,1791292427.047856,1791292427.0815563
12,1791292428.574237,1791292428.7079206,1791292437.827826,1791292439.9615972,1791292440.9046757,1791292440.9383824
13,1791292442.3447058,1791292442.4684055,1791292451.4055598,1791292453.4471786,1791292454.3755062,1791292454.4085963
14,1791292455.814963,1791292455.9349878,1791292464.4908042,1791292466.5888824,1791292467.5486407,1791292467.5825675
15,1791292469.0732868,1791292469.1948252,1791292478.3778965,1791292480.4065797,1791292481.3791847,1791292481.414339
16,1791292482.9330523,1791292483.0684314,1791292491.8296547,1791292494.0081625,1791292494.8608217,1791292494.8954723
17,1791292496.3817031,1791292496.631593,1791292505.203731,1791292507.6440544,1791292508.5332785,1791292508.565702
18,1791292509.91359,1791292510.0354855,1791292518.9176018,1791292521.2319674,1791292522.1187203,1791292522.1516829
19,1791292523.5591877,1791292523.6808867,1791292532.5925286,1791292534.7312422,1791292535.5875118,1791292535.6206777
20,1791292537.037705,1791292537.159901,1791292546.1530032,1791292548.3538678,1791292549.3822796,1791292549.4158309
21,1791292550.707542,1791292550.8328543,1791292559.9237885,1791292562.100625,1791292563.2695985,1791292563.3045156
22,1791292564.5831501,1791292564.706563,1791292573.4825716,1791292575.5132198,1791292576.5065777,1791292576.5387268
23,1791292577.8348231,1791292577.9620428,1791292586.6086082,1791292588.6107395,1791292589.5744863,1791292589.6074095
24,1791292590.8057823,1791292590.9263148,1791292599.7821207,1791292601.819877,1791292602.675717,1791292602.7089882
25,1791292604.0051405,1791292604.2564957,1791292612.755619,1791292614.7837076,1791292615.649904,1791292615.6836276
26,1791292617.2922878,1791292617.4132926,1791292625.9022887,1791292628.266635,1791292629.1117141,1791292629.1441007
27,1791292630.353512,1791292630.4821389,1791292639.0423865,1791292641.0673122,1791292642.2563794,1791292642.2892623
28,1791292643.5274048,1791292643.647933,1791292651.8931131,1791292653.907521,1791292654.8471708,1791292654.8797615
29,1791292656.2552423,1791292656.4322035,1791292664.8730588,1791292666.9170299,1791292667.7789543,1791292667.8132348
30,1791292669.248513,1791292669.3731434,1791292677.6969101,1791292679.8240428,1791292680.6691914,1791292680.702643
31,1791292681.971174,1791292682.0923278,1791292690.5494676,1791292692.5872853,1791292693.5498412,1791292693.5828362
32,1791292694.7755437,1791292694.8972843,1791292703.719138,1791292705.7520041,1791292706.7271254,1791292706.7595687
33,1791292707.9755626,1791292708.09921,1791292716.76404,1791292718.8231332,1791292719.7156286,1791292719.749758
34,1791292721.1920135,1791292721.316311,1791292729.90509,1791292732.240979,1791292733.0422738,1791292733.075147
35,1791292734.5696156,1791292734.6904485,1791292743.0521612,1791292745.0444624,1791292746.1125152,1791292746.1772387
36,1791292747.5197287,1791292747.6397283,1791292756.2740047,1791292758.4899395,1791292759.4925485,1791292759.5256112
37,1791292760.8540576,1791292760.9800446,1791292769.6833873,1791292771.714717,1791292772.5841198,1791292772.617573
38,1791292774.2121468,1791292774.3673024,1791292783.4469974,1791292785.639532,1791292786.7501633,1791292786.7834482
39,1791292788.1677434,1791292788.29241,1791292797.1860158,1791292799.203728,1791292800.0672073,1791292800.2079964
40,1791292801.5049357,1791292801.6235244,1791292810.38846,1791292812.4463801,1791292813.3203108,1791292813.3536572
41,1791292814.6388237,1791292814.7680097,1791292823.9415643,1791292825.9242306,1791292827.0145204,1791292827.0471802
42,1791292828.4946845,1791292828.6146119,1791292838.4534588,1791292840.6978786,1791292841.6989152,1791292841.7329526
43,1791292843.2629156,1791292843.4009817,1791292853.2519317,1791292855.6058598,1791292856.600373,1791292856.634292
44,1791292858.1173084,1791292858.250171,1791292867.6200624,1791292869.683971,1791292870.7217946,1791292870.7545438
