Round,Evaluator,0,1,3,2
0,0,,,,
0,1,,,,
0,2,,,,
0,3,,,,
0,Aggregated,,,,
0,Centralized,,,,
1,0,0.12713434406931803,0.08530670048869615,-0.03492613719010842,-0.04615302922631992
1,1,0.10683329982862089,0.12014708676120804,-0.0544909108315019,-0.06503970987585318
1,2,-0.052285709505831335,-0.06512698768752175,0.134084294366193,0.14443140390793055
1,3,-0.013123157744088246,-0.013733574532569584,0.08847590607811644,0.060085390797746795
1,Aggregated,0.06612674075565919,0.054730251810209365,0.008309328711769868,-0.003552919553286387
1,Centralized,0.06626520060492064,0.05495419139868337,0.008092833762591739,-0.00375229449751475
2,0,0.09451880195285887,0.06877298916598984,-0.02547649478662478,-0.040680652019473296
2,1,0.08267293063824864,0.1104451225295348,-0.04326738461589128,-0.06489179740706881
2,2,-0.02788629204319674,-0.07204007438268438,0.08685839972855282,0.12060150250249964
2,3,-0.0029163208156892106,-0.015935276388675302,0.04802092599187597,0.03995139711408476
2,Aggregated,0.053156190925249834,0.04478186427747913,-0.0001214288110481937,-0.009272460163904523
2,Centralized,0.05325749709251037,0.04500489752140716,-0.00026766056794160403,-0.009451153964844508
3,0,0.06638248165663045,0.04827204484215511,-0.015975032673650608,-0.03199361925714272
3,1,0.05885099458564804,0.09239061440735674,-0.030529136785563443,-0.05794590147994216
3,2,-0.017683682039604895,-0.07302017002601506,0.055660522599911146,0.10065671172691483
3,3,-0.0011827764944342168,-0.01700515999182173,0.026861188102869926,0.025750751759257635
3,Aggregated,0.03802667906164338,0.0319024765769093,-0.0017073230013379282,-0.009953304247420925
3,Centralized,0.03809852145041977,0.03210634108124752,-0.0018039615435077455,-0.010105658103685597
4,0,0.04590938403347422,0.03428907467995956,-0.01191463107116269,-0.02568077105513145
4,1,0.042763939062475866,0.07613243555445655,-0.027351819256269227,-0.050523115813102336
4,2,-0.016284211842246713,-0.06635125282146058,0.04857384383804166,0.08622054947144753
4,3,-0.0024270904609708563,-0.012899668664174782,0.018874303083651067,0.01684893048069419
4,Aggregated,0.026064015614206765,0.02389466837509322,-0.002042413270356064,-0.009374408528043814
4,Centralized,0.026121303173346187,0.02406898329973098,-0.0021258548046462996,-0.009503339653077683
5,0,0.03198661806983879,0.024342406515807585,-0.008978520755621555,-0.020174665395169822
5,1,0.02697311124108628,0.0676838883903851,-0.02353705386723599,-0.04446475588593904
5,2,-0.006420256080222911,-0.06688782685020717,0.04157933628225632,0.07271665637792646
5,3,-0.000758134566186656,-0.010400863049327663,0.01277490144580747,0.00974996219081208
5,Aggregated,0.018121881762151182,0.018393955467117362,-0.002121669238395115,-0.008979279728115302
5,Centralized,0.018152820656893578,0.01855631724181996,-0.0021911410038420224,-0.009089407425645707
6,0,0.024697983530075362,0.017807688263128382,-0.006392453721385115,-0.016897809161715096
6,1,0.020145462077630853,0.06259858855659518,-0.019316706316855267,-0.041705487736976944
6,2,-0.004969395197701644,-0.07209008808354166,0.03665027138081552,0.06688772171022826
6,3,-0.0007425203479480188,-0.009526114740205288,0.009684340809430378,0.004534917958381429
6,Aggregated,0.013739457851594458,0.014112810150967195,-0.0012556670790335716,-0.008934258082598514
6,Centralized,0.013761898931888733,0.014270277414513722,-0.0013132956254176126,-0.009034509579190594
7,0,0.019979200722013087,0.013499554600860289,-0.004996182048768556,-0.015908678219161546
7,1,0.01566215338042451,0.0519526237545228,-0.015200764217288774,-0.04033435792999348
7,2,-0.00792546188393232,-0.059018480500207214,0.029699726693572157,0.06328269608684849
7,3,-0.002364793982854626,-0.0032049045204975424,0.006428553850034158,0.0011942919059571382
7,Aggregated,0.010005709356821107,0.012422888785648645,-0.0011215757764092464,-0.009380513884615773
7,Centralized,0.010024976671295973,0.012549697444118962,-0.0011657511752282829,-0.009474111912782066
8,0,0.015621081656804614,0.011020959158706198,-0.004327598720775015,-0.014755602517260413
8,1,0.009948691174171076,0.05128692097470242,-0.013487526466865333,-0.04043139889102421
8,2,-0.00213389117326671,-0.061887003760060864,0.027664168530248192,0.056941039732576935
8,3,-0.0023951257926007378,-0.0005600342998315124,0.004239751501827667,-0.001378928003965894
8,Aggregated,0.007515270217857867,0.01158565321324738,-0.0011037482902869038,-0.010439727853612411
8,Centralized,0.00752450916418386,0.011711259761960352,-0.0011416525898371582,-0.010530958345872065
9,0,0.013584152744596406,0.010194743740386892,-0.0035854359206243663,-0.014782415430171711
9,1,0.008042430145004468,0.048231698202694316,-0.010339371141043973,-0.03941674281464427
9,2,-0.0023355539657736965,-0.05941323153465291,0.023578263675875618,0.05332837516847092
9,3,-0.0026019296696372742,0.002434720424483061,0.0032503903546000357,-0.004263173915350814
9,Aggregated,0.006163935873677447,0.01132209448205573,-0.0006172599896066442,-0.011236249505224097
9,Centralized,0.006171121312932147,0.011437331016602511,-0.0006464103652262729,-0.011321006210237497
10,0,0.01129391281083538,0.010665418867643864,-0.0026002520915812586,-0.01627189857417811
10,1,0.005007586320644866,0.04363966771266068,-0.0069295749389714474,-0.040779443224550106
10,2,0.001267502672646854,-0.05112804094273574,0.017601660825070285,0.052123847624937734
10,3,-0.0033817040930276404,0.007064457853810348,0.0024826437180622643,-0.008182416403513073
10,Aggregated,0.0047533924859301056,0.01212941408941542,-0.00017185591667124786,-0.013176229797053992
10,Centralized,0.004756097920468927,0.012226060051886778,-0.00019180964729329184,-0.013258063078523017
11,0,0.009559052648666655,0.009524880239326216,-0.003237657607291828,-0.013445540960931762
11,1,0.005582083999191925,0.040369748262400945,-0.007509368270521996,-0.03479485065029409
11,2,-0.001698602377355025,-0.04637592811096125,0.01663291212768536,0.043683184518572594
11,3,-0.003296762666538921,0.009038005850075623,0.0011358811822157848,-0.009282936743136988
11,Aggregated,0.003986344951141049,0.011776149309482538,-0.000989658008882934,-0.011704908775225129
11,Centralized,0.003992932753384436,0.011863028183421742,-0.0010085979895769228,-0.011772531589823873
12,0,0.009051571327605376,0.008716861426894429,-0.00284975921842844,-0.012784854139645993
12,1,0.004050061273364221,0.040663529607155864,-0.005549035502471013,-0.035287674634176806
12,2,-0.0006998324188515204,-0.048174109700076316,0.015094955929734274,0.04329697499864571
12,3,-0.003726030881341167,0.01121148278045154,0.0013620651375404098,-0.011105610868852403
12,Aggregated,0.0033707088197247447,0.011836131177333162,-0.00039322846516420254,-0.012092703031674961
12,Centralized,0.0033743537184813175,0.011922521575878656,-0.00040775398122749884,-0.012160207960693665
13,0,0.007964385001784475,0.007720684949867611,-0.0023803657132592387,-0.011815971123903743
13,1,0.0030080281062585235,0.03760719450750408,-0.004151239118559719,-0.03256137254130182
13,2,0.00018717918703451317,-0.04693961393582221,0.01342545193673863,0.0415357188511097
13,3,-0.003926694909913482,0.012032651200521313,0.0012207138507910424,-0.011117751050030452
13,Aggregated,0.002754985233061254,0.010877176443238792,-4.689384890425006e-05,-0.011142271500844939
13,Centralized,0.0027573925573060715,0.010955996961095898,-5.809150383314967e-05,-0.01120380100162488
14,0,0.005628460090149047,0.0071613500399111225,-0.0018311017760934873,-0.011561269563018292
14,1,0.001641317041321963,0.03074720067210805,-0.001614835441684316,-0.03008687911773115
14,2,0.00015697186779796424,-0.03796433423224851,0.009116761200654036,0.039803567291479484
14,3,-0.0017197766169015315,0.012187766248299836,0.001660619695760544,-0.013190858313061918
14,Aggregated,0.002025558922001572,0.00973987072633268,0.000462353621439532,-0.01095243039386656
14,Centralized,0.002024973062776811,0.009800533141580706,0.0004570185541922604,-0.011005556423269863
15,0,0.005074963237977834,0.00837384865479115,-0.0015766272791584758,-0.012551174723755614
15,1,-0.0006045417150804718,0.03423291856172212,-0.0012106212504924853,-0.03181770726537455
15,2,0.004714681676189408,-0.042277266570721034,0.009424110934681216,0.03836349107681691
15,3,-0.002864125643463213,0.015536314626524744,0.0017700729585571802,-0.015782089203378192
15,Aggregated,0.001487474632857299,0.011403177826749945,0.0007400644090949197,-0.012587420352573353
15,Centralized,0.0014823714204211778,0.01146809652423896,0.0007352925888449921,-0.012640465247374147
16,0,0.006264052529492951,0.007690804445472228,-0.001910215432536407,-0.012924765515748818
16,1,0.0027280894214541107,0.02838547380206688,-0.0010228349968850238,-0.029294542171795907
16,2,-0.0013586058437459747,-0.033196314468556566,0.00790359144021253,0.03480590980313406
16,3,-0.002025118136218862,0.015328825036133364,0.0013495465672997142,-0.015464432123041022
16,Aggregated,0.0023124118600587927,0.010483087298019642,0.0003950210532209788,-0.012312820666738916
16,Centralized,0.0023142727594836258,0.010532982375988967,0.0003918494152344946,-0.012358911613480095
17,0,0.006460452535222381,0.007669868975429576,-0.0017558128081048747,-0.012872569454540905
17,1,0.0037261144987018927,0.028570995321138003,-0.0004593296349867844,-0.029362388414572043
17,2,-0.002421420511737382,-0.034708407615835817,0.007890278659964103,0.033936152083076425
17,3,-0.0011099412014049237,0.01527688756956975,0.00171863135314874,-0.016214043657443927
17,Aggregated,0.0027524657503809158,0.01032178455428032,0.0007041640182071731,-0.012596782865081677
17,Centralized,0.0027557169118565448,0.010372463787648459,0.00070179906948629,-0.012642097310144507
18,0,0.005720337758364229,0.0068471086267663005,-0.001733867606024439,-0.011990510073572403
18,1,0.002962881056598546,0.025498608024312464,0.00044087733604965956,-0.028295716128667565
18,2,-0.002092635617715728,-0.030754170373304846,0.006517779572484758,0.03271948704941343
18,3,-0.0012498494632640726,0.014997063724856985,0.0018146326852259236,-0.016211456089793946
18,Aggregated,0.0022786261794640683,0.009538929927269476,0.0008357348998107583,-0.012128052734519126
18,Centralized,0.002280978505642658,0.009582627053950516,0.0008357098385214715,-0.012171567511299103
19,0,0.0044305556590590696,0.006757984756096097,-0.0018390530923663995,-0.010589968028068534
19,1,0.0002664399512129374,0.024855050320834283,0.0009692578701797511,-0.02605191218448563
19,2,0.0014024064225249128,-0.03083922891586781,0.005845481652549986,0.029606896978128853
19,3,-0.0029264688946785133,0.01577854802061245,0.0018827788367886307,-0.015608224767056636
19,Aggregated,0.001096110881495063,0.00946314326622786,0.0008944308974725963,-0.011235884210013891
19,Centralized,0.001094582317730769,0.00950446508502877,0.0008958917756500447,-0.011275622869411731
20,0,0.005276271197911335,0.007397371494688804,-0.0014958829335083024,-0.012568434445898983
20,1,0.0027075001790430923,0.02374587165945287,0.0013400563261160524,-0.027400545990985393
20,2,-0.001280293245115358,-0.026640748033118486,0.005139062053865016,0.028612425631228317
20,3,-0.0015592032461868531,0.015095801256486421,0.002358927015967266,-0.017544211541070432
20,Aggregated,0.002092089202356076,0.009733210407654392,0.0011349820899188793,-0.012872692133976384
20,Centralized,0.0020945494581972473,0.009771074680174097,0.0011365456704610759,-0.012911061180763744
21,0,0.005812978489098693,0.006292803655582019,-0.001606811267636001,-0.011853643633787103
21,1,0.00254960031254167,0.021527432412585406,0.0015317475894555423,-0.02516889727377386
21,2,-0.0017401593421215791,-0.024915522655174247,0.004667185784160387,0.026432794689604817
21,3,-0.0016100853432813912,0.016042917830624195,0.002698562958227744,-0.018452570264473656
21,Aggregated,0.0021461179662179077,0.009098711613539343,0.0011703593447732993,-0.012414830303587567
21,Centralized,0.002147685160534913,0.0091310000715156,0.0011722164266912995,-0.012447123595977314
22,0,0.006104338224070721,0.008809232946336417,-0.000666930690597802,-0.015733908060015123
22,1,0.0018363535215520828,0.02326555675916815,0.002760557912255636,-0.028631401258474947
22,2,0.0001736327713764002,-0.02488069000541063,0.004027907048529257,0.02714814364268203
22,3,-0.0019562727343696525,0.01948970992739514,0.0035033131463589606,-0.023296500536816245
22,Aggregated,0.0021953754447088473,0.011237661850113215,0.001961724591398821,-0.015757069189104494
22,Centralized,0.0021948759223107107,0.011267427967842214,0.001964750105176686,-0.015788051541889763
23,0,0.009823577021724908,0.007373613675137142,-0.0016567287198974157,-0.014515166419075862
23,1,0.005894839908634673,0.01955697157759281,0.0019119144200375193,-0.024916284522826265
23,2,-0.007946662255883202,-0.020415013229720915,0.0043909237456132705,0.0251131156993014
23,3,-0.0011652489885617123,0.01818478750570307,0.003043757209216763,-0.021260413489703884
23,Aggregated,0.003801699373983194,0.009895123461241107,0.0013133148038919555,-0.013999663369272303
23,Centralized,0.00380738166707,0.009918066361170227,0.0013158115772893646,-0.014024751304847474
24,0,0.008824223966090436,0.004499065601122625,-0.002372062924970058,-0.009636295011245175
24,1,0.004766787294337928,0.012383999221673046,0.0018628738683750465,-0.0182378976657802
24,2,-0.009222965841534399,-0.013094857226981673,0.0034748729845503735,0.02026787939159142
24,3,-0.001454116386531465,0.012883283136663126,0.0028215798173294635,-0.015515880553775572
24,Aggregated,0.0028789665935677828,0.006485262310254099,0.0008909363204054265,-0.009659174515895236
24,Centralized,0.0028835839765084526,0.006498451886119153,0.0008946077350043685,-0.00967911767143175
25,0,0.0067344881439881515,0.005269305078659438,-0.0003233535730236224,-0.014040315407647677
25,1,0.004595541116901194,0.011457743713588521,0.004889966339227267,-0.0245904142753588
25,2,-0.005033836968203048,-0.011193441398753091,0.0009970868703042927,0.02293071444578477
25,3,-0.00017215713928298015,0.014512695154533675,0.004823398997343881,-0.021468144073217416
25,Aggregated,0.0029747829498058377,0.007052988334841985,0.0026359525233824173,-0.01407633051443672
25,Centralized,0.0029793071652296174,0.007060889459452717,0.0026428924005693125,-0.014100581126048345
26,0,0.006954761344635403,0.005534334834906345,-0.0013450614322721665,-0.011209046221856067
26,1,0.003068983123015604,0.017620169408482458,0.003420086797703323,-0.021614653610100815
26,2,-0.004179154348431503,-0.018707853924946106,0.002928870318423637,0.02016029375851345
26,3,-0.003625660301872164,0.020144071965278485,0.004031726149832789,-0.018679665637176546
26,Aggregated,0.0019230967792436891,0.009326140515291868,0.0019164685509308011,-0.011957526773058651
26,Centralized,0.0019272843375102225,0.009343981516953504,0.0019215450934916486,-0.011980399046895449
27,0,0.007415347424016112,0.003472107654113122,-0.0011532331443813854,-0.010249018743878796
27,1,0.005100300599908581,0.010612951272501477,0.004313897961242606,-0.020084099810880805
27,2,-0.0066942779512253634,-0.010682456153207525,0.0013926895847016115,0.018528748129416617
27,3,-0.0018423201763376428,0.014238245216060258,0.005076023501349956,-0.01875374937357192
27,Aggregated,0.0027744674158320746,0.006199696632359836,0.0022865913684591184,-0.011387379483830652
27,Centralized,0.0027816114698942934,0.006207793161779773,0.0022927218282817693,-0.011407256538492819
28,0,0.007375596689698782,0.005495656513916407,-0.00032495856327595846,-0.013196861011845798
28,1,0.005322630894832235,0.013131962171855126,0.005898403256202248,-0.02554020356098892
28,2,-0.005101408289049786,-0.01105461857385819,0.0008279496495582442,0.019650472263378193
28,3,-0.0024847560577800167,0.01689072842466599,0.006891015078710437,-0.024483073717036053
28,Aggregated,0.0029054103743534464,0.008197723496550565,0.003384490253481225,-0.015196214572703825
28,Centralized,0.0029135312247797036,0.008206719994655049,0.0033915961455499833,-0.015219882466956164
29,0,0.00913980785090178,0.00533623387181376,-0.0023186763873503983,-0.01220854037978418
29,1,0.006488162650091243,0.01463177390504137,0.007185131479015072,-0.02505753466984356
29,2,-0.006591021988625166,-0.0133577089164738,0.0018894634859105235,0.01939091863918412
29,3,-0.0008452413509654385,0.019117946538267056,0.0088367695428202,-0.025055378907507957
29,Aggregated,0.004016408907469606,0.008800225163139407,0.00370300801689415,-0.014875799707485933
29,Centralized,0.004023787227099787,0.008811059152009254,0.0037133340555816235,-0.014898712206278508
30,0,0.006577407756298795,0.004518275277515513,-0.0019378358309981626,-0.011194777037074827
30,1,0.0032145606494025695,0.014054017652538754,0.007277516556583513,-0.02329848551762914
30,2,-0.0026440744343813674,-0.013867840190949929,0.0012602684257362908,0.01836045267809854
30,3,-0.0016668258670197306,0.017962608338288735,0.008290933869880437,-0.02244620311289444
30,Aggregated,0.0024769041286521174,0.008026561257453286,0.0036550288092139843,-0.013550469313316618
30,Centralized,0.0024794840362149864,0.008038366139940897,0.003665874186320535,-0.013573029338023651
