Round,Evaluator,0,1,3,2
0,0,,,,
0,1,,,,
0,2,,,,
0,3,,,,
0,Aggregated,,,,
0,Centralized,,,,
1,0,0.21758828217052992,0.13089610858711692,-0.014489443683643985,0.024469155088938693
1,1,0.2499155243210788,0.2477742357100936,-0.10979979473002159,-0.09424405119559513
1,2,0.13667209225492236,0.13186317929344551,-0.11278986590216218,-0.011347450161137104
1,3,0.09858623652242822,0.1250810668618608,-0.01230714764736668,-0.027417752450657456
1,Aggregated,0.19116216384609142,0.16702220236537296,-0.05754844341960223,-0.02946646294431078
1,Centralized,0.2166566813011186,0.17100934691406056,-0.07013439764612833,-0.02146176345192513
2,0,0.19747764892040678,0.13794719950646808,-0.016627149994740752,-0.06001113053141188
2,1,0.053977689194324135,0.07251820754891031,0.0027286597322996333,-0.01799152527828533
2,2,0.14698512780449935,0.22751271420265615,-0.039414231909443126,0.03441982467864225
2,3,0.04249362312785256,0.06960068367860064,-0.032610946471919484,0.020983600569784672
2,Aggregated,0.11122941848374648,0.11418542454017165,-0.016984038886538804,-0.01634963196356878
2,Centralized,0.1421950053868317,0.132484680667387,-0.03156337713140644,-0.015189597552245375
3,0,0.09896142968472417,0.03143730186075835,-0.04366139797535288,-0.022299076805241628
3,1,0.15018489156870407,0.11767982386243132,0.06372092428002595,-0.020791786247291083
3,2,0.02870080710657623,0.06081062643667958,-0.000358175356076601,-0.02159745905933787
3,3,0.021111897388363634,0.07476331195561935,0.010399737934012603,-0.02955329400909787
3,Aggregated,0.08894504029592896,0.07229494468681236,0.008136443758584267,-0.023304141685509573
3,Centralized,0.08866573826655312,0.06384884533000747,-0.007009498379758154,-0.014815711549182218
4,0,0.06287993133908748,0.07100395145756623,0.011724048359255446,0.010400479959082812
4,1,0.06390483567563797,0.08615629527562652,-0.002070790826898377,-0.04539843123756174
4,2,0.01866440076270575,0.03308458321379606,-0.0030193112256970216,-0.04872967275080476
4,3,-0.039684506138716116,0.024143949484106374,0.006713831435503789,0.008826725219105944
4,Aggregated,0.0349616553088099,0.060560350427167696,0.004263237586638529,-0.01564041520726124
4,Centralized,0.03449691079100332,0.04414283591644522,0.007394909593853675,0.002153087142887015
5,0,0.009938576154213322,-0.003595761422589235,-0.040001822376689235,-0.013551281139513075
5,1,0.02836375077592625,0.05278147924287835,-0.032948264731062424,-0.04819696528774218
5,2,-0.007652822238970322,-0.01832592493831742,0.05418585885975915,0.02589411765784137
5,3,-0.04147482032762017,0.008707449896900438,-0.01740562952996319,0.024760509725413087
5,Aggregated,0.002265831252472526,0.015086959975228471,-0.02023574632345486,-0.010979601874699423
5,Centralized,0.004198619896497256,0.0010969166118791386,-0.008308308072147094,0.0023155700928632387
6,0,0.01238379980470052,0.02999259119063195,-0.010702032797514138,-0.03167435819781833
6,1,0.006272423971708481,0.06886335478639766,-0.004904619069628154,-0.034517381072438014
6,2,-0.005153235404450893,-0.019409171145265323,0.04770921819430677,0.043243173670320045
6,3,-0.0441698351273482,-0.024033691877614272,-0.009993020686369404,0.024553600881724275
6,Aggregated,-0.004223550061920336,0.02401479235189219,-0.0008869486683174234,-0.010318211506529328
6,Centralized,-0.000593186586405503,0.013050138702770997,0.00504403499194761,0.002513454288852579
7,0,0.0251875342603753,0.027491037738443237,-0.027623130598594604,-0.0015855630027097982
7,1,0.009304368124044152,0.04080828922216732,-0.023385304248682626,-0.027485766111934224
7,2,-0.020232213493264758,-0.00204301351880834,0.03402939165455575,-0.011754164642482662
7,3,0.0018357341928596689,0.00476744041397729,0.019807848757071974,0.08056260101674949
7,Aggregated,0.0089645181262958,0.02283910075650633,-0.007699011741213255,0.006683024220171736
7,Centralized,0.006878610124833123,0.011344481446541238,-0.007935075934681188,0.012343992215909158
8,0,-0.007727774947075762,0.03842090561709544,-0.0183081852115483,-0.00870980956824588
8,1,-0.03946033190957809,0.030615293676233876,-0.030304182292596085,-0.048799336819171125
8,2,-0.034367398268390296,-0.030522692193661122,0.024300042734073768,0.040590047727977654
8,3,-0.04957081691223684,-0.013665760701110823,-0.017801088244444187,0.041950286762511176
8,Aggregated,-0.030518144555269508,0.015370465268494256,-0.016323547922118632,-0.003867121967403679
8,Centralized,-0.029086958470417933,0.007266619530396544,-0.014882767552776427,-0.005681692722333459
9,0,-0.016474142987110918,0.054304486094601756,-0.02048051035625494,-0.0210249686414614
9,1,-0.0006138461485616226,0.04147487158138215,-0.011306137893297952,-0.046110398890987676
9,2,-0.058192360363994756,-0.019227123366021073,0.03211841628321832,0.045301067446797516
9,3,-0.03514358904028981,-0.006917824711259041,-0.008844980627703253,0.0509063943792521
9,Aggregated,-0.02106221186728891,0.027049567118483414,-0.0079871538898504,-0.004490105927095506
9,Centralized,-0.017617535391036387,0.02042873791081895,-0.004342531671140164,-0.006191847319484707
10,0,-0.02127824072067011,0.042819820971735804,-0.011886126025739066,-0.009655454225326626
10,1,0.000745530714103021,0.016235565144620653,0.008626080088224344,-0.025607175946948006
10,2,-0.04948726920497928,-0.052730495624171224,0.049930260891628275,0.0925036364591298
10,3,-0.03941253370143843,-0.020535138389139368,9.814854181121786e-05,0.059849523548766576
10,Aggregated,-0.021977936401587156,0.007770374653961102,0.005530685743643718,0.014055705548085376
10,Centralized,-0.014525346879562176,0.0022662595609718728,0.009524146247043452,0.010458117542389159
11,0,-0.0062136475935944775,0.048419349871284066,-0.02064215705798006,-0.02156354521970953
11,1,-0.010500371056888563,0.012798805226013043,0.001745163367931804,-0.004043597537056284
11,2,-0.059541302335381185,-0.06278452875457312,0.039876227761226374,0.0824496033287279
11,3,-0.03859887302439151,-0.0376670077457048,0.01560269654428279,0.060663184225813495
11,Aggregated,-0.021764018010515987,0.003446044613923692,0.0024811108830471327,0.01583686251354515
11,Centralized,-0.014788267837187166,-0.0020233305638871955,0.004195705102528193,0.012615893298546168
12,0,-0.011401681500578104,0.05718076640973685,-0.022336283634208576,-0.02344280127495016
12,1,-0.007080538597686935,0.0130385763150312,0.011221238711975492,-0.0006237650778546563
12,2,-0.06693904543328753,-0.06323391690445777,0.04817274715890204,0.08200021517884326
12,3,-0.040998344144435865,-0.030468594385571715,0.013203225424238435,0.058263713105769145
12,Aggregated,-0.023896101054637835,0.007918367893751478,0.00553090143166674,0.015725027416700718
12,Centralized,-0.017201408874205498,0.0037219260883685767,0.007933913499873472,0.012584008423108084
13,0,-0.021916025197153733,0.06935204433782143,-0.02374588263689963,-0.023690136503768045
13,1,-0.017812289298524155,0.01600095421017753,0.008367000012595452,-0.006555664924248829
13,2,-0.02668072259591751,-0.03968097424056299,0.07502569248906954,0.0951337587498733
13,3,-0.03365290048172353,-0.045159481710996374,0.013203225424238435,0.06560915676848146
13,Aggregated,-0.023800411910861963,0.012827274943198486,0.0077476967294132296,0.017108188105453614
13,Centralized,-0.017758847125596017,0.010328839552414556,0.00902314380105207,0.013952873213549766
14,0,-0.020016503074634467,0.05031155827953123,-0.015551430073507011,-0.014743625131389751
14,1,-0.01593537091125206,0.003644262566337486,0.008241544605764503,0.004049563739150071
14,2,-0.0434931017088536,-0.049221698570087465,0.011327989432161104,0.060477060901040845
14,3,-0.02998017865036737,-0.05200062599307722,0.023212792157043995,0.0587680124864006
14,Aggregated,-0.024024698983891167,-0.00015556692799149029,0.004069380189347202,0.017314247316106895
14,Centralized,-0.014284714400094758,-0.000661606861194051,0.006745412425498244,0.01706450812292477
15,0,-0.02267247664209977,0.044270153614084186,-0.004198078273129356,-0.017399598698855056
15,1,-0.0028205794093081418,-0.0022452233051911776,0.008434583914485825,-0.0033687811999865056
15,2,-0.04241989356291684,-0.03188066233975353,0.02607380298027884,0.04822675292239153
15,3,-0.01255686109215138,-0.07799959284333331,0.021682944965385753,0.06887350897009892
15,Aggregated,-0.016782045453103203,-0.007366529036802197,0.009513307091794956,0.01463526739811044
15,Centralized,-0.010716740137858421,-0.0073527582130733975,0.006682866190296501,0.011386632160635318
16,0,-0.020136229266226897,0.042570502422780786,-0.007570921833571702,-0.014863351322982185
16,1,-0.008099820761361934,-0.012376255721807042,0.002236775074957583,0.004509989964074146
16,2,0.01025867808152757,-0.005848066511448364,0.01025867808152757,-0.014669289651606776
16,3,-0.028836330273070945,-0.07155320498858796,0.03544715389464878,0.0649423813670101
16,Aggregated,-0.014127813038472565,-0.006271490400820826,0.007306922740141998,0.008715228528003431
16,Centralized,-0.01146363727640376,-0.006145450047429575,0.006477359674998813,0.010124913801493052
17,0,-0.013592693463066463,0.035104734392309524,-0.010986572648279088,-0.010525468280963976
17,1,-0.003632803842546125,-0.007865351721003647,0.0009436333054996249,0.010554522258050147
17,2,-0.00037918958992312624,0.0047898011600023315,0.020896545752978266,-0.02530715732305747
17,3,-0.006314393738400997,-0.07644204620881985,0.03437950114082148,0.08746431790168002
17,Aggregated,-0.007065320730951127,-0.006936480530498767,0.006958825071016165,0.015553447533107587
17,Centralized,-0.006069213310994193,-0.00575643973745867,0.00574063923403841,0.014000025014849038
18,0,-0.009995148746395075,0.020851877536827036,0.0023970248252494775,-0.013253753615681438
18,1,-0.008298543481300583,-0.007562340066443259,0.007066295041620152,0.00879458850612369
18,2,-0.0007467658858923282,0.017827602371235665,-0.01633407059945101,-0.0007467658858923282
18,3,0.002832989248516019,-0.12563297086932698,0.030497757762644937,0.09230222385816607
18,Aggregated,-0.005424224446806956,-0.02050563575986477,0.007498780344793974,0.018431079861877763
18,Centralized,-0.003978956776312409,-0.01633700693321648,0.008352011314893706,0.011963952394635186
19,0,-0.012711518977434675,0.024644272716094234,0.004250599558220334,-0.012508217406654393
19,1,0.0005727214139826612,-0.011601913345808216,0.003478527300810663,0.007550664631014892
19,2,-0.01619451783329093,0.0023798504238370607,-0.0008863186520524045,0.014700986061506277
19,3,0.026777852196886488,-0.12364157114450954,0.014673973780763036,0.08218974516686002
19,Aggregated,-0.0003441109789247541,-0.022175675340373336,0.005586871117012776,0.018144624080555623
19,Centralized,0.0007102054482452103,-0.017222000295152428,0.006101035970053098,0.01151241891574579
20,0,-0.0065800241572369815,0.01800063449084806,0.0012442580247055506,-0.01266486835831663
20,1,0.002861385215006007,-0.0025555065289316614,0.01024787409140937,0.020035869036799214
20,2,-0.012463983866567172,0.006496447704904308,0.018431520028230036,-0.012463983866567172
20,3,0.013270662854004177,-0.11853031888872162,0.03006253702819296,0.0751971190065245
20,Aggregated,-3.4822651978538757e-05,-0.019818498395288427,0.012688122544869822,0.016917721786888593
20,Centralized,0.0013329324825769966,-0.015521820720375454,0.009414415870874668,0.01284724399201447
21,0,-0.0003644707919916723,0.020871975439953606,0.0033059079370525712,-0.023813412585014505
21,1,-0.005171799139310364,-0.014665678736980705,0.005024741465450612,0.014812736410840457
21,2,-0.01719023110954353,0.020675189433833386,0.013705272785253677,-0.01719023110954353
21,3,0.00902775020236765,-0.11257011234219776,0.04561728215003571,0.057925079989794424
21,Aggregated,-0.0021025839479784326,-0.019538654408100924,0.014457227750558844,0.007184010605520521
21,Centralized,0.00028128442680908083,-0.015451430064125119,0.01082701547550772,0.004343130161808317
22,0,-0.004239807797955741,0.024118162711218565,0.005939572559946611,-0.025817927473209434
22,1,-0.003641910951553288,-0.009058802695490956,-0.003641910951553288,0.016342624598597533
22,2,-0.02034431759040332,0.010272080772073736,-0.02034431759040332,0.030416554408732904
22,3,0.05787891169489637,-0.12627460423641962,0.045775033278772914,0.06652758570985641
22,Aggregated,0.0073219367438192295,-0.02105606485924995,0.00804275425177882,0.015251202328029583
22,Centralized,0.0056817687084408834,-0.013237900844742403,0.007736135169853285,0.007957663550061047
23,0,0.005783368320688376,0.014137541521548594,-0.0007819460715318879,-0.01913896377070508
23,1,-0.012819204592881097,-0.01211654358579046,0.007573876616640857,0.0173618715620307
23,2,-0.02034431759040332,0.010272080772073736,-0.02034431759040332,0.030416554408732904
23,3,0.006784293366414365,-0.108695181192086,0.04988838849662921,0.05202249932904244
23,Aggregated,-0.0034240639176226504,-0.021494026521014682,0.0102980329953344,0.014620057443302937
23,Centralized,-0.0017554733376954808,-0.014072747347268386,0.008253866893977549,0.00757435379098632
24,0,0.004383987957958098,0.0178553871865416,-0.00552553885040193,-0.016713836294097766
24,1,-0.017920251025185793,-0.022191468305815212,0.002472830184336162,0.007049267332381912
24,2,0.0,0.0,0.0,0.0
24,3,-0.007851348782620988,-0.10137736011756832,0.04988838849662921,0.05934032040356013
24,Aggregated,-0.005977348122306235,-0.023260869884299942,0.009828756362413364,0.009656938359701377
24,Centralized,-0.004922179414538615,-0.015599003399484224,0.00663251548282658,0.005751000747583446
25,0,0.0020361802571952914,0.015507579485778791,-0.001265477229970326,-0.016278282513003756
25,1,0.002774745062132336,-0.007382168550621057,0.012971285666893312,0.022225759635878337
25,2,-0.012690217999784056,-0.012690217999784056,-0.012690217999784056,0.038070653999352166
25,3,0.0374837239184388,-0.05238316359170988,0.0374837239184388,0.08718431159783646
25,Aggregated,0.00801999308376755,-0.010343296038433942,0.010182262814244827,0.025793413219657314
25,Centralized,0.006876871321214432,-0.006019302006249783,0.008515332642851814,0.015242993579915006
26,0,0.00070387565647137,0.01669111404406708,-0.0025977818306942477,-0.014797207869844203
26,1,-0.004790664307562809,-0.015715609233263556,0.010523960095582449,0.009982313445243918
26,2,0.0,0.0,0.0,0.0
26,3,0.014990989401057577,-0.08477472699583076,0.014990989401057577,0.054792748193715594
26,Aggregated,0.001968699801352435,-0.0179652340511557,0.005762706979215057,0.010233827270588206
26,Centralized,0.0007773330878957374,-0.009875980117958724,0.0038444917384498067,0.005254155291613179
27,0,-0.0011304090103872177,0.008902228238032078,0.0022138034057525477,-0.009985622633397409
27,1,-0.00511808379838428,-0.02035345421751437,0.0,0.02547153801589865
27,2,-0.012690217999784056,-0.012690217999784056,-0.012690217999784056,0.038070653999352166
27,3,0.019188957944604772,-0.06336010849102623,0.019188957944604772,0.02498219260181669
27,Aggregated,0.0004762697906568764,-0.019046593568977834,0.003210609154405566,0.01535971462391539
27,Centralized,0.0005753369489568209,-0.013492169685786573,0.00313332076551646,0.009783511971313294
28,0,0.0003853515136124826,0.017200963158335747,0.0003853515136124826,-0.017971666185560713
28,1,-0.0011639227830152292,-0.021497563504525807,0.003954161015369051,0.018707325272171987
28,2,-0.012690217999784056,-0.012690217999784056,-0.012690217999784056,0.038070653999352166
28,3,0.030028455472252243,-0.05590484004483968,0.0083494604169573,0.017526924155630133
28,Aggregated,0.00459675796034465,-0.015051994841554582,0.001508340963342294,0.008946895917867636
28,Centralized,0.0038360964724909927,-0.009571520823926047,0.002265104524346575,0.0034703198270884805
29,0,0.0003853515136124826,0.017200963158335747,0.007073776345892013,-0.024660091017840242
29,1,-0.0057351053278502095,-0.01794092948277426,0.0044614352769107675,0.0192145995337137
29,2,-0.012690217999784056,-0.012690217999784056,-0.012690217999784056,0.038070653999352166
29,3,0.017222161948076388,-0.06871113356901552,0.021155753941133157,0.030333217679805995
29,Aggregated,0.0003510759773340886,-0.016706382273787165,0.006663579503690556,0.009691726792762523
29,Centralized,5.019612244726764e-05,-0.008960807493351533,0.0061005988408035046,0.0028100125301007603
30,0,0.0020574577216823653,0.022217281782545395,0.015434307386241427,-0.019643772393630594
30,1,-0.0050981656075785725,-0.018178532669597822,-0.0021553174415165862,0.025432015718692982
30,2,-0.012690217999784056,-0.012690217999784056,-0.012690217999784056,0.038070653999352166
30,3,0.02833634093152179,-0.054212725504109216,0.010041574957687755,0.015834809614899678
30,Aggregated,0.0035253282579699465,-0.011971501987441135,0.004890660709902239,0.010171124517749016
30,Centralized,0.002160142376538767,-0.004713598718807989,0.00511328429316472,0.004164437640270737
