Round,Evaluator,4,2,1,0,3
0,0,,,,,
0,1,,,,,
0,2,,,,,
0,3,,,,,
0,4,,,,,
0,Aggregated,,,,,
0,Centralized,,,,,
1,0,0.21775108308272545,0.22221610696279084,0.33168665057197855,0.40024796475430535,0.2165519014151771
1,1,0.24089927493457447,0.3224312847216382,0.4397448162947524,-0.23850489230713415,0.30200860572848465
1,2,0.24046360697651942,0.32401354725904963,0.4318481115019014,-0.24808306072344857,0.30080954359450185
1,3,0.2375078429016143,0.31795569363386017,0.4239509147244863,-0.23892533761529836,0.29858068384092384
1,4,0.2388720223388207,0.31907300708958763,0.42998623947389253,-0.24762922225345652,0.2988281130578278
1,Aggregated,1.1754938302342568,1.505689639666925,2.0572167325670123,-0.572894548145032,1.4167788476369148
1,Centralized,0.2358144856501187,0.3043940348872681,0.4147338972826503,-0.13581931133537112,0.28611192101460536
2,0,-0.04797970307981722,0.0893211783679435,0.01103527774072651,0.16384741405032743,0.066895703183849
2,1,0.08394243727765449,0.16997316918159502,0.12360117831705449,-0.27264527392846816,0.1502350325564664
2,2,0.09088660117184766,0.1640287079607351,0.12309428419944754,-0.2776900353078391,0.1542123928343036
2,3,0.08307700535054437,0.15727174316383394,0.1190530783193799,-0.26519374496391546,0.1396906025123326
2,4,0.08649932633519193,0.1620881333780841,0.11557742106048424,-0.2590450924416842,0.1497323449062903
2,Aggregated,0.2964256670554215,0.742682932052191,0.4923612396370927,-0.9107267325915793,0.6607660759932411
2,Centralized,0.06371059820559714,0.15097965585757972,0.10207966577680291,-0.19642009604343968,0.13484556805995285
3,0,0.02103390581036864,0.06048578287279153,0.03625413858002403,0.08226453071144096,0.06009642302782561
3,1,0.19296281463364723,0.11259570811544052,0.0988936802346681,-0.45235339318228984,0.1569490224739263
3,2,0.20137993397095805,0.11240551028642422,0.10058145514551493,-0.4555621223317433,0.16918376009455827
3,3,0.19264326973089027,0.11620808327706077,0.0924868322343926,-0.45728371248855737,0.14140586146363118
3,4,0.18807542928862922,0.11580027187357171,0.09534466679220675,-0.42766756732648514,0.15149690566120136
3,Aggregated,0.7960953534344934,0.5174953564252885,0.4235607729868065,-1.710602264617634,0.6791319727211425
3,Centralized,0.16492022633285908,0.10527368619952521,0.08671140592122674,-0.35962945842797467,0.13895081357524156
4,0,0.04256790713898571,0.03320305455021343,-0.01707438602941443,0.030973671873309083,0.01826637639166951
4,1,0.16210831278104726,0.195600778881249,0.07460292088931135,-0.2791340451418441,0.12890169377860838
4,2,0.16137763114594195,0.1917865101445616,0.077421687833532,-0.26282813995415244,0.13386985944556715
4,3,0.1719133025139055,0.22674943456342153,0.08306468941088056,-0.28791476169178487,0.1405639098756562
4,4,0.15738118781497304,0.18634066922816317,0.06455247237415583,-0.2590259623610544,0.12090535504567029
4,Aggregated,0.695348341394854,0.8336804473676072,0.2825673844784654,-1.0579292372755273,0.5425071945371716
4,Centralized,0.143051076950618,0.1722453092408575,0.059549519066625756,-0.22159321383858524,0.11222429998255598
5,0,0.021668252332370463,0.0005642076713766985,0.03530872903401272,0.01849578879177097,0.001499369736856862
5,1,0.06287436263427629,0.07794351122457743,0.06775701147884765,-0.19260280492292967,0.016844831557908148
5,2,0.06364741127736537,0.06600009426920182,0.07790396515761418,-0.18029494588567332,0.0293124937183935
5,3,0.07052708831752039,0.09030274219430627,0.07950537993734477,-0.19386292214016335,0.02337326466785703
5,4,0.06750079671424264,0.07933829495739642,0.0651245890707275,-0.17374202194404276,0.026273298367003886
5,Aggregated,0.2862179112757751,0.3141488503168587,0.32559967467854695,-0.7220069061010386,0.09730325804801948
5,Centralized,0.058711328208234756,0.06539868444390766,0.06634986684714439,-0.15112208834049978,0.020201687852877393
6,0,0.02127633187529153,0.01517227030794182,0.033435032980765805,0.006665788578595244,0.0098659446682708
6,1,0.04499792188589648,0.10905919719212981,0.11133242213764755,-0.22877535164914242,0.11951861755635948
6,2,0.05042461866118466,0.09328785001398246,0.1068347907536728,-0.20864667239381404,0.1063830051606269
6,3,0.04935480944862601,0.11008966061403588,0.12198546483899819,-0.2353779082711118,0.12677085374878747
6,4,0.0463584237401137,0.08158329398090143,0.10412349881600055,-0.19745727071926922,0.10479466281983792
6,Aggregated,0.2124121056111123,0.409192272108992,0.47771120952708507,-0.8635914144547409,0.4673330839538826
6,Centralized,0.04335732774225751,0.08458892505746309,0.0981046194372775,-0.1801191977282827,0.09691575894431027
7,0,0.010988905929238605,-0.009551390134436007,-0.007404434912768675,-0.010672355451978558,0.02644341609245936
7,1,0.08192008623235125,0.02732572964216839,0.044658850492048985,-0.21686933376510448,0.03783437484073975
7,2,0.07135442239525486,0.021178659466063433,0.043976744458899236,-0.18716268036801148,0.04281873271982385
7,3,0.08733272847022625,0.03188763924407275,0.05415027075084654,-0.21500778502491594,0.03635583335253703
7,4,0.0694337625937173,0.03708778417934327,0.03725407885735811,-0.19726331892602034,0.03433843623977189
7,Aggregated,0.3210299056207882,0.10792842239721183,0.1726355096463842,-0.8269754735360295,0.17779079324533187
7,Centralized,0.0664015771638749,0.02287031982384116,0.03625708747962153,-0.1717785477102679,0.03593421059113275
8,0,0.04496838264959225,-0.0578012573486825,0.03501084036535298,0.01702478420373861,-0.003713334806949803
8,1,0.04857054670581314,-0.04540709178530104,0.06397583867785016,-0.0957391579372605,0.05753400285047902
8,2,0.03846080517955396,-0.03902222131225865,0.04589963163108119,-0.07144321702595269,0.04863568250093508
8,3,0.03509790542760969,-0.03082068789236294,0.037992555791773706,-0.07248892624360312,0.06106270985692994
8,4,0.02972739156491893,-0.025851308138166287,0.03867402194042147,-0.0823113604172021,0.06281503824764997
8,Aggregated,0.19682503152748787,-0.19890256647677163,0.2215528884064795,-0.3049578774202797,0.22633409864904414
8,Centralized,0.039133825613599994,-0.03903702562103937,0.04469426136502216,-0.06421032508790764,0.04728761159891504
9,0,0.027696956749449015,-0.007905050198959271,0.034065078601564096,0.02839759351478084,-0.05090030997812281
9,1,0.026200288588633592,-0.05710598688545238,0.0446774434961759,-0.10033214834597085,0.08436356969866991
9,2,0.027250789422492438,-0.044520851766104534,0.04273321324276166,-0.07779856938420013,0.048845560009564214
9,3,0.01574943846936809,-0.08352389524792178,0.04717949019843173,-0.0968731940196166,0.0785607905221337
9,4,0.013767261402628272,-0.041183451817239695,0.03657273652775214,-0.09007960052905267,0.05553580281510118
9,Aggregated,0.11066473463257141,-0.23423923591567744,0.20522796206668556,-0.3366859187640589,0.2164054130673461
9,Centralized,0.021903389975437424,-0.048454524939172176,0.041333589087826236,-0.0712869486548152,0.04716675978266305
10,0,-0.004667489340075002,0.005116411483771256,-0.004628665077420267,0.02732265621827135,-0.018993277960728132
10,1,-0.00044768959729124487,0.032809889542991924,0.06590497611692898,-0.04085859360290746,0.002358870606972981
10,2,0.003129896526773388,0.024509138460448533,0.040842370557484894,-0.028115843595930435,0.0034249696170025284
10,3,0.004942108769061598,0.02873173929681218,0.05752451120338163,-0.03661485006773784,0.011567649084927764
10,4,-0.0016101292239135959,0.022961699694566785,0.059055382420394834,-0.04086265267645723,0.02017704685302492
10,Aggregated,0.001346697134555234,0.11412887847859078,0.21869857522077005,-0.11912928372476156,0.018535258201200094
10,Centralized,0.00047302057239632423,0.023556416897860564,0.04573526781239043,-0.025936108652049285,0.004643608145353587
11,0,0.03679940487062154,0.03363455745823986,-0.05576602177184184,0.028614703119284608,-0.009818525589010344
11,1,0.07475910695984883,0.029341117169716956,-0.09540121302227463,-0.08122720555711035,0.02240219417242344
11,2,0.06290533294916983,0.02812666478106301,-0.08370047883375316,-0.06800481854706283,0.019920145088515983
11,3,0.06541003329247384,0.031080329831155273,-0.09622531335946356,-0.08986520031266133,0.024542053166153533
11,4,0.056250031233706456,0.020385730171823033,-0.05577412359299525,-0.08850159096205938,0.009472507233407895
11,Aggregated,0.29612390930582033,0.142568399411998,-0.3868671505803284,-0.29898411225960936,0.06651837407149055
11,Centralized,0.06014999247237792,0.02830240574587606,-0.07826489508581513,-0.06344444900481928,0.014257635997446623
12,0,-0.000984478996352909,-0.009343886657490327,0.0045801145590224305,0.006247216110633786,-0.04986790502652159
12,1,0.021003684969798188,0.05690011905161887,0.05850020082380451,-0.1019328115571023,0.002371164177831809
12,2,0.02067652055424505,0.04230459483845371,0.04444225164006589,-0.08385937778891993,-0.00014683298260034135
12,3,0.02819623242426775,0.06748220419220541,0.06533194553551439,-0.1017274445123185,0.011542732040791082
12,4,0.014693187184316465,0.06321608762168585,0.05069784507068108,-0.09531930480143887,0.016196133132508547
12,Aggregated,0.0835851461362745,0.22055911904647363,0.2235523576290883,-0.37659172254914586,-0.019904708657990457
12,Centralized,0.017447347051144434,0.04631726677158492,0.04636614516301301,-0.07868352455009787,-0.0020877663458441155
13,0,-0.010161326973675857,-0.0012245924801985062,0.015031682552253126,0.025795301432366836,0.010946096219318665
13,1,0.004792352228686915,0.03813398429648244,0.06573256533169777,-0.043599435978137736,-0.00019119946471499242
13,2,0.005474443165708472,0.030275992542409234,0.039265392458329336,-0.02557045850727357,0.0070023590177709484
13,3,0.018764752073127628,0.04350096643346857,0.0499200231044302,-0.05556112065229021,-0.01177906320377411
13,4,0.01738963093583309,0.040189007077250496,0.05681230138109861,-0.049400147974315675,-0.007406432457597004
13,Aggregated,0.036259851429680294,0.15087535786941225,0.22676196482780903,-0.1483358616796505,-0.001428239888996502
13,Centralized,0.007970396820449206,0.031470538216092976,0.04660334445299689,-0.03195540857945704,-0.0007490408879639018
