Round,Evaluator,Classes,4,2,1,0,3
0,0,LAYING,,,,,
0,0,SITTING,,,,,
0,0,STANDING,,,,,
0,0,WALKING,,,,,
0,0,WALKING_DOWNSTAIRS,,,,,
0,0,WALKING_UPSTAIRS,,,,,
0,1,LAYING,,,,,
0,1,SITTING,,,,,
0,1,STANDING,,,,,
0,1,WALKING,,,,,
0,1,WALKING_DOWNSTAIRS,,,,,
0,1,WALKING_UPSTAIRS,,,,,
0,2,LAYING,,,,,
0,2,SITTING,,,,,
0,2,STANDING,,,,,
0,2,WALKING,,,,,
0,2,WALKING_DOWNSTAIRS,,,,,
0,2,WALKING_UPSTAIRS,,,,,
0,3,LAYING,,,,,
0,3,SITTING,,,,,
0,3,STANDING,,,,,
0,3,WALKING,,,,,
0,3,WALKING_DOWNSTAIRS,,,,,
0,3,WALKING_UPSTAIRS,,,,,
0,4,LAYING,,,,,
0,4,SITTING,,,,,
0,4,STANDING,,,,,
0,4,WALKING,,,,,
0,4,WALKING_DOWNSTAIRS,,,,,
0,4,WALKING_UPSTAIRS,,,,,
0,Aggregated,LAYING,,,,,
0,Aggregated,SITTING,,,,,
0,Aggregated,STANDING,,,,,
0,Aggregated,WALKING,,,,,
0,Aggregated,WALKING_DOWNSTAIRS,,,,,
0,Aggregated,WALKING_UPSTAIRS,,,,,
0,Centralized,LAYING,,,,,
0,Centralized,SITTING,,,,,
0,Centralized,STANDING,,,,,
0,Centralized,WALKING,,,,,
0,Centralized,WALKING_DOWNSTAIRS,,,,,
0,Centralized,WALKING_UPSTAIRS,,,,,
1,0,LAYING,-0.02025121301713554,-0.002769657564871409,0.21815643683259564,0.07358294582088078,-0.24649628984924737
1,0,SITTING,-0.07875907316134519,0.06662757880004391,-0.0926775409381906,0.11900232736821657,-0.014193292068724652
1,0,STANDING,0.2094881040417974,-0.06252705537768447,0.26946652314310415,0.020899221580113127,0.07281813414890172
1,0,WALKING,0.12667973216068104,0.06826959376404704,0.07748246100854354,0.3087368784524149,0.020821384365557524
1,0,WALKING_DOWNSTAIRS,0.0,0.0,0.0,0.0,0.0
1,0,WALKING_UPSTAIRS,0.0,0.0,0.0,0.0,0.0
1,1,LAYING,-0.027064911116188858,-0.0015869952981539973,0.2212739728645351,0.07454739266314798,-0.26716945911334017
1,1,SITTING,-0.08210003604223517,0.06169982555540483,-0.09446148866353425,0.12284838679259942,-0.007986687642234829
1,1,STANDING,0.2104136689059608,-0.062007060087707934,0.2605315845229247,0.023453237116742975,0.07627908977329315
1,1,WALKING,0.06718731235176055,0.07085753919883617,0.07852487732920557,0.06727757325432877,0.05332140689978174
1,1,WALKING_DOWNSTAIRS,-0.03352012176068788,0.133553998952719,0.17184187720949365,-0.5636184198022803,0.155234728892819
1,1,WALKING_UPSTAIRS,0.0,0.0,0.0,0.0,0.0
1,2,LAYING,-0.016191225597887913,-0.005480490073726397,0.20486900130542327,0.06368531977477061,-0.24688260540857965
1,2,SITTING,-0.08547043444772964,0.06969592377132772,-0.09017468663067403,0.11990214642520135,-0.013952949118125441
1,2,STANDING,0.20756784897695385,-0.06400078834896086,0.260563019059581,0.038977034988806,0.06703781285985176
1,2,WALKING,0.0865858118307774,0.07769803682055512,0.0801954168426566,0.04781606336978386,0.04717202108575725
1,2,WALKING_DOWNSTAIRS,0.005480622018259506,0.13859737712891668,0.15460400440595617,-0.58459430716307,0.15375891127955413
1,2,WALKING_UPSTAIRS,0.0,0.0,0.0,0.0,0.0
1,3,LAYING,-0.017087414881843118,-0.002458444479143643,0.204248415766383,0.0682167938384719,-0.25291935024386836
1,3,SITTING,-0.07395211581285016,0.06333774941975873,-0.09301505781657861,0.1183767855099876,-0.014747361300317603
1,3,STANDING,0.2167052128052113,-0.07183751746594183,0.2573987356258716,0.040970002688396505,0.06690849388269424
1,3,WALKING,0.09203602596464805,0.08009280739951817,0.06281742657622935,0.05505218785609513,0.039931108571254106
1,3,WALKING_DOWNSTAIRS,0.01973702481047311,0.1469752186567313,0.14172202807879472,-0.5508272649163023,0.13505846743112562
1,3,WALKING_UPSTAIRS,0.0,0.0,0.0,0.0,0.0
1,4,LAYING,-0.017876522618934205,-0.008269607379486683,0.21471251478014844,0.06251779274043989,-0.25108417752216755
1,4,SITTING,-0.08231176800886085,0.0664173110513832,-0.09249437962677455,0.12422773450913567,-0.01583889792488347
1,4,STANDING,0.19717851989593732,-0.063622768873571,0.2563739206440917,0.048212255377870286,0.07052859318688567
1,4,WALKING,0.090436038759432,0.07231481183365022,0.07036123378981489,0.05016232881825107,0.045760500030211745
1,4,WALKING_DOWNSTAIRS,0.003966087882503378,0.12770403933879987,0.13276969578672232,-0.5843561844163927,0.14296830946031563
1,4,WALKING_UPSTAIRS,0.0,0.0,0.0,0.0,0.0
1,Aggregated,LAYING,-0.019821795846857948,-0.004119556319589166,0.21270026185975296,0.06850239019914597,-0.2527769949597166
1,Aggregated,SITTING,-0.08057932152487798,0.06556166022703445,-0.09255445063609685,0.12085170399971906,-0.013279592065778672
1,Aggregated,STANDING,0.20824418156876096,-0.06477364301204233,0.26072770541851087,0.034620971910413904,0.07073492424174531
1,Aggregated,WALKING,0.09042712123185717,0.07409114133585051,0.07329752451507018,0.08965651409314858,0.0430901118313083
1,Aggregated,WALKING_DOWNSTAIRS,-0.0009270402753885021,0.13242111148643368,0.14550185297489784,-0.5486432601389414,0.14383405448592423
1,Aggregated,WALKING_UPSTAIRS,0.0,0.0,0.0,0.0,0.0
1,Centralized,LAYING,-0.019821795846857948,-0.004119556319589166,0.21270026185975296,0.06850239019914597,-0.2527769949597166
1,Centralized,SITTING,-0.08057932152487798,0.06556166022703445,-0.09255445063609685,0.12085170399971906,-0.013279592065778672
1,Centralized,STANDING,0.20824418156876096,-0.06477364301204233,0.26072770541851087,0.034620971910413904,0.07073492424174531
1,Centralized,WALKING,0.09042712123185717,0.07409114133585051,0.07329752451507018,0.08965651409314858,0.0430901118313083
1,Centralized,WALKING_DOWNSTAIRS,-0.0009270402753885021,0.13242111148643368,0.14550185297489784,-0.5486432601389414,0.14383405448592423
1,Centralized,WALKING_UPSTAIRS,0.0,0.0,0.0,0.0,0.0
2,0,LAYING,0.03560503485505165,0.28837039152526917,0.17553679348231654,0.21331340370306004,0.219497608757535
2,0,SITTING,-0.06349283380341027,0.32913464166628015,0.18746247125918203,0.08167983757910825,0.09283094606034621
2,0,STANDING,0.13397995515142597,-0.39468457235538706,-0.022486488747176937,-0.00867971459351605,-0.02025430501137965
2,0,WALKING,-0.023534286971736637,-0.007794028237582251,-0.008862858423386803,0.03756209128714594,0.002629082345559732
2,0,WALKING_DOWNSTAIRS,0.0,0.0,0.0,0.0,0.0
2,0,WALKING_UPSTAIRS,0.0,0.0,0.0,0.0,0.0
2,1,LAYING,0.03754158853135404,0.30377795179780454,0.1756015245630428,0.22185314807355166,0.20979721560567574
2,1,SITTING,-0.06311834535024066,0.3383058835849809,0.18723048692745609,0.07450328085287787,0.07974536065159239
2,1,STANDING,0.11040618734409693,-0.4090218700028449,-0.021970438297874092,0.0005739151861054836,-0.010440492678519169
2,1,WALKING,0.020415555976591282,0.05270582379375251,0.044365730824527876,-0.13256372317382537,0.047347372122440584
2,1,WALKING_DOWNSTAIRS,0.14171335294469312,0.21856512243668444,0.20796646313289424,-0.5521323346274074,0.18718772614613918
2,1,WALKING_UPSTAIRS,0.0,0.0,0.0,0.0,0.0
2,2,LAYING,0.05705932401683842,0.2796106169050283,0.17211814960945557,0.2221430621123152,0.20548503232746076
2,2,SITTING,-0.05012669172678547,0.3133679565407265,0.16400164559937888,0.10629191809146157,0.10021002746229665
2,2,STANDING,0.11451135170485077,-0.38716588855365147,-0.018315296858305345,-0.005413787044107585,-0.033761306785018194
2,2,WALKING,0.022110637614485604,0.051528216228154004,0.0412522340638756,-0.13874172815667946,0.043868775145888536
2,2,WALKING_DOWNSTAIRS,0.14217334238421228,0.20176900360642394,0.18248571391704113,-0.5808505018533865,0.17108910861237586
2,2,WALKING_UPSTAIRS,0.0,0.0,0.0,0.0,0.0
2,3,LAYING,0.05030439916993834,0.2837243906194055,0.17614292836423787,0.22695221351724298,0.21024448938180695
2,3,SITTING,-0.0577791193868815,0.3070580329723343,0.1636913446144242,0.09697344468294114,0.11607255727978358
2,3,STANDING,0.1158504980544356,-0.4067674936222859,-0.027226445370157934,-0.003968834300803118,-0.026416490681258988
2,3,WALKING,0.02339760947408936,0.0511274823638564,0.033715315879082865,-0.09246845585445128,0.0302171467581003
2,3,WALKING_DOWNSTAIRS,0.14751420881663488,0.22981548619853506,0.19174440108071553,-0.43979898147372243,0.16084692083719662
2,3,WALKING_UPSTAIRS,0.0,0.0,0.0,0.0,0.0
2,4,LAYING,0.04721032262214498,0.29665009363652395,0.17896392693016694,0.22512686352775882,0.22932152055613292
2,4,SITTING,-0.06315915270573057,0.32044417483249277,0.18181545858238896,0.08019000707311923,0.11445436818480759
2,4,STANDING,0.11428622942406072,-0.4180670154919111,-0.04170470319727063,-0.010920148754263217,-0.028553542005644094
2,4,WALKING,0.023607944145299757,0.05375982150407274,0.03323736500028867,-0.10736583247066535,0.04709651463244346
2,4,WALKING_DOWNSTAIRS,0.1593943111021076,0.23838480341286963,0.20135522675266937,-0.48834128588865383,0.1982978537119165
2,4,WALKING_UPSTAIRS,0.0,0.0,0.0,0.0,0.0
2,Aggregated,LAYING,0.04543752931292814,0.29052930821044715,0.17572816861355467,0.22176001974840734,0.21498833852750654
2,Aggregated,SITTING,-0.05957551090989708,0.32132505008661977,0.1770960954606767,0.08809330265168346,0.10064157468449236
2,Aggregated,STANDING,0.11786192194459444,-0.4030935841415122,-0.026103939753544806,-0.005671186629803178,-0.023872652751942034
2,Aggregated,WALKING,0.016427242658502286,0.04472195576484275,0.03257272516459944,-0.0976003568563706,0.037564577002416846
2,Aggregated,WALKING_DOWNSTAIRS,0.1442268357786402,0.22067100186657684,0.19447273369294216,-0.5092156099241316,0.18065632680568092
2,Aggregated,WALKING_UPSTAIRS,0.0,0.0,0.0,0.0,0.0
2,Centralized,LAYING,0.04543752931292814,0.29052930821044715,0.17572816861355467,0.22176001974840734,0.21498833852750654
2,Centralized,SITTING,-0.05957551090989708,0.32132505008661977,0.1770960954606767,0.08809330265168346,0.10064157468449236
2,Centralized,STANDING,0.11786192194459444,-0.4030935841415122,-0.026103939753544806,-0.005671186629803178,-0.023872652751942034
2,Centralized,WALKING,0.016427242658502286,0.04472195576484275,0.03257272516459944,-0.0976003568563706,0.037564577002416846
2,Centralized,WALKING_DOWNSTAIRS,0.1442268357786402,0.22067100186657684,0.19447273369294216,-0.5092156099241316,0.18065632680568092
2,Centralized,WALKING_UPSTAIRS,0.0,0.0,0.0,0.0,0.0
3,0,LAYING,0.006051124241078444,-0.0007637467112527052,-0.0019562612418018988,0.00020441643811142107,0.013017278624363868
3,0,SITTING,0.1639793639685349,-0.1345563993632559,-0.11618122936976977,0.2280082663737882,-0.10219839770413704
3,0,STANDING,-0.04228232270386734,0.1859244616723716,0.18970802386956784,-0.059228191447180306,0.1904349137454745
3,0,WALKING,-0.02301890450305585,0.004645685129836456,0.0020321722024620533,0.019132446561338726,-0.002791399390581393
3,0,WALKING_DOWNSTAIRS,0.0,0.0,0.0,0.0,0.0
3,0,WALKING_UPSTAIRS,0.0,0.0,0.0,0.0,0.0
3,1,LAYING,0.0016380290935018712,0.0026568224864788547,0.0018819971902588643,0.0016322992210630086,0.00873570250703627
3,1,SITTING,0.160811875689237,-0.12729906244617112,-0.1337448377897146,0.240981070705723,-0.1221215951786819
3,1,STANDING,-0.06234161020793667,0.2233296973191016,0.22548077646702205,-0.09279792616553088,0.20627216034539578
3,1,WALKING,0.07087848833124744,0.033508922313425435,0.0208075596835746,-0.11916740765647475,0.04327498663077663
3,1,WALKING_DOWNSTAIRS,0.26873912882506884,0.12053982813093628,0.10146556281449118,-0.4396313369383406,0.1639772917325421
3,1,WALKING_UPSTAIRS,0.0,0.0,0.0,0.0,0.0
3,2,LAYING,-0.0007667937196484602,-0.004659298526793561,-0.015379487956344383,-0.00677328709946526,0.018873525704647388
3,2,SITTING,0.1549119768344194,-0.12389454698751291,-0.1345087586908201,0.1972291907562502,-0.07605414645084314
3,2,STANDING,-0.03284355975031773,0.20718909513870618,0.21594680136121722,-0.06920123117585947,0.2074803229976822
3,2,WALKING,0.06603338522753438,0.04256085451579418,0.03180766095964825,-0.1281583403759454,0.045134763417331775
3,2,WALKING_DOWNSTAIRS,0.27794604044992893,0.1458747674900319,0.12715057606949579,-0.4639165974640535,0.18926100292828132
3,2,WALKING_UPSTAIRS,0.0,0.0,0.0,0.0,0.0
3,3,LAYING,-0.002369463177943748,-0.007939165523710635,0.00017580549209405364,-0.0014581957089313054,0.010968159996037573
3,3,SITTING,0.1453431165186213,-0.11003851893052044,-0.11259536133398003,0.19287588625643068,-0.08586367775512063
3,3,STANDING,-0.0592291154723827,0.22091576477255762,0.22482520447894616,-0.08700126147044686,0.20960495339223767
3,3,WALKING,0.0635925181072282,0.028023166724089422,0.007767355531296888,-0.09675640349680585,0.022842662146091246
3,3,WALKING_DOWNSTAIRS,0.2294607122046118,0.10623313366732952,0.06763623994955412,-0.4019056603505984,0.12065750749304156
3,3,WALKING_UPSTAIRS,0.0,0.0,0.0,0.0,0.0
3,4,LAYING,0.0026282393482467896,-0.00031157811843514626,-0.009449871214327275,-0.0003457631979922863,0.007217740162654216
3,4,SITTING,0.14981313123322013,-0.11208773486978701,-0.11570388640217984,0.1754601331075901,-0.06818302077505223
3,4,STANDING,-0.052572664948841136,0.2326617044443277,0.22963105491778185,-0.12482483645180262,0.22430479423741154
3,4,WALKING,0.054565184158362076,0.037347176196153464,0.02349863761270587,-0.11215736750189803,0.03353866844151308
3,4,WALKING_DOWNSTAIRS,0.22733334228286406,0.11266786694844025,0.10032911815796926,-0.4292106668173614,0.14060447735912215
3,4,WALKING_UPSTAIRS,0.0,0.0,0.0,0.0,0.0
3,Aggregated,LAYING,0.001516414149097243,-0.0021292273085401344,-0.004895198325286208,-0.001285645852177427,0.011711421246595983
3,Aggregated,SITTING,0.1547030157493822,-0.1212602718130747,-0.12206383034313548,0.2058889841082111,-0.09013988949558666
3,Aggregated,STANDING,-0.049546070777166655,0.2136828726443276,0.21688855400079746,-0.08555669388104378,0.20731946895411582
3,Aggregated,WALKING,0.05196877170160335,0.0318050576581708,0.019113668796641656,-0.096636755617937,0.03150739463229963
3,Aggregated,WALKING_DOWNSTAIRS,0.24616319370959588,0.12196781548758212,0.099991465899029,-0.4308288236119255,0.15327706811869624
3,Aggregated,WALKING_UPSTAIRS,0.0,0.0,0.0,0.0,0.0
3,Centralized,LAYING,0.001516414149097243,-0.0021292273085401344,-0.004895198325286208,-0.001285645852177427,0.011711421246595983
3,Centralized,SITTING,0.1547030157493822,-0.1212602718130747,-0.12206383034313548,0.2058889841082111,-0.09013988949558666
3,Centralized,STANDING,-0.049546070777166655,0.2136828726443276,0.21688855400079746,-0.08555669388104378,0.20731946895411582
3,Centralized,WALKING,0.05196877170160335,0.0318050576581708,0.019113668796641656,-0.096636755617937,0.03150739463229963
3,Centralized,WALKING_DOWNSTAIRS,0.24616319370959588,0.12196781548758212,0.099991465899029,-0.4308288236119255,0.15327706811869624
3,Centralized,WALKING_UPSTAIRS,0.0,0.0,0.0,0.0,0.0
4,0,LAYING,0.001982152994075731,0.008683249892881056,-0.006008264242851414,0.0011842555711643944,-0.005511088682652066
4,0,SITTING,0.06735014015822073,-0.004992836298810105,0.03350242898272616,-0.10240733833798324,0.08988093882917987
4,0,STANDING,0.07154134663497866,0.07650628461642515,-0.2457671361995452,0.14005990341991917,0.0812100820417157
4,0,WALKING,-0.0014365892437081713,-0.010431636079694514,0.0012167202745543653,0.008910796327600197,0.0017407087212481243
4,0,WALKING_DOWNSTAIRS,0.0,0.0,0.0,0.0,0.0
4,0,WALKING_UPSTAIRS,0.0,0.0,0.0,0.0,0.0
4,1,LAYING,0.001585773743947579,0.0006059655568997957,-0.00038530237502571265,0.006039159364620244,-0.0018636094642556814
4,1,SITTING,0.07030352722570851,-0.025544348631022194,0.08638296859564608,-0.10921535283654735,0.08027908799915635
4,1,STANDING,0.06777397542528732,0.08042326200179038,-0.22859710590675858,0.1501356283512241,0.04991752823850029
4,1,WALKING,0.0482339789987064,0.07794934415365154,0.03604272975945419,-0.11858899104521514,0.05424653601700083
4,1,WALKING_DOWNSTAIRS,0.13130531274530205,0.19231973626100515,0.1052199264858991,-0.30507177324023965,0.13569147100581
4,1,WALKING_UPSTAIRS,0.0,0.0,0.0,0.0,0.0
4,2,LAYING,0.0013874554940784434,0.017456649816882875,-0.014001742571273824,0.018300551156050116,-0.010377566793041101
4,2,SITTING,0.07536385341787881,-0.02131139947439787,0.040577809647925,-0.08365425464114876,0.07443752488432914
4,2,STANDING,0.07339605349948206,0.07037581885647375,-0.2398070678659394,0.13220840147702417,0.05751525246718058
4,2,WALKING,0.053768328663714976,0.08258320766001258,0.05303588031054937,-0.1219811165494727,0.07160446975963129
4,2,WALKING_DOWNSTAIRS,0.14038440835082422,0.19970728335159554,0.13315712526266701,-0.29566745308129755,0.16096771150739123
4,2,WALKING_UPSTAIRS,0.0,0.0,0.0,0.0,0.0
4,3,LAYING,0.004003449900444184,0.004193284093773185,-0.009305814672370405,0.01243461143909417,-0.005129916420530419
4,3,SITTING,0.06157152299993805,0.005502221233965081,0.017874294523314755,-0.04246539932005678,0.06749394135909177
4,3,STANDING,0.07188617650812056,0.0900072375381438,-0.24858660613488667,0.17024891945194423,0.05273010917925412
4,3,WALKING,0.03577662520232935,0.09104949673006033,0.038528980716792234,-0.13146837885530874,0.06317457688218699
4,3,WALKING_DOWNSTAIRS,0.12257043948153454,0.21923301360962627,0.12284938387059562,-0.3271644644335236,0.1593515866970474
4,3,WALKING_UPSTAIRS,0.0,0.0,0.0,0.0,0.0
4,4,LAYING,0.0001993539072765782,0.001179260320709008,0.0001993539072765782,0.004068326561730539,0.0001993539072765782
4,4,SITTING,0.07095938381396018,0.003991714032419728,0.003639072295582747,-0.049536086697483155,0.08090857326397612
4,4,STANDING,0.0942271716927734,0.09143145771465482,-0.2630061355494044,0.1876995493405527,0.06572532844130391
4,4,WALKING,0.048497673588921215,0.06204676279512814,0.04286001526656827,-0.09150036303758209,0.05117707765962002
4,4,WALKING_DOWNSTAIRS,0.12981455092116026,0.16642118039666196,0.116360115867524,-0.26317313706686546,0.13218648528381827
4,4,WALKING_UPSTAIRS,0.0,0.0,0.0,0.0,0.0
4,Aggregated,LAYING,0.0018049912861764809,0.0063187935912416785,-0.005798824532282269,0.008294964417976811,-0.004470003779125335
4,Aggregated,SITTING,0.06880092973663235,-0.008108135861781503,0.03526898418568149,-0.07609650650262827,0.0781143803057345
4,Aggregated,STANDING,0.07554074064561041,0.0816119763926647,-0.24501188556512604,0.1553804470950741,0.06146940643479471
4,Aggregated,WALKING,0.0399867397069581,0.0651748901051202,0.03702927800150847,-0.09739353591049499,0.05166183693602142
4,Aggregated,WALKING_DOWNSTAIRS,0.13076201565698606,0.19191541082082647,0.11970740097912162,-0.2953455581250605,0.14742766724032627
4,Aggregated,WALKING_UPSTAIRS,0.0,0.0,0.0,0.0,0.0
4,Centralized,LAYING,0.0018049912861764809,0.0063187935912416785,-0.005798824532282269,0.008294964417976811,-0.004470003779125335
4,Centralized,SITTING,0.06880092973663235,-0.008108135861781503,0.03526898418568149,-0.07609650650262827,0.0781143803057345
4,Centralized,STANDING,0.07554074064561041,0.0816119763926647,-0.24501188556512604,0.1553804470950741,0.06146940643479471
4,Centralized,WALKING,0.0399867397069581,0.0651748901051202,0.03702927800150847,-0.09739353591049499,0.05166183693602142
4,Centralized,WALKING_DOWNSTAIRS,0.13076201565698606,0.19191541082082647,0.11970740097912162,-0.2953455581250605,0.14742766724032627
4,Centralized,WALKING_UPSTAIRS,0.0,0.0,0.0,0.0,0.0
5,0,LAYING,-0.006403954602345944,-0.0035474903636622296,0.008707391346779085,-0.0015704836417073506,0.008658693105092315
5,0,SITTING,0.07761246046658016,-0.09190329998746936,0.09295846028544522,0.029432233908176578,-0.17592931203707365
5,0,STANDING,0.03137756822179092,-0.012623952784374585,0.02738531891269925,0.022802521311199926,-0.03990274651412219
5,0,WALKING,-0.0024691358024691466,-0.0009164583806710481,-0.0009164583806710481,0.005218510944482291,-0.0009164583806710481
5,0,WALKING_DOWNSTAIRS,0.0,0.0,0.0,0.0,0.0
5,0,WALKING_UPSTAIRS,0.0,0.0,0.0,0.0,0.0
5,1,LAYING,-0.004991126326466538,-0.00045185397012515447,4.091505961816844e-05,-0.00045185397012515447,0.005853919207098679
5,1,SITTING,0.06352019220619813,-0.12339444256813731,0.08060466845150528,-0.011182338769891439,-0.18967103013934689
5,1,STANDING,0.010434963389859405,-0.01824520079920915,0.014745395757622822,0.000984921374607589,-0.027453744386728554
5,1,WALKING,0.03144966843501711,0.04520239770092787,0.025687024594561108,-0.11536284439080058,0.004048435784453091
5,1,WALKING_DOWNSTAIRS,0.07904984445216456,0.10028411510940088,0.06566912713224879,-0.29328466558222205,0.0314190088343485
5,1,WALKING_UPSTAIRS,0.0,0.0,0.0,0.0,0.0
5,2,LAYING,-0.017160037352857108,-0.005967579247540304,0.02194840277658244,-0.0035673201288955645,0.023334670961900134
5,2,SITTING,0.0784204643420692,-0.1113333919756171,0.11516880389374272,0.012263899257094436,-0.18474533942706367
5,2,STANDING,0.029711053933412595,-0.02057747500478687,0.036267329705930634,0.0117438907543666,-0.048083931677591556
5,2,WALKING,0.04214860797950384,0.04807196499326534,0.029026712203952594,-0.11693075898516661,0.012456474048656244
5,2,WALKING_DOWNSTAIRS,0.09042109849055224,0.09864409377866033,0.07132658605364083,-0.28410402618540237,0.04626460154073044
5,2,WALKING_UPSTAIRS,0.0,0.0,0.0,0.0,0.0
5,3,LAYING,-0.0058748693965819795,-0.0027233270503078427,0.00881403234980283,-0.001732059118382334,0.013691325814648636
5,3,SITTING,0.04348122028176379,-0.09592194040614456,0.07141573860868451,0.0019112172022294372,-0.13474866954896697
5,3,STANDING,0.016545294555442996,-0.01770517699642851,0.02160849729358261,0.008583776131978237,-0.0322221836480522
5,3,WALKING,0.04205693081898768,0.05748258297697027,0.02894773089512681,-0.1071678040856671,0.004831993205409692
5,3,WALKING_DOWNSTAIRS,0.09907595063123309,0.12742735618452164,0.07523533808615633,-0.2828234928691454,0.034039930709551074
5,3,WALKING_UPSTAIRS,0.0,0.0,0.0,0.0,0.0
5,4,LAYING,-0.001458090759814895,3.321391252425476e-06,3.321391252425476e-06,3.321391252425476e-06,0.0014481265860576188
5,4,SITTING,0.06137535514350244,-0.08919411449255707,0.06816421603595943,0.02639018691891335,-0.14743408626745091
5,4,STANDING,0.025245752542002124,-0.01814014623795989,0.023899882811734902,0.022058562278768932,-0.03740826567645672
5,4,WALKING,0.031010060159858924,0.03420970727926025,0.025887702748314523,-0.09959410832005094,0.008486638132617325
5,4,WALKING_DOWNSTAIRS,0.0738440252764821,0.08062709970000166,0.063787799329757,-0.254166375446813,0.03590745114057222
5,4,WALKING_UPSTAIRS,0.0,0.0,0.0,0.0,0.0
5,Aggregated,LAYING,-0.007059920073086436,-0.0025200646199856013,0.007750309727185375,-0.001436720041999114,0.01043597733148954
5,Aggregated,SITTING,0.06423624002960292,-0.10198532522699874,0.08540829443046839,0.012004526245361134,-0.16520244681266177
5,Aggregated,STANDING,0.022601874839108714,-0.01747470446275386,0.02466442106466429,0.013063798532842617,-0.03691792726948176
5,Aggregated,WALKING,0.03074529096700477,0.039117523120511165,0.023249083240784976,-0.09290104065405984,0.006576479006092747
5,Aggregated,WALKING_DOWNSTAIRS,0.08481833871848536,0.10110004052210832,0.06866182138553972,-0.27694253560046234,0.036707556781012125
5,Aggregated,WALKING_UPSTAIRS,0.0,0.0,0.0,0.0,0.0
5,Centralized,LAYING,-0.007059920073086436,-0.0025200646199856013,0.007750309727185375,-0.001436720041999114,0.01043597733148954
5,Centralized,SITTING,0.06423624002960292,-0.10198532522699874,0.08540829443046839,0.012004526245361134,-0.16520244681266177
5,Centralized,STANDING,0.022601874839108714,-0.01747470446275386,0.02466442106466429,0.013063798532842617,-0.03691792726948176
5,Centralized,WALKING,0.03074529096700477,0.039117523120511165,0.023249083240784976,-0.09290104065405984,0.006576479006092747
5,Centralized,WALKING_DOWNSTAIRS,0.08481833871848536,0.10110004052210832,0.06866182138553972,-0.27694253560046234,0.036707556781012125
5,Centralized,WALKING_UPSTAIRS,0.0,0.0,0.0,0.0,0.0
6,0,LAYING,-0.0026069297759855705,0.009870440266446456,0.004606108025435679,-0.009406323257487878,0.009028022412684219
6,0,SITTING,0.05890620498352672,0.05810082914907047,0.05729498355257926,-0.081464089393786,0.053017006779957056
6,0,STANDING,0.03204875356298907,-0.03864928561740277,0.033173294303107795,0.012124725326499467,0.008015088686229448
6,0,WALKING,0.001968398312424685,-0.009129628483414535,-0.005361969150644837,0.013885822813945731,-0.007497592817464375
6,0,WALKING_DOWNSTAIRS,0.0,0.0,0.0,0.0,0.0
6,0,WALKING_UPSTAIRS,0.0,0.0,0.0,0.0,0.0
6,1,LAYING,-0.0014403776518264004,0.005878895549448038,0.001992110618214212,-0.012641822820943152,0.012124422662027179
6,1,SITTING,0.0766610361191226,0.11737700638372507,0.054538623382729676,-0.10347959743444153,0.08013457802071033
6,1,STANDING,0.028724224561476386,-0.02113648180956713,0.023432477042313417,-0.0015773056175342637,0.021005824604842054
6,1,WALKING,0.01287664857049864,0.04385348686246536,0.04479208171627655,-0.07978070221904615,0.055805231517075685
6,1,WALKING_DOWNSTAIRS,0.030416588333404902,0.08365941704778487,0.08607847706680695,-0.17471938460067823,0.09743611324722902
6,1,WALKING_UPSTAIRS,0.0,0.0,0.0,0.0,0.0
6,2,LAYING,0.005129459163866696,0.012454168852725595,0.008418852631783975,-0.018828676710809934,0.01661901143419648
6,2,SITTING,0.07173794782022648,0.08674946085693451,0.06905092968867575,-0.09468361363842111,0.06901358240404952
6,2,STANDING,0.03402625422503813,-0.028525418845017723,0.03768770788151011,0.005963373204047066,0.014527328817441242
6,2,WALKING,0.015927247430681777,0.040189884741592824,0.03915310808232795,-0.08370867193927545,0.047066965971315766
6,2,WALKING_DOWNSTAIRS,0.032673008279688075,0.06974362850746282,0.0693331795858371,-0.17538512778833187,0.07918105583526044
6,2,WALKING_UPSTAIRS,0.0,0.0,0.0,0.0,0.0
6,3,LAYING,-0.0011909360085512947,0.008198302348209108,0.005779222386025701,-0.019328533420141222,0.018437159877563794
6,3,SITTING,0.06732446956315798,0.05769621585943242,0.06409644120631358,-0.05955559726204051,0.06564544231069636
6,3,STANDING,0.03649798169259402,-0.03989571492387391,0.03756066839928632,0.020304261822817585,0.013798075068817799
6,3,WALKING,0.014765181000500827,0.05096438782938824,0.05374993827997534,-0.10366797997924639,0.056584212172505186
6,3,WALKING_DOWNSTAIRS,0.034944829952199684,0.09273470925710656,0.09491429153537435,-0.2052063107529691,0.09815247462180869
6,3,WALKING_UPSTAIRS,0.0,0.0,0.0,0.0,0.0
6,4,LAYING,-0.00015242521140887237,0.0008163139038819655,0.0003347121722802345,-0.006100629054349575,0.005102028189596247
6,4,SITTING,0.06607910746939374,0.030407133055452527,0.05054638777406962,-0.06863412369756133,0.04916957948846871
6,4,STANDING,0.04143654800073389,-0.0683089762867899,0.03264344740408128,0.008634616440225618,0.0165053702342715
6,4,WALKING,0.021146237054255633,0.030029437088857105,0.034220381611735566,-0.07008601833441477,0.03890320936403575
6,4,WALKING_DOWNSTAIRS,0.035617940184326874,0.0643357081925538,0.06731589807780117,-0.1571506267153263,0.07267677918537566
6,4,WALKING_UPSTAIRS,0.0,0.0,0.0,0.0,0.0
6,Aggregated,LAYING,-7.419630100451806e-05,0.007397905719694988,0.00418644769097201,-0.013108610642403607,0.012168676787232326
6,Aggregated,SITTING,0.06797972222887787,0.06899983311832769,0.059198909184042706,-0.08111624644435343,0.06334114675714783
6,Aggregated,STANDING,0.03449419341368134,-0.03882486080525126,0.032750683395887645,0.008873438595711387,0.014742534248496827
6,Aggregated,WALKING,0.01404471027449296,0.03304146891532573,0.0351814445373674,-0.06871567877537728,0.040072488084445156
6,Aggregated,WALKING_DOWNSTAIRS,0.03366101646791778,0.07525910534148979,0.07782419301541746,-0.17459417576254888,0.08487073208855289
6,Aggregated,WALKING_UPSTAIRS,0.0,0.0,0.0,0.0,0.0
6,Centralized,LAYING,-7.419630100451806e-05,0.007397905719694988,0.00418644769097201,-0.013108610642403607,0.012168676787232326
6,Centralized,SITTING,0.06797972222887787,0.06899983311832769,0.059198909184042706,-0.08111624644435343,0.06334114675714783
6,Centralized,STANDING,0.03449419341368134,-0.03882486080525126,0.032750683395887645,0.008873438595711387,0.014742534248496827
6,Centralized,WALKING,0.01404471027449296,0.03304146891532573,0.0351814445373674,-0.06871567877537728,0.040072488084445156
6,Centralized,WALKING_DOWNSTAIRS,0.03366101646791778,0.07525910534148979,0.07782419301541746,-0.17459417576254888,0.08487073208855289
6,Centralized,WALKING_UPSTAIRS,0.0,0.0,0.0,0.0,0.0
7,0,LAYING,0.0017555591623641472,-0.00880040654803823,0.006289953731125691,-0.0034507127633821135,-0.0015075910682625297
7,0,SITTING,0.027273365406354708,0.004567031687680659,0.02692658156817458,-0.09275199984500133,0.031134368650610197
7,0,STANDING,0.00445418355644747,0.017825995630082338,0.0016571152424094849,-0.025471522006446472,0.02741087657964947
7,0,WALKING,-0.0050954825886121435,-0.0029798792350860894,-0.007237656111015354,0.013615221218117323,0.0016977967165962744
7,0,WALKING_DOWNSTAIRS,0.0,0.0,0.0,0.0,0.0
7,0,WALKING_UPSTAIRS,0.0,0.0,0.0,0.0,0.0
7,1,LAYING,0.008503392295076701,-0.009803179857442522,0.0025425030838624072,-0.003813376835630074,-0.0033425670427863876
7,1,SITTING,0.0428648316045181,-0.049665070068201735,0.028592611743341077,-0.14225447120693463,0.024420566454207756
7,1,STANDING,0.0017920878829559709,-0.0054802332643630455,0.009256024738151382,-0.028837944874660695,0.017507290926994056
7,1,WALKING,0.029065188308623337,0.02910856216182805,0.01743972520219032,-0.08957201757201966,0.013958541899377978
7,1,WALKING_DOWNSTAIRS,0.05703098356479661,0.05344890411519968,0.04384936857947305,-0.18423803041004602,0.02990877415057635
7,1,WALKING_UPSTAIRS,0.0,0.0,0.0,0.0,0.0
7,2,LAYING,0.01399584124556116,-0.017800465170826046,0.012758264687094454,-0.006310895071690555,-0.002642745690139024
7,2,SITTING,0.02773377826597292,-0.036468444552370194,0.0244040933845341,-0.11198914066259384,0.025612642857386472
7,2,STANDING,-0.013700697841881364,0.002523965941390721,-0.0032527540198892184,-0.028612911495958425,0.02083427558892715
7,2,WALKING,0.033664926565954684,0.02995459581500378,0.015814447986509234,-0.0889001089734384,0.009466138605970613
7,2,WALKING_DOWNSTAIRS,0.054776724479409636,0.048735551007299,0.03505812605383099,-0.16000501404503661,0.021434612504497037
7,2,WALKING_UPSTAIRS,0.0,0.0,0.0,0.0,0.0
7,3,LAYING,0.01743781101804935,-0.018356293568608885,0.011935243855541847,-0.007519166660554538,-0.00349759464442778
7,3,SITTING,0.02023185858577616,-0.05435078187534061,0.013748016965947973,-0.08933330737289322,0.03597872350043125
7,3,STANDING,-0.017631667188948836,-0.009415812189016637,-0.0038131436246201856,-0.023190669926020768,0.025708269672792494
7,3,WALKING,0.03872371831493115,0.034515540109757784,0.029334430301798903,-0.11711124578701432,0.009217360016191663
7,3,WALKING_DOWNSTAIRS,0.06995841422842478,0.05989415855431157,0.055102226601920636,-0.21968124045116538,0.02787326038441525
7,3,WALKING_UPSTAIRS,0.0,0.0,0.0,0.0,0.0
7,4,LAYING,0.0036082135380395954,-0.004340655596919243,0.002984543929563351,-0.0013668518011427174,-0.0008852500695409863
7,4,SITTING,0.016762544976624463,-0.012735178933920569,0.01536412316069372,-0.07139565084345731,0.02124403150104758
7,4,STANDING,-0.02417340504944756,0.010205027902879785,-0.001908885359840351,-0.009108502379024008,0.025100312422660087
7,4,WALKING,0.03115530011955398,0.025347555626386613,0.013413751881146437,-0.0850375368833453,0.009915571546615688
7,4,WALKING_DOWNSTAIRS,0.05503068778121048,0.04638855748721261,0.03611616473081569,-0.16694423995260196,0.022370706786207784
7,4,WALKING_UPSTAIRS,0.0,0.0,0.0,0.0,0.0
7,Aggregated,LAYING,0.008902999574303247,-0.011690298146115215,0.007242765256080819,-0.004433625246264244,-0.00235196693041345
7,Aggregated,SITTING,0.026717981815341765,-0.029639258529270306,0.02165194860072899,-0.10020324010804926,0.02750748640101394
7,Aggregated,STANDING,-0.009585980024721429,0.002953135203474237,0.0004713196011271218,-0.02329689638744373,0.023258175963202198
7,Aggregated,WALKING,0.0267888072837122,0.024226469773547657,0.01487274442208696,-0.07752586163049013,0.009436647342607896
7,Aggregated,WALKING_DOWNSTAIRS,0.05784175843155775,0.051362215977887975,0.04076670305180698,-0.17902141058054533,0.025655835980169385
7,Aggregated,WALKING_UPSTAIRS,0.0,0.0,0.0,0.0,0.0
7,Centralized,LAYING,0.008902999574303247,-0.011690298146115215,0.007242765256080819,-0.004433625246264244,-0.00235196693041345
7,Centralized,SITTING,0.026717981815341765,-0.029639258529270306,0.02165194860072899,-0.10020324010804926,0.02750748640101394
7,Centralized,STANDING,-0.009585980024721429,0.002953135203474237,0.0004713196011271218,-0.02329689638744373,0.023258175963202198
7,Centralized,WALKING,0.0267888072837122,0.024226469773547657,0.01487274442208696,-0.07752586163049013,0.009436647342607896
7,Centralized,WALKING_DOWNSTAIRS,0.05784175843155775,0.051362215977887975,0.04076670305180698,-0.17902141058054533,0.025655835980169385
7,Centralized,WALKING_UPSTAIRS,0.0,0.0,0.0,0.0,0.0
8,0,LAYING,-6.770746147988967e-05,-0.005054541375028595,0.0037575039276791346,0.009471262957915155,0.0032560423145160315
8,0,SITTING,0.11643528513472402,-0.15313664441454328,0.10224779748131735,0.015696627530770627,-0.020511850638637488
8,0,STANDING,0.034579477600462996,-0.021138405991816985,-0.021977179466194697,0.022189745628005225,0.013484877210003786
8,0,WALKING,0.0008384538444035824,0.0013624422910973415,-0.0007142235773945164,0.007535281797270209,-0.009021954355376616
8,0,WALKING_DOWNSTAIRS,0.0,0.0,0.0,0.0,0.0
8,0,WALKING_UPSTAIRS,0.0,0.0,0.0,0.0,0.0
8,1,LAYING,-0.004543947660164432,-0.006974384739067926,-0.0011116492087023145,0.007520114974209154,0.011023094990645393
8,1,SITTING,0.16078759909212342,-0.15208753027784813,0.15102292058542705,-0.01946961281738815,-0.04303675697763478
8,1,STANDING,0.05325165301172138,-0.0206047219447603,-0.005884808061374776,0.006886774013798114,-0.0009453011036343865
8,1,WALKING,0.005315337275487853,0.009485324952573756,0.016721256543407885,-0.06808125842625179,0.026099291228632172
8,1,WALKING_DOWNSTAIRS,0.013740806015603613,0.01998936111952936,0.03132131099828537,-0.12673100789218247,0.047707883981077656
8,1,WALKING_UPSTAIRS,0.0,0.0,0.0,0.0,0.0
8,2,LAYING,-0.001053799394941235,-0.011768405590841916,0.0009684175641542558,0.009523266239397343,0.0023305211822315522
8,2,SITTING,0.12173841377356447,-0.12815284654192258,0.11215587657582543,-0.014274471841321742,-0.02114348392113848
8,2,STANDING,0.0346633374347379,-0.007190808019582373,-0.03596628940090888,0.018120182801658977,0.02282760065084978
8,2,WALKING,0.008573462689065708,0.011365782942051761,0.014986960017679409,-0.06486176309025247,0.029935557441455592
8,2,WALKING_DOWNSTAIRS,0.017452148915550594,0.01876627048177056,0.02671459820194724,-0.10872247455518481,0.045789456955916456
8,2,WALKING_UPSTAIRS,0.0,0.0,0.0,0.0,0.0
8,3,LAYING,-0.002175574788908365,-0.012659632282174997,0.0012458444093753017,0.007967164746243338,0.011467846519734008
8,3,SITTING,0.09784165363624406,-0.1074240926644783,0.08586483029371239,0.0021396389630934875,-0.005129596690739461
8,3,STANDING,0.03768195936134489,-0.016405654314475264,-0.025058260169468025,0.019475721194985248,0.016960728309635662
8,3,WALKING,0.007947815825305758,0.011371412381944002,0.021983137628342867,-0.07753053842096153,0.041548369629703846
8,3,WALKING_DOWNSTAIRS,0.01770948594103967,0.02119577938368992,0.035112491921919016,-0.1287381162748567,0.06157353971030114
8,3,WALKING_UPSTAIRS,0.0,0.0,0.0,0.0,0.0
8,4,LAYING,-0.0011426553318950186,-0.0035672709461658015,-0.0016242570634967498,0.0026775992722578986,0.0036565840692996715
8,4,SITTING,0.09034022230466547,-0.10341311553625276,0.07365260427213342,-0.009416843593249418,-0.010089834460517038
8,4,STANDING,0.03293436903540941,-0.011433788891153951,-0.04580031822659257,0.018129168595260006,0.018632334526161847
8,4,WALKING,0.00608410105714498,0.004241480687470358,0.014268649888118571,-0.0577596026271664,0.022928167498801992
8,4,WALKING_DOWNSTAIRS,0.0121317871862638,0.00991865508374109,0.024538821567763554,-0.09931800231112672,0.03837467148771236
8,4,WALKING_UPSTAIRS,0.0,0.0,0.0,0.0,0.0
8,Aggregated,LAYING,-0.001788480774808049,-0.0079516444862698,0.000648714050958558,0.007435392561021448,0.006305654028027548
8,Aggregated,SITTING,0.11585775852719297,-0.12781859307202417,0.10348071366260606,-0.004757452581195727,-0.01922533114433054
8,Aggregated,STANDING,0.03894464502499564,-0.015525957862091462,-0.026346415095247783,0.016764294002347,0.013936713282223368
8,Aggregated,WALKING,0.006093433832537715,0.007919499080491388,0.01410152486571282,-0.05472924040386261,0.02333210098878048
8,Aggregated,WALKING_DOWNSTAIRS,0.015473833445836223,0.01785650142861117,0.029136374738013313,-0.11382473760075489,0.04622513812587779
8,Aggregated,WALKING_UPSTAIRS,0.0,0.0,0.0,0.0,0.0
8,Centralized,LAYING,-0.001788480774808049,-0.0079516444862698,0.000648714050958558,0.007435392561021448,0.006305654028027548
8,Centralized,SITTING,0.11585775852719297,-0.12781859307202417,0.10348071366260606,-0.004757452581195727,-0.01922533114433054
8,Centralized,STANDING,0.03894464502499564,-0.015525957862091462,-0.026346415095247783,0.016764294002347,0.013936713282223368
8,Centralized,WALKING,0.006093433832537715,0.007919499080491388,0.01410152486571282,-0.05472924040386261,0.02333210098878048
8,Centralized,WALKING_DOWNSTAIRS,0.015473833445836223,0.01785650142861117,0.029136374738013313,-0.11382473760075489,0.04622513812587779
8,Centralized,WALKING_UPSTAIRS,0.0,0.0,0.0,0.0,0.0
9,0,LAYING,0.004282867996905004,-0.007385629291091789,0.005240629632632745,-0.0009817435275997525,0.004430467367924792
9,0,SITTING,0.023266548907811598,0.006216096300478295,0.018373949789684,0.02835169703057398,-0.03618840637107839
9,0,STANDING,0.007490273367233771,0.05919962239154706,0.022809183910111528,0.04883565307473258,-0.1214101679467198
9,0,WALKING,0.002826323671882484,0.00591917273106331,0.003350312118576243,0.008475409949877201,-0.014436249146245899
9,0,WALKING_DOWNSTAIRS,0.0,0.0,0.0,0.0,0.0
9,0,WALKING_UPSTAIRS,0.0,0.0,0.0,0.0,0.0
9,1,LAYING,0.0011889476238148382,-0.006091285861592262,0.00748345750893024,-0.005111379448159832,0.0083759087812763
9,1,SITTING,0.047338809229741825,-0.038159458143500864,0.03822528119115461,0.026500641719223006,0.01656243922558561
9,1,STANDING,0.01765852228106507,0.05085702391000211,0.039542037355789116,0.0503390700766682,-0.11751503257837705
9,1,WALKING,0.005244750679059365,-0.02787297074387072,0.0071258698973520685,-0.05832087274785268,0.06359691858807029
9,1,WALKING_DOWNSTAIRS,0.014465668477792888,-0.041279335952104854,0.01804269843128025,-0.1198638745796659,0.11429792605997356
9,1,WALKING_UPSTAIRS,0.0,0.0,0.0,0.0,0.0
9,2,LAYING,0.0026284751228894563,-0.011433603743386377,0.004544060557478717,-0.0008383656481482759,0.005099433711166481
9,2,SITTING,0.028878517279223182,-0.015107368242338604,0.01681924786866562,0.016423051640149882,-0.007540749871443435
9,2,STANDING,0.0073566526816115415,0.06009112026696246,0.027674873739090278,0.044879538335045176,-0.1182713424760071
9,2,WALKING,0.010295630334454731,-0.0225173288536332,0.01209540837899674,-0.0643196776758622,0.04771696407581947
9,2,WALKING_DOWNSTAIRS,0.019820850696897784,-0.025430825943244823,0.022104901758070405,-0.11599375982265561,0.07993209676306366
9,2,WALKING_UPSTAIRS,0.0,0.0,0.0,0.0,0.0
9,3,LAYING,0.0035945981388218586,-0.015267416107040853,0.006478954350179831,-0.0017770319701049882,0.006970895588144151
9,3,SITTING,0.01726347592432324,-0.007829204666201411,0.020551939116875858,0.028014609371522115,-0.018262950254049098
9,3,STANDING,0.001488469510292582,0.054210119802560075,0.02962346124465854,0.053290750621200346,-0.11804759859103706
9,3,WALKING,0.0017391240474105784,-0.04804299186732529,0.0061985153889464965,-0.07844013117274405,0.06318667652076736
9,3,WALKING_DOWNSTAIRS,0.009970961457828645,-0.0720630073438445,0.017203156568911724,-0.14612187747225963,0.11049754884395774
9,3,WALKING_UPSTAIRS,0.0,0.0,0.0,0.0,0.0
9,4,LAYING,1.4187546332491049e-05,-0.003373725355753408,1.4187546332491049e-05,-0.0019123132046860872,0.005257663467774513
9,4,SITTING,0.026693007620550054,0.009351370088982791,0.021579555544924835,0.028030931733224646,-0.025670133828341105
9,4,STANDING,0.016483357835508625,0.08594343172153675,0.03472793002146561,0.05874992954533512,-0.15927461249380975
9,4,WALKING,0.007033548712613557,-0.01682409852930414,0.008038139753142647,-0.05170535603096671,0.03852151837138171
9,4,WALKING_DOWNSTAIRS,0.013509909238860217,-0.025810290126416537,0.01445743481371445,-0.09957864435301696,0.07516796979810572
9,4,WALKING_UPSTAIRS,0.0,0.0,0.0,0.0,0.0
9,Aggregated,LAYING,0.002336827430865868,-0.008671749335189707,0.0047392152240672576,-0.00212788933555725,0.00600150034383205
9,Aggregated,SITTING,0.028327514491923063,-0.00856608466776211,0.023021892920932714,0.02536087531829229,-0.014707053717150694
9,Aggregated,STANDING,0.01027449911748632,0.06163542841680651,0.030810572594934936,0.0510929854107996,-0.12621114635874084
9,Aggregated,WALKING,0.005761254360479719,-0.022864667383198225,0.007750086138771508,-0.051774002619855534,0.04207462295109597
9,Aggregated,WALKING_DOWNSTAIRS,0.015023325314802171,-0.03941420907407456,0.018643407081516093,-0.11813708756624247,0.0916602933757453
9,Aggregated,WALKING_UPSTAIRS,0.0,0.0,0.0,0.0,0.0
9,Centralized,LAYING,0.002336827430865868,-0.008671749335189707,0.0047392152240672576,-0.00212788933555725,0.00600150034383205
9,Centralized,SITTING,0.028327514491923063,-0.00856608466776211,0.023021892920932714,0.02536087531829229,-0.014707053717150694
9,Centralized,STANDING,0.01027449911748632,0.06163542841680651,0.030810572594934936,0.0510929854107996,-0.12621114635874084
9,Centralized,WALKING,0.005761254360479719,-0.022864667383198225,0.007750086138771508,-0.051774002619855534,0.04207462295109597
9,Centralized,WALKING_DOWNSTAIRS,0.015023325314802171,-0.03941420907407456,0.018643407081516093,-0.11813708756624247,0.0916602933757453
9,Centralized,WALKING_UPSTAIRS,0.0,0.0,0.0,0.0,0.0
10,0,LAYING,0.00011545603340887278,-0.002222901263640803,0.00012071647802164298,-0.0018583825116586887,-0.0017414809149020234
10,0,SITTING,0.011011087216492289,0.010132793291020238,0.007580984648792513,0.010928838470793307,-0.048382177323724886
10,0,STANDING,0.010530021103411774,-0.0004644178992928997,-0.003949027079399448,0.011358650292138036,-0.01596007490170588
10,0,WALKING,-0.000481835524550613,-0.0020283188587699287,-0.009345230842667217,0.005192497540790457,0.0005279183600439626
10,0,WALKING_DOWNSTAIRS,0.0,0.0,0.0,0.0,0.0
10,0,WALKING_UPSTAIRS,0.0,0.0,0.0,0.0,0.0
10,1,LAYING,-0.007074631643855604,-0.0008244113141495813,0.005847821576668921,-0.008082314481046939,0.010133535862383202
10,1,SITTING,-0.0031082964526751855,0.031710572538767995,0.03798977393050628,0.009815127142791074,-0.06970629321299726
10,1,STANDING,0.001105550180023801,0.00871109961134946,0.010649123492590808,0.012315942323123477,-0.027599335698775828
10,1,WALKING,0.009363013023876685,0.015291355948396828,0.033049766837278886,-0.035453817796470756,0.009137933997122644
10,1,WALKING_DOWNSTAIRS,0.0158118895946056,0.024243885145990865,0.05015855866841849,-0.06314996737786895,0.014864355142858205
10,1,WALKING_UPSTAIRS,0.0,0.0,0.0,0.0,0.0
10,2,LAYING,-0.003830737541850145,-0.002386295112770855,0.0052436055891637336,-0.005762867769567753,0.00673629483502502
10,2,SITTING,0.0017070678511394543,0.022204661564492315,0.024595224990798463,0.008459909865269255,-0.04513254474507222
10,2,STANDING,0.0031556756177674337,0.004782219199553709,0.0052331975871523755,0.009709011193312241,-0.011252196621041554
10,2,WALKING,0.005300389198008881,0.014697007598722032,0.028684555591795138,-0.03186036568638676,0.005615735868575857
10,2,WALKING_DOWNSTAIRS,0.009331458757681354,0.02052088604199515,0.03264460251564519,-0.044761193443454333,0.008193173087271305
10,2,WALKING_UPSTAIRS,0.0,0.0,0.0,0.0,0.0
10,3,LAYING,-0.0010028136122416079,0.0004095240500960532,0.0037638665402921507,-0.005398129986102135,0.008006773787176312
10,3,SITTING,0.007587320527093392,0.009623398256737548,0.012879735486207196,0.012623709608477368,-0.02734369619590909
10,3,STANDING,0.007367329963663168,-0.00224322036087935,-0.00068144095685951,0.012988156108167248,-0.004220881005225696
10,3,WALKING,0.01230530680930744,0.02569429028659379,0.06083789610511884,-0.047131203142869865,0.0036525170247946955
10,3,WALKING_DOWNSTAIRS,0.021124431234849306,0.03950185837673637,0.08228946452221897,-0.07045272508598556,0.008050188897586862
10,3,WALKING_UPSTAIRS,0.0,0.0,0.0,0.0,0.0
10,4,LAYING,-0.005253234524420961,-0.0023690659622862967,0.0042921894489691085,-0.00477163279281923,0.00810174383055738
10,4,SITTING,-0.0005358198208831359,0.013904664839183565,0.0258728848474558,0.00857789037555862,-0.042644193436636786
10,4,STANDING,0.0047295204359916136,-0.0008527973105311967,0.010454760876497167,0.010160879536775073,-0.01801166475034157
10,4,WALKING,0.005865945014138803,0.013609434094606996,0.03140446079806674,-0.03348224089929476,0.007775852211245706
10,4,WALKING_DOWNSTAIRS,0.010484919302574369,0.021172517882380313,0.04718521167668454,-0.05474300705584899,0.012508045808608866
10,4,WALKING_UPSTAIRS,0.0,0.0,0.0,0.0,0.0
10,Aggregated,LAYING,-0.003389000407354259,-0.0014790801602182712,0.003840653788676009,-0.005164699519101936,0.006223188629744114
10,Aggregated,SITTING,0.003242032315740012,0.017283482335048506,0.021558275227425927,0.010031248510127771,-0.04598810648396969
10,Aggregated,STANDING,0.005374827997019342,0.002109053217750841,0.004450946373922298,0.011304817226085347,-0.01562711756168569
10,Aggregated,WALKING,0.0068369404943922725,0.014045158484352801,0.03009351325849241,-0.029850228916235417,0.005622664430546219
10,Aggregated,WALKING_DOWNSTAIRS,0.01395727806585898,0.025695828115730256,0.050505210178274806,-0.05692543775382839,0.010892691224051326
10,Aggregated,WALKING_UPSTAIRS,0.0,0.0,0.0,0.0,0.0
10,Centralized,LAYING,-0.003389000407354259,-0.0014790801602182712,0.003840653788676009,-0.005164699519101936,0.006223188629744114
10,Centralized,SITTING,0.003242032315740012,0.017283482335048506,0.021558275227425927,0.010031248510127771,-0.04598810648396969
10,Centralized,STANDING,0.005374827997019342,0.002109053217750841,0.004450946373922298,0.011304817226085347,-0.01562711756168569
10,Centralized,WALKING,0.0068369404943922725,0.014045158484352801,0.03009351325849241,-0.029850228916235417,0.005622664430546219
10,Centralized,WALKING_DOWNSTAIRS,0.01395727806585898,0.025695828115730256,0.050505210178274806,-0.05692543775382839,0.010892691224051326
10,Centralized,WALKING_UPSTAIRS,0.0,0.0,0.0,0.0,0.0
11,0,LAYING,0.0021871275417340965,0.0025944512830224846,-0.0021515519063099436,0.0017110573042776393,0.0012455079560467228
11,0,SITTING,0.07907908389180376,0.04521981424801214,-0.1763185019006359,0.03782737862750607,0.02104540581540705
11,0,STANDING,0.05216880129571055,0.03821769422746202,-0.031058525060226473,0.027562766597097537,-0.08689073706004366
11,0,WALKING,-0.001242141937438479,0.00031053548435961976,0.00031053548435961976,0.006445504809512959,0.00031053548435961976
11,0,WALKING_DOWNSTAIRS,0.0,0.0,0.0,0.0,0.0
11,0,WALKING_UPSTAIRS,0.0,0.0,0.0,0.0,0.0
11,1,LAYING,0.007361772558474957,-0.0017075853354007575,-0.010853892244150131,0.004017677858448049,0.0011820271626278836
11,1,SITTING,0.0985993122549085,0.02922782160035208,-0.20059030995812452,0.04707926483290741,0.01973153031757553
11,1,STANDING,0.06451160818861787,0.04042291441885357,-0.04147163614978478,0.03984481046092732,-0.09896445289855843
11,1,WALKING,0.021075728897290702,0.010574044807664754,-0.02145605048466177,-0.07899788043752344,0.01763387388547576
11,1,WALKING_DOWNSTAIRS,0.038454457062860437,0.020793031340586028,-0.028660990538348734,-0.13602188877636526,0.033678183532938014
11,1,WALKING_UPSTAIRS,0.0,0.0,0.0,0.0,0.0
11,2,LAYING,0.0063284296083510015,-0.002788810228162551,-0.008010610555895085,0.004375722508404073,9.526866730256157e-05
11,2,SITTING,0.08269894748787572,0.03342135451299019,-0.18408771371893493,0.035837753364050796,0.014708951970101056
11,2,STANDING,0.05401353712394298,0.03637763653810118,-0.0378892857747999,0.02807859081895173,-0.09918512986898659
11,2,WALKING,0.02127562203064748,0.004394031890513219,-0.02410940782379996,-0.07092706939569678,0.020300936721645787
11,2,WALKING_DOWNSTAIRS,0.03114281995252676,0.011477475871082663,-0.02643229731199249,-0.10708084255674398,0.030658599761803105
11,2,WALKING_UPSTAIRS,0.0,0.0,0.0,0.0,0.0
11,3,LAYING,0.0069153095120273915,-0.003615373094495685,-0.009966112312795011,0.004052816543602215,0.0026133593516610896
11,3,SITTING,0.06957438162060331,0.02189872848971648,-0.12492608956259525,0.035008988927125555,0.00795249002920298
11,3,STANDING,0.05581753329210119,0.03444190584571731,-0.010901268653912225,0.030979306949029627,-0.09654050996436428
11,3,WALKING,0.023447967157673152,0.001892735324455593,-0.028589778501217643,-0.07779160405758924,0.02568187299373319
11,3,WALKING_DOWNSTAIRS,0.04032567218305429,0.00906524081629704,-0.04202204271586942,-0.12981593752559265,0.04193384929670473
11,3,WALKING_UPSTAIRS,0.0,0.0,0.0,0.0,0.0
11,4,LAYING,0.007058398757551298,-0.00439719837601193,-0.006301929708709366,0.0037143040575243905,-7.357473035439396e-05
11,4,SITTING,0.0764629381327513,0.031781177177961105,-0.13228379843224924,0.024621403441279003,-0.003073414671901646
11,4,STANDING,0.06255807565392041,0.044325992013026776,-0.01822428219914699,0.021841055073826735,-0.10844864640406165
11,4,WALKING,0.01981638316010054,0.004887458815775888,-0.007650009704811487,-0.055754166200231874,0.0184509204213265
11,4,WALKING_DOWNSTAIRS,0.032333913590935674,0.010075885263845067,-0.011260828917764747,-0.09091223540816781,0.030672356380242752
11,4,WALKING_UPSTAIRS,0.0,0.0,0.0,0.0,0.0
11,Aggregated,LAYING,0.005956000991449106,-0.001977333305594899,-0.007437372014159162,0.0035668475289096966,0.0010139997304119037
11,Aggregated,SITTING,0.08090351355309473,0.032119679044999745,-0.16226963205254039,0.035920388670686886,0.011695958937723903
11,Aggregated,STANDING,0.05776978607260851,0.03875315536452472,-0.02827177324339496,0.02968395795850774,-0.09789575529848908
11,Aggregated,WALKING,0.017732150177800873,0.004777051356318623,-0.01677598552140983,-0.05803298011642877,0.017272999553274597
11,Aggregated,WALKING_DOWNSTAIRS,0.03506686696803393,0.012831474452788625,-0.027024153163909624,-0.1139867007469427,0.03416238125643399
11,Aggregated,WALKING_UPSTAIRS,0.0,0.0,0.0,0.0,0.0
11,Centralized,LAYING,0.005956000991449106,-0.001977333305594899,-0.007437372014159162,0.0035668475289096966,0.0010139997304119037
11,Centralized,SITTING,0.08090351355309473,0.032119679044999745,-0.16226963205254039,0.035920388670686886,0.011695958937723903
11,Centralized,STANDING,0.05776978607260851,0.03875315536452472,-0.02827177324339496,0.02968395795850774,-0.09789575529848908
11,Centralized,WALKING,0.017732150177800873,0.004777051356318623,-0.01677598552140983,-0.05803298011642877,0.017272999553274597
11,Centralized,WALKING_DOWNSTAIRS,0.03506686696803393,0.012831474452788625,-0.027024153163909624,-0.1139867007469427,0.03416238125643399
11,Centralized,WALKING_UPSTAIRS,0.0,0.0,0.0,0.0,0.0
12,0,LAYING,0.0006517690875232833,0.0011173184357541998,-0.001210428305400383,0.0006517690875232833,-0.001210428305400383
12,0,SITTING,-0.007007265138478573,-0.0004608126548329039,-0.004907883720704774,-0.002526769762215366,-0.015814568301827515
12,0,STANDING,-0.013388975300350082,0.003842460454072462,-0.005641910951356136,0.0005158700917475889,-0.0037671606061705997
12,0,WALKING,-0.002038081155755036,-0.00939501584747024,-0.002549328599517814,0.010396784877107568,-0.002549328599517814
12,0,WALKING_DOWNSTAIRS,0.0,0.0,0.0,0.0,0.0
12,0,WALKING_UPSTAIRS,0.0,0.0,0.0,0.0,0.0
12,1,LAYING,-0.0002867843079707499,-0.0036309707241910572,0.0054382933450730035,-0.0064933719764228345,0.004972833663511639
12,1,SITTING,-0.007073995480934264,-0.010025519974573719,0.02686729788991004,-0.016352612588375396,-0.036200404745355526
12,1,STANDING,-0.013789709070421374,0.001393809898082099,0.014408828191948832,0.000595172416652027,-0.023268782835893318
12,1,WALKING,0.015931368025843374,0.029640368970701984,0.02842505883393566,-0.05249235135867687,0.023482212028386452
12,1,WALKING_DOWNSTAIRS,0.027456524697019105,0.05276232117924892,0.04575117801486645,-0.10171130678712784,0.04168088021142969
12,1,WALKING_UPSTAIRS,0.0,0.0,0.0,0.0,0.0
12,2,LAYING,0.0002620270501626387,-0.002108163964096162,0.005987104703206392,-0.009191803018074209,0.005050835228801341
12,2,SITTING,-0.010012197161607077,-0.009344995511220915,0.0052633703129890096,-0.017989146148209914,-0.028712556151570232
12,2,STANDING,-0.018055823951560076,0.0031960260519383146,-0.0007508192038521988,0.0004197074512805506,-0.011124879821490775
12,2,WALKING,0.02063921128095188,0.025137972708193342,0.0305285758699275,-0.051773389268728195,0.024533515986345775
12,2,WALKING_DOWNSTAIRS,0.03157473273349172,0.03913867597966594,0.04412610676096709,-0.09142343415228235,0.03681816296148163
12,2,WALKING_UPSTAIRS,0.0,0.0,0.0,0.0,0.0
12,3,LAYING,0.0015258517377161587,-0.001801917479883584,0.004366760828625247,-0.001801917479883584,0.0034251412429378734
12,3,SITTING,-0.004450112707962256,-0.0008178709877606642,0.0030967122868997684,-0.012361363946653879,-0.003628207188529488
12,3,STANDING,-0.012698907751078709,0.004194112931037893,-0.0044312909619424025,-0.004436452797417225,0.004507041503377087
12,3,WALKING,0.023313963645817747,0.04788411074915443,0.047900416249984784,-0.07778515484665158,0.024871453642298046
12,3,WALKING_DOWNSTAIRS,0.039881498587324656,0.07283772666373974,0.0716318011721993,-0.1328082209867109,0.04241977959746078
12,3,WALKING_UPSTAIRS,0.0,0.0,0.0,0.0,0.0
12,4,LAYING,0.0006645021645021639,-0.0041028138528138485,0.0054318181818181765,-0.005066017316017311,0.003072510822510819
12,4,SITTING,-0.012763587565604884,-0.0025529599588758408,0.01887468265693146,-0.005872238776159526,-0.02097782182212977
12,4,STANDING,-0.021640175026414125,0.006937481357947184,0.010831383836364134,0.004354949344810009,-0.013778437200568431
12,4,WALKING,0.01170959503558943,0.021939133524001047,0.024187361016318035,-0.049602995771005784,0.01638229081048186
12,4,WALKING_DOWNSTAIRS,0.02024161726883478,0.03890693024065791,0.037507543590154506,-0.08742680412966414,0.02796816525931632
12,4,WALKING_UPSTAIRS,0.0,0.0,0.0,0.0,0.0
12,Aggregated,LAYING,0.0005685060069563171,-0.0020937569996120472,0.003989794995377564,-0.004364498211601947,0.003050538550590783
12,Aggregated,SITTING,-0.008316680292052854,-0.00454546085975374,0.009853449071868785,-0.010917565179788424,-0.02079490393202327
12,Aggregated,STANDING,-0.015822675090104214,0.00381710046196256,0.002899430132555253,0.0002069654823706283,-0.009580864726532757
12,Aggregated,WALKING,0.014541330792834348,0.02426457635276047,0.026670091372364788,-0.04663274347168233,0.0181799252796911
12,Aggregated,WALKING_DOWNSTAIRS,0.02922992523789431,0.04853621238156098,0.0489776113347689,-0.10052347922963877,0.03648383843974116
12,Aggregated,WALKING_UPSTAIRS,0.0,0.0,0.0,0.0,0.0
12,Centralized,LAYING,0.0005685060069563171,-0.0020937569996120472,0.003989794995377564,-0.004364498211601947,0.003050538550590783
12,Centralized,SITTING,-0.008316680292052854,-0.00454546085975374,0.009853449071868785,-0.010917565179788424,-0.02079490393202327
12,Centralized,STANDING,-0.015822675090104214,0.00381710046196256,0.002899430132555253,0.0002069654823706283,-0.009580864726532757
12,Centralized,WALKING,0.014541330792834348,0.02426457635276047,0.026670091372364788,-0.04663274347168233,0.0181799252796911
12,Centralized,WALKING_DOWNSTAIRS,0.02922992523789431,0.04853621238156098,0.0489776113347689,-0.10052347922963877,0.03648383843974116
12,Centralized,WALKING_UPSTAIRS,0.0,0.0,0.0,0.0,0.0
13,0,LAYING,0.0025303361289812864,0.004445588350904263,-0.0010947061026282548,-0.002702529236565643,-0.003178689140691652
13,0,SITTING,-0.01121997711237498,0.013220922106083603,0.010856376105753964,0.016909044871696664,0.014400300695507436
13,0,STANDING,-0.004179230995610006,0.00587864797246246,0.006025947475412715,0.012382220552248174,0.00881902269331117
13,0,WALKING,-0.0034943077297860245,-0.009901679412264814,-0.00145015004023397,0.010538243807766905,0.004307893374517911
13,0,WALKING_DOWNSTAIRS,0.0,0.0,0.0,0.0,0.0
13,0,WALKING_UPSTAIRS,0.0,0.0,0.0,0.0,0.0
13,1,LAYING,-0.004386351407537846,0.005674080197911891,0.012356919486683384,-0.004862511311663855,-0.00878213696539357
13,1,SITTING,-0.034569889410169356,0.020456122476886742,0.04269384491068869,0.024015780530039596,0.025369017110446
13,1,STANDING,-0.011889652609574973,0.008701058985871517,0.017551393854198096,0.014010712483265611,0.017244303378193757
13,1,WALKING,0.010685104873663977,0.009567889363603043,0.023510232342069174,-0.034179705072010895,0.0006601108293303292
13,1,WALKING_DOWNSTAIRS,0.017329006751435665,0.022313533815815478,0.03062747705607319,-0.059139188417493174,0.0028935610380712777
13,1,WALKING_UPSTAIRS,0.0,0.0,0.0,0.0,0.0
13,2,LAYING,-0.004366760793288602,0.005633424747516441,0.00995641252839172,-0.00488083216577612,-0.006342244316843441
13,2,SITTING,-0.02862490864928579,0.02165000651529793,0.029476623194857447,0.0212826787170639,0.02125109215211373
13,2,STANDING,-0.008552426401757423,0.012809545314084942,0.011458767714386819,0.008668491640525139,0.009977388217938933
13,2,WALKING,0.010052057169584745,0.0034330013751689686,0.016949189976123855,-0.0298356526512704,-0.0009529168135181231
13,2,WALKING_DOWNSTAIRS,0.010833034667872105,0.00887216474058763,0.019446293009951064,-0.0416870098806469,0.0029073337849726765
13,2,WALKING_UPSTAIRS,0.0,0.0,0.0,0.0,0.0
13,3,LAYING,-0.0033492463149219073,0.0028891750707393028,0.007158563874026419,-0.0033492463149219073,-0.0033492463149219073
13,3,SITTING,-0.0008150361966427433,0.008767213939748013,0.00823021186014109,0.004894299285196085,0.0034886089287975946
13,3,STANDING,0.009281049229898253,0.005227878202894124,-0.0039387969364052386,0.001905315480300185,-0.0005096340108752854
13,3,WALKING,0.01749158204988782,0.031891917021732726,0.03617036526642173,-0.04711953224527208,-0.010234916969528385
13,3,WALKING_DOWNSTAIRS,0.02465526129319815,0.04259356222121724,0.046350659336072596,-0.07193359322834084,-0.009468919925177422
13,3,WALKING_UPSTAIRS,0.0,0.0,0.0,0.0,0.0
13,4,LAYING,-0.0038928510284442458,0.005149387335828004,0.012779196321569196,-0.004363660821287933,-0.0038928510284442458
13,4,SITTING,-0.015232251954867751,0.009538070651677867,0.023725006754320575,0.007563143867476234,0.01608341684038459
13,4,STANDING,-0.0024602876488141003,0.0035174577776558302,0.005671997580046402,0.00476375447800655,0.012483686000239741
13,4,WALKING,0.011499326126635475,0.012899174885716189,0.014319001476323237,-0.028511753069397763,0.0004961498375353942
13,4,WALKING_DOWNSTAIRS,0.016729480654866007,0.024642859866059703,0.02097608265283745,-0.049924425817789025,0.0011961604776195196
13,4,WALKING_UPSTAIRS,0.0,0.0,0.0,0.0,0.0
13,Aggregated,LAYING,-0.0026785226601562925,0.004753393156540891,0.008199275131652544,-0.004027714825629538,-0.005098458456932459
13,Aggregated,SITTING,-0.01782403800951817,0.014619068911960227,0.022821721332281313,0.014588220454195356,0.01582231095181035
13,Aggregated,STANDING,-0.003729395805551692,0.0072637406266931916,0.00751751886856701,0.008534961788489748,0.009735978663945906
13,Aggregated,WALKING,0.00961162176886352,0.01032682108432056,0.01836413881330765,-0.027177963021178017,-0.0011321627672087498
13,Aggregated,WALKING_DOWNSTAIRS,0.016489349727205574,0.022231157439701273,0.028961446460325464,-0.05300081531386268,0.00035175658040784705
13,Aggregated,WALKING_UPSTAIRS,0.0,0.0,0.0,0.0,0.0
13,Centralized,LAYING,-0.0026785226601562925,0.004753393156540891,0.008199275131652544,-0.004027714825629538,-0.005098458456932459
13,Centralized,SITTING,-0.01782403800951817,0.014619068911960227,0.022821721332281313,0.014588220454195356,0.01582231095181035
13,Centralized,STANDING,-0.003729395805551692,0.0072637406266931916,0.00751751886856701,0.008534961788489748,0.009735978663945906
13,Centralized,WALKING,0.00961162176886352,0.01032682108432056,0.01836413881330765,-0.027177963021178017,-0.0011321627672087498
13,Centralized,WALKING_DOWNSTAIRS,0.016489349727205574,0.022231157439701273,0.028961446460325464,-0.05300081531386268,0.00035175658040784705
13,Centralized,WALKING_UPSTAIRS,0.0,0.0,0.0,0.0,0.0
