Round,Evaluator,3,2,1,5,4,0
0,0,,,,,,
0,1,,,,,,
0,2,,,,,,
0,3,,,,,,
0,4,,,,,,
0,5,,,,,,
0,Aggregated,,,,,,
0,Centralized,,,,,,
1,0,-3.414631045809578,1.8894425798496668,8.263118499960353,-35.3131624113525,-8.554531862524232,17.378011022156006
1,1,6.432896271913796,9.682268925528328,12.125732743844024,-18.10339600453019,2.856259857409369,13.291797696729294
1,2,12.123327400957136,13.206948471542395,12.301820768958184,-5.0762038398446965,10.048455145461357,8.913333537107679
1,3,14.750220934429358,12.858292871063675,9.768831217641234,7.226739315960861,15.123010981056261,2.2830596200992943
1,4,14.719963619709974,11.157262130954571,7.080569828245503,17.00508084462884,17.20179232958951,-3.132871403106004
1,5,11.209201149768617,7.202114785849911,2.864051299107973,29.03440428232469,14.677628880185035,-7.358400862462668
1,Aggregated,9.630942859177035,8.62090013547813,7.050489804276405,4.6687024069601835,9.960853879491692,2.045291691075107
1,Centralized,9.630942860120756,8.620900135298548,7.050489804660085,4.668702407567788,9.96085388043515,2.0452916907435794
2,0,-0.2869365979904725,5.1549857639488055,10.162366177472025,-34.580271862982265,-6.665746385024834,30.997198602007867
2,1,2.0592504665380043,5.290398021052798,7.139744372680516,-22.499735488257755,-2.250112538438946,13.578637778015441
2,2,3.843545378736257,4.8303927333484555,4.070627745839592,-13.190046361477021,1.1906545830064525,0.0896104880541059
2,3,5.245883194815221,3.3636293171639067,1.0844229456105898,-4.202042357423466,5.120488597879168,-12.961472570577351
2,4,5.168756970753452,1.5464166318579349,-1.3498874467424715,5.129323895230613,7.8056315899512585,-21.606241837068858
2,5,2.4261660758353445,-1.8192657264314511,-4.955526495507786,20.69109500133266,6.905941589688296,-25.56967997610589
2,Aggregated,3.266805829671631,2.1922799761641447,1.1052905983741772,-2.9877609016072504,3.552394478416533,-7.714329647218168
2,Centralized,3.2668058298996345,2.1922799763205103,1.10529059828274,-2.9877609024988,3.552394480018126,-7.714329645920992
3,0,-1.3362663558417933,3.799285023852477,10.349026040972788,-34.55425881832212,-6.767048227195516,27.53238414017541
3,1,1.3408813582804617,4.487960147096826,7.014475362869887,-22.79371587750646,-2.2927366556337945,11.772553158739232
3,2,3.538377550273315,4.633363906721376,3.8241523149733476,-13.139353006509035,1.308163980187202,0.0123094781238595
3,3,5.61325919218962,3.926094609365244,0.9820555403705264,-3.440304107133041,5.563200466605357,-11.458121758250122
3,4,5.9138495437368785,2.484186327806193,-1.4492530668428936,5.9791811749565085,8.190785509183247,-19.437407106322578
3,5,3.2242914084215304,-0.7574558329540955,-5.058572417530498,21.31414116195274,7.0482354369555384,-23.522007992202848
3,Aggregated,3.4253136954808774,2.4494614308509823,0.9912675049958395,-2.4454418368910873,3.705678362585925,-7.161001497149402
3,Centralized,3.4253136958880304,2.4494614316865846,0.9912675041538651,-2.4454418362528765,3.705678362451069,-7.1610014971901785
4,0,-1.015365515494781,4.2900147278656755,9.359348879564978,-32.11517368908619,-6.58436565254462,28.904671144247914
4,1,1.4577284200417482,4.563696502840122,6.379101318066285,-20.612108165535997,-2.104927190364308,12.081372679398525
4,2,3.5256840419941518,4.3583678469607925,3.5354472361783054,-11.763773575764453,1.5136262244626721,-1.0250161201296433
4,3,5.320103188233554,3.319786597543076,1.0658207255785197,-3.095787581433001,5.404507384349683,-13.222563532749286
4,4,5.518215586393392,1.7511704155030303,-1.1084192693006625,5.7068520714599575,7.84586066159877,-21.150483164640054
4,5,2.8868390935885007,-1.2392391284745439,-4.473323808687447,20.346304077997047,6.846330237883669,-25.050275804280105
4,Aggregated,3.236698858203256,2.109823953676226,0.9840922358382393,-1.896857573850149,3.6126247862304917,-8.138195563717973
4,Centralized,3.236698857803867,2.109823954621485,0.9840922350162281,-1.8968575735754851,3.612624785142864,-8.138195563717073
5,0,-1.639674564347462,4.491861008496398,9.446807852033274,-33.36714638683565,-7.364545081223481,26.592287667707588
5,1,0.9924686065709147,4.755008659136031,6.517665870371128,-22.165741979222524,-2.9073061515056122,11.753923127299519
5,2,3.289362798418934,4.511952580060009,3.773186773634986,-12.813768543274204,0.9719950890921627,0.3876885656037281
5,3,5.456063719888582,3.5292193678251027,1.3864465096524037,-3.5000755738843243,5.406759722195526,-10.750553719651881
5,4,5.86510898481646,1.9381525192216378,-0.8187660292439276,5.560674152121419,8.240122023328475,-18.642388511008818
5,5,3.3816811650116865,-1.2066303032916497,-4.412594418750675,20.852635122468584,7.368683442168112,-23.214856836246433
5,Aggregated,3.3413719367758756,2.254343971641232,1.1596121488963085,-2.3131830210512736,3.621027623336238,-6.955990576856319
5,Centralized,3.3413719373006057,2.25434397245454,1.1596121495356086,-2.313183021528815,3.6210276226750375,-6.955990576502188
6,0,-0.48165498812902174,5.511684749659786,9.338334438349898,-33.40533454917042,-6.403965553000151,27.508602582210344
6,1,1.8363964014028824,5.2451037076051445,6.4962738600489285,-22.122003275252162,-2.0896847838774892,11.979806831613951
6,2,3.6539140183397567,4.421868005282919,3.6241758804652466,-12.871680849303706,1.4274242899990572,-0.17446902939274836
6,3,5.236357070750397,2.990206371495231,1.2385481860575838,-4.012822170511171,5.29162141401817,-11.690189390587127
6,4,5.350913324851997,1.2645596534161183,-0.8408052129271738,4.9262472750828366,7.776472091547991,-19.60034090397412
6,5,2.643791413680717,-1.9111453181697204,-4.258353201214549,20.65323158289563,6.824054751623844,-24.414971211045042
6,Aggregated,3.267618804201552,2.029524505702598,1.1701817136724801,-2.620141333368524,3.626262052135835,-7.5379391336165895
6,Centralized,3.2676188031007056,2.0295245046807047,1.1701817133828678,-2.620141334711554,3.6262620520716218,-7.537939134559763
7,0,0.019529378165580674,3.554695749797347,9.789957250445413,-35.025973309175846,-7.324413725881767,27.008918748460793
7,1,2.052724410262861,4.2997234265398845,6.803209255961024,-24.028182307284037,-2.973395521334372,12.708124454384558
7,2,3.8260181666516018,4.583799858635027,3.8456736577852717,-14.684197058426765,0.8211658841896814,1.6426305335484364
7,3,5.393796117819099,4.181346861277545,1.4018383715229634,-5.365463734560373,5.260044458442867,-9.372129390537363
7,4,5.426271088379256,2.9658494217820817,-0.7156866526779487,3.943585334031003,8.219296385680288,-17.682901248533756
7,5,2.4458989538867266,-0.3232876965367295,-4.279075348529798,21.099870139623736,7.430607115964458,-23.508250247127442
7,Aggregated,3.379522746845263,2.68149843414307,1.3635529401212538,-3.5892585709530236,3.644524310913508,-6.370146929989821
7,Centralized,3.3795227488598147,2.681498433730378,1.3635529402955666,-3.589258572886886,3.6445243112075927,-6.370146928069999
8,0,0.3879848118110734,3.458154485842712,10.989861759240714,-30.262426451132914,-8.369440167464084,25.27646402168574
8,1,2.0976883282709724,3.937544762949988,7.517266136986091,-20.456893380992348,-4.0402029495686245,11.879543191295163
8,2,3.4615301719124734,4.022174201115383,4.1168303827555,-12.205621530464985,-0.2882461221716527,1.016065843061569
8,3,4.544147474332223,3.5671095565958164,0.8789155459469395,-3.9880900416909344,4.1074835421275955,-9.667906549719346
8,4,4.376552343659564,2.438661016395073,-2.1487839880023243,4.151302023131658,7.622206888983131,-17.258961627648823
8,5,1.7618527507822968,-0.3625783694002313,-6.512676382591508,19.293520383139086,7.938499639436756,-22.90226443725671
8,Aggregated,2.8295489064575525,2.319989520577186,0.5320621526284073,-2.3665947937097416,3.1345042387060498,-6.64121864718062
8,Centralized,2.8295489082124283,2.3199895208741923,0.5320621545539989,-2.3665947924793445,3.1345042392964135,-6.641218645691996
9,0,-1.604272872766874,3.087914181797065,10.672314887868657,-28.851667472138267,-6.315462388006683,22.961388177128264
9,1,0.8148571098658347,3.7116661826632877,6.8102552194998385,-19.206555184973052,-2.3428534230490827,10.230979966329409
9,2,2.868518448902615,3.81475259637847,2.966768286465393,-10.703504819880031,1.1602250816564255,-0.07771094392414221
9,3,4.714854622741798,3.2949119642688105,-0.3076986568646164,-2.2873791531350127,4.835897263401599,-9.987460387167353
9,4,5.135021776272818,2.181295871099417,-2.9286307076255422,5.693811085516388,7.057102133875273,-16.68185606505098
9,5,3.172373535479158,-0.10503410445017071,-5.9926419960164825,19.512653959435802,5.611639206851885,-21.181050921507868
9,Aggregated,2.9336398313997303,2.1751917133635192,0.1090825075873776,-1.071452429302779,2.970329994200952,-6.68304397319922
9,Centralized,2.933639831710216,2.175191713126971,0.10908250705969398,-1.0714524286410139,2.9703299946749473,-6.683043973146602
10,0,-0.2888096644502984,3.4911132739355253,10.786720631499707,-31.174484109179918,-5.704144678220511,22.526009102392507
10,1,1.6625854674459226,3.984470428039249,6.9793984318600755,-21.217029241466623,-1.9523088215090714,10.393251398604518
10,2,3.3164711406719505,3.9623539659753053,3.227365998831727,-12.428584364165626,1.3424860122301479,0.6142611838633475
10,3,4.69492147238477,3.3381511562084003,0.06640187837418857,-3.598853086066193,4.9239462348902565,-8.842990215230822
10,4,4.792863322490312,2.213260526866223,-2.470862545515463,4.869016559813659,7.06368733990962,-15.517515386966464
10,5,2.3390554600019686,-0.39286409178090936,-6.0771222054569884,20.307659026077523,5.850740178004479,-20.414669349743537
10,Aggregated,2.9419569926471993,2.2317847665975012,0.31595942927516396,-2.046339530808961,3.2356835918456563,-5.99711789501148
10,Centralized,2.9419569929015115,2.2317847667191,0.3159594302577711,-2.046339531583198,3.23568359275327,-5.997117894661967
11,0,-1.1181423208232215,5.102322358104988,10.747011071913589,-27.99439434728737,-6.3942034438983,21.853821673379983
11,1,1.0155793804458204,4.675797650662777,7.029131892889962,-18.514136019231827,-2.6028109976131266,9.774792589459928
11,2,2.907472210002535,3.6829850236645325,3.3095320004792534,-10.439317491883612,0.8646526438007541,-0.2738102905213247
11,3,4.497623450473874,2.188111133554514,-0.07815832812434251,-2.6009807740868376,4.503119742957581,-9.669535513889432
11,4,4.788673942180295,0.6125798935326718,-2.8610400997034207,4.860490172661581,6.966290438679045,-15.905085324492928
11,5,2.6380358318101678,-1.8068579395939273,-6.409048285805526,19.058125327105827,6.172204247665084,-20.88796053853305
11,Aggregated,2.772406782102652,1.5789190666692738,0.09393971620191982,-1.2441668256037732,3.0332454270912175,-6.624298790474946
11,Centralized,2.772406782959824,1.5789190665999282,0.09393971609820852,-1.2441668245365909,3.0332454268607347,-6.624298790560089
12,0,-1.495030055262735,4.883377705794425,10.26869164882465,-28.358009406420816,-6.566094703353555,20.33154198997494
12,1,0.7800926762610064,4.627555180692667,6.680786984647233,-19.133632900415314,-2.6601264921114227,9.157113860647522
12,2,2.9563330579795233,3.8136817120834436,2.991918140748193,-10.77874813352714,1.0286374062838761,0.0444439655573866
12,3,4.795067791216295,2.4178341190905357,-0.10542736168455645,-2.4706679740054183,4.8454226407933385,-8.541345125057692
12,4,5.096764982332908,0.8231594278076189,-2.48017143687571,5.184759725183774,7.188634107563608,-14.403387141448954
12,5,2.541784960121171,-1.8687939012958064,-5.311299068195738,19.557247788561416,6.047385596793609,-19.15296409563365
12,Aggregated,2.7701472475670417,1.6002402560807976,0.3728716804898109,-1.1496063786144928,3.0648457701618144,-5.9006422065069
12,Centralized,2.7701472490021475,1.600240257367949,0.3728716824072617,-1.1496063773700673,3.0648457686807546,-5.900642205782488
13,0,-1.6019599079908602,4.8201758673881505,9.957576996481148,-27.697441261020934,-6.348341864863922,21.120582936717675
13,1,0.6209764076860612,4.631277042487005,6.617130880148602,-18.77615297746776,-2.8059862793110977,9.965726813172491
13,2,2.723112689129707,3.851878848376662,3.072048089074198,-10.77133832625452,0.6808191767050641,0.47684803784426083
13,3,4.606991532130995,2.5077370779690478,0.09045393757822337,-2.8646624875797864,4.393529653946198,-8.676926881334538
13,4,5.088476491840784,0.8645613031996159,-2.220543876512291,4.642930817216816,6.878037599380506,-15.028386253077391
13,5,2.9053808823641094,-2.0340475158185933,-4.773369338697366,19.230078396149146,6.068641757281897,-20.165611922341512
13,Aggregated,2.803760299695755,1.5606498288123647,0.5804008620474915,-1.2497861004976938,2.9301336068152746,-6.111688770889426
13,Centralized,2.8037602988190216,1.5606498302455212,0.5804008631002174,-1.2497861011083569,2.9301336071150805,-6.111688770624173
14,0,-0.8400405780869937,4.334422865722735,9.26633549105865,-27.329450316234762,-5.586907987081739,20.36757001647915
14,1,1.1317154577185422,4.294846193780145,6.087714137755071,-18.725189112052885,-2.2549629605773442,9.548566319461182
14,2,2.9908792263573325,3.7088652243963103,2.7737350685232127,-10.923532011468025,1.1240745567506543,0.3568859550966558
14,3,4.434553552681098,2.545559457753969,0.13110707493963014,-3.040997037524526,4.63279278895732,-8.519905220576463
14,4,4.554316895510443,1.119236225874895,-1.9283044232185962,4.480299174340152,6.681666015136207,-14.669841633260173
14,5,2.0234567584308136,-1.5485648837486874,-4.61201693428962,18.934607361673603,5.219138210099212,-20.127002185952247
14,Aggregated,2.5876466936588844,1.6491314509622605,0.503559700350452,-1.3834198418376102,2.8732592180843053,-6.1987052905382525
14,Centralized,2.5876466937269864,1.649131451025549,0.5035597005138551,-1.3834198401679796,2.8732592178442165,-6.198705290471983
15,0,0.5233673209621437,4.054537343780058,8.626495978688622,-25.12946418397788,-6.265446716669424,20.05428427899601
15,1,2.013541465753882,4.0478135422781225,5.7358058518134,-16.82195771589928,-2.6307572192449795,8.927073270799555
15,2,3.343007462167797,3.4559234637135274,2.5783632377575807,-9.406620786684545,0.956503939575857,-0.929313118959807
15,3,3.961636178324876,2.279484922884106,0.08927903609456248,-2.13236497884994,4.615726553015011,-9.772078776342786
15,4,3.476875629401374,0.8795677183685024,-1.7864813534366493,4.787818305753329,6.960493641038149,-15.390761636928861
15,5,0.8255870549845492,-1.3683333018081236,-4.075848889192689,18.54463510474578,6.229934231114228,-19.9356120378799
15,Aggregated,2.2192120022664548,1.5233299210757634,0.5231571968531583,-0.5007830276109398,3.060698970826729,-6.677489455058034
15,Centralized,2.219212001111605,1.5233299203923265,0.5231571959301161,-0.5007830278722081,3.0606989684646355,-6.677489454770045
16,0,-1.4220781646807092,3.8139567441451114,9.68068211806572,-26.147475713846852,-5.945546637872269,20.755633608156224
16,1,0.9625370831725584,4.191995522989411,6.400300094082336,-16.97814829683993,-2.143944648166049,8.065591917447493
16,2,3.1944898363742906,3.8546839450429564,2.8257095493570166,-9.356791556507012,1.6193380007035334,-2.2293768737667117
16,3,4.915892955555621,2.892106291487078,-0.1686520935856046,-2.171109213442695,5.131807857104963,-11.081300121465231
16,4,5.226371272117538,1.516495039552672,-2.609470247377326,4.761939441088516,7.2544000090806575,-16.807131138899244
16,5,2.5825176544894815,-1.167805112814735,-5.213871460414311,19.14302390862499,5.803641452328015,-21.530172445963636
16,Aggregated,2.8497596995484002,1.8115248050662198,0.2556723365878266,-0.5920202579665476,3.214678874178288,-7.696332581890316
16,Centralized,2.849759699732895,1.8115248058808169,0.2556723360536865,-0.5920202558646592,3.2146788739655388,-7.696332582203289
17,0,-0.33378905460452674,2.2876129476138347,8.84772702872055,-27.656809788824578,-6.140913232526288,20.455240183956434
17,1,1.4172057937058968,3.1167507085033526,6.1242156903191445,-19.1819062617751,-2.642166679625925,9.61546937605461
17,2,3.19511953780883,3.6762454365552357,3.2079416126453255,-11.436033947707374,1.001434540194571,0.5164888098781588
17,3,4.500313053305141,3.5783139862222964,0.8742454419967883,-3.574185625537708,4.699300385235587,-8.215477706275092
17,4,4.457712305828758,2.629702719518805,-1.060119571660086,4.079248202372176,6.88095152516318,-14.477945951492593
17,5,1.7376316259393023,-0.02356969703044898,-3.802007368914251,19.307308914674717,5.388960442480757,-20.20515544431782
17,Aggregated,2.6197019207592884,2.1714726295300624,1.0133278829302392,-1.6080144817791377,2.859929863172612,-6.103228851688275
17,Centralized,2.619701919318708,2.1714726275928817,1.0133278827210457,-1.608014482351773,2.8599298641180453,-6.103228852854371
18,0,-0.7836210310653503,3.1459454629512833,11.197008861928056,-26.564638968783186,-5.304860301988603,20.395696545210928
18,1,1.0740373571952186,3.7098908391186827,7.311055418259043,-17.99073671287562,-2.0814728146856347,9.490767558511168
18,2,2.9556561354833364,3.7515196976796283,2.939048743926278,-10.425144819527604,1.0029692654240572,-0.2035662347434662
18,3,4.476096594978585,3.1787568661267334,-0.6027189996588401,-3.265412072111672,4.1880705114096735,-9.082531843157064
18,4,4.770734425185921,2.0770254429632584,-3.252021866781374,3.776457038005306,6.416876407436041,-15.130505245733216
18,5,2.1468978972022974,-0.27288214420765483,-5.884546449711054,19.143941584840064,5.1876762993696195,-20.33831502578409
18,Aggregated,2.671792992445983,2.115052780658205,0.18232475363903378,-1.2577918662127747,2.802218843790508,-6.451235110918994
18,Centralized,2.6717929931362274,2.1150527812170044,0.1823247537872301,-1.2577918653046427,2.8022188431708517,-6.45123511073851
19,0,-1.1781182363778462,1.969975498364012,8.92602437160971,-23.353897131965706,-5.181803095405726,19.255206836641435
19,1,0.8839308753603283,2.870198010596181,5.6902183288751615,-15.770143691928478,-2.039402724706609,8.50379523682132
19,2,3.0607238027649815,3.3978942657355207,2.2168055712607737,-9.069599740265264,1.3842888845908072,-0.94103055427268
19,3,4.4273690343537675,3.2033493934492663,-0.29908963493803,-2.33556869703238,4.664743939980856,-9.472077941149742
19,4,4.371354387157453,2.2793879641435937,-2.1795022891816505,4.431974117469693,6.544753158294279,-15.20247338561298
19,5,1.56175919578187,-0.34135571165388273,-4.363573187674224,18.525172059964238,5.277656284983785,-20.69615283513101
19,Aggregated,2.3095987138639105,1.8047625039060404,0.29657161149557937,-0.20351909384426176,2.935039093369146,-7.056244974960332
19,Centralized,2.3095987141723424,1.804762503601329,0.29657161035065516,-0.20351909058327083,2.9350390930134442,-7.056244974376167
20,0,-1.4481225654450762,2.2812317594170275,10.484658588762091,-23.452375426856523,-6.614975859825227,19.48638677549315
20,1,0.7986960471462349,3.135559596875612,6.455120159605309,-15.314755184972405,-2.945325454355472,8.392046631290244
20,2,3.0247955760896255,3.5316582759962825,2.3442597032015002,-8.480459863702437,0.8905269220812577,-1.4522826061191314
20,3,4.547313213222363,3.208797554843594,-0.8768559572953573,-2.002508216124888,4.526487959823166,-10.013969841965539
20,4,4.6796384603527565,2.252983149660758,-3.356234902303905,4.30523146927892,6.96714538569831,-15.555326479146329
20,5,1.9286818416753913,0.14500304198611008,-6.181090954506667,18.201872159964605,6.182771108817129,-20.53523417837631
20,Aggregated,2.454784989966773,2.0539189742018986,-0.2667298604993371,-0.19318587559690228,2.9517662643979325,-7.130012715244176
20,Centralized,2.454784989078124,2.0539189744974444,-0.2667298613351808,-0.19318587355681985,2.9517662649226257,-7.1300127139763925
21,0,-3.1456934134815366,3.1158093328949463,9.430092708114328,-21.437895727176,-7.252987129728289,19.326069481779726
21,1,-0.41239550160295774,3.6017752933326834,5.556133908119706,-13.653503792337336,-3.3076980465929195,8.212724025670042
21,2,2.620526124358266,3.5004223161287435,1.816649278086217,-7.0487471485756705,0.7771397537718079,-1.5665686041489941
21,3,4.8957526342383195,2.628877969718293,-0.8743152157727158,-0.8295268275265668,4.7103907488078685,-10.19423080063016
21,4,5.538957898579067,1.2814316796772598,-3.061864500269001,5.1674583102673886,7.474984607792431,-15.921838771155297
21,5,2.9297645219140893,-0.8580750313224701,-5.448043313585397,17.780506715017363,7.192719783901906,-20.860812957375536
21,Aggregated,2.5426766652048243,1.5919753151431146,-0.30705626615678105,0.755500585458526,3.2195175018933306,-7.445960980314979
21,Centralized,2.5426766640385354,1.5919753141021167,-0.3070562666401092,0.7555005831846222,3.2195175017732356,-7.445960980845382
22,0,-1.4724765933806032,1.848721681828695,8.367457456198677,-20.31536051449147,-6.443801813899771,19.21313196739048
22,1,0.6968258725151435,2.705084440680177,5.294384346978786,-12.813439880759658,-2.683300753922482,7.434267615457846
22,2,2.963562932514152,3.2184714748703995,1.9403756856665135,-6.660317755379914,1.2476299381518692,-2.9254826428918306
22,3,4.292761623020735,2.84326678296907,-0.49334967909519983,-0.7742481813409912,4.743448929670295,-11.498070242724433
22,4,4.235961798117434,1.8218025237896847,-2.2974621397446446,4.9664094633985325,6.857379698390803,-16.72924069574375
22,5,1.3543413966337285,-0.6177949901868331,-3.887300231540853,17.323745187020556,5.895616786821757,-21.415918746140736
22,Aggregated,2.0822677626931108,1.4942697005250936,0.21529525787598847,0.9088471898402282,2.9192109509632926,-8.172639641534472
22,Centralized,2.08226776370533,1.4942696996993754,0.2152952574657455,0.9088471918966372,2.919210950731679,-8.172639642486315
23,0,-0.9474426078720722,2.061916227477395,6.800442898520815,-22.38922344671829,-7.042694374466622,20.890167322341973
23,1,1.1402584873798571,3.004820695647872,5.100600158056276,-14.22970039030624,-2.9384954969146513,7.803988866039491
23,2,3.3269842797874123,3.635222069532912,3.135465107684112,-7.841797294228233,1.3207669955913812,-3.3962379425777764
23,3,4.655374694546311,3.4132013073906315,1.6069800516895065,-1.8725198071286766,5.197022196712686,-12.3490483300635
23,4,4.491535082131374,2.3961633977810126,0.17032083989014551,4.105071460501086,7.625264932596305,-17.769876241071724
23,5,1.422197978954052,-0.07205080014028876,-1.9204529524815175,17.934221260923437,6.754010971275782,-21.591695051173723
23,Aggregated,2.379226079660591,1.9798921090505128,1.4753210706978017,0.10630158020599871,3.3108196821248983,-8.227767105607828
23,Centralized,2.379226079210275,1.979892109918596,1.4753210726421815,0.10630157953905003,3.310819681944278,-8.227767104550102
24,0,-1.5956108701044074,3.8667465390423144,7.279639014920019,-21.57993586296272,-7.386631300772454,20.081808144552117
24,1,0.6699023819553757,3.93018965672572,5.0143605245831475,-13.909186886442429,-3.552996375906634,8.037116981696917
24,2,3.205025757018168,3.4255717912622226,2.5970296486488653,-7.561174874376963,0.6588051622782183,-2.428612123043511
24,3,4.667445463966518,2.34761677238878,0.8066176956045232,-1.5634061815830014,4.554239440640488,-11.158362566695367
24,4,4.500030531139563,0.8133282926330871,-0.7141951917427946,4.342177636310169,7.348390799899774,-16.745791730829808
24,5,1.1097587161769862,-1.8592899674016852,-2.788328072654095,17.563267788460163,6.673952373282337,-21.856334356132553
24,Aggregated,2.141339156015768,1.289444835019735,0.9390504708077765,0.2461363594913702,2.972922055035295,-8.016641207296635
24,Centralized,2.1413391566717492,1.2894448357357315,0.9390504713701111,0.24613635944089304,2.9729220544498673,-8.016641207848537
25,0,-1.6747186040058146,2.0986846168572573,8.534692475322167,-20.052449681200457,-8.166694254834695,19.52561149934326
25,1,0.5085358514763985,2.904135526194598,5.6589368529015776,-12.509206171656539,-3.9243590744091432,7.492559321020654
25,2,2.9679781287436486,3.3898791887358097,2.386256726314613,-6.411246924292384,0.5841572557410005,-2.9795309578348244
25,3,4.540092647555686,2.942400144517505,-0.22160232687605513,-0.6840686947637499,4.678686214694503,-11.516148667612923
25,4,4.6068407306708306,1.7611187194336173,-2.3589243480598636,4.898924500450955,7.566741177334282,-16.871755323205107
25,5,1.866030884806707,-0.6549766597644511,-4.709403214028454,17.069645543815163,7.264808163097511,-21.473403867323455
25,Aggregated,2.3039386200200602,1.56705598400659,0.0832836561276986,0.8951534929518125,3.054989648568641,-8.173589096924989
25,Centralized,2.3039386208248454,1.5670559842749696,0.08328365614347508,0.8951534922631527,3.0549896493696305,-8.173589096666692
26,0,-2.10388531993896,2.554976542078007,9.313024522573421,-21.92254357260648,-6.529044709886514,20.048719592094006
26,1,0.6806517258914485,3.4044057006231836,5.553319999379254,-13.3641701621522,-2.2717454523428704,6.877299273382648
26,2,3.5014940423557332,3.6618469929775226,1.6504824851130346,-6.63648231417322,1.8933878758608313,-4.376049552052443
26,3,5.158617869141198,3.08247396841459,-1.0296246013773152,-0.6382589254442798,5.415808341025827,-12.755017168701807
26,4,5.2771816496973125,1.9673728133046808,-3.007490488011231,5.140721923147588,7.514587569345556,-17.627880485285747
26,5,2.2366580548028665,-0.5811587548262696,-5.158474420035462,18.71310859397597,6.605946054217986,-21.364764370960163
26,Aggregated,2.655264098556125,1.7923352365414003,-0.23268887515193118,0.9981796185076659,3.4653783379559644,-8.515067427491513
26,Centralized,2.6552640998574875,1.7923352362113358,-0.232688875525639,0.9981796201832643,3.4653783373365408,-8.515067426752347
27,0,-1.3757576765009625,0.8924438216837445,5.746607929701452,-21.289085074091467,-6.811500870706197,21.245447030577953
27,1,0.6727275154079918,2.3621499223015596,4.351539749958335,-13.753084865928571,-2.928462480732976,8.491020556658448
27,2,3.0685976432801,3.485739100602419,2.7358101927320346,-7.518236307058468,1.1878865234304106,-2.3837318109198944
27,3,4.49333581938488,3.6971445559806835,1.462368086054875,-1.4694052351761557,4.967921788811746,-11.32005999090658
27,4,4.292654468414347,2.8731100973838517,0.21217785669955547,4.915696789340465,7.332513359447152,-17.239785122487213
27,5,0.7510365874647532,0.7764699748143131,-1.2824745598210447,18.522797636062844,6.151154517676122,-22.041793192850662
27,Aggregated,1.9560380013244971,2.1304142258535688,1.4241900651879367,0.807304435477288,3.0473649512322214,-8.052161141486767
27,Centralized,1.9560380014397627,2.1304142271058177,1.4241900669204806,0.8073044336960561,3.0473649504822578,-8.052161140339466
