Round,Evaluator,2,1,0,4,3
0,0,,,,,
0,1,,,,,
0,2,,,,,
0,3,,,,,
0,4,,,,,
0,Aggregated,,,,,
0,Centralized,,,,,
1,0,0.057769342159240025,0.06473251140123175,0.056353660641803284,0.058263476094115495,0.06833095977910121
1,1,0.05855483289774414,0.061138147328365734,0.05340843704418088,0.05622421793545345,0.06304096985030101
1,2,0.056568661215965994,0.06294493293458443,0.053325320115649194,0.05901484170464231,0.06492695589246164
1,3,0.05552439080510488,0.058427090701294,0.05654055356371597,0.057555346848364455,0.058145120371826106
1,4,0.05757916858216188,0.06676473715725348,0.057463165038343,0.062099042102296,0.06598256563850795
1,Aggregated,0.05719927913204338,0.06280148390454589,0.055418227280738475,0.05863138493697434,0.06408531430643959
1,Centralized,0.057187453669325684,0.06285193647399838,0.05542742576684056,0.05864997675691073,0.06414133351405617
2,0,-0.0010469075744811503,0.009812484700771583,0.0009518844001431197,-0.008164686031656217,0.009768832544326311
2,1,-0.0015811132887412853,0.006482357496984299,-0.0026911981695359652,-0.005183378572577659,0.005567937888050378
2,2,-0.004247468262733058,0.01204415853005405,0.0009259661927838947,-0.0005145669610393311,0.011238923160109927
2,3,-0.0013791911623503037,0.005964406788870879,0.004470990349480534,-0.004558598600438642,0.00692900020888722
2,4,-0.005450781110024716,0.010497194901770543,-0.0005488152359304295,-0.004568523758053627,0.007927401317148032
2,Aggregated,-0.002741092279666103,0.00896012048369027,0.0006217655073882306,-0.004597950784753096,0.008286419023704373
2,Centralized,-0.0027599996130173517,0.009007563167743447,0.0006133536010916614,-0.0046086446685737175,0.008311942072998218
3,0,0.004959977826338535,0.0018342357413289657,-0.007833357121678323,-0.004993375747543729,0.005208619417534787
3,1,0.0025716608112879885,0.004334516097712954,-0.009184470208086193,-0.0025321490885468903,0.0069068369657409815
3,2,0.0001011955084084674,0.004300192905392127,-0.006553299284870171,0.0014018495433398151,0.003967387066718236
3,3,0.0028738068697912456,0.00023532348225541178,-0.0008370402736618635,-0.002503018525839701,0.0043712519061746375
3,4,0.002670474679852275,0.006987798543977539,-0.008216402351708728,-0.0014239002427056094,0.0045616516201465096
3,Aggregated,0.0026354231391357025,0.0035384133541334,-0.006524913848001055,-0.0020101188122592225,0.005003149395263031
3,Centralized,0.002640816589806102,0.003566370019766211,-0.006568613021640672,-0.002022785644229965,0.004995405777315692
4,0,0.00409032482437713,0.0004080707623003369,-0.005889870777367697,-0.0003034982608046762,0.00299200816624464
4,1,0.005745257995069334,0.005200012395049033,-0.005906047020451103,0.004273308187543778,0.0026357721555397545
4,2,0.0007739535281591621,0.004965297065510784,-0.007873218670475326,0.0038160875702233405,0.001836567267644079
4,3,0.000282731619673308,0.002791979413724838,-0.00010922042546130199,0.002208568607166807,0.0024330089325492335
4,4,-0.0010234501934747527,0.004335453722175153,-0.0051804533313808574,0.0024879230486086683,0.0008662822244937455
4,Aggregated,0.001973763554760836,0.003540162671752029,-0.004991762045027257,0.0024964778305475834,0.002152727749294291
4,Centralized,0.001962508990616335,0.0035311346578501307,-0.005034291687376528,0.002481092306756124,0.0021529724178441273
5,0,0.002476382186995657,-0.005411252527235891,0.0019678570346281584,0.003580644298781584,7.477429013421078e-05
5,1,0.0029274853117285484,-0.0021245161583292225,-0.001027689937462467,0.005046639577686279,-0.002881006010888245
5,2,0.0011479031403239747,-0.003763433221299689,-0.0004313890893235491,0.010262285625609022,0.0004347922384236628
5,3,-0.0007580235535698477,-0.004677891736701064,0.0030273422047668547,0.0010514098612928236,0.00019874430171488156
5,4,6.842442852429964e-05,0.0002420843007660156,-0.0015182845853792925,0.00408240919684526,0.0013279534483706002
5,Aggregated,0.0011724343028005264,-0.0031470018685599704,0.00040356712544594093,0.004804677712042994,-0.00016894834644897791
5,Centralized,0.0011784704631483604,-0.0031368332746622134,0.00038420280786322276,0.00484000410901318,-0.00014949650232196817
6,0,0.00023694324758558594,-0.0008928799337236522,-0.0026359064120740293,-0.0006078461306289602,0.005575767865488261
6,1,-0.002934383219170082,0.005651423028341227,-0.008541726876864051,0.0010830159114981678,0.00414997602643542
6,2,-0.005790019782161567,0.0020509077915574566,-0.008492310510939703,0.006153154687792223,0.0036839833638855884
6,3,-0.0012181052096146099,0.0007033026756820641,-0.000676114057121896,0.0017163608191549478,0.002066213420528725
6,4,-0.003228806997167357,0.004011389319042197,-0.007330084595550631,0.004157988312564709,0.003742604029341227
6,Aggregated,-0.002586874392105606,0.0023048285761798587,-0.005535228490510062,0.0025005347200762174,0.003843708941135845
6,Centralized,-0.002596562858746728,0.002292941889109242,-0.005560052500122463,0.0025145515358258874,0.0038738195575344727
7,0,0.0017884888436972316,0.0033074317219361255,-0.004562942476973341,-0.0006212021904428211,0.008331595233480846
7,1,-0.0009683889485494738,0.007186339549172019,-0.008925024154641413,-0.0010814033303605049,0.006236818844776598
7,2,-0.00039792040952153497,0.007886162447512305,-0.008367959403562147,0.004676378741101169,0.007242860006598922
7,3,-0.0014455794716751384,0.0026050026347715248,-0.0021330265797480856,0.00021483049032450057,0.0014750738010659273
7,4,-0.0024989301267306714,0.0045508963929392,-0.0066776509436713505,0.0020412394158513094,0.005445422489528962
7,Aggregated,-0.0007044660225559174,0.005107166549266235,-0.006133320711719268,0.0010459686252947307,0.005746354075090251
7,Centralized,-0.0006959296707887974,0.005116832309529279,-0.006156527411154457,0.0010667907921243318,0.005804770525606943
8,0,0.0039866979223889005,0.002690938241974872,-0.00031296390133867723,0.0005080023793076315,-0.0024787730466520773
8,1,-0.0011283336315361806,0.009253601672033738,-0.005037084334578155,0.0002964765123359081,-0.000965200876645946
8,2,-0.0015477928405922454,0.004822551148062616,-0.003085013840288938,0.0019033682339171336,-0.000925862818764935
8,3,0.00035001258707652766,0.0027509032441337586,0.00022348668445863287,0.0014628143672227867,-0.0006081468443896639
8,4,-0.001883682350129586,0.006452560599171888,-0.0030156808733201182,0.0016546578694659512,0.00034689905164080883
8,Aggregated,-4.4619662558516814e-05,0.0051941109810753755,-0.0022454512530134516,0.0011650638724498823,-0.0009262169069623627
8,Centralized,-4.063002426649328e-05,0.005197585883972676,-0.002255585325850205,0.0011705869856528364,-0.0009271296096636535
9,0,0.0042404659496502965,-0.0025082393863705478,0.0009126473755222631,0.003050196125033594,0.0001120183736139868
9,1,0.005697098700594901,-0.0005157071593648569,-0.001214387956600558,0.005278747645224413,0.0003987072223280819
9,2,0.0012932585881609874,-0.0017749158353014512,-0.0021151520225109613,0.003175393728302069,-0.0002701709126101459
9,3,0.0024254093772673956,-0.0016897930622455334,0.0009100523879781756,0.0003925840881016052,-0.0006158102322409394
9,4,-0.001771349989573375,-0.001834191669240067,7.43458845994971e-05,0.005331977447967954,4.6543605055476836e-05
9,Aggregated,0.0023769765252200413,-0.0016645694225044913,-0.00028649886620231674,0.003445779806925927,-6.574238877070796e-05
9,Centralized,0.0023390721301209615,-0.0016789631915753963,-0.00028734244686344593,0.0034807051139854736,-5.821417498549549e-05
10,0,-0.0022942134349852985,-0.003446100202929238,-0.0030887707710787766,0.00418578010314673,-0.0006842124910143595
10,1,-0.008453129829195404,-0.0018943514442996616,-0.0024009777051254306,0.00562169971977,-0.0017251744915633249
10,2,-0.005362315958916658,-0.0017989905847718628,-0.0017448236518244362,0.005756577288205905,0.002090768620090766
10,3,-0.0009980371273651644,-0.0014456881320247547,-0.0005126987570431951,0.003901045085882356,9.513202084689421e-05
10,4,-0.00467369563098771,-0.002318771268035617,-0.0025453261177045532,0.005770809987948944,0.001515966607246466
10,Aggregated,-0.0043562783962900475,-0.002180780326412227,-0.002058519400555278,0.005047182436990786,0.0002584960531212884
10,Centralized,-0.004362188392281515,-0.002197815467282523,-0.0020801447048326,0.005050677393372945,0.00027867891044040897
11,0,0.0007643193217064618,0.002407177284181226,0.0001776083172329949,-0.003971684235734195,0.004591140633666456
11,1,-0.0026680652385113967,0.007259144654237859,0.0010031321780431682,-0.000950734627882055,0.002128276523071511
11,2,-0.0024990231534228026,0.005416192147904775,0.0011236165687939022,-0.0030082025254201876,0.004517500123519044
11,3,-0.0023609083067886467,0.0010884182814374346,0.000999319118287543,-0.002574812667678174,0.0016168857501634233
11,4,-0.0038634738770143414,0.002170196383074591,0.0009654631449078503,0.00021659481189677346,0.001989650948910854
11,Aggregated,-0.002125430250806145,0.0036682257501671773,0.0008538278654530918,-0.0020577678489635677,0.0029686907958662574
11,Centralized,-0.0021184185834094466,0.003663085093255031,0.0008520919289024691,-0.0020486413815576404,0.00299605173445515
12,0,-0.007834587410959363,-0.0020836330647766945,0.0015533097989505844,0.00014817819702502474,0.0030168093170310126
12,1,-0.014383863454617429,-0.0008160963586081742,0.0027122956129414177,0.000622464562792574,3.547179461044584e-05
12,2,-0.012249705358253645,0.0011982148653986483,0.002009758938797914,0.002408585554259855,0.002675018235627402
12,3,-0.005424771505333675,-0.0027621554047966086,0.0031962451516513004,0.00014114684753743962,0.0018128233363959966
12,4,-0.012042964433488668,-0.0001628551654844416,0.002068328083069983,0.0036714948032028146,0.003464799479089951
12,Aggregated,-0.010387178432530557,-0.0009253050256534542,0.00230798751708224,0.0013983739929635417,0.0022009844325509616
12,Centralized,-0.010417661234962473,-0.000903381723914376,0.0022890735826909315,0.0014267513926610334,0.002232959580799735
13,0,0.0008487949534001986,0.0038781761138564188,-0.0013879630359570794,-0.006242480230424441,0.0018226105193773787
13,1,-0.0016798354487077894,0.010398068483343745,-0.0003067250735675172,-0.006492947556378725,0.0012448413155199622
13,2,-0.0023984825917168886,0.005237581555223264,-0.002563864250573637,-0.004040955940135789,0.00233945528994835
13,3,0.0015417354295298022,0.0012205743020066106,0.0006149607240243049,-0.0037866042516675894,0.0007396882577741644
13,4,-0.001459930998625884,0.005511276021401075,-0.0004974228346020607,-0.003112409774069865,0.0016181388265324077
13,Aggregated,-0.0006295437312241123,0.005249135295166223,-0.0008282028941351981,-0.004735079550535282,0.0015529468418304525
13,Centralized,-0.0006457458997307189,0.00525174249938426,-0.0008514737847598134,-0.0047248901798606175,0.0015685637382950313
14,0,-0.003939542109061203,0.0008188388804513224,0.0004280010558168549,0.0031375841258007224,0.003023453329128384
14,1,-0.008010680353204569,0.0055120947325821195,0.0018260293061562831,0.003672546075824725,0.002940976853804187
14,2,-0.008776134182081707,0.0046797617807448014,-0.000506889108701795,0.003100793611134045,0.0029231561982398274
14,3,-0.0023190055967779954,-0.0006060831171837551,-0.0006997971016985072,-0.0023021183884369633,0.0021137618481076553
14,4,-0.005292110112532864,0.0038562811431816927,-0.0012520001245967009,0.0038216681029513383,0.0002825825900374076
14,Aggregated,-0.0056674944707316675,0.0028521786839552365,-4.093119460477304e-05,0.002286094705454774,0.0022567861638634924
14,Centralized,-0.005676887570007063,0.0028622053583673866,-5.5130395379153024e-05,0.0023344189557303404,0.0022391561215146776
15,0,-0.0019423187816429155,0.00467695034501774,-0.0027504926392798446,-0.0006752310883703002,-0.0036228430261520117
15,1,-0.005667368306565568,0.00805139422115448,-0.006262723905755174,-0.0005266946857892548,-0.007155224797179433
15,2,-0.0034563342821609055,0.005155520976482721,-0.0026746031897116923,0.0008896532408490495,-0.000668901800090127
15,3,0.0004785002102141648,0.0014268758079761634,6.233561773945999e-05,0.0022532108109136677,-0.0011075151477149992
15,4,-0.00234247417070134,0.005109735346706024,-0.0013651617832117083,0.0009999403652821092,-0.003215610747644885
15,Aggregated,-0.002585999066171313,0.004884095339467426,-0.002598129180043792,0.0005881757285770543,-0.0031540191037562914
15,Centralized,-0.002588295440990061,0.004904193328457362,-0.002603943359425646,0.0005824278850508236,-0.0031373891097926025
16,0,-0.0007213460601327215,0.0004800688043628117,0.0029604200739973036,-6.57985685588965e-05,0.0005044791800467703
16,1,-0.0020462496187535523,0.003523797792528895,0.005966033683013327,0.0004674010378731793,0.00010444648413321934
16,2,-0.002427216345602447,0.0009479843067809172,0.0011086958706972368,-0.00021961371427285382,0.0022707646488268137
16,3,2.610206140518471e-05,-0.0009295296951084294,0.0019865481106743337,-0.002182876044863319,-0.0014875725196873246
16,4,-0.0024013244622064483,0.0006576868684170345,0.003919367195345027,-0.0005647005342337031,0.0008998864329292662
16,Aggregated,-0.001514006885057997,0.0009360016153962458,0.003188212986745446,-0.0005131175648111187,0.000458400845249749
16,Centralized,-0.0015313682590059738,0.0009391207624406132,0.003174269962979311,-0.0004970763478681213,0.0004908058457789725
17,0,-0.0014495448859851822,0.0018168145554038136,-0.0008185100125373379,-7.566710370558449e-05,-0.0007698664734729651
17,1,-0.004941386051068001,0.005375362852552507,-1.555915244429625e-06,0.0002456845325848352,-0.003424752437211472
17,2,-0.005041094476383476,0.0033570165225992026,-0.0012691162414800931,0.0007614891252616921,0.0004291603763865337
17,3,0.0004312598004344322,0.0008329159089775144,0.0009375088386123331,0.0012227539422787407,-0.0017211308310536003
17,4,-0.0033223885173565707,0.001636563643517408,0.0007190477113922362,0.0009570888471984118,-0.001411091734588186
17,Aggregated,-0.00286463082607176,0.002603734696610089,-8.652512385145828e-05,0.0006222698687236191,-0.0013795362199879382
17,Centralized,-0.0028836738921594793,0.002596563913336347,-0.0001090237477189467,0.0006164675911057479,-0.0013537914616959061
18,0,0.0006917726320094779,-0.003564754533746996,-0.0006092897582849495,0.0021658772599929895,0.0034323275902786426
18,1,0.0010930505501554276,-0.002760054966066901,-0.002413482487373882,0.002849310509346692,0.005057645442343332
18,2,-0.00201170543197202,-0.0020068721457173885,-0.0013894394047938704,0.002794337822118276,0.0030320080006312716
18,3,0.002261659948237656,-0.004335405537460154,-0.0010399742172861122,-0.0004234327791628264,0.0017831188364122379
18,4,-0.0012656265796145926,-0.002147291055843403,-0.0023452958282138225,0.0032116766730494887,0.004228482652477657
18,Aggregated,0.00015383022376318976,-0.0029628756477669688,-0.0015594963391905273,0.002119553897068924,0.003506716504428628
18,Centralized,0.00011368611159123428,-0.0029549758738870112,-0.0015597892946140372,0.0021596472459509924,0.003513639302198063
19,0,-0.0009314891209922848,-0.0024467542016172144,-0.000257669384026323,-0.0005657642934517556,0.004799144785726206
19,1,-0.0016743640367815856,0.0018334606464933344,-0.0028418396868382712,-0.002206295040726647,0.00792456560777048
19,2,-0.0025318445879759046,0.0015616182084064085,-0.002872240108312394,-0.0018770436234186634,0.006292609209646906
19,3,0.0008686004012608495,-0.0006656924711392583,-0.001846665462117847,-0.0008645790952149845,0.0020596545882619185
19,4,-0.001486771418469407,0.00033831586239315147,-0.0027891829545493778,0.00012282970344520787,0.004147186661505253
19,Aggregated,-0.0011511737525916666,0.00012418960890728427,-0.0021215195191688426,-0.0010781704698733688,0.005044632170582153
19,Centralized,-0.001174139888383365,0.00010906736462541477,-0.00211597311157982,-0.0010539688416248767,0.005051743541430927
20,0,0.00037722027354782176,-0.0019502647559597407,-0.0009616962625661325,0.0011594139538021611,0.0003336822513009041
20,1,-0.00022385889285437462,0.0020136766976356284,-0.0020651746488241436,0.0010840149665780545,0.00014933451627707945
20,2,-0.0019649852197262045,0.00011089408420613123,-0.0007159290706589476,0.0028868038543947592,0.004249839704050137
20,3,0.0019640827152307807,0.0002633880172789982,-0.001224775020338222,0.002698503550330561,0.0007134949155646072
20,4,-0.0009929786160767617,-0.0017053366314718692,-0.0009565392617145748,0.0027054458307750034,0.0011268325718552592
20,Aggregated,-0.00016810394797574766,-0.00025352851766217044,-0.0011848228528204042,0.0021068364311761082,0.0013146367918095974
20,Centralized,-0.00019715018255754834,-0.00028795157738476705,-0.0011706591297061697,0.0021162836216870613,0.0013205418381728562
21,0,-0.002750471642381906,0.00014717271040043018,0.00025819158873594537,0.0005195970192701756,2.1219103595404575e-05
21,1,-0.004389736949742327,0.0017415852629286872,-0.00035480286065565453,0.00025634118812258483,-0.002081234602355394
21,2,-0.004750515634954929,0.0020098803495380607,-0.0001258191514752723,0.0013628349290257561,0.0010363435281911656
21,3,-0.0007589036416108844,-0.0003996308200476473,-0.00016520307257905097,0.001960777198287204,-0.0008385074246433311
21,4,-0.0035118237589794785,-0.0008288506388292316,0.00021737095465878173,-0.0004150509455985811,0.0007193604768549559
21,Aggregated,-0.003232290325533905,0.0005340313727980599,-3.4052508263050136e-05,0.000736899877821428,-0.00022856378367143982
21,Centralized,-0.0032551614361698233,0.0005242852365283342,-2.9688421714666827e-05,0.0007288925034279525,-0.000208794940163685
22,0,-0.0019603755651855753,-0.0005260678634553225,0.0004098108507302967,0.003231086467819938,0.0016158805041484906
22,1,-0.0053442485333453785,0.0015258765944319982,-0.0008995099640696558,0.004415306210293044,0.003337871646970751
22,2,-0.004267560108044926,-0.00027588052840894127,-0.0015166153693946139,0.0021789223717251986,0.002430240207509863
22,3,-0.0015867587710212258,-0.000574286844272931,0.00020992888000074262,0.00043645181404495246,0.0014074224633894813
22,4,-0.0029745907204526394,-0.00045674031452494306,0.0006922976356255994,0.003942763512619372,0.0027688977570184607
22,Aggregated,-0.003226706739609949,-6.141979124602787e-05,-0.00022081759342152622,0.002840906075300501,0.0023120625158074095
22,Centralized,-0.0032247561944919066,-8.340509886325767e-05,-0.00021362103628930023,0.002875259871511828,0.0023120719709486927
23,0,-0.0006105160823494845,-0.0014119977645324817,0.0011227284272998888,0.0006718429373326987,0.0008638683845711334
23,1,-0.001046839116880375,-0.0008932327181844928,-0.0007864128881397296,0.0002946397048870453,0.0013382725519856475
23,2,-0.002264947651032745,-5.568429203597902e-05,-0.001824952225991235,0.002026455393798384,0.0015617872519973208
23,3,0.0019281892197522631,-0.0008172941299566121,0.00025677677463476303,0.0010775352209268082,0.00011341592338965182
23,4,-0.0016881533183926952,-0.002161267428063335,-0.001399577754949242,0.00043561073121820373,0.001450651599671545
23,Aggregated,-0.0007364533897806074,-0.0010678952665545802,-0.000526287533429111,0.0009012167976326282,0.0010655991423230598
23,Centralized,-0.0007675034236057606,-0.0010823547694109,-0.0005397718148228851,0.0009139413584242307,0.0010696141022709512
24,0,0.0002482224368235031,-0.0015241151845673281,-0.0016659850654252315,0.0004454063628656339,-9.067590046261675e-05
24,1,-0.0010342412042687024,0.00111494216851127,-0.0038335725653507254,0.00042118961221742447,0.001389958500941879
24,2,-0.002015156392690548,0.001263206876210258,-0.0023967548491931907,0.0032694432727679284,0.00230921613573683
24,3,0.001580432040160253,-0.001771095675922618,-0.0025183293923194813,0.0011351656770906512,-0.0004502983323214767
24,4,0.0007780377730819928,0.0006948315854509317,-0.002984119148910941,0.001090211014022713,0.0017079700034131119
24,Aggregated,-8.85410693787003e-05,-4.444604606349724e-05,-0.0026797522042399137,0.0012722831877928702,0.0009732340814615455
24,Centralized,-9.537484845999108e-05,-3.898467855155315e-05,-0.0026767711265343274,0.0012919692440608922,0.0009834917941491808
25,0,0.0002320199167509492,0.0007976599462115097,0.001437912266618043,-0.0006487011824074832,-0.00031735212557725825
25,1,-0.001166523926512993,0.004123039801764109,-0.0007719634431950265,-0.0034463499923584736,-0.0003176592466928437
25,2,-0.0031840566151605963,0.005030107438218192,-0.002850239260795989,0.0018219120471069865,0.00035125149621618724
25,3,0.0010367259342384935,-0.0015615373297549252,0.0001541203974597801,0.0016085814494934902,-0.00041888911285702194
25,4,-0.000775700367262124,0.004314197569290027,-0.00041868889265184726,-0.002046490232842975,7.788534882182673e-05
25,Aggregated,-0.0007715070115892541,0.002540693485145782,-0.000489771786513008,-0.0005422095822016912,-0.00012495272801782198
25,Centralized,-0.0007847205886752843,0.002567498549181339,-0.0004967937227904913,-0.0005363010257475986,-0.00012176905616253323
26,0,-0.0007277821386760234,-0.001508374726584131,0.0013283884349682622,0.0012940136195051263,-0.00031459582468282103
26,1,-0.002295777952389372,0.000656245000942531,0.0013234604652576161,0.0008769949317211257,-0.004917832491694355
26,2,-0.004592772798147809,0.0011424064473077977,-0.0022851448192991158,0.004566243561341435,-0.002486312966798759
26,3,-0.0004366283850163318,-0.0007721945512377666,0.0007401102473535944,0.0028035657356721847,-0.00022936802269197994
26,4,-0.0015087301757604032,-0.00013530279060699295,7.972428921756794e-05,0.0012514894730313382,-0.0018561183873824513
26,Aggregated,-0.001912338289997988,-0.00012344412403571243,0.00023730772349958497,0.0021584614642542422,-0.0019608455386500735
26,Centralized,-0.001919777578575573,-0.00013709533831047968,0.00021372607250568035,0.002165202916247394,-0.0019547862133046322
27,0,-0.0008199624773659134,-0.0025619166068705235,0.0021190110067992596,0.0005962681846528132,0.0004500512189495598
27,1,-0.003812044852589741,0.003333791393918469,0.003590115620517877,-0.0005251104459550331,0.003578842584213643
27,2,-0.0030264906094785047,0.002562686247048503,-0.0007168212325280847,8.262483577790395e-06,0.0022050409209711168
27,3,0.0011309875024610005,-0.0013936442008485113,-0.0012039506258855915,0.000343334026351109,-0.0015239810879746425
27,4,-0.0038492541237334405,0.0008534858722976065,0.0018254444781600544,-8.384055414718724e-05,0.002871201496754892
27,Aggregated,-0.00207535291214132,0.0005588805411091089,0.001122759849412703,6.778273889589848e-05,0.0015162310265829139
27,Centralized,-0.0021064309064678156,0.0005515613877917991,0.0011212060781609116,8.621982304369095e-05,0.0015456826448075926
28,0,-0.0021873536825028905,-0.0024432942458105325,0.0004787955508304779,0.0015302037899608267,0.0013956331936929578
28,1,-0.004114371498194678,-0.0009323975706901281,-0.0006367664855196186,0.0026441112728598855,0.0038692200068001946
28,2,-0.0030448476542986416,0.0010859526041526735,-0.0025729551950256038,0.0036134439579602238,0.001757346640869517
28,3,0.00021322661711366356,-0.0018868007578772125,0.0005387150418048011,0.0005533572668489139,0.0006202726990568693
28,4,-0.003029711743547135,-0.0014462353087689671,-0.0006411408426401311,0.003856099125622205,0.002481320070101846
28,Aggregated,-0.0024326115922859363,-0.0011245550557988332,-0.0005666703861100149,0.002439443082650411,0.002024758522104277
28,Centralized,-0.0024509097665126765,-0.0011290302149724485,-0.0005875690282670543,0.0024834423088678616,0.0020293982462023354
29,0,-0.00029141183438517276,-0.0004248892925626339,0.0014587823961074164,-0.0004009272471175625,0.0006188654433202471
29,1,-0.0015028451237865336,0.0018878097055925987,-0.0007862593049471751,-0.00274383472962307,0.0008810955994004684
29,2,-0.0032511838983493783,0.003631490255987365,-0.003271608960228935,0.00014727594441798868,-0.0003909367456050972
29,3,0.0007406134980751674,-0.001826029649372903,-0.00032671735601167616,0.002038784868212982,0.0010814714786991845
29,4,-0.0011162453077850243,0.0007746493373280446,-0.0003920776249440853,-0.0013031416294240834,0.0006244235548876968
29,Aggregated,-0.0010842145332461885,0.0008086060713944943,-0.0006635761700048912,-0.000452368558706749,0.0005629838661404999
29,Centralized,-0.0010995757908973133,0.0008206616515886889,-0.0006700235106510892,-0.0004634990485736623,0.0005533215337873599
30,0,0.00040159439894355367,-0.0035120576048409363,0.00012068610822113894,-0.0008065171927055489,0.0017513421986474062
30,1,0.001515802314132103,-0.0028216875800753825,-0.0016005110500781794,-0.0003012156636615341,0.004321568422673275
30,2,5.152260028545667e-05,0.0004258307429470328,-0.002542985416220946,0.0022739140676962884,0.0037677243746240983
30,3,0.0007468965486999453,-0.0027395772246897763,-0.00018808348799817336,0.0012906736321116534,-5.466954638024453e-06
30,4,0.001071304999155746,-0.0017846352645265906,-0.0017241829024251883,0.001142383992586595,0.004594418614254999
30,Aggregated,0.000757424172243361,-0.0020864253862371306,-0.0011870153497002696,0.0007198477672054909,0.002885917331112351
30,Centralized,0.0007584445452565591,-0.002080508039434039,-0.0012079499306243506,0.0007337794235967402,0.0029180718086350053
31,0,-0.0007363822916661341,-0.0005616448713892108,0.00042616108444358075,0.0006693977672544427,0.0019077424009732817
31,1,-0.003468062899997528,0.0010946681087088553,-0.0016204100795130275,0.0010332211137843218,0.0026352975464519995
31,2,-0.005500741817221539,0.00168871231831166,-0.003694234036103383,0.0038060505172954674,0.0015567307252184063
31,3,2.9327148034598755e-05,-0.0014659173890189114,0.00017175693100034603,0.0026928486223132355,0.00028178180151695414
31,4,-0.0018685311099910045,-0.0010025123174666288,-0.0027582108137042816,0.0013628051829076282,0.001711120410547375
31,Aggregated,-0.0023088781941683215,-4.933883017084717e-05,-0.001494987382775353,0.0019128646407110192,0.0016185345769416035
31,Centralized,-0.0023223958202379267,-5.0853423539903855e-05,-0.0015291141726280007,0.001922539038405735,0.0016264731378248817
32,0,-0.0003552148776581702,-0.0018834121377764856,-0.0006611538466774943,0.00041124562380808377,0.001191253654936895
32,1,-0.002753150432246443,-0.0016092140426841688,-0.00021255094025043886,0.0013121117503250013,0.0035880898754214277
32,2,-0.0020363802510348435,0.0006078099427502647,-0.000894742055760861,0.003233365524915453,0.0027183208062518875
32,3,-0.0004315154783714729,-0.002515973680256289,-0.00158105972282113,0.0008028883786127094,0.00035279786675746123
32,4,-0.0009946479117643402,-0.0015943721753561328,-0.001063295122255109,0.0022031237345646565,0.0036741027257651787
32,Aggregated,-0.001314181790215054,-0.0013990324186645624,-0.0008825603375530067,0.001592547002445181,0.0023049129858265702
32,Centralized,-0.001309669668057049,-0.0013862758095293064,-0.0008925666133088132,0.0016188907261565633,0.00232297260491382
33,0,0.0005399607026763712,-0.0009565839469838874,0.00124364272606311,-0.0005331202776775328,-0.00029389920407806117
33,1,-0.0024803654428574907,0.002220209746613988,0.0019204363120604898,-0.003160096995212465,0.0034304466788742977
33,2,-0.0027313036041661633,0.0024653001507367028,-0.0022861152543679226,0.0009584832606908659,1.008463396186543e-05
33,3,0.0013264533963633085,-0.0002536201327596281,3.397203472891667e-05,0.001383468170965953,0.0012210331982357252
33,4,-0.0019754372977882164,0.00241656514258475,0.001420015200053748,-0.0016906364249348511,0.0013069921946812595
33,Aggregated,-0.001064138449154438,0.001178374192038385,0.0004663902037076684,-0.0006083804532336061,0.0011349315003350174
33,Centralized,-0.0010842471553737945,0.0011855248908670254,0.0004554565846401385,-0.000607954230695416,0.0011195373983323006
34,0,-4.139315936251461e-05,-0.0011748767390004726,0.001279353070235643,0.0007886756250306456,-0.0003742788720597079
34,1,-0.002442024706851126,-0.0026487803918199973,-0.00015480745603796048,0.0029914159331577927,0.0003235663220724716
34,2,-0.002272136532282722,-0.00037145383120849027,-0.00273307473327616,0.004432059041404224,0.0014645793410724454
34,3,0.00012379677941499746,-0.0008627957961433989,-0.0005372044438164118,0.00040294633404771386,0.0009188554455961044
34,4,-0.0025595661454108705,-0.0020654735982699995,-0.0010718032001483136,0.0030431943912640684,0.000435671107103965
34,Aggregated,-0.0014382647528984472,-0.0014246760712884718,-0.0006435073526086406,0.0023316582649808887,0.0005536786687570557
34,Centralized,-0.0014521841514319733,-0.0014363337714819087,-0.0006560505977592593,0.0023669622297947945,0.0005524341965692237
35,0,0.0005393724545255163,-0.00123598421147455,0.0007350778063421381,5.6242241514714574e-05,-9.470829090781895e-05
35,1,-0.0005150434147469222,-0.0011369821616216394,0.0006079753574013709,-0.0016752766741275145,0.001934467601129671
35,2,-0.00044826357383861054,0.0012837868165955224,-0.0032905263866997345,0.002020836591500569,-0.0003103785074666983
35,3,0.0014059597156142246,-0.0018557213798198044,-0.00085934308425251,0.0003239687354103201,0.0005569732599377968
35,4,0.0006183333192540737,-0.0015315017870604834,-5.515167417116847e-05,-0.0006158003023163402,0.0011758737896685634
35,Aggregated,0.0003200717001616563,-0.000895280544676191,-0.0005723935962759809,2.1994118396349724e-05,0.0006524455704723028
35,Centralized,0.0003166114705580462,-0.000885741388549414,-0.0005855483517691829,3.4577210499954955e-05,0.0006474657207063565
36,0,-0.0007196246032704689,-0.0010425278213014274,9.019078372977478e-06,0.0008320147760139433,0.0005119715841102268
36,1,-0.0018754252141515197,0.0008727643238954327,0.0006753071228187653,-0.000479827779764865,0.00274211824954065
36,2,-0.0026092819398199204,0.0024122953379296153,-0.002432815964790682,0.00266199077839433,0.0011342016827369386
36,3,0.0006209245661284297,-0.0016547862745176463,-0.0008608177406871142,0.0005739320016998376,0.00046620965887596196
36,4,-0.001777420659958434,-0.0004637970144255617,-0.00040115312135547977,0.0005331964291712473,0.002517421021193583
36,Aggregated,-0.0012721655702143827,2.4789710316082533e-05,-0.0006020921251283066,0.0008242612411028986,0.001474384439291472
36,Centralized,-0.0012913550835079225,2.5283918478533987e-05,-0.0006214899062521095,0.0008501117430248173,0.0014828849368423566
37,0,0.0006334107246080597,-0.00037698850322848143,0.00042602813543978396,-0.00012497803454282938,-1.2010052577994998e-05
37,1,-0.002807806985452606,-0.0009582616133878119,-0.0020618618680391223,-0.0007562421864537612,0.0003567356837918793
37,2,-0.002597361121969316,0.0017584286663773947,-0.003045144748654499,0.002948414673801275,-0.0014442108852715148
37,3,0.0013613176544010415,-0.0009891565269797213,-0.00026828054454066476,0.0006800037087159298,0.0014034195279686375
37,4,-0.0003994531455261833,-0.0021309816855379507,-0.0013568887225881435,-0.0001922048541839712,0.00035970735109762305
37,Aggregated,-0.0007619785747878009,-0.0005393919325513141,-0.0012612295496765291,0.0005109986614673287,0.00013272832500172603
37,Centralized,-0.0007622268930896551,-0.0005430439356132762,-0.0012768752215148653,0.0005288619365608927,0.00011564762343740745
38,0,-0.00027531283317106154,-0.0008794234867712174,-0.0007143069398067044,0.0006324283946486912,0.0007589274247341552
38,1,0.00032561135032546835,-0.00014203340728988952,0.0011533711530941646,-0.0015660629811887095,0.0026111785554181403
38,2,-0.0016238039089886932,0.002399663694052427,-0.0020746327137808663,0.002815088708592774,0.00223429009037436
38,3,0.0008960357324802159,-0.0023910200120973056,-0.0008893919425167929,0.000508587059287526,0.0005430231317816651
38,4,0.0001155965396027377,-0.0015756477280027732,-0.00020917908600501245,0.00015868338733385223,0.00225684619773292
38,Aggregated,-0.00011237462395026651,-0.0005176921880217517,-0.0005468279058030423,0.0005097449137348269,0.0016808530800082482
38,Centralized,-0.00012740413161357322,-0.0005066265303318385,-0.0005662652781698622,0.0005352476526408338,0.001692765009564562
39,0,-0.0005365524512288037,-0.0004550685809698992,0.0008193408346468219,0.0007626023725138228,0.0001606989965889612
39,1,-0.0023296062527375853,0.0009013912205977804,4.399178163086252e-05,0.00019400259723457343,0.0019412985198748159
39,2,-0.0023885026045551427,0.0016501697319050528,-0.0028411421009059503,0.001374075569848791,8.979427987356366e-05
39,3,0.0007400944979297405,-0.000818325972631558,0.00047456443567263823,0.0003177804932103234,0.000572172637249189
39,4,-0.001246358393163414,0.0014520540999984788,-0.00012080997909396466,0.0015325508261780714,0.0025056348746106847
39,Aggregated,-0.001152185040751041,0.0005460440997799709,-0.0003248110056099185,0.0008362023717971165,0.001053919861639443
39,Centralized,-0.001160465188697903,0.0005595031461045119,-0.0003466030310801153,0.0008623478515952114,0.0010629695399323143
40,0,-0.0010122735833974605,-0.001478431805539565,0.00010194107430882005,0.0007885356623471821,0.0011905796374724682
40,1,-0.0012261116802166942,-0.0028074700033460004,0.00014586841562854908,0.0004672596724939156,0.003835311584319865
40,2,-0.0031622953002734583,-0.0006984344657186781,-0.0018812299957148874,0.002736937834133846,0.0016058986510581426
40,3,0.0007777713314897942,-0.0008334407685922789,-0.0007774164691836542,-2.6733046656864564e-06,0.0008357592109518253
40,4,-0.0007358481353213431,-0.002692075693661435,-0.002060972900982185,0.0011002746623470097,0.002497436433101219
40,Aggregated,-0.0010717514735438323,-0.0017019705473715913,-0.0008943619751886716,0.0010180669053312535,0.001992997103380704
40,Centralized,-0.0010908687941779238,-0.0017109095052137812,-0.0009223749960023693,0.0010448478905555594,0.0019957221531665664
41,0,-0.0010411508296629068,-0.0014258406874803563,6.0095717648197175e-05,0.0005389076558807215,0.0007085084829725623
41,1,-0.002233587382919035,-0.0008561954018084294,-0.0005488088521822495,0.0006739304637525479,0.0017605883503938084
41,2,-0.002860580225022169,0.000816061965712267,-0.0022579442618730163,0.004085730428219321,0.0009658498573135351
41,3,-0.0003420424782061782,-0.001062593298174804,-0.0009358302762377294,0.0008635557665032064,0.00019062419468517203
41,4,-0.001184537545091217,-0.001227288291799855,-0.0013017990435971831,0.00198787195064129,0.0020591422272853896
41,Aggregated,-0.0015323796921803013,-0.0007511711427102356,-0.0009968573432483964,0.0016299992529994175,0.0011369426225300936
41,Centralized,-0.0015393014610394717,-0.0007519969377335104,-0.0010143532794574287,0.0016590055476880953,0.0011470356972908971
42,0,-0.0005145685693736431,3.6569173524847454e-05,0.0011826085562829103,-3.2093910160217266e-05,0.00048696441036788496
42,1,-0.0012372608641453434,0.0016906567990183678,0.0001689656157346268,-0.001459445544856123,0.0032007515319739054
42,2,-0.0031307404013140566,0.0017380834677756178,-0.001208216981186753,0.0004097663098358221,0.0005993445121269369
42,3,0.0007442229499349677,-0.00047661701238521095,0.0001070099388084537,0.0005956014146723495,0.0006980791808454919
42,4,-0.0007734676240383968,0.0003490047893739116,-0.0004937434120479256,-0.0005430412444280571,0.0018694941457658228
42,Aggregated,-0.0009823629017872947,0.0006675394434615068,-4.867525648173757e-05,-0.00020584259498724515,0.0013709267562160084
42,Centralized,-0.000999104640935459,0.0006695676430382473,-5.997307340167013e-05,-0.0001988756841400337,0.0013682884375614953
43,0,-0.0006669847340747658,-0.0005019377586279849,-0.0004603974752980263,0.000895203769864635,0.000802552274953644
43,1,-0.0025104651187910555,-0.003364175075682361,-0.0021691371521384986,0.0003428710947631678,0.002961591041438814
43,2,-0.0021432679359904856,-0.0009915770296721027,-0.0008876943433030859,0.0028032963156008135,0.00173335692766598
43,3,-0.00012525060448319026,-0.0008445604768040553,-0.0013052355399103285,0.0006212847663488526,0.001318231414037361
43,4,-6.257090836186788e-05,-0.002002052134295364,-0.0011773913599045023,0.0011284482277719092,0.00178033698005494
43,Aggregated,-0.0011017078603402731,-0.0015408604950163736,-0.0011999711741108884,0.0011582208348698757,0.001719213727630148
43,Centralized,-0.0010957429138070851,-0.001543384569408305,-0.001199596162571396,0.001182025427708235,0.001716945333890646
44,0,-0.0014309183551162175,-0.0004669419644976099,-0.00013065465896130077,-0.00031194956446722877,0.0015879030814854682
44,1,-0.001146324430827154,0.0002938641447031357,-0.0005550267245056435,-8.802068296563937e-05,0.003494678748440007
44,2,-0.002348267418845575,0.0016255282595356486,-0.002173728580483767,0.0010942280656094743,0.002130771068295595
44,3,-0.00029541563914990964,-0.0008356435141387176,-0.0008884811300201005,0.0007150260486824285,0.0008743618244789771
44,4,-0.0007110040676898706,-0.0006802348235244559,-0.0011085987643715749,-0.000817432679253884,0.002574138898568425
44,Aggregated,-0.0011863859823257454,-1.2685579584399806e-05,-0.0009712979716684773,0.00011837023752103013,0.002132370724253695
44,Centralized,-0.0011970652223458,-5.346678317608155e-06,-0.0009888537485097974,0.00011671619379862904,0.0021451294530208348
45,0,-0.00025308732519929895,-0.0010845590583794178,-0.00023766467037345158,0.00108424647092491,0.001243626044584147
45,1,-0.001140668841721565,-0.00046972511857331273,-0.0019787078351373812,0.00018973013233895367,0.0033619261841659385
45,2,-0.0027861901492329923,0.0006513505757749672,-0.0027565565674325405,0.0023544924835891988,0.0008537416341749056
45,3,0.0008499208942205313,-0.0009083124828505724,-0.000469005960017758,0.0006871940520481234,0.000653840622670419
45,4,-1.5639133488485704e-05,-0.001412799014122144,-0.0008047706186906774,0.0009905580284118828,0.0019857821741607845
45,Aggregated,-0.000669132911084362,-0.0006448090196300959,-0.0012493411303303617,0.0010612442334626136,0.0016197833319512391
45,Centralized,-0.0006819626595264306,-0.0006467404455156201,-0.0012610044275404,0.001085570779017601,0.001619310502712229
46,0,-0.0010264565173936646,-0.000560040778286669,-0.00015410000452008762,0.0010102581124823058,-8.87737578954273e-05
46,1,-0.0014270994246603774,0.0008282844281542653,-0.0010335324107714021,0.001086112279899502,0.0017493720580288956
46,2,-0.0021063971580601525,0.0018039115517813583,-0.001437598637841823,0.002077578980423809,0.0005030219584107747
46,3,0.0007211078666726175,-0.0007768160426528521,-0.0005338236493055833,0.00019340011886282427,0.00039613170642299376
46,4,-0.001042017591724124,-0.00018158308973681796,-0.0008836372901383541,0.0011016265779272153,0.00174758036389935
46,Aggregated,-0.0009761725650331403,0.00022275121385185702,-0.0008085383985154499,0.0010937952139191312,0.0008614664657733173
46,Centralized,-0.000993987444074762,0.00022217446536286766,-0.0008154089824402504,0.0011102708061066391,0.0008673363230728685
47,0,-0.0009001491613472301,-0.0009603781043762416,0.00039784612110377315,0.0006015321632709033,0.0004523461895030538
47,1,-0.0014160391414548982,-0.00045826780380712193,-0.0008641048628206398,0.0005174921321915289,0.0021799364116486196
47,2,-0.0025673505167479443,0.0012319261831280274,-0.002021989062863742,0.0019088552308348403,0.001028034588187234
47,3,0.00031221396693542256,-0.0008898550540710888,-0.00033653177884160703,-0.00026182804397569817,0.0007460362543951919
47,4,-0.0003783541606277326,-0.001448643502608891,-0.0007713226016695866,0.0007343843082818565,0.0018639359566243537
47,Aggregated,-0.0009899358026484765,-0.0005050436563470632,-0.0007192204370183605,0.0007000871581206861,0.0012540578800716907
47,Centralized,-0.0010016682357641656,-0.000506182546088683,-0.0007275252757585393,0.0007193175435527406,0.0012531789440577183
48,0,-4.667714755411389e-05,0.0001647783421996507,0.0003034447802358786,0.0006697282755334081,6.820541022695877e-05
48,1,-0.0021057153453616696,0.0004795806642326613,-0.00033149459679248836,0.00013022985112902304,0.0026131868031530653
48,2,-0.00209435672242273,0.001532692734139912,-0.0020884083039379776,0.0024116691136122025,0.00023840317860859272
48,3,0.000868872751990161,-0.0009070920774744289,-0.0001311722563163753,-1.1531220647903462e-05,0.00018092280244854652
48,4,-0.0013045836452916311,-0.0006920651582552321,-0.0009135748730838907,0.0006858527758800896,0.0017394457350312568
48,Aggregated,-0.0009364920217279967,0.00011557890096851258,-0.0006322410499789707,0.000777189759101364,0.0009680327858936841
48,Centralized,-0.0009505241238465449,0.00012146818382150666,-0.0006437134797273332,0.0008002935285004527,0.0009659204685441088
49,0,-0.0008710849324400787,0.0005656013086568804,0.0006473402397668267,0.0006931995500060221,-0.00021525450746607278
49,1,-0.0028253767111109827,-0.0011875191892408506,-0.0017034368436030492,0.0011617073030643096,0.0014035474674707264
49,2,-0.0025186471080758926,0.0001942233291543379,-0.001765490542131374,0.0027405723916647455,0.0006000251560125421
49,3,0.00025201110672214236,-0.0005983594350440436,6.162766748671889e-05,6.883054433242849e-05,0.0010764241458781133
49,4,-0.0009193985052904345,-0.00047341315391334903,-0.0002825920577765114,0.0010367372030934796,0.0011235916796062228
49,Aggregated,-0.0013764992300390492,-0.000299893428077405,-0.0006085103072514779,0.001140209398432197,0.0007976667883003064
49,Centralized,-0.0013820647337116057,-0.00029419716269889483,-0.0006093781205469347,0.0011577057115312892,0.0007902555364449819
50,0,-0.0010902218370990628,0.0003782723255937833,0.00041057808005258526,0.0003144781903071529,-0.0008329084173780366
50,1,-0.0010729923389324713,-0.0005706207593052719,-0.0010424415340130353,0.0023501217102305403,0.002701223519079493
50,2,-0.002305844667924983,0.0007648137602969784,-0.0011925399653355151,0.0023402498954156396,0.0003933209775478804
50,3,0.00046630756457564834,-0.000669600343930743,-0.0003187771076065604,-0.0008421360134045634,0.0009336365265486386
50,4,-0.0010204877313913544,-0.0011618439603350425,-0.0010781644327743033,0.0010374606816618338,0.001406049012721128
50,Aggregated,-0.0010046478021544447,-0.0002517957955360591,-0.0006442689919353658,0.0010400348928421208,0.0009202643237038208
50,Centralized,-0.001027009252636335,-0.0002485087073271978,-0.000647501902517363,0.0010602651478998988,0.0009069889062699714
