Round,Evaluator,2,1,0,4,3
0,0,,,,,
0,1,,,,,
0,2,,,,,
0,3,,,,,
0,4,,,,,
0,Aggregated,,,,,
0,Centralized,,,,,
1,0,0.11573321149669419,0.12375708776511876,0.11475971709065488,0.11337261557731192,0.1296062718726181
1,1,0.11622077408510177,0.11557977656193494,0.10882967391295749,0.10948023433742335,0.11880634706404836
1,2,0.11472796862339335,0.1205108266208553,0.1093265193904831,0.11641218206362966,0.12295267699540359
1,3,0.10976103563029115,0.11126584540743097,0.1135925532529345,0.11264997539135332,0.10922027931653037
1,4,0.11373956422075727,0.12777425161643777,0.11422000853780485,0.12129953010887426,0.1255670780461667
1,Aggregated,0.11403651081124756,0.11977755759435554,0.11214569443696697,0.11464290749571851,0.12123053065895345
1,Centralized,0.11400232188116452,0.11988483940380922,0.11208760602744186,0.11469588387382997,0.12132357610719999
2,0,0.0020936522594883667,0.012631049416073155,0.0016757429079807622,-0.011325685916872382,0.01327398637653126
2,1,0.0008604585475608014,0.006454702076892749,-0.0049403396772705575,-0.005680052710764036,0.005404189993326636
2,2,-0.003323478056479571,0.01708541178617046,0.001932901751393365,0.003512670871105438,0.015568500429002942
2,3,0.0007598254069325933,0.006573761074695619,0.00800762872263409,-0.0033110965467941624,0.008061437523302765
2,4,-0.007804146475420284,0.016322685300768733,-0.0012662783403710742,-0.006080683704111249,0.011612567117067851
2,Aggregated,-0.0014827376635836189,0.011813521930920145,0.0010819310728733174,-0.0045769696014872786,0.01078413628784629
2,Centralized,-0.0015348917416910838,0.011926363515707594,0.0010490890863284622,-0.00461557771166376,0.010849088207220099
3,0,0.009476794338385964,0.0005554538930805255,-0.008971839871784248,-0.00846709141270369,0.004905580577920179
3,1,0.004362637125030881,0.005746622573695307,-0.011490812641608015,-0.005181111296516975,0.008352073731240592
3,2,0.00042407354632941575,0.006237831040942491,-0.006100617185444401,0.004047439830335298,0.002216185896022092
3,3,0.0050111293290543936,-0.0014517776051835528,0.0033285705704096252,-0.002446329441138743,0.003154201198562629
3,4,0.004751380138554988,0.012169710271798688,-0.012289312861573417,-0.00217309271880771,0.0053297904476271845
3,Aggregated,0.004805202895471129,0.004651568034866692,-0.007104802398000091,-0.0028440370077663646,0.0047915663702745356
3,Centralized,0.00481483039525904,0.004735515008627789,-0.00724387944258791,-0.002836787594946636,0.0047768106405657595
4,0,0.0065776850902231915,-0.0015398682605095007,-0.006860060174326682,-0.0027849699403122135,0.0038422317303955624
4,1,0.009847934851154653,0.00803728205968701,-0.006897174046507472,0.004765805010008319,0.0036372617394239857
4,2,9.081332295875119e-05,0.007446084291888092,-0.010781635406649085,0.004566590700933435,0.0010106536817088693
4,3,-0.0009039967169742887,0.0037684957722082485,0.0034322820557297685,0.002847647678071789,0.002706677308961815
4,4,-0.003331777287100901,0.007374481758335568,-0.007394432462580868,0.0029857097699925827,0.0001794856464590794
4,Aggregated,0.002456131852052281,0.005017295124321884,-0.005700204006866868,0.002476156643738783,0.0022752620213898627
4,Centralized,0.0024191519031310413,0.005025742154959971,-0.005809464075993208,0.0024576623405125897,0.0022381011513933993
5,0,0.004096908848809812,-0.0065799267697995234,0.0027536850972396405,0.00375128828543726,0.0015366740908209979
5,1,0.005056262731013909,-0.00030908705564894703,-0.003341780579939524,0.005861687544979497,-0.003900648346710837
5,2,0.001794966661348163,-0.0035591218936729748,-0.001464174751207542,0.016196092975319407,0.001653283423576607
5,3,-0.002202168870409088,-0.005350742035514727,0.004899515569147735,-0.000395453250202595,0.0014424263491702948
5,4,-0.000407588086836654,0.00329089653258662,-0.003919129651080072,0.006045423510909198,0.0035741990685316527
5,Aggregated,0.0016676762567852286,-0.0025015962444099107,-0.00021437686316795254,0.006291807813288554,0.0008611869170777431
5,Centralized,0.0016797324419814963,-0.0024630060211693616,-0.0002578009015013853,0.0063770850326540784,0.0008917028940685171
6,0,0.004057345889912485,-0.0033478575431417448,0.00020793396659671282,-0.004067395886636312,0.007947345222288358
6,1,-0.0020552311988099683,0.009979261080837635,-0.010643485097661505,-0.001455099311509352,0.005798789374110473
6,2,-0.007464259217537786,0.0027206227631320153,-0.011018722114691055,0.008980824100685477,0.003952235344899411
6,3,0.000916302610020601,0.000668898249516033,0.0025175835774958228,0.0017566814308960176,0.0014093423913912736
6,4,-0.0040552787885810735,0.007401964250392626,-0.011503293417564208,0.006401230681528112,0.005480795002545014
6,Aggregated,-0.0017202241409991484,0.0034845777601473136,-0.006087996617164849,0.002323248202992789,0.004917701467046906
6,Centralized,-0.0017429471218447716,0.0034973000326731303,-0.006209650491858289,0.0023710252784249096,0.004957107015951782
7,0,0.004936675689673261,0.0032500349399587217,-0.0030764505157997576,-0.0021647180865101644,0.012139101727161202
7,1,0.0008176526173836203,0.011133623794810765,-0.011513983545354966,-0.0033864660020082576,0.00839971653655524
7,2,0.0009688214001994766,0.01215815966586174,-0.010555289656664009,0.00815780856018266,0.009931052692133756
7,3,-0.001458240202729442,0.002085087897830575,0.0003908338914203169,0.000126539533458242,-0.0011012213665814155
7,4,-0.003867492996842571,0.007165847152424212,-0.010021130369468063,0.0034330089905655115,0.008178262541626177
7,Aggregated,0.0002794833015368689,0.007158550690177204,-0.006955204039173296,0.0012332345991375982,0.0075093824261789925
7,Centralized,0.0002769817833459476,0.007185263433773083,-0.007058557134114246,0.0012852603012201923,0.007604183042645183
8,0,0.009082077314718337,0.002304780603975959,0.0010168562391733211,0.00023762121791497579,-0.0026335286860222815
8,1,-0.0007511886326764934,0.015380415373237383,-0.008506858322210676,-0.0014182028484720998,0.00019464915150019802
8,2,-0.0013850398107543237,0.00655521212259858,-0.004350246449096507,0.0019341572813087978,-0.00040550808061622
8,3,0.0020253245771520304,0.0030910373336930697,0.0013972768369639233,0.002016330395486299,0.0008713871664669211
8,4,-0.0027683566582644703,0.01128736937512878,-0.005115573466190608,0.0025006446151796167,0.0017350262139922041
8,Aggregated,0.0012405633580350162,0.007723762961726755,-0.0031117090322721093,0.001054110132283518,-4.759484693583568e-05
8,Centralized,0.001267217928275984,0.007743394807879485,-0.0031306251192499005,0.0010778251643203895,-8.321613746873347e-05
9,0,0.0063616135115885705,-0.002009572537003516,0.0005724617365907255,0.002404577230425971,0.0010693675891105315
9,1,0.00982839905449363,0.00204622102899103,-0.0037787669171516288,0.005944624963309101,0.0023496608922629818
9,2,0.001346102954642529,-0.0005081479104497577,-0.004631536824026126,0.002421218548769579,0.0003285980639213352
9,3,0.0028552332244808263,3.244421741739149e-05,0.0009577226532117104,-0.00277508145145929,-8.626949247563427e-05
9,4,-0.004665212939715817,-0.0014821640048884404,-0.0006161037822978074,0.008526037478198412,0.0005435059438178939
9,Aggregated,0.003145227161097948,-0.00038424384118665856,-0.0014992446267346254,0.0033042753538487547,0.0008409725993274216
9,Centralized,0.0030789093685321843,-0.0003870435391533385,-0.0014948183831298533,0.003400008444389959,0.0008252194253604184
10,0,-0.00042534356337671036,-0.004010388401600905,-0.0048256513214206915,0.003636061718174414,-0.0012003510751229889
10,1,-0.011872037161435417,-0.00110396044379338,-0.003954682581172543,0.004840872172700164,-0.0028637204600905465
10,2,-0.006914998517391994,-0.0014161004654901018,-0.0023667072103515634,0.006642921308718364,0.0037032983049635963
10,3,0.0009806991433391069,-0.00032160870168569574,0.0003386856809801072,0.002687769253892354,0.00029978686937071617
10,4,-0.006711838942212502,-0.0031794629602146167,-0.004709921821436565,0.00835997511987236,0.0030376707774796173
10,Aggregated,-0.004988703808215504,-0.00200630419455694,-0.0031036554506802512,0.005233519914671532,0.0005953368833200789
10,Centralized,-0.005018279282408717,-0.0020674011621852283,-0.003168906883613417,0.005272647084912213,0.0006152584393725143
11,0,0.004119225223643939,0.002954136811801879,-0.001041128389697954,-0.006125245901381768,0.006634282316593519
11,1,-0.0015336386742317873,0.012769861803410632,0.00035903891531470776,-0.0009469630151693257,0.0023935140860357825
11,2,-0.0021052936785839454,0.009187190107732373,0.001283660586423857,-0.005567705221221573,0.007374852080759666
11,3,-0.0022326646054295907,0.0005670140553614977,0.0011118622989046516,-0.003398776307020938,0.0014678738596485275
11,4,-0.005740252478389742,0.0034152532733421376,0.0007889940676819807,0.0014272114843301652,0.002906029371084588
11,Aggregated,-0.0014985248425982253,0.005778691210329704,0.0005004854957254487,-0.0029222957920926884,0.004155310342824417
11,Centralized,-0.0014863685374465936,0.005784305393193227,0.0004686614659821416,-0.002905645465949911,0.00423333685093169
12,0,-0.006235787204953922,-0.0025800862758232125,4.3060732414912374e-05,-0.001944061829341487,0.003972279731408405
12,1,-0.020089289924635607,-0.00032816029775491656,0.0025607849169436334,-0.0011592475393124673,-0.0006408440173519733
12,2,-0.015072135713019831,0.0026866089327477896,0.001542369380511662,0.0018461478301277424,0.0039089165192808025
12,3,-0.0026552548857912027,-0.0037652976197780335,0.0036491331521920837,-0.0018866117778485439,0.0020753313050113
12,4,-0.01773995380692918,0.0002841783597958345,0.0022032706434881562,0.005675798742018121,0.005566633988011814
12,Aggregated,-0.012358484307065948,-0.0007405513801625077,0.00199972376511009,0.000506405085128673,0.0029764635052720698
12,Centralized,-0.01242584505854821,-0.0007252125223759232,0.0019765521504829797,0.0005671068830220468,0.003015760547154143
13,0,0.0018224854070571154,0.003671362194972801,-0.0026236554688196874,-0.009669795742063725,0.0023286335046313446
13,1,-0.002448533989387338,0.016810353729017416,-0.0013591561580062602,-0.010822347937279573,0.0023433009684095544
13,2,-0.004081214053251568,0.00728766881331632,-0.0047882257974023994,-0.006503759887052761,0.004048499769887916
13,3,0.003262681902929941,-0.0011669834988005871,0.0015693928245860023,-0.0044724154107973315,9.651837726888935e-05
13,4,-0.0027927556203871384,0.009163787040942674,-0.0012508630815494433,-0.004751860177940252,0.002555695223926152
13,Aggregated,-0.0008474672706077974,0.007153237655889725,-0.0016905015362383576,-0.007244035831026729,0.002274529568824771
13,Centralized,-0.00089595420927245,0.007223914686274837,-0.001733760304738452,-0.007257007822006004,0.0022887095416294504
14,0,-0.002292923739890771,7.972644711691974e-05,0.0011874639583587439,0.003168932000765188,0.004868243667986623
14,1,-0.009988404779995352,0.008861737058554581,0.003453724039929462,0.0034746577930884147,0.004650631917063427
14,2,-0.011962990099928269,0.007398078186037458,-0.0009671069580863815,0.0030244618212438216,0.004768356460330481
14,3,0.001210407002218326,-0.003378341399003983,-0.001434544506545767,-0.007968751971871161,0.002439689299475654
14,4,-0.007079801316448931,0.0065914578359868746,-0.0026622385136464257,0.005697432158708815,-0.00016058523579999263
14,Aggregated,-0.006022742586809,0.003910531625738371,-8.454039599807361e-05,0.0014793463603870157,0.0033132672218112386
14,Centralized,-0.006088158946333925,0.0039530400219104315,-0.00011794097809028255,0.0016121205976216543,0.003304479753330651
15,0,-0.0016237377784651915,0.005663770923436547,-0.0028996446735044773,-0.003153240090464754,-0.004258074767366519
15,1,-0.008280074600498137,0.012365493268630756,-0.010489443319819951,-0.002681025490544762,-0.010883539536701263
15,2,-0.004647283634888931,0.007070817134133138,-0.003295140295510942,0.0006074539265832993,0.0006436137285788327
15,3,0.0038454284366806796,-0.0004812769492555435,0.0020803226412823414,0.0038298516138411715,0.0007352888695360678
15,4,-0.0031927007354674002,0.008193776037576957,-0.001344883678729858,0.0012149158836147127,-0.005040880724113497
15,Aggregated,-0.002779673662527796,0.006562516082904371,-0.0031897578652565774,-3.6408831394066474e-05,-0.003760718486013276
15,Centralized,-0.002820029498694038,0.006625218099822087,-0.0031982430897167383,-3.0145373081016022e-05,-0.003802635100056976
16,0,0.0005156387263813677,0.0003232527249129147,0.0035498425571860188,-0.0009768123985938071,0.0005218573316990364
16,1,-0.001795360201581168,0.006489662448011446,0.008686679270422331,-0.00011785160772177691,0.0005697208431840517
16,2,-0.0030651995087214038,0.0015217233737536639,0.0006704575475997232,-0.0015428071312683146,0.004501230600469617
16,3,0.002202107645037484,-0.0020863544115452474,0.0014848561453871978,-0.0052511134239817325,-0.003206208780264519
16,4,-0.003447500515189535,0.0012629490123476973,0.006230003392162672,-0.0013611802727582075,0.0015475625929826894
16,Aggregated,-0.0011180627708146512,0.0015022466294960948,0.004124367782551589,-0.001849952966864768,0.0007868325176141752
16,Centralized,-0.0011589396339741708,0.001533711735366979,0.004122605704979739,-0.001785982083405833,0.0008357624083782711
17,0,-0.000334426313174635,0.0015906056027513696,-0.0007929444034934618,-0.001083596455150985,-0.00022917434353090794
17,1,-0.0066680853324821154,0.008234211243228512,9.291707020065802e-05,-0.001102805255909926,-0.004652930635504343
17,2,-0.007213981185721881,0.004605272751223456,-0.0019736551834922587,0.0002252276542588453,0.0017025212362153468
17,3,0.004008289227962758,-0.0007843949737764236,0.002233881204897592,0.001299117586447222,-0.002607403155692717
17,4,-0.005073349283801187,0.001915470560883605,0.0020214925870370754,0.0010910308307423326,-0.002308894359932299
17,Aggregated,-0.003056310577443412,0.0031122330368621044,0.000316338255029921,8.579487207749774e-05,-0.001619176251688984
17,Centralized,-0.0031323542508524963,0.0031167094521710034,0.0003088227297289433,7.688956610496881e-05,-0.001623751730269977
18,0,0.0017309101043094836,-0.004331847612251153,0.0006323175330555875,0.0017005221533790082,0.003084431335022586
18,1,0.002401588014827072,-0.0034343323029924528,-0.003924751519373432,0.003232112275338896,0.006464734767714083
18,2,-0.003574258578777682,-0.002138856306359064,-0.0016112666290113357,0.003163360799544673,0.003392980359474401
18,3,0.00487032948014159,-0.006410753717532969,-0.0003905110263679364,-0.0032186089328318512,-0.00010056622664858517
18,4,-0.002417861196960158,-0.002629127822260578,-0.003931908914982402,0.004908653122152954,0.006476345240005376
18,Aggregated,0.0006021415647080612,-0.003788983552279244,-0.0018452241113359037,0.001957207883516736,0.0038635850951135725
18,Centralized,0.0005242448222680495,-0.0037592085250620706,-0.0018633041181424577,0.002030933847837805,0.003930199670643131
19,0,0.0004643986905393934,-0.004317861538948629,0.0006087448969977334,-0.0018388576969341078,0.005226839233984707
19,1,-0.0010074349371823426,0.0038544523347777047,-0.0047988399976371665,-0.004635323475037219,0.011146730430525362
19,2,-0.0031389497486654667,0.003437961969599999,-0.004419809925832076,-0.004841968616764431,0.009338841737869629
19,3,0.004328904097899735,-0.001191312255282234,-0.002307888538566953,-0.0021149343489345646,-0.0002549363142334227
19,4,-0.0015663028497833853,0.001383291273329005,-0.005030549833270903,-9.911977688625099e-05,0.00579907928058464
19,Aggregated,-0.00018387694943841336,0.0006333063566951691,-0.0031896686796618733,-0.0027060407829113146,0.006251310873746184
19,Centralized,-0.0002438146095751085,0.0006595846474933868,-0.003186830008050854,-0.0026862860037876247,0.0063093378217024855
20,0,0.0018661793415055436,-0.003663040310924309,-0.0012974343467329415,-7.88395031205961e-05,-0.00046709113350394037
20,1,0.0009135425869024476,0.004080226183512777,-0.003536116625905069,-0.0003043822239590784,-0.0009288370318467483
20,2,-0.00277249563935793,9.432847156418308e-05,-0.0007432619405791819,0.0033873510083060904,0.007830726910505905
20,3,0.00540917523034804,0.00022525348319230588,-0.0013468288919968171,0.0027667343087017754,0.0003784592728343694
20,4,-0.0011956459136675257,-0.0029561055507018132,-0.0015857827406334235,0.0037841714511786992,0.001630186785107059
20,Aggregated,0.0008441511211461151,-0.0004438675446713714,-0.001701884909169487,0.0019110070082213782,0.0016886889606193291
20,Centralized,0.0007890974482170299,-0.0004693810950425074,-0.0016873798005990906,0.001892354482949271,0.0017259269540542263
21,0,-0.0017574202963500226,0.001016708942430274,-0.0001203254718810424,1.3201241110433193e-05,0.0002724102778965824
21,1,-0.00488679331131718,0.003466282625216464,-0.0010550076664413376,-0.0005521656046006074,-0.003770644624863469
21,2,-0.006142229148515704,0.003912140714338323,-0.0003307816936967837,0.0013812063114746142,0.002409298541498289
21,3,0.0026493240380302224,-0.0010485467309165552,-0.0005215146982099202,0.0028936839978637124,-0.0017562014795507582
21,4,-0.004874594918933772,-0.0012467603877928206,0.00031354835795678143,-0.00171121127348417,0.0012764813990467916
21,Aggregated,-0.003002342727417291,0.0012199650326551372,-0.00034281623445446053,0.0004049429344727965,-0.00031373117719451295
21,Centralized,-0.003092048084076073,0.001229102608846494,-0.00031744753868929353,0.0003612157193972639,-0.0002868674803665742
22,0,-0.0007037265546225394,-0.0009547712391959248,0.001301011686146362,0.0034473829444350845,0.000537266654411441
22,1,-0.007118625194767814,0.0025095966911601393,-0.0012733746302645214,0.005770720271829546,0.004701342710033629
22,2,-0.005614578609727905,-0.0004167727890598531,-0.0025851093675811417,0.0014456011759332885,0.0032578986512841117
22,3,0.0004775291315021801,-0.001540939361334892,0.0010923699229714646,-0.0020513584986728045,0.0003610469142615739
22,4,-0.0040570070782737664,-0.0005982494727271932,0.0016405726183774227,0.005858582164013528,0.004209902447427899
22,Aggregated,-0.003403281661177969,-0.00020022723423154476,3.509404592991726e-05,0.0028941856115077286,0.0026134914754837313
22,Centralized,-0.003432590254336622,-0.00018235906576815434,4.050578777988201e-05,0.002933811073709813,0.0026466264283157735
23,0,0.0006483739952590346,-0.0015152343621846068,0.0026871025136510204,0.0005254360857211278,0.000440859075475201
23,1,0.0001646007908657136,-0.001274650030269699,-0.001424366123603025,-4.860306125063311e-06,0.0012410629894077762
23,2,-0.0029133843406310683,0.0005737833959795232,-0.003027975382670169,0.002805543511511727,0.0022043995899759454
23,3,0.005763721003338621,-0.0004204484201270379,0.0008135936082019495,0.0013640668753144717,-0.0013977876797028185
23,4,-0.0025603018300573194,-0.003502258316046571,-0.002411884985668415,9.05195750403931e-05,0.0018973930302234746
23,Aggregated,0.0002206019237549963,-0.0012277615465296782,-0.0006727060740177281,0.0009561411482925312,0.0008771854010759159
23,Centralized,0.00010802597458962245,-0.001243734124695539,-0.000673365404202858,0.0009298980989259798,0.0008935246497682718
24,0,0.0013499897141957596,-0.0027296540429343247,-0.0018424236454978907,0.0001335008510810994,-0.0013438386389294454
24,1,-0.00013399648837728224,0.0014403979587504481,-0.005756267707870033,-0.0006314781976048788,0.0017898972668350646
24,2,-0.002997410227298884,0.002482061349243814,-0.0028268613052640445,0.004686323416864846,0.003892358194908783
24,3,0.004537926133314324,-0.003647606954016665,-0.003381193762262476,0.0012884020992716349,-0.002226042380827599
24,4,0.0025098523323902446,0.001527599826845085,-0.004733813729509177,0.0012770561365976134,0.002566199403357054
24,Aggregated,0.0010532722928448326,-0.00018544037242232859,-0.0037081120300807243,0.0013507608612420628,0.0009357147690687714
24,Centralized,0.0010404272938599652,-0.0001410009502328576,-0.0036893395567759077,0.0013472239767288174,0.0009666645707482232
25,0,0.0017224462435433778,-2.3818587090015015e-05,0.0024018051232439683,-0.00030132697214656684,-0.0010851410936881152
25,1,-0.0005707996615198182,0.00588851064792487,-0.0013415518509650134,-0.005652060475677767,-0.0011944229765567306
25,2,-0.005145500187683505,0.00844960839096695,-0.005044233564183644,0.0036457276671445216,0.0004470094120801367
25,3,0.003850858455429416,-0.00562861007688647,0.00015061031987862462,0.004355194667045246,-0.0012394908214285313
25,4,-0.0006996507480605763,0.007638906414519684,-0.0006466678956300172,-0.003529323522932785,-0.0004499624348202095
25,Aggregated,-0.00016852917965822108,0.0032649193578870037,-0.0008960075735312163,-0.0002963577273134702,-0.00070440158288269
25,Centralized,-0.00021814790755445013,0.0033701867051884513,-0.0008729395355666821,-0.0003269912341721711,-0.0007131974684737677
26,0,0.00024412762727611393,-0.00227931187849393,0.001347317020581775,0.0007720995622193915,0.0005505554296977688
26,1,-0.0022017570920448057,0.0007922990254933352,0.0015418974531967815,0.00022449723411801145,-0.008000135735884114
26,2,-0.007518468196559299,0.002515847643733765,-0.004854963097357549,0.0072850150729866945,-0.0038037223177101566
26,3,0.0013683731101547859,-0.0014063010217709485,1.1622069520467182e-05,0.004073261501847119,0.0005548764806617849
26,4,-0.0015782862357631249,7.420114008719707e-05,-0.00033644684294266886,0.001214612932126241,-0.003128935533426284
26,Aggregated,-0.001937202157387266,-6.065301819011633e-05,-0.0004581146794002388,0.002713897260659492,-0.0027654723353322005
26,Centralized,-0.0019607004126353023,-5.091127962909929e-05,-0.00045161204140894604,0.0026950061308820402,-0.002780240802895874
27,0,0.0005335729954350054,-0.005565407247389102,0.0030614706150830897,0.0007500146539638227,-0.0006484002976663831
27,1,-0.005243469382480061,0.005346606158882935,0.005171097564422297,-0.001512171304822733,0.005528167656598273
27,2,-0.00411895648914096,0.004321222225109228,-0.0022273891206364455,-0.0010465412800848414,0.0031635579439237152
27,3,0.00466005736094481,-0.0038214180589669316,-0.004254084479819607,0.0005163356446248824,-0.004398895497688873
27,4,-0.005982844110765756,0.001284953055687967,0.0029047342790112767,-0.00081936337676759,0.004605468624968595
27,Aggregated,-0.0020303279252013927,0.0003131912266648194,0.0009311657716121221,-0.0004223451326172919,0.0016499796860270657
27,Centralized,-0.002084124478128069,0.0003241398232333048,0.0009784229987414462,-0.00045030045238574713,0.0016982412050619824
28,0,-0.0019725851064211837,-0.004033669853916491,0.0009311576920165728,0.0010587922319894231,0.0010878419903987062
28,1,-0.004977687790763042,-0.001614203274003138,-0.0009985900192057825,0.0035802119452816175,0.005979895642380936
28,2,-0.003975332747519979,0.002638797146096531,-0.004355115166982772,0.005186734069642901,0.00240649754185554
28,3,0.0033020771049611913,-0.003233438865590671,0.000991198710782772,-0.0005291700626012271,1.1043765173725702e-05
28,4,-0.0042569588035212495,-0.0022331900530981738,-0.0010620072882100004,0.006266786579140423,0.004009440679631018
28,Aggregated,-0.002376097468652853,-0.0016951409801023887,-0.0008986712143198421,0.003112670952690628,0.0026989439238879853
28,Centralized,-0.002424222185069874,-0.001665117741288676,-0.0009050791547736081,0.003147110098784726,0.0027235839518530295
29,0,0.000681888350032243,-0.0012648565018126205,0.003126696679979148,-7.18137282261148e-05,0.00069973924612677
29,1,-0.0012267862052435816,0.0026165147233477458,-0.0009759935707599772,-0.004723220771674208,0.0011255148279251373
29,2,-0.005268105290751263,0.006736873521255828,-0.005607989118251214,0.00023832983786197247,-0.00101448502836509
29,3,0.0030663193758802775,-0.004562378221705008,-0.0004467616203102339,0.00445378282929026,0.0015834521950939206
29,4,-0.001259699662450675,0.0011730569132695637,-0.00040448829449440395,-0.0024373528644263064,0.0005692679190844837
29,Aggregated,-0.0008012766865065999,0.0009398420868711019,-0.0008617071847673363,-0.0005080549394348795,0.0005926978319730443
29,Centralized,-0.0008424869030911757,0.0009924496794031456,-0.000847791317733813,-0.0005666207021209679,0.000556899115271527
30,0,0.0008696566622745187,-0.005651732467902616,0.0009598552249428886,-0.001960981587449543,0.000869858919605541
30,1,0.003438030237486152,-0.004797563061389609,-0.002224628331419609,-0.0010981742882613462,0.005994229386533695
30,2,-0.00020649266587235797,0.0018295177273752016,-0.003778788279102559,0.0036599359205912287,0.0053228402966523205
30,3,0.0015657634746398493,-0.004107604228291719,-2.7313325749302638e-05,0.002500079755353718,-0.0025394769115509902
30,4,0.0022398443577351084,-0.0026098271067177196,-0.002727253406226965,0.00159807290214255,0.007555821595939305
30,Aggregated,0.0015813604132526543,-0.003067441827385293,-0.0015596256235111095,0.0009397865404753217,0.003440654657435974
30,Centralized,0.0015719544686352152,-0.0030318116939705747,-0.001557590475024336,0.0009045750096281835,0.0035067561425932664
31,0,0.0006928719054332455,-0.0006378434304524264,0.001929355445407044,0.00035447462017777857,0.002209023410358285
31,1,-0.004015387288630162,0.001628296012015773,-0.0021165201698325436,0.000985643345198419,0.0036409456562540798
31,2,-0.009045640049328722,0.0032421401484841626,-0.005862579065480203,0.006159145265880793,0.0018846913902490472
31,3,0.002444663356065964,-0.002958497388143544,0.0009616285561705056,0.004790205436826869,-0.0011460004636689855
31,4,-0.002229581476928958,-0.001772987149411126,-0.004546981735100893,0.0016061784075307635,0.002283764553897403
31,Aggregated,-0.002430614710677727,-9.977836150143211e-05,-0.0019270193937672181,0.0027791294151229247,0.0017744849094179658
31,Centralized,-0.002474121282959002,-7.734084533352337e-05,-0.0019513293651314341,0.0027260949944189223,0.0017938823836487594
32,0,0.0009635674642738419,-0.002869153943164798,-0.001127268491558538,-0.0008244508509068197,0.0002867405154486006
32,1,-0.0033199406275820557,-0.0027160729291927847,-0.00026324506390202896,0.0009827117884031436,0.00519356927726816
32,2,-0.0027339060018082006,0.0016600695513477777,-0.0013178164056153556,0.00498745459599198,0.0037920235356358376
32,3,0.000911783555344157,-0.004281274312180137,-0.0033430505973838158,0.0004874763178438472,-0.0013815286123016024
32,4,-0.0006423310090112951,-0.002708559668227471,-0.0015350635175701362,0.002955099250592417,0.006113268387989499
32,Aggregated,-0.0009641653237567106,-0.002182998260283483,-0.001517288815205975,0.0017176582203849138,0.002800814620808099
32,Centralized,-0.0009536178064331306,-0.002152307600850628,-0.0014744781037088928,0.001710873619445156,0.0028523440069037733
33,0,0.002481881610922565,-0.002201724717902483,0.0018465192808836332,-0.0004126641732081937,-0.0017140120006955213
33,1,-0.003324127929341847,0.0034335369903736477,0.0031583673609310563,-0.005520875772570472,0.005553734655726874
33,2,-0.004342440431304525,0.004166325975644673,-0.0045571819579293795,0.00207131841229735,-0.0006306444036423386
33,3,0.004274903211434744,-0.0014261413020900597,-0.0007076294253015795,0.003453759310081783,0.0019029687104158218
33,4,-0.002654439721539194,0.004422570040571907,0.002634528714261956,-0.003373900421761579,0.001752313663270753
33,Aggregated,-0.000712844651965651,0.0016789133973195368,0.00047492079456913736,-0.0007564725290322223,0.0013728721250151179
33,Centralized,-0.0007402711990170378,0.0016989970011407822,0.0004942583222541856,-0.0008100029326432057,0.001327408680547206
34,0,0.0013974185213130412,-0.0006084633919555179,0.0026814972381697575,-0.0007024238025020538,-0.0011775117662001788
34,1,-0.0031077185689536027,-0.004523765175752847,-1.6502822911903156e-05,0.00405144177356179,0.00029590948893730337
34,2,-0.0034982609785428093,0.00024569933489207994,-0.004869897572616433,0.006972209950928857,0.002636911469517783
34,3,0.0015907126196344232,-0.0007702742969451855,-0.0012915929826972817,-0.0007829474527590752,0.0018173601530571237
34,4,-0.004089861287234277,-0.0032268428068475815,-0.0019209184602207755,0.004502280936418372,0.0005615801085813314
34,Aggregated,-0.0015415419387566451,-0.0017767292673218104,-0.0010834829200553273,0.0028081122811295786,0.0008268498907786726
34,Centralized,-0.001575094913534845,-0.0017830418794929322,-0.0010747582993091568,0.0028346905823280516,0.0008139882187436443
35,0,0.0013207231832040292,-0.001771395772630415,0.0010880182482186252,0.0003368146050741187,-0.0009741602638663582
35,1,-0.00030343083854815397,-0.002144304942891477,0.0011295200990281474,-0.002905540075730345,0.002790638301024556
35,2,-0.0006712009243792672,0.0028744400099658786,-0.006309141902645493,0.004093966719993312,-0.0013724546503077176
35,3,0.003289866933439489,-0.0029989586885527534,-0.0026609923529012703,0.0009678353354688233,0.00037831979039095744
35,4,0.0015523608765794763,-0.002651017755938569,-0.0001613835610988786,-0.0013448380339742753,0.0016899398416276837
35,Aggregated,0.0010376638460591148,-0.0013382474300094671,-0.001382795893879774,0.00022964771016632674,0.0005024566037738244
35,Centralized,0.00102558262424212,-0.0013131593046697217,-0.001364254179392277,0.00022012690351499257,0.000478644983839438
36,0,6.074458889361682e-05,-0.001791813472077384,-0.00019922108734596693,0.0010038937286565909,-5.955160914299003e-05
36,1,-0.0019622833186064927,0.001095989712919428,0.001162711454886121,-0.0010388674103279834,0.0040476440717018
36,2,-0.004101575775329919,0.004838905066544856,-0.00444903451082988,0.004802270154772736,0.0012560027212215126
36,3,0.0028242696071638005,-0.0035824858426687645,-0.002336591978550675,0.0011315576280376733,-7.536530696418871e-05
36,4,-0.0023303210239298765,-0.0008989428699178404,-0.0005290108863005886,0.0005224414465199316,0.004150771966432936
36,Aggregated,-0.0011018331843617743,-6.766948103994108e-05,-0.001270229401628198,0.0012842591095317897,0.0018639003686498142
36,Centralized,-0.0011359196865010968,-3.965734200867543e-05,-0.0012398937614816344,0.0012844594832928694,0.0018686700782002074
37,0,0.0017610135101098028,0.0007788140363374496,0.0012583844970439257,-0.0010548772154503523,-0.0005007843592652975
37,1,-0.004118885119405855,-0.0013964120399531858,-0.003549628608107695,-0.0017813419128082763,0.0004614743305020763
37,2,-0.004679245246568268,0.004271900144895754,-0.005256203369240434,0.005101414897415627,-0.0028957218580626426
37,3,0.0036682763213304066,-0.001026399256098633,-0.0005753925945569375,0.001109955934400869,0.002533406645287443
37,4,-0.000195221456874393,-0.00365279678581474,-0.0022501927420545947,-0.0010880794063942137,0.0002009953771486846
37,Aggregated,-0.0007128123982816613,-0.00020497878012667114,-0.002074606563383147,0.00045741445943273075,-4.012597287794727e-05
37,Centralized,-0.0007256400715904628,-0.00021703437874109703,-0.0020697738405832,0.0004432186859048855,-8.957193231835155e-05
38,0,-0.000105523002856861,-0.0009257651945435818,-0.0018669087844186897,0.001268531360393906,3.3736865386121046e-06
38,1,0.0013788229018375452,-9.778654633606313e-05,0.001995428297602024,-0.002657475438816768,0.003706828226990842
38,2,-0.0027898060167464915,0.005093329738013388,-0.003980389040233708,0.005389609179323461,0.003213855722159864
38,3,0.0021423702879094842,-0.004395499188605021,-0.002522651752492337,0.0012167316942376808,-0.00011218219843080098
38,4,0.0005716141787637333,-0.002614995078456047,-0.00020649454824787453,7.098184108042527e-05,0.0035788925708063655
38,Aggregated,0.00023949566978148212,-0.0005881432539854649,-0.001316203165558117,0.001057675727243741,0.0020781536016129766
38,Centralized,0.0002118021976592277,-0.0005465373909847545,-0.0012910884746233512,0.001059024310255946,0.0020997902621666064
39,0,0.0002248479985486033,-0.0007116052243184031,0.0017573303948926922,0.0006503831762494528,-0.0005626065798682596
39,1,-0.0031434373809911377,0.001184778917044584,8.155979336823179e-06,0.00010885496890000549,0.002718669575538816
39,2,-0.004019757159924085,0.003113334554005977,-0.005311892850099779,0.0020792056663742823,-0.0007134647912514484
39,3,0.003086639342398121,-0.0015056158436987654,0.0004979775313765552,0.00032219636682581654,0.0006799237703459526
39,4,-0.0014597714144253778,0.00281970918739989,-0.0001253107266294647,0.0023894087139358497,0.004270772822386882
39,Aggregated,-0.0010622957228787755,0.0009801203180866565,-0.0006347479342246347,0.0011100097784570815,0.0012786589594303887
39,Centralized,-0.0010914199696384927,0.001005770624101119,-0.0006438576151532704,0.0011197667830747456,0.0012774679076793046
40,0,-0.0008533616080577844,-0.001154475699887338,4.954351338231448e-05,0.0004608051697764071,0.0005088281764095352
40,1,-0.0008558908124010981,-0.004122978198479334,6.474441082597131e-05,0.00028876169180796124,0.005622906754326584
40,2,-0.005457782239415145,-0.00015677639812168668,-0.0031760668315627275,0.004739253711418529,0.0018277806872027162
40,3,0.002704272969800847,-0.00023529967671124808,-0.002147183642443218,-0.0004396596090621541,0.00011786995841577275
40,4,-0.0005137449403422163,-0.004449909308258878,-0.004031135522466148,0.0014365710886321695,0.003854570988193377
40,Aggregated,-0.0009953013260830795,-0.002023887856291697,-0.0018480196144527617,0.0012971464105145827,0.0023863913129095974
40,Centralized,-0.001033510124869234,-0.0020495785567414566,-0.0018511184079072966,0.0013216158302036614,0.0023991078719277433
41,0,-0.0008647372191948814,-0.0017738717900665612,0.00017471770422605541,9.547666695496338e-05,2.2904833392473067e-05
41,1,-0.0027921507848081522,-0.0013966010223951811,-0.0009947584100002645,0.000703404000442992,0.0020447957126243496
41,2,-0.004788124928621565,0.002042265750644717,-0.0038736527276830783,0.00723300243986168,0.0007735732490813736
41,3,0.0004453386825208553,-0.001383973795387783,-0.002205882371669852,0.001143797730457735,-0.0010804014131686357
41,4,-0.0014664362824168128,-0.0018750841230933438,-0.0024587681537820835,0.0031140439439039528,0.0031654411442002964
41,Aggregated,-0.0018932221065041115,-0.0008774529960596305,-0.001871668791781845,0.0024579449563242647,0.0009852627052259714
41,Centralized,-0.0019116895055968364,-0.0008712514290172927,-0.0018670513154773287,0.002470050664682496,0.0010069181820442918
42,0,-0.0001121008619787256,1.9201713148090753e-05,0.002266051700368632,0.0003522879973733184,-0.00017993074422336479
42,1,-0.0014159922870316292,0.0024401483954809623,0.00022138162512989982,-0.0021739986311209657,0.00523652685266574
42,2,-0.005629128827713262,0.002983163213759769,-0.0023003146743181472,0.001047923886679919,0.0005746721349220977
42,3,0.0026345957128400452,-0.0015797912781653027,-0.0004197883744445907,0.002048866762241234,0.0008467615171864987
42,4,-0.0006714190057452311,0.0003705674314552432,-0.0008621838300161796,-0.001015612414831868,0.003093586451942598
42,Aggregated,-0.0010388090539257605,0.0008466578951357525,-0.0002189707106560772,5.18935200683275e-05,0.0019143232424987141
42,Centralized,-0.0010685982908995196,0.0008538952114708546,-0.000203818870410107,2.3681508663675466e-05,0.0019132162961974434
43,0,-0.0005571852015659166,0.0009662481109126912,-0.0005786913238702729,0.000912257910966822,-0.0001203138864920276
43,1,-0.0036481406068020585,-0.005700300568343209,-0.0039606104465548814,0.0003584734822720518,0.004318621127881254
43,2,-0.003587332196290747,-0.000882383143075081,-0.0012000666236912428,0.004933504655873735,0.002257171768060112
43,3,0.0007684519420608087,-0.00011302658206240878,-0.0026291988042747333,0.0007975085442386713,0.0013168517177607716
43,4,0.000563020339124215,-0.002849805981820758,-0.0020431214605513394,0.0014226218455272333,0.002430862861522931
43,Aggregated,-0.0012922371446947396,-0.0017158536328777533,-0.002082337731788494,0.0016848732877757027,0.0020406387177466082
43,Centralized,-0.001285432852864717,-0.0017142344306465922,-0.0020540245818010303,0.0016823265765513,0.002031813841284822
44,0,-0.0017784449806424111,0.0001631896571843779,-0.00017098343022859026,-0.0006399860078456239,0.001066982176772302
44,1,-0.0009861602960343015,0.000672988856963469,-0.0010669296925099492,0.0002760370907765153,0.004987109574524475
44,2,-0.0039589139775036255,0.0034191305318631644,-0.003886360201046261,0.0021884992303881708,0.0026533704388082722
44,3,0.00024366085469702166,-0.0007411837985353202,-0.0024296215299637715,0.0017188173348496297,0.00017122076564032678
44,4,-0.0004904685902849629,-0.000978831888860554,-0.0018894804923827446,-0.001856971399384492,0.0038206061110805842
44,Aggregated,-0.001394065397953656,0.0005070586717230275,-0.0018886750692262634,0.00033727924975683995,0.002539857813365192
44,Centralized,-0.0014032037308881196,0.0005034097413803932,-0.0018683542080474846,0.00029598395443586334,0.0025580026200372383
45,0,0.0002774249727760784,-0.0014765367740813477,-7.259945612631177e-05,0.0016846320598384941,0.0009463217823530324
45,1,-0.001193073485363766,-0.0012782448078774618,-0.003465795516536104,0.00039867925536791565,0.004984053981784392
45,2,-0.00495723655377812,0.0013386619290883066,-0.004846436299246748,0.004111590353414833,0.0004905537909136078
45,3,0.002303957973773624,-0.0011277186999930245,-0.000836544875994862,0.001272956558902094,-0.0001323540496347401
45,4,0.0005462796784215628,-0.002378309952241085,-0.0011321068681198734,0.0013751428243859276,0.0029841405773856373
45,Aggregated,-0.0006045294828341242,-0.0009844296610209225,-0.00207069660320478,0.0017686002103818532,0.001854543216560386
45,Centralized,-0.0006326215490464619,-0.000978219713602981,-0.0020579779587712233,0.0017595260814269357,0.0018620161097329798
46,0,-0.0009471259175491576,-0.0010929686857132155,7.255939703230685e-05,0.0013452542600710124,-0.0013589940908523446
46,1,-0.0015661495674871202,0.000869142829990501,-0.001508344351698156,0.0020790408190254073,0.002559303023553191
46,2,-0.00329185113440489,0.0034893512075854487,-0.0023384661945692903,0.0038897572560278575,0.00017745516158249782
46,3,0.0024216389595060803,-0.0015529895573368573,-0.001048488032140767,7.624005342193874e-05,0.0001035985765496054
46,4,-0.0014599680384202545,-0.00027534800413157406,-0.0014474762115809596,0.0017348387259173426,0.0028416445994041417
46,Aggregated,-0.0009686911396710684,0.0002874375580788605,-0.0012540430785913733,0.0018250262228927117,0.0008646014540474183
46,Centralized,-0.0010159441252069487,0.000313004431107237,-0.0012476184300850032,0.0018388744617812683,0.0008715460481272326
47,0,-0.0008122405242565393,-0.0016189607211197796,0.0011227194347193826,0.0005087490545570265,-0.0001868176215279386
47,1,-0.0016600745911165894,-0.0013212444046235617,-0.0013602459147037912,0.0007686436962698921,0.003023587701146167
47,2,-0.004400377085533978,0.002394706187404618,-0.0036682400062137206,0.0034250751679685667,0.0012844227428457293
47,3,0.0016574240714972248,-0.0015219106770761603,-0.0007854449369801472,-0.0009458967720586964,0.000562527790743487
47,4,0.00020871560185923289,-0.002789802575750903,-0.0012511796146926434,0.0008380904917309251,0.0029941760968533885
47,Aggregated,-0.00100131050551013,-0.0009714424382331576,-0.001188478207574184,0.0009189323276935429,0.0015355793420121667
47,Centralized,-0.0010087947269484384,-0.0009689681698499671,-0.001184359752394378,0.0009276172498590104,0.0015393477656008162
48,0,0.001027488087892725,0.0006589209780759257,0.0007681019636473329,0.0007357482821990428,-0.0008447495071270757
48,1,-0.002993445027815276,0.0005488863598359872,-0.0004053210072619514,0.0003975205978029528,0.0038877588875199597
48,2,-0.0034084009125478357,0.0029927181478213937,-0.0038621605278496523,0.00455680653264306,-0.000278963240066965
48,3,0.0025739550063975975,-0.001576334282367777,-0.00022517165205153492,-0.00016604219865647233,-0.0006064068733218131
48,4,-0.0019287933544981095,-0.0013181563636391707,-0.001634370108065275,0.0007927804707995589,0.0027372755525868577
48,Aggregated,-0.0009458392401141799,0.0002612069679452718,-0.0010717842663162161,0.0012633627369576287,0.0009789829639181929
48,Centralized,-0.0009798645650215302,0.00027258242243540046,-0.0010810977800060294,0.001266179997110443,0.0009781226396773054
49,0,-0.0005682077025772207,0.0017266220518180645,0.0017731698716600723,0.0006013587138709623,-0.0015528944276892128
49,1,-0.004131866101815542,-0.00250689620429622,-0.0027944187472652817,0.001954440941812646,0.001726688307743074
49,2,-0.004082475414389319,0.00039650538184987834,-0.003183468824809593,0.005032753233448606,0.0004464575740768454
49,3,0.0018306844660128793,-0.0010570108646508999,0.00028878515799846496,-0.00038959871271775174,0.0013969024293621845
49,4,-0.0009278696362697755,-0.0006304395180711797,-8.28430747002266e-05,0.0013818981305736926,0.0016105179012836275
49,Aggregated,-0.0015759468778077956,-0.0004142438306700714,-0.000799755123423313,0.0017161704613976312,0.0007255343569553036
49,Centralized,-0.0015903095953173666,-0.00038970606210168753,-0.000783472457461302,0.0017238938400260307,0.0007146779578916944
50,0,-0.0014325534707617198,0.0014229410191824998,0.001227655694782041,-0.00025860586901854665,-0.00293948588126694
50,1,-0.0014294974435200096,-0.0010763877243598063,-0.0015847953502639474,0.004269225089741378,0.004138107422142036
50,2,-0.003903376126267033,0.0016722138821491797,-0.002050651703087107,0.004349962247498716,-6.814830029375588e-05
50,3,0.0014204733401811443,-0.0008318092326773052,-0.00046598419552808154,-0.0019844056374576867,0.0008252637733513442
50,4,-0.0014946921390601626,-0.0019534030388996073,-0.0018293406052491412,0.0013228277781315208,0.002122400697281849
50,Aggregated,-0.001367929167885556,-0.00015328901892100786,-0.0009406232318692471,0.0015398007217790764,0.0008156275422429067
50,Centralized,-0.0013978215756501138,-0.00014345117601967847,-0.0009382209872320912,0.0015461789183463341,0.0008023084233225916
