Round,Evaluator,5,1,4,2,0,3
0,0,,,,,,
0,1,,,,,,
0,2,,,,,,
0,3,,,,,,
0,4,,,,,,
0,5,,,,,,
0,Aggregated,,,,,,
0,Centralized,,,,,,
1,0,-0.35484278922959334,0.331936362518821,0.3386305929386649,0.2851147826550867,0.2818951680070846,0.2508806735814644
1,1,-0.36495248069239367,0.3292607560686231,0.3448536026655044,0.28676214762632585,0.2772234262220795,0.2494974707514712
1,2,-0.3624778851317303,0.33212216995836996,0.3409596335925384,0.29208722008295984,0.28007066873548736,0.25512531359121615
1,3,-0.3656344510502878,0.3353944827661216,0.3402368684489703,0.2892211818805244,0.28262119331342184,0.25591849804937233
1,4,-0.3492132725969961,0.3369910199110305,0.34730522474577563,0.29960555249650084,0.29017169253039554,0.259526762556253
1,5,1.0286427500715825,-0.4846735832017069,-0.40275964877293347,-0.42626892007545675,-0.5732061792285904,-0.47356159332733755
1,Aggregated,0.057800990291932586,0.0873222577962166,0.1184179384549789,0.07509428323353638,0.025219391713095642,0.03544224185459709
1,Centralized,0.0578009907273518,0.087322258675181,0.11841793883100557,0.07509428360622593,0.025219391945463552,0.0354422420356672
2,0,-0.18263224226288421,0.11094491822493704,0.11380402765839294,0.11373751848230453,0.1134506177809606,0.08573635448825058
2,1,-0.17535228157679697,0.11633488304220975,0.11860596453262612,0.11652525380389943,0.12291287643816333,0.09668307570748856
2,2,-0.16986430134544198,0.11040387794216878,0.1202766874426246,0.11170431818544889,0.11369738396342836,0.09172379796480264
2,3,-0.17691349867935224,0.11393243238772782,0.11778679430843204,0.11848514667421245,0.11780416156439737,0.08879309190359047
2,4,-0.17482136566121442,0.0998656893467077,0.11618482768362565,0.10770638508211373,0.10760649797635181,0.08850908342772792
2,5,1.8620232841792168,-0.35760457155782627,-0.24801763290789938,-0.24852210307230896,-0.30012196147044035,-0.2980645302186412
2,Aggregated,0.4366472878390834,-0.030345305068408986,0.007514967272152395,0.004775524499067687,-0.009711401429172392,-0.026442250321037534
2,Centralized,0.43664728721764046,-0.0303453046140982,0.007514967611503427,0.004775524478819568,-0.009711401506047906,-0.026442250060772655
3,0,-0.1358775079967582,0.1280120562898548,0.12370635562615334,0.08142916337996532,0.02613423740094382,0.07559415051504627
3,1,-0.14813483431606253,0.12701508115772087,0.12287173365384602,0.09337092825973012,0.028625507746585798,0.07996072772268781
3,2,-0.13511661817336043,0.12642264800639086,0.12097292683126266,0.08299204359265584,0.027891652459140905,0.07592208136494713
3,3,-0.1460760865645072,0.13103396360749514,0.12929544689333752,0.08329612079823555,0.032926743232070364,0.07899369201597546
3,4,-0.14033837313410577,0.13218575578979389,0.1268269511188259,0.08183365659950731,0.02348973309538985,0.07866617031036037
3,5,1.907252783664118,-0.10996117768506701,-0.06957839302464966,-0.1958061295199592,-0.09131014063075386,-0.11534535733954902
3,Aggregated,0.47458781990184734,0.05712681659790906,0.06632805715997563,0.0003046005019635762,-0.007992632406243864,0.019763506371461754
3,Centralized,0.4745878196944836,0.05712681656803677,0.06632805767145938,0.00030460068730365884,-0.00799263160004123,0.019763506960532685
4,0,-0.029971568511870758,0.06241912949919321,0.05408726884415005,0.04304871840282788,0.04311178496789107,0.05535970031870755
4,1,-0.03526431892455025,0.053531338488246455,0.05355543582821844,0.04627125462743126,0.04004114901250525,0.05290473199909522
4,2,-0.031425134692502396,0.053546238096747086,0.05111011243842663,0.03648310175224074,0.03763435628904178,0.05246511815154494
4,3,-0.03198359357454331,0.05910077753201272,0.05515393813719849,0.04443917464400069,0.04670159850319163,0.05819874965091296
4,4,-0.046957482384103265,0.05949456549805646,0.056952820674016656,0.039648022466163724,0.036608399637101684,0.05307352501508459
4,5,1.625057737855611,-0.3476197526593846,-0.3526041937907014,-0.4045535662789079,-0.3072728022477563,-0.41142142448108243
4,Aggregated,0.4638959422841657,-0.064188079821247,-0.06809685042701583,-0.09224042320563854,-0.06381011618296921,-0.08561635164187724
4,Centralized,0.46389594243300486,-0.0641880794987367,-0.06809685066705427,-0.09224042335326135,-0.06381011610046386,-0.08561635118119239
5,0,-0.10808402392524424,0.0420350159445239,0.053423131000404106,0.02650613761319878,0.02977403438104114,0.02713514146707063
5,1,-0.1161826430190779,0.03731093913155093,0.04584417309755709,0.03711263260870445,0.0355300975101773,0.032194966279859835
5,2,-0.11471999271218816,0.040545196050800585,0.05390360463894487,0.027659785083572027,0.033654888851302175,0.034741451032259583
5,3,-0.11571121924993523,0.03795911388078323,0.046589078416078164,0.025131117021040886,0.028395264312845055,0.02878882047127961
5,4,-0.13080745764496235,0.04071593345234777,0.05616767048342606,0.03846422437143131,0.03903633246462852,0.03604446734364497
5,5,1.4780774009470339,-0.14019669849550057,-0.13762089986726053,-0.2805196374563517,-0.20550685180662845,-0.13339749127261738
5,Aggregated,0.36237768756337957,-0.014364090756032994,-0.005565906909630938,-0.06265421458645073,-0.038495866004244914,-0.017868373492865512
5,Centralized,0.36237768700793727,-0.014364090632035097,-0.005565907024424332,-0.0626542146190109,-0.03849586655782999,-0.017868373899035058
6,0,-0.04625705315007113,0.02266706405339437,0.04992601696473855,0.03538912614003102,0.037183523106483096,0.03446222931000777
6,1,-0.0700916740256164,0.02798397605997269,0.042249345223605995,0.0382246904394138,0.03439829193958209,0.03799419110601136
6,2,-0.06268404976154171,0.021660323731429853,0.049575623078488125,0.040575154111481396,0.03815627009874791,0.04438324907006755
6,3,-0.06237221399685598,0.029422890012196296,0.04887668239427764,0.041551807631178404,0.03789584503268703,0.04070508125827991
6,4,-0.06602058973358699,0.02880338948617732,0.04586179452079066,0.04182418687603826,0.03693566448897302,0.04165826714160554
6,5,1.5137002119864624,-0.44546577437443696,-0.24440105414828955,-0.21241142263205356,-0.23522018808200285,-0.2478319494812098
6,Aggregated,0.41198410054122325,-0.11563797797788447,-0.040380978918479665,-0.036210449541999416,-0.0448841528103005,-0.046628014384065546
6,Centralized,0.41198409986845896,-0.11563797789469318,-0.04038097970882529,-0.03621044971023997,-0.044884152653461254,-0.04662801519531357
7,0,-0.1041809630813732,0.037521071665276746,0.026437748825087492,0.029539775823686356,0.025603406434463228,0.03701944955345768
7,1,-0.09761915129553622,0.035706425467479146,0.0283258785692979,0.032800848997429195,0.02776241433929287,0.02945935820595148
7,2,-0.1033835657735987,0.04109435593474749,0.02795896212648434,0.02998557664975245,0.032428637549708886,0.03704286565801712
7,3,-0.10497324688760254,0.03917340012599392,0.027910354895117603,0.027096533193824542,0.03104593580326642,0.03698998438964431
7,4,-0.0994803355619637,0.03825984505085619,0.029641733968760558,0.03184533712681331,0.030923862188054776,0.032417485592786295
7,5,1.2824438408842715,-0.23237325702078304,-0.32000831348172737,-0.3187104985772902,-0.23262097830415418,-0.25295635528426225
7,Aggregated,0.31418688029785646,-0.04302328527981113,-0.07656591813021324,-0.07463802108907376,-0.04925136021729788,-0.051843602938073524
7,Centralized,0.3141868806742381,-0.04302328554370095,-0.07656591853277193,-0.07463802077433102,-0.04925136024922423,-0.051843602984776145
8,0,-0.12422275073352294,0.01446715364044805,0.020297781756034534,0.032637668074782515,0.024915531879404245,0.03122252267007518
8,1,-0.12479505564239564,0.016765079769565004,0.027365481288715143,0.03051694651544515,0.023403076868575443,0.02791496897965312
8,2,-0.12748162629423015,0.01631093673407956,0.025571541858791638,0.030626922293249405,0.02728560447167931,0.032424581624023674
8,3,-0.11958180674418954,0.01627780784282349,0.02729456470872979,0.028266059673246465,0.024546383041645036,0.02665395290353128
8,4,-0.13045779333590393,0.018751721849249205,0.02913270320320781,0.03172013233922456,0.026115254074760685,0.02886994854364477
8,5,1.1207970625628842,-0.14603886264534768,-0.18413548774758384,-0.1331392053611141,-0.09413376705596388,-0.2045565889088833
8,Aggregated,0.2492464035108492,-0.032345762899257634,-0.03720979694686981,-0.018509338476903083,-0.010632156307921388,-0.04091064660291553
8,Centralized,0.24924640368180181,-0.032345762761734634,-0.03720979702349646,-0.01850933805313368,-0.010632155891680428,-0.040910646677043465
9,0,-0.05215660075731348,0.0162846949665884,0.02746973295914773,0.030633030101943657,0.016706071809105362,0.027141387217964948
9,1,-0.047204080983479516,0.009860798542009127,0.019211265887013593,0.02384341808996858,0.02337024377438506,0.027047831950448607
9,2,-0.05901804293822274,0.016517622587019082,0.02678774139517632,0.031202522138653307,0.023447936098539533,0.03192061683885778
9,3,-0.04095139213892281,0.015550926192182114,0.023855153528659277,0.02395666247590069,0.02531403331943668,0.024819699392261103
9,4,-0.05741326897183566,0.015246961758660338,0.0261159879039395,0.02699874232212414,0.026361987840620396,0.026684128489649187
9,5,1.0851059608350213,-0.24184533677332737,-0.22291604589782518,-0.2628019480538427,-0.24909864917602872,-0.467160186605164
9,Aggregated,0.2902468656846956,-0.06241785398780376,-0.04973684235744415,-0.05988004859526201,-0.05875939886005677,-0.12116906250582885
9,Centralized,0.2902468655488345,-0.06241785403838581,-0.04973684256575049,-0.05988004859235932,-0.058759398726357895,-0.12116906236831348
10,0,-0.18701344259024236,0.03227065866105521,-0.015870743566676577,0.013323613757786528,0.04593803378673009,-0.012604531237457497
10,1,-0.155167082252036,0.0269246884868866,-0.010620156689128146,0.007909697314135041,0.035334966340080085,-0.006653913822835861
10,2,-0.18221482989106125,0.028886097223549755,-0.0148593591145352,0.004574055542995161,0.04034669501695588,-0.010804406525129392
10,3,-0.1808281647679872,0.03198350390693234,-0.0063508086462566275,0.014516298470133535,0.035245318093321355,-0.0063256408368033
10,4,-0.1659661757257534,0.029022521431576333,-0.00088421061303068,0.010037772150335026,0.03365959912504876,-0.0014392955973096797
10,5,1.0593419015384378,-0.06821425792589021,-0.2187364987775699,-0.12931278181587838,-0.029477418442034317,-0.20930323617088764
10,Aggregated,0.19655149785474685,0.00035110929661925965,-0.07254412134465597,-0.03182407762309147,0.017791021979202855,-0.06820387040414928
10,Centralized,0.19655149799748245,0.00035110945685140664,-0.0725441212068974,-0.031824077353334,0.0177910220807562,-0.06820387028940843
11,0,-0.016015014292097333,0.04922631524612413,0.05530404909302902,0.028353568375120514,0.0039445457636149124,0.03700002941378454
11,1,-0.013591922216187973,0.04327279033773102,0.0363768872927337,0.010720698310803689,0.02119021109599664,0.038460987529960494
11,2,-0.002920647076660939,0.05036301736364373,0.05276699407442889,0.025806632525648278,0.0020821204876999297,0.042427068536668125
11,3,-0.011289958065575008,0.044372047001173746,0.04669580416483917,0.022676505028088365,0.0019088755946407101,0.035180079481884424
11,4,-0.014370244916304715,0.04365397945556456,0.04283317087788844,0.01627952449422586,0.011133352736812258,0.04888873116324123
11,5,1.1515171803522488,-0.23305215533878046,-0.24842176298663057,-0.18632772530164715,-0.5216761588608537,-0.46648186738637415
11,Aggregated,0.3379835016710788,-0.03775326086582373,-0.041940990083598,-0.0414812641452947,-0.1511738187062838,-0.11196458470007609
11,Centralized,0.33798350145974465,-0.03775326067585375,-0.04194099039079824,-0.041481264226994365,-0.15117381861985024,-0.11196458467212282
12,0,-0.1409942925884055,0.0290334583632169,0.04141566907785934,0.022685626521774378,-0.0005496859959395559,-0.012564997747556844
12,1,-0.12207606428362554,0.02669942274855874,0.03283263810341657,0.009514058582687628,-0.0009738122099360384,-0.01973447905633988
12,2,-0.14866287008216156,0.0326805988091273,0.030150381843301686,0.01726343042454404,-9.52464291891929e-05,-0.014883372864762877
12,3,-0.1330373020005664,0.027982689475008593,0.039129556568807455,0.016144939067109114,0.00496155671560328,-0.010140461555521747
12,4,-0.14828567671968715,0.03377333169052574,0.027377427390285945,0.01463540330614874,0.001711277889116879,-0.009874129236169545
12,5,0.9682999778589195,-0.06857839804106723,-0.19186475153305757,-0.06086888766156337,-0.04335125575979783,-0.1820650532331429
12,Aggregated,0.1941041406233988,0.00039301493389931147,-0.03376373939860752,-0.007071194912967876,-0.012323534437674312,-0.06412496161280906
12,Centralized,0.19410414066707177,0.0003930149382922544,-0.03376373916791118,-0.007071194582498008,-0.012323534300716386,-0.0641249616305595
13,0,-0.08486069243310748,0.0480511986960661,0.014122088078534323,-0.0019216413815145445,0.030682807306349265,0.03121263798037705
13,1,-0.09996305021150545,0.04614488189976719,0.00961825564936552,-0.01587134191930027,0.037821947822042117,0.0399871383624867
13,2,-0.09104982682324303,0.04830528682608133,0.014564859708949439,-0.0014089026328853362,0.030012261800678796,0.0347170313941929
13,3,-0.08764552652971336,0.04443687765053181,0.016751315269125634,-0.0005082747292868549,0.029747574104958468,0.030555054380789946
13,4,-0.1072374326453163,0.05234765142483315,0.02249375634936658,0.009261418970515729,0.035198946105025594,0.03778436812565215
13,5,0.9058832839923626,-0.16172065416958636,-0.17571212540584966,-0.1584948131555692,-0.1104792630732006,-0.13856635707881917
13,Aggregated,0.20643909807358718,-0.01513772731474625,-0.04196750928347438,-0.04910198378845776,-0.010341924442332662,-0.017274618282703828
13,Centralized,0.20643909817577688,-0.015137726998473242,-0.0419675094903374,-0.049101983828617156,-0.010341924510465112,-0.01727461843410648
14,0,-0.06553877216243195,0.051761966511318855,-0.02729612589687068,0.005851184436687608,0.00221360643268913,-0.026865476926356106
14,1,-0.02667177112284285,0.05487187555544282,-0.024316178687819472,-0.0008902358148138342,0.00424478009231122,-0.007721531858139054
14,2,-0.05197905645307023,0.051392969630431204,-0.02514346470475984,0.007090893952720662,0.0023173455919501405,-0.01270500899407336
14,3,-0.06530944849048263,0.04109072748062914,-0.01879052643445938,0.0069288503540861765,0.007911349736578654,-0.016198034646001006
14,4,-0.05382064912473238,0.04540598601604203,-0.024245120543269154,0.004810210171391356,0.009425574394394964,-0.0016811280443328727
14,5,0.7881449214058965,-0.032056146852881905,-0.08115255538299156,-0.021571436618296275,-0.20008290759752734,-0.7117634131553766
14,Aggregated,0.20006639366893053,0.024569491624733906,-0.04114973796040906,-0.0031559759091400286,-0.05648817896000451,-0.22305825690281056
14,Centralized,0.20006639365380235,0.02456949194644388,-0.04114973783086964,-0.003155975733826568,-0.05648817883776384,-0.22305825685525094
15,0,0.012579721976240335,0.04635235925801955,0.04959108477736226,0.034403348606424175,-0.005675578155753545,0.015214365204422283
15,1,0.0021818959950794426,0.03054123115531712,0.04441238321024434,0.022917815365995218,0.00030164162842037624,0.013542461007098449
15,2,0.0049603051866462435,0.048400522300927645,0.04053143805104749,0.03514719723760402,-0.0033132551894869116,0.012494524561384791
15,3,0.0116830953096246,0.03754464839631131,0.03787786489563711,0.026029281525552818,0.006279664041535725,0.01771236068065238
15,4,-0.005605521626345621,0.03601049974552173,0.03438020837928374,0.02879266601768427,0.002403809979490068,0.0070024425159381344
15,5,1.2107615943411065,-0.19345877332068495,-0.1973109712019012,-0.14866957144081822,-0.27630099373342826,-0.2642592824617182
15,Aggregated,0.3675396650697463,-0.030334009670598475,-0.03038070423415516,-0.024083543449513446,-0.08305107462791733,-0.07020344753370142
15,Centralized,0.36753966510285596,-0.03033400988792736,-0.030380704246075193,-0.024083543164560368,-0.08305107449220173,-0.07020344748701628
16,0,-0.05042780961314853,0.02505115316783926,-0.02988588278928233,0.029024094548214713,-0.015987157168423926,0.01758673821304668
16,1,-0.028388370483427596,0.028113911259022496,-0.019330373061926476,0.01591598323209681,-0.022250011495617252,0.017946486060360537
16,2,-0.061191481767765676,0.021838962653227587,-0.03176612300747374,0.02163542360126121,-0.010530223913618698,0.011022532533994225
16,3,-0.0500090865742218,0.020375112405785684,-0.019726337201023,0.023356767276198905,-0.0066696126405700155,0.012838490087521305
16,4,-0.0536575351200546,0.027557022406249684,-0.019016552838125405,0.021339995920611254,-0.00614036545741064,0.019233843559937153
16,5,0.9593584750561714,-0.17024514741177127,-0.8179841513648783,-0.07903519437702095,-0.13209581488221106,-0.1451596503897116
16,Aggregated,0.2542778438299066,-0.033975485668372434,-0.26261733114997277,-0.008191189958723482,-0.048319049774220586,-0.0326332770067701
16,Centralized,0.25427784383797347,-0.033975485790066734,-0.2626173311735737,-0.008191189888012224,-0.04831904961255475,-0.032633277016434994
17,0,-0.11073448295239739,0.0328541540391083,0.01363628848405229,0.014227146712875354,0.03255037032252984,-0.001158542207585272
17,1,-0.1559772740711159,0.041891714873802756,0.02075863838847427,0.02276991110086318,0.034064482619351404,-0.01570571669084737
17,2,-0.1282649120569115,0.030531782364591118,0.020506936776946493,0.02026422171126056,0.02830278033520508,0.0038920908001578436
17,3,-0.10658779863297231,0.026879385483747745,0.015071722045319952,0.01203049977567268,0.025444887130285476,0.002548741258586727
17,4,-0.11296330910809574,0.03089649854033963,0.011154332070068709,0.0116306529653601,0.025094455425979413,0.012102727282662262
17,5,1.1493836771936796,-0.1487856845221593,-0.14462351322907688,-0.07325454848669458,-0.03905651732604418,-0.2401165816039309
17,Aggregated,0.2595191508395843,-0.021913421559321397,-0.03212243905534766,-0.010699099279326068,0.008607495164595351,-0.07193933647609829
17,Centralized,0.25951915073374604,-0.021913421617643147,-0.032122439026583245,-0.010699099223404377,0.008607494997101466,-0.07193933640718336
18,0,-0.022226573342811157,-0.029307398684475607,0.025554639723195157,0.010522730007644858,0.03830047347210514,0.03410940752849485
18,1,-0.00230835404648147,-0.025729009340932876,0.03849796761383017,0.0028489745081214804,0.04144499236265703,0.043349721215673834
18,2,-0.009059298110343866,-0.024606844695062764,0.023714187762353425,0.012600771734610133,0.037335433140269464,0.03285356150495259
18,3,-0.013767068366086193,-0.01778943877728541,0.012134809995222061,0.004986312363148629,0.035607707833508084,0.02273325246094582
18,4,-0.014129969764540094,-0.010871607482790051,0.020696144433490313,0.0011639759698541178,0.03911189737254454,0.029032489998558644
18,5,1.3848265500130275,-0.8053807089596277,-0.22852150312574043,-0.49133195198833624,-0.05973363014278666,-0.23626922541319131
18,Aggregated,0.4076495300146954,-0.2572313774054775,-0.0518192995384717,-0.14319110072416885,0.00887508650919454,-0.04834562612708494
18,Centralized,0.40764953007543914,-0.257231377430847,-0.05181929956385448,-0.14319110059195628,0.008875086464780916,-0.04834562613849726
19,0,-0.08559224266329556,0.004103033656776719,0.0321769058833766,0.03724027439584525,0.028137956993901633,-0.04581867185785744
19,1,-0.09630067265257075,-0.0054041164699690425,0.024172227342008797,0.022651277698069485,0.01613393164618778,-0.02718489914902294
19,2,-0.08480085309602585,0.0011921120939470268,0.028440932262153346,0.03111345412442766,0.02281430046231792,-0.03524387643243821
19,3,-0.07973797737490598,0.012272339226534626,0.026578632817965776,0.023266097612817557,0.023448051332340982,-0.04824809780969019
19,4,-0.12494854958337681,0.0032206906339380843,0.02618339304268041,0.026476382084645294,0.023025591573165603,-0.047525328013321676
19,5,0.5434364045973684,0.01043516385028054,0.12973815296994098,0.049140341659251616,0.0035589730688602595,-0.21198308329828702
19,Aggregated,0.09740755760781611,0.005288585329239288,0.0582380314634166,0.03445892535901768,0.016954959534940525,-0.09225713218128526
19,Centralized,0.09740755747816043,0.005288585142081531,0.058238031504773885,0.03445892560960178,0.01695495926161278,-0.09225713218268804
20,0,-0.09196606322766705,-0.01820757515612281,0.013758685083520255,0.037492509046441684,0.04115731470062901,0.012548714452320529
20,1,-0.08766137828822233,-0.018282013719796122,0.008641538614073538,0.03702090508219107,0.0427252798852291,0.008794712664453969
20,2,-0.10032957573145934,-0.010672138704279154,0.017715175124487764,0.042917675658907466,0.044976640020719376,0.02131155390686117
20,3,-0.06997430605989488,-0.011605908909683962,0.011476512421475096,0.035239031444429636,0.037961757518684296,0.008601744359003991
20,4,-0.10138939783381387,-0.010391067886856956,0.02277330714079156,0.049385086844952256,0.04328343068086524,0.014659749387376296
20,5,0.8340345830551376,-0.12914044599600685,-0.154914673962744,-0.09767784660636777,-0.21516286807054555,-0.17014779303513172
20,Aggregated,0.1875615735256722,-0.048491232247336896,-0.03616174964981035,-0.001095717348574544,-0.03528340955975379,-0.0419223647247509
20,Centralized,0.1875615736556911,-0.048491232178179605,-0.03616174961328299,-0.0010957172971561297,-0.03528340947561367,-0.041922364803839485
21,0,-0.016978341642489226,0.004259566944888949,0.036429042851607044,-0.022326609995373087,0.025549793690450844,0.01377313599243465
21,1,-0.029505481628851818,-0.008522816936553984,0.03153328197515245,-0.02505749730432883,0.02565466199078381,0.038184469749618186
21,2,-0.047469350895105636,0.0064058810764691205,0.03227035775337114,-0.01906510051420933,0.02027007745787762,0.018706750853912955
21,3,-0.03206237560354173,0.00346985129615958,0.023385990629120244,-0.016944311026085537,0.015955767893556277,0.021972697750764457
21,4,-0.041638306810394585,0.008940364086763651,0.031695764169907575,-0.007053490151973318,0.02299295383991668,0.036454881551966384
21,5,0.7619047560073273,-0.1584503177652928,-0.16182325418965934,-0.1163465263439528,-0.044814718182378144,-0.18896430745290047
21,Aggregated,0.20556124491453442,-0.04559128723966383,-0.02691483030216148,-0.04762352896476629,0.001976038136842252,-0.038740996638532914
21,Centralized,0.2055612448640067,-0.045591287151016416,-0.026914830404590424,-0.047623528935824895,0.0019760379951767604,-0.03874099657691942
22,0,-0.028076475438175045,0.020513242456856574,0.0023631871144597825,-0.0020392491144871666,0.007735164521655723,0.00824685298043402
22,1,-0.039007736873197134,0.025419980233805903,0.013406993996827042,-0.0005013195367281816,0.0027016077065750575,0.008949502206779628
22,2,-0.05495883938103116,0.017569424391433185,0.009373043352374662,-0.0003157358038148741,0.008637164477827029,0.011397801864855681
22,3,-0.019607300973275184,0.019206536124193492,0.004923723715986252,0.0067972770395661195,0.006473546340466763,0.008104680562636458
22,4,-0.0425438351003592,0.016867627806739754,0.006123687585188584,0.0019863665560100417,0.014435112560856838,0.007408261575110998
22,5,0.5212375091007905,-0.12209549051738455,-0.2707222924183449,-0.07252094691021979,-0.11467000598919375,-0.10764675994345203
22,Aggregated,0.130907754532146,-0.02277026087699547,-0.0763112176584715,-0.020969206816881688,-0.02887458583331742,-0.0261865864354681
22,Centralized,0.1309077544319498,-0.0227702608011227,-0.07631121772150937,-0.02096920671224405,-0.02887458588754603,-0.02618658642522689
23,0,-0.036080672158169694,0.016329968895277203,0.006626128100884201,0.0244331448018803,0.01897850776636897,0.01354108857875672
23,1,-0.065274990922312,0.028781498203783073,0.018218581514946618,0.024168724090969446,0.03026702671985893,0.017584535093797034
23,2,-0.04938760637399358,0.019613632579232796,0.01026548980679914,0.028449003348826628,0.015280035611206498,0.019089977996718292
23,3,-0.03883848985222565,0.01225482333274622,0.01327211156182062,0.017584128471353596,0.012890150322130074,0.009752788319386243
23,4,-0.04240900587333749,0.017754040494195936,0.016665248653648573,0.018413880706149657,0.0141669886899621,0.020447141353327897
23,5,0.8874210032964449,-0.1353904025050831,-0.2501508602984312,-0.1355387875728605,-0.08485141416275568,-0.17651124346213398
23,Aggregated,0.2342892153464189,-0.027443882487148238,-0.06609123455179057,-0.024926520119354045,-0.012693683091941698,-0.04180690468779454
23,Centralized,0.2342892153292346,-0.0274438824737513,-0.06609123458602317,-0.0249265200541964,-0.01269368307768535,-0.041806904750507044
24,0,-0.04656072296144874,0.008596913587003355,-0.0003462369587120296,-0.004633639775285236,0.01480287740262213,0.01190508391535607
24,1,-0.04494219368194422,0.008879640138855905,0.011163249293007417,-0.0010459493255658339,0.01213525126763812,0.01059073735402179
24,2,-0.05692658584633562,0.01963223832254641,0.012786064810163818,0.007887108829227494,0.008257047080544231,0.01909654677618941
24,3,-0.025036361938408202,0.00870866642006708,0.002172962001960373,0.009060028367080239,0.00251756358454751,0.006237594732065936
24,4,-0.05127995233552189,0.016797991409079227,0.00638857998256197,0.012560604753301213,0.0029034072789130487,0.007751212324138115
24,5,0.6413039526663342,0.01789380343880337,-0.4692495943117094,-0.09874212644004844,-0.032109710929126234,-0.15052848468699564
24,Aggregated,0.16132480294300391,0.014137419064954653,-0.13654773072184687,-0.02634673173855076,-0.003969988132620853,-0.037470935932281305
24,Centralized,0.1613248029101091,0.01413741909059821,-0.13654773083233257,-0.02634673204282915,-0.003969988275104241,-0.037470935965566714
25,0,-0.04740534114525791,0.0073616777821594705,0.025369343021899197,0.0010554409164406614,0.020861070991208885,-0.005982794057497679
25,1,-0.10029611501097149,0.005392756142608732,0.02523554693248842,-0.009703766309018445,0.031095165001471133,-0.004475682086888881
25,2,-0.07920696616248027,0.011089031102262538,0.01519730916570055,0.0024881312965112233,0.021822075478038168,0.007827053494380726
25,3,-0.04556256100410658,0.0040428998285563025,0.02037938634924056,-0.0022974309752140636,0.014522797081337361,-0.011816716221007394
25,4,-0.06604334497475081,0.012331433990300759,0.014573989326101433,0.002256429598469614,0.009285946766730285,0.006741792752952704
25,5,0.5686697513225853,-0.07525213698411778,-0.1622705191811816,-0.12027355675213316,-0.08882423872794998,-0.031893844439092635
25,Aggregated,0.12357801989532456,-0.01699346132930504,-0.03468118107556976,-0.03701927452831192,-0.01304792276991527,-0.010664646488995507
25,Centralized,0.12357801978218799,-0.016993461521842126,-0.03468118094227397,-0.03701927459208827,-0.013047922780581306,-0.010664646462444367
26,0,-0.04541621841580631,0.014567027502900252,-0.002264811886523112,0.022379394334865008,-0.019728676925719633,0.02710201844353425
26,1,-0.05618069958259248,0.03016786619572576,0.009096756118277339,0.029860207385761343,-0.00909190579765644,0.02839129866614326
26,2,-0.05811451270209617,0.020399274005888843,-0.002308882180017111,0.02794607304871668,-0.013596970887515904,0.02916879297255124
26,3,-0.03623302132888097,0.016355211666581725,0.002345125417734852,0.022289699899935192,-0.011318885382219326,0.01631596525158333
26,4,-0.06552286645067021,0.022998730241401203,0.009471426888619756,0.029241249289348733,-0.012109103596630111,0.021568679854654618
26,5,0.5431836047240783,-0.1503180425608717,-0.26265669640062045,-0.19658538270275502,0.11555359582470245,0.08347138996774019
26,Aggregated,0.1266950375930039,-0.030566383676221203,-0.07666370100379692,-0.04066458762814413,0.02552236283171917,0.042232161101620945
26,Centralized,0.1266950377487069,-0.030566383540384188,-0.07666370117006098,-0.04066458781394711,0.025522362862994658,0.0422321610915033
