Round,Evaluator,0,3,2,1,4
0,0,,,,,
0,1,,,,,
0,2,,,,,
0,3,,,,,
0,4,,,,,
0,Aggregated,,,,,
0,Centralized,,,,,
1,0,0.0585819242413054,0.05998486302887096,0.05800967289374582,0.05988948780427774,0.060477122252578216
1,1,0.059640281572275994,0.0608801594919885,0.05870498904723221,0.060917078933766536,0.06134165251421397
1,2,0.05908464397351649,0.060253759629821095,0.05802936326269417,0.0602291466686357,0.06089677324078858
1,3,0.059736272120898874,0.061243815993502156,0.05884712889807765,0.06149302222550393,0.06193605552684041
1,4,0.03481691919191916,0.035510407101316206,0.034063647842056934,0.03567780073461894,0.09360317187021731
1,Aggregated,0.05331198670316779,0.05448698251298949,0.05247569696631097,0.054559146693483815,0.06905774531165615
1,Centralized,0.05331198670316779,0.05448698251298949,0.05247569696631097,0.054559146693483815,0.06905774531165615
2,0,0.0021074848014964918,0.0017013709419380445,-0.0002707425730389494,0.0015321568337886653,0.0031996849540968375
2,1,0.0022828521499421365,0.0018736616702355435,-0.00032919835585418965,0.0015229269733441464,0.00321506805483767
2,2,0.0020816411922518338,0.0015709222476555965,-0.00024736025991288583,0.001404784759654428,0.002869255950183349
2,3,0.002057643555096091,0.0017992074626498266,-0.0004436486253660887,0.0014115533239804023,0.0029283270570282555
2,4,-0.02837369911233547,-0.03796535430058158,-0.03374464340373431,-0.03866840756045301,0.14440522650749915
2,Aggregated,-0.005291729519340005,-0.00792572210738028,-0.008456478015531569,-0.00829992830139486,0.03745332607035779
2,Centralized,-0.005291729519340005,-0.00792572210738028,-0.008456478015531569,-0.00829992830139486,0.03745332607035779
3,0,-0.00047749144699599976,0.0010331290457554875,0.0015284648896108754,-0.001425090452632355,0.001150040611385935
3,1,-0.0005808658839745129,0.0009297546087769837,0.0011943439415196045,-0.0014084767038322287,0.0012312633832976595
3,2,-0.000635014398582299,0.000900219055354549,0.0010109773806886676,-0.0013426370326614034,0.001026360481429526
3,3,-0.0005784045878559648,0.0008429939205985911,0.0011968052376381524,-0.0013383297644539364,0.0009845184474144176
3,4,-0.007860805019895938,-0.008001893939393935,-0.0054742500765227855,-0.01193086164677072,0.19192827900214257
3,Aggregated,-0.00234277520159412,-0.0012463452334394887,-0.0003995800510270708,-0.003946682309998708,0.04753955062666444
3,Centralized,-0.00234277520159412,-0.0012463452334394887,-0.0003995800510270708,-0.003946682309998708,0.04753955062666444
4,0,-0.0007383888355608029,0.0009599054862290402,-0.0007722316571906659,-0.002778187993797541,-6.768564325975353e-05
4,1,-0.0008109970710575953,0.0010072854365108686,-0.0006325531024637509,-0.0027308080435157036,2.89202293928148e-05
4,2,-0.0006596273597676524,0.0007863841098722827,-0.000610401437396931,-0.0021456348913337603,-0.0003242757636171138
4,3,-0.000561790839055848,0.001019591917103548,-0.0006510128233527794,-0.002616973098033426,-0.00010645105712669781
4,4,-0.03782283057851237,-0.03496039944903583,-0.03414734465870826,-0.03418799739822465,0.1791695362718091
4,Aggregated,-0.009728895469020647,-0.0077944298564165924,-0.008814621859694219,-0.010263143192357122,0.043514884444196114
4,Centralized,-0.009728895469020647,-0.0077944298564165924,-0.008814621859694219,-0.010263143192357122,0.043514884444196114
5,0,0.001243569863890326,-0.0002855103497501843,0.002240394791897421,0.0009297546087770022,0.0012251101430013215
5,1,0.0007162371704939718,-0.0002528981761795612,0.002076103275985112,0.0006393216667897254,0.0014361662851657612
5,2,0.0008577616973097983,-0.0004405720052179448,0.002008417632725377,0.0009377538211622276,0.0009931329838293054
5,3,0.0007063919860198387,-0.00023813039946836146,0.0020201087892884402,0.0006387063427600759,0.0013770951783208787
5,4,-0.04108700642791551,-0.04303116391184565,-0.04134766222834404,-0.04354051882460972,0.16975244872972145
5,Aggregated,-0.009332574445499722,-0.010702529936495534,-0.008484063355494733,-0.010001257053466677,0.04226365066949737
5,Centralized,-0.009332574445499722,-0.010702529936495534,-0.008484063355494733,-0.010001257053466677,0.04226365066949737
6,0,7.383888355605253e-05,-0.0006891629131900649,0.00019690368948288388,0.0007353122154126368,0.00023689975140906612
6,1,0.0002615127125944435,-0.0005291786654852267,4.9225922370699225e-05,0.0007199291146717672,0.00023689975140908277
6,2,6.276305102266474e-05,-0.0009371384971325947,0.0002504368800610298,0.0010257451573998876,0.0005580988948780526
6,3,0.00010522040906740434,-0.0006793177287159372,0.0003513500209210115,0.0010251298333702344,0.00023136183514238146
6,4,-0.03848810070400989,-0.0420129323538415,-0.03994442531374351,-0.042436199112335496,0.16862086776859497
6,Aggregated,-0.009271467679758652,-0.010760726856248919,-0.009560706370933175,-0.009664296888094292,0.041275466972084104
6,Centralized,-0.009271467679758652,-0.010760726856248919,-0.009560706370933175,-0.009664296888094292,0.041275466972084104
7,0,-0.00012491077801568735,-0.0019093504639543255,-0.00012183415786752305,0.0013549435132540735,0.0006165546776932707
7,1,-0.00012429545398608965,-0.0019271948608137134,-0.00018890447709763263,0.0015555391469147769,0.0005740973196485218
7,2,-0.00030643136675774046,-0.0018693544020281043,-0.00010645105712669967,0.001579536784070477,0.0004811833911737932
7,3,1.5383100740888147e-05,-0.0018828915306800512,-0.00015998424770481966,0.0014213985084545763,0.000679933052745572
7,4,-0.047458964646464666,-0.0571725780532599,-0.04598350933578202,-0.0016815886134067925,0.15608451943679214
7,Aggregated,-0.01165207087919253,-0.015349321191127984,-0.01129997951468425,0.0007089548764362908,0.03843045235301788
7,Centralized,-0.01165207087919253,-0.015349321191127984,-0.01129997951468425,0.0007089548764362908,0.03843045235301788
8,0,0.0010343596938147477,0.0009820571512958712,-0.000805459154790894,8.676068817838334e-05,-0.0001532156833788767
8,1,0.0009506756257845546,0.0009445223854882168,-0.0007383888355608048,0.00016613748800119453,-0.00010460508503776408
8,2,0.0012927957862610398,0.0010282064535184468,-0.0011685003322749576,3.445814565950685e-05,-5.537916266721658e-06
8,3,0.0011451180191488775,0.0009512909498141653,-0.0010331290457554858,0.00015752295158629379,-7.630017967461915e-05
8,4,-0.016152529078665424,-0.049676691153963795,-0.04940647000306088,-0.04450183654729113,0.16039753596571785
8,Aggregated,-0.003094330223289954,-0.011350727228709234,-0.012732322103655703,-0.010746061232471075,0.038970985343687765
8,Centralized,-0.003094330223289954,-0.011350727228709234,-0.012732322103655703,-0.010746061232471075,0.038970985343687765
9,0,0.000207364197986674,-0.0011401954269117905,0.0003088926628762719,0.0010903541805114677,5.0456570429979754e-05
9,1,7.076226340789193e-05,-0.0010091314085997596,0.0002892022939279926,0.0008860666026729506,-0.00016306086785302097
9,2,6.768564325971467e-05,-0.0014460114696399184,0.0006276305102266733,0.001101430013044837,-0.00031381525511333476
9,3,4.1226709985477576e-05,-0.0011494252873563296,0.00041042112776587905,0.0010195919171035498,-0.0002110561421644397
9,4,-0.038648798591980435,-0.04658325681052951,-0.05369509488827672,0.006038127486991131,0.13059333868992962
9,Aggregated,-0.009332574445499769,-0.012234272864405852,-0.01275804514218672,0.0022445388010503367,0.03166133582881722
9,Centralized,-0.009332574445499769,-0.012234272864405852,-0.01275804514218672,0.0022445388010503367,0.03166133582881722
10,0,0.0008091510989687227,0.0013075635629722564,-0.0007230057348199704,0.0007506953161534806,-0.0015906126166039148
10,1,0.0007223904107903208,0.0012638755568682473,-0.0005697900514410752,0.0006485515272342294,-0.001769671909227394
10,2,0.001055896034851972,0.0016189175219670762,-0.000608555465308036,0.0010282064535184284,-0.0015069285485736605
10,3,0.0009229860444510056,0.0014337049890472057,-0.0006153240296340068,0.0008768367422284392,-0.0016213788180856317
10,4,-0.014255241812060022,-0.04713374273033359,-0.05049118074686259,0.038256140955004556,0.08068325298438934
10,Aggregated,-0.0028052079259548723,-0.010406889584148078,-0.012763864834162052,0.00993526174646629,0.01840815129336837
10,Centralized,-0.0028052079259548723,-0.010406889584148078,-0.012763864834162052,0.00993526174646629,0.01840815129336837
11,0,0.0006774717566270627,-0.002029953973762588,0.0024865244037510243,-0.002759112948878852,0.0009974402520367242
11,1,0.000800536562553833,-0.0015376947500553703,0.0023388466366388544,-0.0025283664377661274,0.0009266779886288101
11,2,0.00037042506583964685,-0.0017186000147677665,0.002201014054000842,-0.002663122400255985,0.0008134583671761397
11,3,0.0006830096728937603,-0.00200595633660684,0.002292082010386681,-0.0027720347535011773,0.000916832804154701
11,4,0.009989095500459148,-0.0593860001530456,-0.043194253137434864,0.01455894168962351,0.07699915824915825
11,Aggregated,0.002909845987671563,-0.015831890049723445,-0.008749324915730852,0.001514865821181797,0.019430205598078103
11,Centralized,0.002909845987671563,-0.015831890049723445,-0.008749324915730852,0.001514865821181797,0.019430205598078103
12,0,-0.0004251889044770807,0.000245514287823978,0.000547023062344626,0.00018705850500873588,-0.00014829309114179346
12,1,-0.0005002584360924397,0.00020736419798668323,0.0007273130030274133,0.00019198109724581544,-0.0005894804203893896
12,2,-0.0005968643087449636,0.0005137955647443959,0.0005199488050407337,9.845184474142806e-05,-0.0002399763715572656
12,3,-0.0003070466907874029,0.0004897979275886514,0.0006867016170715186,4.984124640034134e-05,-0.0003285830318245623
12,4,-0.05871881695745333,-0.052030245638200155,0.005031852617079868,-0.014247111264156707,0.12292001453933281
12,Aggregated,-0.014636176136469467,-0.012386865187999346,0.0016938795463433446,-0.0033675065646125582,0.02966739296422518
12,Centralized,-0.014636176136469467,-0.012386865187999346,0.0016938795463433446,-0.0033675065646125582,0.02966739296422518
13,0,-1.04605085037901e-05,-0.000638091018730456,0.0008263801717984649,0.0003987299712028399,-9.660587265253873e-05
13,1,-0.00012675675010460444,-0.00036980974181005655,0.0012023431539048464,0.00018705850500873775,-0.0003390435403283487
13,2,1.7844396859388136e-05,-0.0002867409978094334,0.0013992468433877525,0.0004116517758251781,-0.00032366043958748835
13,3,-0.00019136577321617146,-0.0003021240985502993,0.0012054197740530236,0.00037165571389895143,-0.00038211622240271007
13,4,0.006366697275788182,-0.08101517064585244,-0.029123144322007948,0.0027342554331190854,0.10172606749311291
13,Aggregated,0.0014906559025643677,-0.020018343669106282,-0.006211124457604694,0.000924399873363498,0.02454070990930594
13,Centralized,0.0014906559025643677,-0.020018343669106282,-0.006211124457604694,0.000924399873363498,0.02454070990930594
14,0,0.0009402151172807516,-0.0009088335917694386,0.0002848950257205422,0.0009340618769844229,-0.0008073051268798408
14,1,0.0010774323758891628,-0.000482414039233046,-0.00011321962145265374,0.0007266976789977563,-0.0009869797435329453
14,2,0.0010946614487188791,-0.0007913067021093382,0.0001562923035270077,0.0009469836816066964,-0.0010005168721848904
14,3,0.0011438873710896192,-0.0007605405006276304,8.245341997095331e-05,0.0008823746584951535,-0.0009789805311477126
14,4,-0.04819310529537806,-0.06403810835629013,-0.06204851545760636,-0.002929866850321394,0.1540805785123967
14,Aggregated,-0.010923445443879513,-0.016141381268972195,-0.01502283647131124,-5.284280313610316e-05,0.03678406149319329
14,Centralized,-0.010923445443879513,-0.016141381268972195,-0.01502283647131124,-5.284280313610316e-05,0.03678406149319329
15,0,0.0004147283959733313,-0.0006436289349971794,-0.0011881907012232702,0.0009562135420512671,1.7844396859414042e-05
15,1,4.061138595583917e-05,-0.00015321568337890075,-0.0009100642398286988,0.0012343400034458016,9.845184474122082e-06
15,2,0.00018213591277164523,-0.0001962883654532399,-0.0007531566122719879,0.000855915725220896,-0.00016244554382336776
15,3,-8.122277191166538e-05,-0.0005181028329518204,-0.0011888060252528698,0.0013370991163946893,-6.583967117082534e-05
15,4,-0.03864927685950413,-0.03835753367003366,-0.03893623737373731,-0.039818640955004606,0.17952201943679222
15,Aggregated,-0.009300682533474876,-0.009620765592118719,-0.010239980818295247,-0.008861295789336452,0.0436515308117772
15,Centralized,-0.009300682533474876,-0.009620765592118719,-0.010239980818295247,-0.008861295789336452,0.0436515308117772
16,0,0.0005297939895148892,0.00025905141647589354,0.0020957936449334264,0.00024982155603142837,0.00044672524551427707
16,1,0.0010208225651628137,-0.00010829702921555014,0.002309926407246073,-0.00032058381943932216,0.0006423982869379286
16,2,0.0005470230623446297,8.860666026729673e-05,0.0027160402668045093,0.0004547244578995339,0.00018090526471241098
16,3,0.0009599054862290346,-0.00014460114696395927,0.0023905338551281205,4.3072682074368764e-05,0.0008122277191168703
16,4,0.001789198806244265,-0.010284664830119358,-0.00873268671564126,-0.0071974479644934175,0.028988272880318335
16,Aggregated,0.0010137903421047923,-0.0024850084734715154,-0.0003259027506192336,-0.0016708335661209772,0.007448623759241655
16,Centralized,0.0010137903421047923,-0.0024850084734715154,-0.0003259027506192336,-0.0016708335661209772,0.007448623759241655
17,0,-0.00012798739816389238,0.00022582391887566907,0.00019813433754211628,0.0002196706785793312,-0.0002202860026090066
17,1,-1.107583253341926e-05,0.00011814221368970368,-4.18420340151271e-05,0.00016121489576410576,0.0002165940584311743
17,2,0.0002042875778384708,2.8920229392790744e-05,5.0456570429977904e-05,0.00024120701961653502,-0.0002664353048315286
17,3,-7.506953161535158e-05,0.00037719363016565274,0.00011875753771936985,0.0003402741883875885,1.415245268158912e-05
17,4,-0.04210284664830121,-0.009248259106213658,0.00046057162534436186,0.005766949801040718,0.04716100397918577
17,Aggregated,-0.010248244780900253,-0.0021088235841853526,0.0001736596085442225,0.0015855168817624924,0.011428943888857844
17,Centralized,-0.010248244780900253,-0.0021088235841853526,0.0001736596085442225,0.0015855168817624924,0.011428943888857844
18,0,0.0016712200644859565,-0.0005008737601220781,-0.00025166752812029735,-0.00016552216397153948,-0.0004208816362696303
18,1,0.001492776095892103,-0.0005839425041226624,-0.0003285830318245808,-5.537916266708705e-06,-0.0002793571094538224
18,2,0.0018490487090502088,-0.000593787688596803,-0.0004922592237071866,-0.00011691156563045646,-0.00027689581333526875
18,3,0.001563538359299993,-0.0005962489847153289,-0.00030397007063917385,-9.168328041547583e-05,-0.00016552216397154872
18,4,0.0059324303642485695,-0.03687968702173246,0.001503673094582192,-0.006844486531986516,0.03588632537496174
18,Aggregated,0.0026877665418924596,-0.009405553382870547,0.00010556921243272307,-0.001737527236158439,0.008517351993593662
18,Centralized,0.0026877665418924596,-0.009405553382870547,0.00010556921243272307,-0.001737527236158439,0.008517351993593662
19,0,1.5383100740849292e-05,0.0012583376406015516,-0.0011568091757118981,-0.0003876541386694521,-0.0006891629131900908
19,1,-0.0001058357330970483,0.0013678653178764212,-0.0014872381796254034,-0.00044734056954390624,-0.0003611952053951576
19,2,-0.000255974796327757,0.0014700091067956019,-0.0009974402520367151,-0.0004959511678850355,-0.0005697900514411085
19,3,-0.000585173152181943,0.001300794998646293,-0.0015173890570774396,-0.0006128627335154772,-0.0007266976789977879
19,4,-0.007634106213651665,-0.01212264692378328,-0.015470519589837806,-0.005290595347413542,0.04289964034282214
19,Aggregated,-0.002034098739221903,-0.0019293442836657514,-0.004740837476954015,-0.0016552367916270868,0.0099963685122074
19,Centralized,-0.002034098739221903,-0.0019293442836657514,-0.004740837476954015,-0.0016552367916270868,0.0099963685122074
20,0,0.000618400649782197,-0.0003015087745206794,0.00030150877452066275,0.00012614142607495494,0.00021536341037190488
20,1,0.0009599054862290494,-0.0002553594722981371,0.0006399369908193601,0.00016613748800116865,0.00037227103792855654
20,2,0.0007297742991459281,-0.00011629624160082915,0.00044057200521794665,0.00036365650151370016,0.00031750719929114307
20,3,0.0009642127544364757,0.00022890053902384632,0.000435034088951262,0.00019198109724580988,0.0008011518865834806
20,4,-0.007089359504132239,0.0005987909397000612,-0.000859925007652255,-0.058077460208142036,0.055613904193449665
20,Aggregated,-0.0011063234445127283,6.168873493862895e-05,0.00013443488463040035,-0.013973662401996403,0.01385726856248953
20,Centralized,-0.0011063234445127283,6.168873493862895e-05,0.00013443488463040035,-0.013973662401996403,0.01385726856248953
21,0,-6.399369908193231e-05,0.0008743754461099392,0.0007451573998867885,-0.0002701272490093295,-0.0010638952472371917
21,1,-0.0005562529227891281,0.00111435181766719,0.0008712988259617656,-0.00010091314085996875,-0.001771517881316296
21,2,-0.00014952373920105178,0.0011888060252529013,0.0008442245686578605,-0.0002325924832016361,-0.0015032366043958541
21,3,-0.0002442836397646993,0.0009771345590587972,0.0007586945285387152,-0.0003150459031725894,-0.0016564522877747438
21,4,0.004967764768901138,-0.05113062442607903,0.004623412151821263,-0.024687213039485786,0.06984236302418122
21,Aggregated,0.0010171657634504597,-0.01165754138964934,0.0017341518148127658,-0.0061817932100489935,0.01586319999255078
21,Centralized,0.0010171657634504597,-0.01165754138964934,0.0017341518148127658,-0.0061817932100489935,0.01586319999255078
22,0,0.0004153437200029327,-0.000295355534224336,0.00047687612296634836,0.0006368603706711699,-0.0009014497034138147
22,1,0.000579635235915236,-0.00018336656083095537,0.0006565507396194548,0.0009242166925102583,-0.0009802111792069819
22,2,0.0006430136109675263,-0.0002922789140761439,0.0006337837505230425,0.0008399173004504212,-0.001344483004750326
22,3,0.0005168721848925269,-3.999606192623036e-05,0.0004153437200029475,0.0008368406803022347,-0.0008429939205986041
22,4,0.0025228611876338997,-0.049605907560453036,-0.0011478420569329831,0.0020732897153351543,0.05120810376492192
22,Aggregated,0.0010215887293517486,-0.012225776114121805,0.00013350373391441222,0.0011170316777473618,0.01169257593534089
22,Centralized,0.0010215887293517486,-0.012225776114121805,0.00013350373391441222,0.0011170316777473618,0.01169257593534089
23,0,-0.000392576730906478,0.0007611558246572651,-0.001044820202318523,-0.0007063919860198294,0.000570405375470745
23,1,-0.0001082970292155668,0.0008916045189397019,-0.0014896994757439127,-0.0012343400034458033,0.0007593098525683777
23,2,-0.0003882694626990646,0.0009931329838292627,-0.001455856654114059,-0.0009728272908513653,0.00023628442737944622
23,3,-9.968249280068638e-05,0.0009371384971326187,-0.001705678210145443,-0.0012749513894016443,0.0004817987152034316
23,4,-0.001988158096112615,-0.06345510024487296,-0.022398224670951924,0.009911137894092474,0.07597901362105901
23,Aggregated,-0.0006708940909175787,-0.01476502411680356,-0.006528414064100415,0.0016197366705774892,0.018878033223457536
23,Centralized,-0.0006708940909175787,-0.01476502411680356,-0.006528414064100415,0.0016197366705774892,0.018878033223457536
24,0,-3.876541386693133e-05,0.0002442836397646938,0.0002873563218390681,0.0006473208791749582,0.00044734056954388033
24,1,0.0001538310074084929,0.00042765020059563436,0.0001476777671121828,0.000710699254227278,0.00029535553422430083
24,2,0.00011568091757121849,0.00025105220409069783,0.0005833271800930351,0.0006017869009820672,0.00044180265327722716
24,3,3.753476580768041e-05,0.0007759236013684741,0.0001852125329198447,0.000745157399886757,0.00036057988136551554
24,4,0.00876903504744413,-0.03130021808999084,-0.016514577594123062,-0.019097222222222196,0.06184477349250073
24,Aggregated,0.0021848287613833377,-0.007296031435648173,-0.003791412928096527,-0.004135938693036864,0.01534315231763415
24,Centralized,0.0021848287613833377,-0.007296031435648173,-0.003791412928096527,-0.004135938693036864,0.01534315231763415
25,0,0.0008571463732801709,0.00023566910334984296,-0.0007734623052499279,-0.0006842403209530057,0.00032796770779494795
25,1,0.0011168131137857121,3.6919441778014246e-05,-0.00011383494548232361,-0.0014398582293435546,0.00036304117748406914
25,2,0.0009149868320657395,0.0005457924142853658,-0.0005125649166851265,-0.0009525215978734273,4.307268207448533e-06
25,3,0.0011605011198897286,0.00016675281203080706,-0.0002085948460459323,-0.0013069482389426253,0.00018828915306802197
25,4,-0.0392667202326294,0.0012281910009182809,0.0008599250076522772,-0.0032436103458830636,0.039073500153045636
25,Aggregated,-0.008790179153397778,0.00048524591690408313,-9.497737303762651e-05,-0.0016185727321824403,0.009676285453563499
25,Centralized,-0.008790179153397778,0.00048524591690408313,-9.497737303762651e-05,-0.0016185727321824403,0.009676285453563499
26,0,0.00036488714957297883,0.00029412488616506103,-0.0016226094661448828,0.00027566516527603816,0.0005033350562406132
26,1,0.0002215166506682372,0.00020613354992741564,-0.0016490683994191124,0.00014152452681580793,0.0007106992542272687
26,2,0.0005494843584631278,2.0305692977932537e-05,-0.0019856506436289334,0.0004879519554997584,0.0004110364517955119
26,3,0.0002873563218390866,0.00044426394939575307,-0.00184781806099093,0.00035811858524700444,0.0006842403209530316
26,4,-0.003147478573614937,0.001553891184573003,-0.014006542699724516,-0.005634469696969702,0.02522335093357818
26,Aggregated,-0.0004967689070152937,0.0005606691249045652,-0.004752709648583734,-0.0011322792707227616,0.006575320781421693
26,Centralized,-0.0004967689070152937,0.0005606691249045652,-0.004752709648583734,-0.0011322792707227616,0.006575320781421693
27,0,0.0002485909079721053,0.000140909202786188,0.0003070466907873659,-8.368406803025974e-05,-0.00020674887395704482
27,1,0.0003168918752615176,0.0003691944177803941,0.0002799724334834811,-3.999606192623591e-05,-0.00026151271259444535
27,2,0.0001956730414236052,0.00029720150631323085,0.00012183415786754156,1.8459720889115368e-06,0.0001956730414236422
27,3,3.0150877452052766e-05,0.00017782864456423556,0.00027320386915746786,-4.6764626252193686e-05,-0.0002867409978094537
27,4,-0.005546946740128565,-0.034338651668197114,0.0067182239057239,0.007947371441689631,0.02622436486072848
27,Aggregated,-0.0012002532729947538,-0.008170498351863198,0.0018207488314058587,0.0019022245190606505,0.006276305007728574
27,Centralized,-0.0012002532729947538,-0.008170498351863198,0.0018207488314058587,0.0019022245190606505,0.006276305007728574
28,0,-0.00018582785694944056,-0.00042888084865488343,0.00038642349061015677,0.0002910482660168782,-0.0008011518865834769
28,1,-0.00021536341037191228,-0.0007168524945236102,0.0005291786654852564,0.0002861256737798227,-0.0010275911294887882
28,2,-0.00040426788746955047,-0.0004719535307292947,0.0004848753353515811,0.00016490683994190106,-0.000991902335770034
28,3,-0.0004904132516182954,-0.0005304093135445054,0.000601786900982069,0.0004725688547589091,-0.0009026803514730805
28,4,0.017671506734006717,-0.056227999693908785,-0.035645756810529526,-0.01994901668197119,0.07854061447811445
28,Aggregated,0.004055510549937588,-0.014090289029182279,-0.008296203698530681,-0.0046251420004841965,0.01840978080712143
28,Centralized,0.004055510549937588,-0.014090289029182279,-0.008296203698530681,-0.0046251420004841965,0.01840978080712143
29,0,0.0009629821063772248,0.0010122080287479648,-0.0025720544438701236,0.000695316153486412,0.0007137758743754534
29,1,0.0008879125747618751,0.0010971227448374273,-0.002622511014300122,0.0008294567919466423,0.0008786827143173544
29,2,0.0008509931329838313,0.0012324940313569084,-0.002770188781412312,0.000734081567353384,0.0006171700017228998
29,3,0.0009482143296659991,0.001314332127298227,-0.002352999089320455,0.0008405326244800633,0.000985133771444054
29,4,-0.010672061524334241,-0.009782483930211194,-0.032614975512702794,0.0007059228650137528,0.06892121977349251
29,Aggregated,-0.001906763878801406,-0.0014999674097249283,-0.009889053392182037,0.000758073076708223,0.01737736745069558
29,Centralized,-0.001906763878801406,-0.0014999674097249283,-0.009889053392182037,0.000758073076708223,0.01737736745069558
30,0,-0.00021844003052007472,-8.306874400060468e-05,-0.0003415048364468783,0.00024612961185359604,0.0005445617662260705
30,1,-0.00019136577321618442,-4.6764626252184437e-05,-0.0003913460828472437,0.00036550247360259136,0.0005224101011592671
30,2,-0.00044980186566244694,0.0003162765512319088,-0.0005236407492185384,0.000448571217603196,0.000762386472716566
30,3,-0.00043811070909942075,5.414851460779358e-05,-0.0006042481971006079,0.00017106008023828705,0.0005217947771296195
30,4,0.0030853037955310635,-0.03057994719926537,-0.07180182506887052,0.0062323041016222975,0.08660755280073465
30,Aggregated,0.0005053820511387992,-0.007396595712982092,-0.01782606570199452,0.0017496321954671564,0.02152203568169545
30,Centralized,0.0005053820511387992,-0.007396595712982092,-0.01782606570199452,0.0017496321954671564,0.02152203568169545
31,0,-0.00016859878411972044,0.0003974993231435853,5.9071106844873116e-05,-0.0006823943488641034,0.00013598661054911959
31,1,-0.00030766201481700987,0.0004984124640035466,-0.0001292180462231285,-0.0005691747274114294,6.460902311158367e-05
31,2,-0.0003181225233208037,0.0004787220950552414,-0.00029043294198726014,-0.00042888084865492224,0.00041103645179552486
31,3,-0.0003402741883876126,0.0004904132516183232,-0.0003556572891284619,-0.0007310049472052013,0.0001981343375421866
31,4,0.010645278543005815,-0.032358145852464035,-0.016458142026323837,0.001878634833180278,0.04056808616467707
31,Aggregated,0.0023760638396930728,-0.0075220682719705076,-0.004140827234296127,1.0475445555398663e-06,0.010026048941281614
31,Centralized,0.0023760638396930728,-0.0075220682719705076,-0.004140827234296127,1.0475445555398663e-06,0.010026048941281614
32,0,-7.999212385225347e-06,0.00018275123680129476,0.00019198109724579692,0.0002381303994683633,-0.00012491077801570955
32,1,2.0305692977925134e-05,0.00033104432794309375,0.00030643136675773304,0.00022643924290529453,-0.0002196706785793349
32,2,0.00015567697949738779,0.00017413670038644765,0.0001249107780156707,0.00026335868468336057,-0.00016429151591229225
32,3,0.00017598267247532403,0.00023136183514235558,0.00038211622240268416,0.0004067291835880634,-0.0003101233109355524
32,4,-0.0024692952249770416,-0.028140304560759097,0.010252620906029979,0.0036477464034282204,0.02000927838996019
32,Aggregated,-0.0005358772370895992,-0.006674488332681547,0.002685322271262806,0.0011023660539695058,0.004714648863064957
32,Centralized,-0.0005358772370895992,-0.006674488332681547,0.002685322271262806,0.0011023660539695058,0.004714648863064957
33,0,-0.0006516281473824141,-0.0008762214181988433,0.000489797927588644,-0.00021167146619407624,0.0007328509192940869
33,1,-0.0010362056659036871,-0.0011777301927194856,0.0007266976789977638,-0.00022397794678677418,0.001120505057963526
33,2,-0.0006227079179896122,-0.0011611164439193744,0.0007340815673533822,-0.00031196928302442507,0.0009186787762435922
33,3,-0.000994978955918167,-0.001198035885697409,0.0008571463732801876,-0.00033350562406161965,0.000930985256836242
33,4,0.021577517600244858,-0.054407235231098854,-0.0476851851851852,-0.002986302418120575,0.07675763314967861
33,Aggregated,0.004625956757360764,-0.014075623405404388,-0.011073826284522392,-0.0009312671098943921,0.019380621822448183
33,Centralized,0.004625956757360764,-0.014075623405404388,-0.011073826284522392,-0.0009312671098943921,0.019380621822448183
34,0,-0.0004122670998547795,0.0003599645573358771,0.000353811317039567,0.0005291786654852378,-0.0006460902311157109
34,1,-0.0006313224544044889,0.0005808658839744962,0.000528563341455629,0.0006239385660488798,-0.0008066898028501875
34,2,-0.00033658224420979874,0.00040488321149915926,0.00033412094809126915,0.0003556572891284378,-0.0006104014373969587
34,3,-0.0003519653449506536,0.0003771936301656564,0.0003279677077949165,0.0006694725442418022,-0.000727313003027393
34,4,-0.005813341750841751,-0.011841903887358445,0.0021617692072237534,-0.0006169651056014524,0.02153399525558615
34,Aggregated,-0.0017424157774177458,-0.0025560087155707106,0.0008182486917332125,0.000261886138890427,0.004712786561632877
34,Centralized,-0.0017424157774177458,-0.0025560087155707106,0.0008182486917332125,0.000261886138890427,0.004712786561632877
35,0,-0.00010152846488963308,-0.00017229072829750465,0.00040303723941029397,-0.00012921804622313034,0.0005168721848925769
35,1,2.4612961185364415e-05,-0.00019998030963104633,0.00011383494548232361,-0.0001784439685938684,0.0007568485564498295
35,2,-0.00026212803662408005,-0.00025289817617958713,0.000257820768416687,7.937679982278715e-05,0.0005101036205666043
35,3,-0.00021413276231265025,-0.00020797952201630313,0.000142755174875094,-0.00011568091757120739,0.0008380713283615041
35,4,-0.019637664524028164,0.0016069788797061298,-0.012353650137741066,0.006404002142638484,0.024066421793694528
35,Aggregated,-0.004883769111868433,0.00023348604205077338,-0.0028329096597575227,0.00149344935471258,0.006352892154124072
35,Centralized,-0.004883769111868433,0.00023348604205077338,-0.0028329096597575227,0.00149344935471258,0.006352892154124072
36,0,-0.00014521647099364026,3.015087745205832e-05,-0.00024982155603139324,3.322749760023188e-05,0.00011014300130446908
36,1,-0.00010214378891924558,-2.8304905363172685e-05,-0.00032058381943933696,2.4612961185443984e-06,0.00015321568337888224
36,2,7.260823549681087e-05,1.8459720889115368e-06,-0.0002658199808018828,-4.122670998546278e-05,0.00015875359964556874
36,3,-4.307268207417077e-06,0.00011260429742302089,-0.00021044081813482348,-4.7379950281819144e-05,7.568485564498443e-05
36,4,-0.02806952096724824,-0.05513228879706154,-0.00795837159473524,0.014230850168350167,0.07345710896847261
36,Aggregated,-0.00686502504795425,-0.013395301413486774,-0.0021347794103953894,0.0034532888243290925,0.017971092426020057
36,Centralized,-0.00686502504795425,-0.013395301413486774,-0.0021347794103953894,0.0034532888243290925,0.017971092426020057
37,0,9.168328041549064e-05,0.00023320780723128006,0.00011014300130450424,0.00031012331093553577,-0.0002282852149942079
37,1,0.0003802702503138263,0.00030950798690590844,0.00015260035934923274,0.0004264195525363557,-0.0006042481971006116
37,2,0.00033165965197271924,0.00027012724900934054,0.000122449481897167,0.000254744148268482,-0.00038826946269905166
37,3,0.0001255261020453276,0.00031012331093556537,0.00011937286174898976,0.0004885672795294098,-0.0007113145782568812
37,4,0.004811371288644032,-0.015311734771962045,-0.004732457147229855,-0.011102980563207817,0.031501090449954076
37,Aggregated,0.0013466767230944107,-0.003513930014712191,-0.0010562740935247652,-0.002422155800137806,0.007300803583067942
37,Centralized,0.0013466767230944107,-0.003513930014712191,-0.0010562740935247652,-0.002422155800137806,0.007300803583067942
38,0,0.00026335868468333465,-0.0002227472987275325,-0.00014890841517140412,0.00010029781683031184,0.00026643530483153597
38,1,0.00011506559354156527,-0.00040795983164732913,-0.00011260429742302828,0.00013044869428239606,0.00027504984124639603
38,2,0.0003390435403283487,-0.00021167146619412622,-0.00035319599300993415,0.00019444239336433022,-5.537916266701304e-06
38,3,0.00021536341037190488,-0.00023382313126092588,-0.00022766989096459727,0.0003230451155578499,-3.0766201481772596e-06
38,4,-0.012505260942760948,-0.013497666054484247,-0.0023994681665136463,-0.009678699877563538,0.03526888200183651
38,Aggregated,-0.002866896660893533,-0.0034884397638601794,-0.0007432910590908041,-0.0022139272212600147,0.00868402797176751
38,Centralized,-0.002866896660893533,-0.0034884397638601794,-0.0007432910590908041,-0.0022139272212600147,0.00868402797176751
39,0,-0.0005254867213074425,-0.0005101036205665562,-0.0002639740087129675,0.0011020453370745105,-0.0001347559624898446
39,1,-0.0006959314775160634,-0.00039442270299539693,-0.0001544463314381461,0.0008731447980506198,0.00011321962145262969
39,2,-0.0005076423244480303,-0.000239976371557236,-0.00025535947229810376,0.0011998818577862965,-0.0004553397819291723
39,3,-0.00032242979152823185,-0.00035934923330624977,-0.00027012724900931837,0.0012220335228531368,-0.00027012724900933686
39,4,0.0039165327517600435,-0.009809745179063366,0.013068181818181809,-0.05092162151821243,0.044234485001530446
39,Aggregated,0.0005650920908057984,-0.002671820585880019,0.0030017971208819733,-0.011560818109019162,0.01062384770098889
39,Centralized,0.0005650920908057984,-0.002671820585880019,0.0030017971208819733,-0.011560818109019162,0.01062384770098889
40,0,0.0005642521351743868,0.00023505377932018604,0.00031504590317260606,-0.0014355509611361412,-0.00026951192497969473
40,1,0.00045226316178098027,0.00024305299170544655,0.00038457751852126373,-0.0014306283688990636,-0.0003138152551133385
40,2,0.000588865096359753,0.00016429151591227376,0.0006134780575451045,-0.0013678653178763915,-0.000589480420389397
40,3,0.0005014890841517146,0.0003722710379285917,0.00044610992148462757,-0.0013752492062320098,-0.0007568485564498554
40,4,0.009689700030609144,-0.04532780456075912,0.012595175237220705,-0.002910257881848773,0.027301901591674317
40,Aggregated,0.002756671694880523,-0.010839292697916099,0.003398001750563347,-0.0017693027543438174,0.006279331247555745
40,Centralized,0.002756671694880523,-0.010839292697916099,0.003398001750563347,-0.0017693027543438174,0.006279331247555745
41,0,0.0025375962982106463,-0.0012251101430013048,-0.0002590514164758991,-0.0003021240985502919,0.0018699697260577241
41,1,0.0018976593073912658,-0.001068202515444631,-8.060744788203807e-05,-0.00019751901351251303,0.0015899972925742707
41,2,0.0023640749218538353,-0.0011001993649856138,-0.00027258854512785164,-0.00019567304142361445,0.0018995052794801737
41,3,0.0027584976248492543,-0.001213418986438249,-5.353319057813111e-05,-0.00024120701961651467,0.002109330773585392
41,4,-0.010035965717783901,-0.03571893174165903,-0.030369509488827707,0.02228535353535353,0.05424079813284357
41,Aggregated,-0.0006344628191518912,-0.009564198186118407,-0.007516830549192669,0.005246335921932351,0.014613130156247094
41,Centralized,-0.0006344628191518912,-0.009564198186118407,-0.007516830549192669,0.005246335921932351,0.014613130156247094
42,0,-0.0011241970021413454,0.0004356494129808634,-0.00035196534495065174,0.00019259642127543905,-0.0011088139014004683
42,1,-0.0012078810701715496,0.0005150262128036913,-0.0002325924832016694,0.0004719535307292799,-0.0008017672106131209
42,2,-0.0011660390361564355,0.0007691550370425126,-0.0003968839991139339,0.0001876738290383854,-0.0012029584779344718
42,3,-0.0013740185581727553,0.0003396588643579372,-0.0006171700017229294,0.0003365822442097729,-0.0010848162642447367
42,4,-0.04937777395163755,0.011271330731557993,-0.001551021579430669,-0.04723274410774415,0.0788266184573003
42,Aggregated,-0.012938455593422346,0.0031326237964876863,-0.0006798564165596044,-0.011269949904091475,0.018389528279047267
42,Centralized,-0.012938455593422346,0.0031326237964876863,-0.0006798564165596044,-0.011269949904091475,0.018389528279047267
43,0,0.0005341012577223007,0.0016078416894336608,-0.0024102242240763997,-0.0008165349873243559,0.002598513377144409
43,1,0.0007027000418420489,0.0010288217775480761,-0.002207782618326807,-0.0006110167614265342,0.0023056191390386136
43,2,0.0006300918063452158,0.001513081788870028,-0.002117329985970608,-0.0006282458342563265,0.0026329715228039082
43,3,0.0007506953161535065,0.0018705850500873866,-0.0024336065372024818,-0.0007322355952644466,0.0027228088311304723
43,4,-0.0037280953474135366,-0.018982438016528887,0.00033717860422403657,-0.00467984771962045,0.03775682966023876
43,Aggregated,-0.00041215058569380646,-0.00348087416429223,-0.001652326945639417,-0.0016662942063802478,0.011129462539806697
43,Centralized,-0.00041215058569380646,-0.00348087416429223,-0.001652326945639417,-0.0016662942063802478,0.011129462539806697
44,0,0.0010842009402151002,-0.0014109379999507601,0.0013918629550321046,-0.0004971818159442772,0.003567033399788322
44,1,0.0007094686061679882,-0.001271874769253517,0.001217110930616061,-0.0002627433606537092,0.003041546678480872
44,2,0.0006423982869379193,-0.0015081591966329467,0.0014853922075364753,-0.0006097861133672944,0.0032759851337714327
44,3,0.0005968643087449876,-0.0015229269733441797,0.0011691156563045757,-0.0002922789140761532,0.003298136798838273
44,4,0.002440599173553731,-0.04084739439853076,0.01574121900826447,-0.03242510330578511,0.03549127640036729
44,Aggregated,0.0011676629979328428,-0.011021681844423351,0.0048265033428310416,-0.008205532897554796,0.011130975659720274
44,Centralized,0.0011676629979328428,-0.011021681844423351,0.0048265033428310416,-0.008205532897554796,0.011130975659720274
45,0,-0.002053951610918281,-0.0009063722956508664,0.0008442245686578624,-0.001675527332693405,0.0014287823968101724
45,1,-0.0017555194565458084,-0.0008202269315021104,0.0006657806000640069,-0.0013586354574318912,0.0012749513894016683
45,2,-0.0020373378621181956,-0.0009420610893696575,0.0008546850771616192,-0.0013850943907061505,0.0011838834330158384
45,3,-0.0016909104334342229,-0.0011740382485416663,0.0009026803514730711,-0.001398631519358105,0.0014410888774028425
45,4,-0.00043665824915821715,-0.004133666207529851,-0.009987660697887984,-0.003753443526170795,0.03934563437404347
45,Aggregated,-0.001532092109428823,-0.0017328714825781521,-0.001812601262640362,-0.0020139626049872367,0.010583342644840489
45,Centralized,-0.001532092109428823,-0.0017328714825781521,-0.001812601262640362,-0.0020139626049872367,0.010583342644840489
46,0,-5.599448669667551e-05,0.0015500012306480626,-0.0011174284378153506,0.0003470427527135796,-0.006704570626892131
46,1,1.2306480592697937e-05,0.0014183218883063768,-0.0006676265721529,0.00038765413866940026,-0.006393216667897324
46,2,2.7074257303905113e-05,0.0015992271530187803,-0.0009236013684806514,0.0004178050161214845,-0.006843018533559788
46,3,-0.00017844396859386657,0.0016152255777892458,-0.0007876147579315374,0.00029843215437249846,-0.0069654680154569385
46,4,0.014293503213957752,0.0024468166513621123,-0.046532560453014994,0.008126243495561672,0.017418981481481473
46,Aggregated,0.00344164944037841,0.00176499618228206,-0.011985772017058693,0.002252104400618284,-0.0008503733914371481
46,Centralized,0.00344164944037841,0.00176499618228206,-0.011985772017058693,0.002252104400618284,-0.0008503733914371481
47,0,0.001177730192719484,-0.002846488961086896,0.0053588569740825485,-0.001283565925816523,-0.00026520465677225914
47,1,0.0011254276502005833,-0.002809569519308874,0.00484506140933816,-0.0008712988259617619,-0.00011137364936378105
47,2,0.0014577026262029705,-0.002791109798419866,0.005272711609933798,-0.0012066504221122968,-0.0002221319746978682
47,3,0.0014220138324842109,-0.003032932142066014,0.005283172118437568,-0.0013869403627950656,-0.0004393413571586735
47,4,-0.007350493572084457,-0.04740539868380774,0.007253405264768903,-0.008842688246097326,0.0312935223446587
47,Aggregated,-0.0008084716092146652,-0.013708400841760233,0.005692124327243604,-0.0030502169581168212,0.007419408905525467
47,Centralized,-0.0008084716092146652,-0.013708400841760233,0.005692124327243604,-0.0030502169581168212,0.007419408905525467
48,0,0.0027234241551600813,0.00372332570331535,0.0028403357207905746,0.0029572472864210406,-0.005303477811415491
48,1,0.002488985699869582,0.0033196731398754805,0.0024920623200177182,0.0027535750326121654,-0.0053317827167786765
48,2,0.0026791208250264652,0.0035898003888848117,0.0028021856309532597,0.002934480297324575,-0.005692362598144185
48,3,0.0028520268773536196,0.003965763370991162,0.0028089541952792544,0.0032304511555785414,-0.005842501661374857
48,4,0.012212082950719298,0.000200394092439532,5.930517294151505e-05,-0.003499005203550674,0.023884201867156403
48,Aggregated,0.005004236735758031,0.0028102128610536774,0.0020844972717284065,0.0013948637726502622,0.0016189219137009603
48,Centralized,0.005004236735758031,0.0028102128610536774,0.0020844972717284065,0.0013948637726502622,0.0016189219137009603
49,0,0.0004971818159442809,0.0010386669620222075,0.0001249107780156781,-0.0022040906741490228,0.0009863644195032939
49,1,0.00032058381943929993,0.0008682222058135828,0.0003205838194393277,-0.002066873415540634,0.001111275197518998
49,2,0.0005402544980186608,0.0010079007605404958,0.00046949223461074295,-0.002314848999483136,0.0008879125747618936
49,3,0.00044795589357355206,0.0010725097836520535,-1.9690368948301526e-05,-0.0022840827980014134,0.0008571463732801635
49,4,-0.03372790404040398,0.009163127486991137,0.018188035659626598,-0.029354147535965717,0.03527175160697891
49,Aggregated,-0.007866594036910821,0.0029842216511164568,0.004595694359088955,-0.008821605490064601,0.009310808797511949
49,Centralized,-0.007866594036910821,0.0029842216511164568,0.004595694359088955,-0.008821605490064601,0.009310808797511949
50,0,0.00027566516527603263,-0.002594821432966595,-2.2766989096441776e-05,0.0012694134731349727,0.0011094292254301141
50,1,0.0001513697112899855,-0.0019222722685766154,2.522828521500838e-05,0.0009912870117403864,0.0007174678185532634
50,2,0.00039503802702501684,-0.0024723719510694186,-0.000177213320534599,0.0011426567230303497,0.0008165349873243225
50,3,0.00034765807674321805,-0.0021167146619409717,-6.768564325974983e-05,0.001052204090674158,0.0005999409288931538
50,4,-0.0034253520048974787,-0.011292852770125514,-0.005986474594429133,0.0022421181512090734,0.01783124808692991
50,Aggregated,-0.0006123479896456137,-0.004470803769298106,-0.0015027608618731333,0.0013884621114773768,0.004953023446375018
50,Centralized,-0.0006123479896456137,-0.004470803769298106,-0.0015027608618731333,0.0013884621114773768,0.004953023446375018
