,BeforeLocalTraining,AfterLocalTraining,BeforeLocalPartialEvaluations,AfterLocalPartialEvaluations,BeforeEvaluation,AfterEvaluation
1,1786795238.184638,1786795238.2146232,1786795239.457186,1786795239.7010596,1786795239.7293055,1786795239.7339325
2,1786795240.005865,1786795240.0302818,1786795241.2561855,1786795241.4920146,1786795241.5189137,1786795241.523219
3,1786795241.7885401,1786795241.8133595,1786795242.9626312,1786795243.1982698,1786795243.2255208,1786795243.2301154
4,1786795243.4974632,1786795243.521665,1786795244.7399564,1786795244.9767551,1786795245.0041568,1786795245.0087676
5,1786795245.27379,1786795245.2991803,1786795246.5142064,1786795246.7575216,1786795246.7869287,1786795246.79134
6,1786795247.0499058,1786795247.0743017,1786795248.2882504,1786795248.5261638,1786795248.5563967,1786795248.5612068
7,1786795248.8173394,1786795248.8428814,1786795250.0601037,1786795250.303277,1786795250.3304074,1786795250.3352268
8,1786795250.6712897,1786795250.7096477,1786795252.7830787,1786795253.0564446,1786795253.0917428,1786795253.0980854
9,1786795253.3866909,1786795253.412357,1786795254.6494353,1786795254.896875,1786795254.9240913,1786795254.9287302
10,1786795255.183685,1786795255.206845,1786795256.357733,1786795256.5914135,1786795256.6181793,1786795256.6224408
11,1786795256.893305,1786795256.9171984,1786795258.1297805,1786795258.3628645,1786795258.3898566,1786795258.3942976
12,1786795258.6582582,1786795258.6835766,1786795259.9054587,1786795260.1480548,1786795260.1754646,1786795260.180298
13,1786795260.4382274,1786795260.4614017,1786795261.6803675,1786795261.922962,1786795261.9501157,1786795261.954393
14,1786795262.2160509,1786795262.2401237,1786795263.3918374,1786795263.6261601,1786795263.6594136,1786795263.6638331
15,1786795263.9279985,1786795263.952343,1786795265.1741185,1786795265.4120462,1786795265.4383042,1786795265.4429526
16,1786795265.8949382,1786795266.0164046,1786795267.8541732,1786795268.213753,1786795268.2406936,1786795268.2450683
17,1786795268.4178245,1786795268.4427214,1786795269.6828542,1786795269.9167752,1786795269.9433331,1786795269.9479244
18,1786795270.2209456,1786795270.2449598,1786795271.3922162,1786795271.6288066,1786795271.654941,1786795271.6597698
19,1786795271.9244883,1786795271.9528537,1786795273.175584,1786795273.4222553,1786795273.449925,1786795273.4541295
20,1786795273.7095196,1786795273.7330592,1786795274.947843,1786795275.1798935,1786795275.2095306,1786795275.2151828
21,1786795275.4911556,1786795275.5211244,1786795276.6622195,1786795276.8959405,1786795276.92312,1786795276.9280045
22,1786795277.206666,1786795277.2301753,1786795278.4393234,1786795278.6748414,1786795278.7020795,1786795278.7063603
23,1786795278.9712007,1786795279.001974,1786795280.2218375,1786795280.4617088,1786795280.4885483,1786795280.4927654
24,1786795281.2913773,1786795281.4655998,1786795283.0086262,1786795283.261025,1786795283.28754,1786795283.2925951
25,1786795283.6095185,1786795283.6332116,1786795284.8564692,1786795285.0925338,1786795285.1226861,1786795285.127121
26,1786795285.3904607,1786795285.4144592,1786795286.6330285,1786795286.8702736,1786795286.8970935,1786795286.9012463
27,1786795287.1681252,1786795287.1927516,1786795288.4108596,1786795288.6463912,1786795288.6732717,1786795288.6780972
28,1786795288.944035,1786795288.9678664,1786795290.1194248,1786795290.3555377,1786795290.3827164,1786795290.3872845
29,1786795290.6493669,1786795290.673923,1786795291.891367,1786795292.1331277,1786795292.1687818,1786795292.173081
30,1786795292.4312031,1786795292.4648821,1786795293.5983543,1786795293.8348072,1786795293.866806,1786795293.8716323
31,1786795294.137916,1786795294.1664805,1786795295.381861,1786795295.6351764,1786795295.6806924,1786795295.6892352
32,1786795296.3701484,1786795296.67916,1786795298.3299813,1786795298.5670812,1786795298.5937893,1786795298.5981622
33,1786795298.873546,1786795298.8978744,1786795300.1227834,1786795300.3589022,1786795300.3859978,1786795300.3907425
34,1786795300.6690361,1786795300.692619,1786795301.8477142,1786795302.0919697,1786795302.11937,1786795302.1235843
35,1786795302.382733,1786795302.4064968,1786795303.6220055,1786795303.856593,1786795303.8837192,1786795303.8879666
36,1786795304.1537304,1786795304.1784368,1786795305.3906224,1786795305.6273088,1786795305.6535962,1786795305.6582284
37,1786795305.9188948,1786795306.0486784,1786795307.1657748,1786795307.4000826,1786795307.4270265,1786795307.431359
38,1786795307.6994946,1786795307.7289133,1786795308.9600346,1786795309.1950636,1786795309.2215183,1786795309.2258694
39,1786795309.4928148,1786795309.5169308,1786795310.7281098,1786795311.9749331,1786795312.015647,1786795312.0240157
40,1786795312.15159,1786795312.2985122,1786795313.6787224,1786795313.9155414,1786795313.9423933,1786795313.947347
41,1786795314.227299,1786795314.2517767,1786795315.472471,1786795315.7088985,1786795315.735669,1786795315.7401197
42,1786795316.0017772,1786795316.025598,1786795317.2484462,1786795317.4849372,1786795317.5122168,1786795317.516528
43,1786795317.7810485,1786795317.8050537,,,,
