,BeforeLocalTraining,AfterLocalTraining,BeforeLocalPartialEvaluations,AfterLocalPartialEvaluations,BeforeEvaluation,AfterEvaluation
1,1786795238.1823158,1786795238.216473,1786795239.4605753,1786795239.7043748,1786795239.733676,1786795239.7389498
2,1786795240.0039754,1786795240.03384,1786795241.2556121,1786795241.4931824,1786795241.5197291,1786795241.5240548
3,1786795241.7885904,1786795241.8125968,1786795242.9637904,1786795243.198873,1786795243.226068,1786795243.2303412
4,1786795243.4962978,1786795243.5202157,1786795244.73959,1786795244.9803932,1786795245.007145,1786795245.0116487
5,1786795245.2749379,1786795245.2995005,1786795246.5136464,1786795246.7481754,1786795246.7749145,1786795246.7791464
6,1786795247.0507884,1786795247.0751584,1786795248.2882612,1786795248.5230784,1786795248.5506341,1786795248.5552197
7,1786795248.8168952,1786795248.8415675,1786795250.0595353,1786795250.299121,1786795250.3273094,1786795250.3317482
8,1786795250.6695542,1786795250.7117565,1786795252.7822347,1786795253.078783,1786795253.1153212,1786795253.1206064
9,1786795253.3862302,1786795253.412416,1786795254.6510851,1786795254.889415,1786795254.9167435,1786795254.9209867
10,1786795255.1850965,1786795255.2085173,1786795256.3574286,1786795256.591074,1786795256.6177428,1786795256.6220922
11,1786795256.8926737,1786795256.918219,1786795258.1284683,1786795258.36281,1786795258.389403,1786795258.3937504
12,1786795258.6592717,1786795258.6869543,1786795259.9067593,1786795260.14195,1786795260.1690404,1786795260.1733007
13,1786795260.4373882,1786795260.4623504,1786795261.6793253,1786795261.9143543,1786795261.9412284,1786795261.9454246
14,1786795262.2166295,1786795262.24078,1786795263.3913758,1786795263.6261892,1786795263.652777,1786795263.656986
15,1786795263.9287007,1786795263.962027,1786795265.1734324,1786795265.4102316,1786795265.437627,1786795265.4419086
16,1786795265.865214,1786795265.9565153,1786795267.853861,1786795268.098707,1786795268.12621,1786795268.1314936
17,1786795268.4176328,1786795268.4435534,1786795269.683051,1786795269.916089,1786795269.942572,1786795269.9469793
18,1786795270.22194,1786795270.2462938,1786795271.3911815,1786795271.624764,1786795271.6521938,1786795271.6567476
19,1786795271.9235215,1786795271.947349,1786795273.1750295,1786795273.4085784,1786795273.4357004,1786795273.4399226
20,1786795273.7098699,1786795273.739668,1786795274.9491146,1786795275.1840777,1786795275.2109811,1786795275.2152195
21,1786795275.489912,1786795275.5132983,1786795276.6606166,1786795276.895132,1786795276.9225242,1786795276.9268773
22,1786795277.2062585,1786795277.2300897,1786795278.439674,1786795278.6777942,1786795278.704964,1786795278.7095072
23,1786795278.9731047,1786795279.0092282,1786795280.2202363,1786795280.458779,1786795280.4851153,1786795280.4894006
24,1786795281.3270147,1786795281.4109242,1786795283.008465,1786795283.2953272,1786795283.3227935,1786795283.3272972
25,1786795283.6101208,1786795283.6340923,1786795284.8561354,1786795285.0941823,1786795285.1209106,1786795285.1252923
26,1786795285.3893778,1786795285.4192603,1786795286.6336782,1786795286.87123,1786795286.8977718,1786795286.9021273
27,1786795287.1670532,1786795287.1965728,1786795288.4104118,1786795288.6469612,1786795288.6754694,1786795288.6802297
28,1786795288.9446332,1786795288.9768717,1786795290.1197653,1786795290.3527257,1786795290.3795524,1786795290.3839512
29,1786795290.6487486,1786795290.6726897,1786795291.889546,1786795292.124938,1786795292.1513977,1786795292.1556187
30,1786795292.4321868,1786795292.4602575,1786795293.59833,1786795293.836437,1786795293.86481,1786795293.8691075
31,1786795294.1370304,1786795294.1613586,1786795295.3825188,1786795295.6392536,1786795295.68378,1786795295.691631
32,1786795296.303121,1786795296.4844754,1786795298.3291929,1786795298.5660791,1786795298.5932395,1786795298.5976644
33,1786795298.8740041,1786795298.8993003,1786795300.1287286,1786795300.3668423,1786795300.3945427,1786795300.39881
34,1786795300.6679873,1786795300.6926477,1786795301.8485515,1786795302.0900834,1786795302.1169293,1786795302.121323
35,1786795302.3830385,1786795302.406586,1786795303.6211603,1786795303.8555064,1786795303.8822105,1786795303.8864892
36,1786795304.153019,1786795304.1790533,1786795305.3899376,1786795305.6274009,1786795305.655039,1786795305.6593812
37,1786795305.9179256,1786795305.9413018,1786795307.165198,1786795307.4019659,1786795307.4299786,1786795307.4346535
38,1786795307.6993797,1786795307.7286894,1786795308.9585516,1786795309.2005653,1786795309.2276568,1786795309.23216
39,1786795309.4939463,1786795309.5178816,1786795310.7172403,1786795311.1890202,1786795311.2352073,1786795311.241628
40,1786795312.157843,1786795312.3796618,1786795313.6784399,1786795313.922098,1786795313.9560688,1786795313.9605236
41,1786795314.2285612,1786795314.2522318,1786795315.4732032,1786795315.7076306,1786795315.7341068,1786795315.7386823
42,1786795316.0052783,1786795316.0303714,1786795317.247257,1786795317.482279,1786795317.510155,1786795317.5144491
43,1786795317.7814863,1786795317.8058271,,,,
