,BeforeLocalTraining,AfterLocalTraining,BeforeLocalPartialEvaluations,AfterLocalPartialEvaluations,BeforeEvaluation,AfterEvaluation
1,1786791816.552284,1786791816.5825305,1786791817.8370466,1786791818.126927,1786791818.1556108,1786791818.1610382
2,1786791818.2177932,1786791818.2447357,1786791819.548824,1786791819.8405378,1786791819.8681629,1786791819.873242
3,1786791819.9256632,1786791819.9575222,1786791821.2374961,1786791821.5289795,1786791821.555524,1786791821.5606554
4,1786791821.6132808,1786791821.6398954,1786791822.8545861,1786791823.142169,1786791823.1694856,1786791823.1744702
5,1786791823.2397928,1786791823.2663455,1786791824.562172,1786791824.8656642,1786791824.8926635,1786791824.8978326
6,1786791824.9578953,1786791824.9842355,1786791826.195511,1786791826.4849384,1786791826.511879,1786791826.5168726
7,1786791826.5753534,1786791826.6015754,1786791827.8984144,1786791828.191126,1786791828.2180772,1786791828.2230506
8,1786791828.2821114,1786791828.3097467,1786791829.595544,1786791829.8849585,1786791829.9119585,1786791829.9172862
9,1786791829.9689455,1786791829.995459,1786791831.2136774,1786791831.5007107,1786791831.5271971,1786791831.5322325
10,1786791831.587959,1786791831.6168034,1786791832.8992333,1786791833.1874187,1786791833.2146583,1786791833.2198374
11,1786791833.2737436,1786791833.3010724,1786791834.5150638,1786791834.8072317,1786791834.8340113,1786791834.8391871
12,1786791834.8922856,1786791835.029927,1786791836.3144228,1786791836.6093183,1786791836.636982,1786791836.6421785
13,1786791836.7009218,1786791836.7294643,1786791838.0203698,1786791838.31346,1786791838.3407872,1786791838.3457794
14,1786791838.3986719,1786791838.4260578,1786791839.6458795,1786791839.937442,1786791839.964385,1786791839.9693418
15,1786791840.021892,1786791840.048204,1786791841.3353887,1786791841.6250365,1786791841.6525846,1786791841.6580582
16,1786791841.7658882,1786791841.7925713,1786791843.0732858,1786791843.3619945,1786791843.3887475,1786791843.3939495
17,1786791843.452887,1786791843.479529,1786791844.6848571,1786791844.9754448,1786791845.0031314,1786791845.0081935
18,1786791845.0610461,1786791845.0875847,1786791846.3662598,1786791846.6654532,1786791846.6926682,1786791846.6979063
19,1786791846.7492783,1786791846.775426,1786791847.9805057,1786791848.2739103,1786791848.3019042,1786791848.3070107
20,1786791848.3589954,1786791848.3852007,1786791849.6651585,1786791849.9593003,1786791849.9866867,1786791849.9916828
21,1786791850.0485282,1786791850.0758402,1786791851.359521,1786791851.651682,1786791851.6785696,1786791851.683816
22,1786791851.7366526,1786791851.7632031,1786791853.4049213,1786791853.7976336,1786791853.824497,1786791853.829606
23,1786791853.8914697,1786791853.9185815,1786791855.2308996,1786791855.5353627,1786791855.5620706,1786791855.5673056
24,1786791855.6219387,1786791855.6500795,1786791856.8794477,1786791857.173089,1786791857.2004569,1786791857.2060301
25,1786791857.2678852,1786791857.2950032,1786791858.7106977,1786791859.0080318,1786791859.0350597,1786791859.0407398
26,1786791859.1037943,1786791859.1302216,1786791860.4290159,1786791860.7179072,1786791860.7447767,1786791860.7499845
27,1786791860.8140478,1786791860.840631,1786791862.0611167,1786791862.3555353,1786791862.3831127,1786791862.3882189
28,1786791862.4429185,1786791862.469817,1786791863.7573729,1786791864.0626063,1786791864.089891,1786791864.0950427
29,1786791864.1491451,1786791864.175444,1786791865.468416,1786791865.757699,1786791865.7855957,1786791865.7907073
30,1786791865.8436992,1786791865.8712993,1786791867.101652,1786791867.3973823,1786791867.4279406,1786791867.4331017
31,1786791867.4860606,1786791867.512289,1786791869.1168787,1786791869.4185286,1786791869.4458039,1786791869.4512203
32,1786791869.5046484,1786791869.5347915,1786791870.7597356,1786791871.0677583,1786791871.0952783,1786791871.1006331
33,1786791871.1554875,1786791871.183328,1786791872.504294,1786791872.8941998,1786791872.9221685,1786791872.9274566
34,1786791873.0472248,1786791873.0755703,1786791874.405661,1786791874.6962967,1786791874.7234745,1786791874.7287538
35,1786791874.7905939,1786791874.818128,1786791876.0315077,1786791876.3222668,1786791876.3494809,1786791876.3548694
36,1786791876.4068718,1786791876.4332724,1786791877.731077,1786791878.023145,1786791878.0501142,1786791878.0551605
37,1786791878.1139295,1786791878.1411195,1786791879.355782,1786791879.651548,1786791879.6782846,1786791879.683522
38,1786791879.7437818,1786791879.7701833,1786791881.0575614,1786791881.3441563,1786791881.3712919,1786791881.3764422
39,1786791881.4434183,1786791881.4696052,1786791882.8244293,1786791883.2923238,1786791883.3394754,1786791883.349097
40,1786791883.5168009,1786791883.5469227,,,,
