,BeforeLocalTraining,AfterLocalTraining,BeforeLocalPartialEvaluations,AfterLocalPartialEvaluations,BeforeEvaluation,AfterEvaluation
1,1786791816.552203,1786791816.581567,1786791817.837809,1786791818.1193116,1786791818.1468766,1786791818.1520264
2,1786791818.2185051,1786791818.2462857,1786791819.54661,1786791819.8285599,1786791819.8550718,1786791819.859919
3,1786791819.9260893,1786791819.9522457,1786791821.2386994,1786791821.5221143,1786791821.5478134,1786791821.552644
4,1786791821.6139417,1786791821.6442666,1786791822.8522506,1786791823.1430922,1786791823.1699646,1786791823.17472
5,1786791823.2391992,1786791823.267755,1786791824.5614517,1786791824.8510537,1786791824.8776557,1786791824.8825903
6,1786791824.9583974,1786791824.9846525,1786791826.1962972,1786791826.4820046,1786791826.5084496,1786791826.5133328
7,1786791826.573653,1786791826.6000612,1786791827.8981903,1786791828.1760154,1786791828.2021916,1786791828.2069638
8,1786791828.2829013,1786791828.315123,1786791829.5945823,1786791829.87601,1786791829.9031227,1786791829.9080472
9,1786791829.9696844,1786791829.9960701,1786791831.2142034,1786791831.4932697,1786791831.5194135,1786791831.5242927
10,1786791831.5857267,1786791831.6130283,1786791832.8993044,1786791833.1801577,1786791833.2067542,1786791833.2118447
11,1786791833.2720609,1786791833.2989306,1786791834.515239,1786791834.7949278,1786791834.821166,1786791834.8260252
12,1786791834.8938334,1786791835.0339243,1786791836.315891,1786791836.5973976,1786791836.6236796,1786791836.628589
13,1786791836.7017915,1786791836.7288082,1786791838.0207174,1786791838.3083966,1786791838.334584,1786791838.3393817
14,1786791838.3973901,1786791838.424832,1786791839.6450589,1786791839.9289737,1786791839.9551961,1786791839.9599326
15,1786791840.0223134,1786791840.0491407,1786791841.3342986,1786791841.6220183,1786791841.648933,1786791841.6540318
16,1786791841.766388,1786791841.7935221,1786791843.0729086,1786791843.3624225,1786791843.3889773,1786791843.3938868
17,1786791843.45227,1786791843.4795878,1786791844.6838524,1786791844.964392,1786791844.991811,1786791844.9966533
18,1786791845.06141,1786791845.0885882,1786791846.3676965,1786791846.6484385,1786791846.6755097,1786791846.680615
19,1786791846.7506614,1786791846.781871,1786791847.9815454,1786791848.2612712,1786791848.2878067,1786791848.2927382
20,1786791848.3587213,1786791848.3851538,1786791849.6648533,1786791849.9452355,1786791849.9714587,1786791849.9763017
21,1786791850.047825,1786791850.074259,1786791851.3588803,1786791851.6471264,1786791851.6734319,1786791851.678453
22,1786791851.7355037,1786791851.7666047,1786791853.4035785,1786791853.7104933,1786791853.7370634,1786791853.7426522
23,1786791853.8920937,1786791853.9202893,1786791855.2296371,1786791855.53878,1786791855.5648742,1786791855.5698876
24,1786791855.6220055,1786791855.653604,1786791856.8785858,1786791857.1637566,1786791857.1904259,1786791857.1955385
25,1786791857.2688189,1786791857.2965333,1786791858.71242,1786791859.0129883,1786791859.0393915,1786791859.044452
26,1786791859.104309,1786791859.1308992,1786791860.427712,1786791860.7092373,1786791860.7355118,1786791860.740423
27,1786791860.8144376,1786791860.8409812,1786791862.0613694,1786791862.3471713,1786791862.3738856,1786791862.3787959
28,1786791862.4422376,1786791862.469431,1786791863.7564352,1786791864.0332909,1786791864.0596952,1786791864.0647783
29,1786791864.1487784,1786791864.1771739,1786791865.469581,1786791865.7543993,1786791865.7839568,1786791865.7893271
30,1786791865.84323,1786791865.8694777,1786791867.1023705,1786791867.387385,1786791867.4246132,1786791867.43013
31,1786791867.486685,1786791867.5126216,1786791869.1160738,1786791869.4012015,1786791869.427649,1786791869.4326549
32,1786791869.5053613,1786791869.5392492,1786791870.75941,1786791871.0462027,1786791871.0726128,1786791871.0779357
33,1786791871.152505,1786791871.1802704,1786791872.5045042,1786791872.94481,1786791872.9706075,1786791872.9753213
34,1786791873.045405,1786791873.073729,1786791874.4039338,1786791874.6834946,1786791874.7094815,1786791874.7143962
35,1786791874.7926877,1786791874.8218036,1786791876.0320406,1786791876.3096106,1786791876.3357272,1786791876.3407009
36,1786791876.4075317,1786791876.4342308,1786791877.7304454,1786791878.0066624,1786791878.0330179,1786791878.0379257
37,1786791878.112631,1786791878.139523,1786791879.354782,1786791879.6379564,1786791879.6642013,1786791879.669073
38,1786791879.7431011,1786791879.7706966,1786791881.0585196,1786791881.3349068,1786791881.361221,1786791881.3660831
39,1786791881.4426525,1786791881.469484,1786791882.8332255,1786791883.4316885,1786791883.4583535,1786791883.4632435
40,1786791883.5160792,1786791883.5490825,,,,
