,Global,0,1,2,3,4,5
0,0.00029592265491373837,0.0,0.0006885785842314363,0.0006892042001709342,0.000689288426656276,0.0006888322532176971,0.0006851063226349652
1,0.0002953789953608066,0.0006885785842314363,0.0,0.0006884464528411627,0.0006885306793265045,0.0006880745058879256,0.0006843485753051937
2,0.00029582783463411033,0.0006892042001709342,0.0006884464528411627,0.0,0.0006891562370583415,0.0006887001218274236,0.0006849741330370307
3,0.00029588828328996897,0.000689288426656276,0.0006885306793265045,0.0006891562370583415,0.0,0.0006887844065204263,0.0006850584177300334
4,0.000295561010716483,0.0006888322532176971,0.0006880745058879256,0.0006887001218274236,0.0006887844065204263,0.0,0.0006846023024991155
5,0.000291830045171082,0.0006851063226349652,0.0006843485753051937,0.0006849741330370307,0.0006850584177300334,0.0006846023024991155,0.0
