,BeforeLocalTraining,AfterLocalTraining,BeforeLocalPartialEvaluations,AfterLocalPartialEvaluations,BeforeEvaluation,AfterEvaluation
1,1784811439.1311908,1784811439.1531868,1784811439.7293787,1784811439.8495393,1784811439.8561573,1784811439.86035
2,1784811439.8886266,1784811439.9113507,1784811440.4054523,1784811440.5201075,1784811440.5265763,1784811440.5305784
3,1784811440.5587676,1784811440.579776,1784811441.0762696,1784811441.191179,1784811441.1975775,1784811441.2015314
4,1784811441.2319036,1784811441.2520416,1784811441.8323998,1784811441.94627,1784811441.9524417,1784811441.956384
5,1784811441.985931,1784811442.0062456,1784811442.5107336,1784811442.6246073,1784811442.630707,1784811442.6345983
6,1784811442.6633174,1784811442.6834154,1784811443.1776922,1784811443.2914605,1784811443.2976632,1784811443.3016324
7,1784811443.3377004,1784811443.3600333,1784811443.8508468,1784811443.9641876,1784811443.9703567,1784811443.974278
8,1784811444.003261,1784811444.023625,1784811444.518414,1784811444.633082,1784811444.639142,1784811444.6430469
9,1784811444.6705782,1784811444.6911967,1784811445.1820486,1784811445.3976767,1784811445.4036455,1784811445.407511
10,1784811445.4339406,1784811445.4567163,1784811446.0420115,1784811446.1578197,1784811446.1639135,1784811446.1678703
11,1784811446.1967378,1784811446.220344,1784811446.7074795,1784811446.8222237,1784811446.8283179,1784811446.8322642
12,1784811446.859722,1784811446.8799863,1784811447.3754334,1784811447.4954243,1784811447.5016549,1784811447.505637
13,1784811447.5445042,1784811447.5647063,1784811448.056868,1784811448.1719475,1784811448.1781344,1784811448.1820867
14,1784811448.2096863,1784811448.2318745,1784811448.7188506,1784811448.8327084,1784811448.8388774,1784811448.8429272
15,1784811448.8728197,1784811448.8934448,1784811449.3818977,1784811449.4962294,1784811449.5024428,1784811449.5064678
16,1784811449.5350034,1784811449.5564332,1784811450.1396077,1784811450.2536645,1784811450.2598162,1784811450.2637765
17,1784811450.29257,1784811450.3128953,1784811450.8089366,1784811450.9258542,1784811450.9319282,1784811450.9359188
18,1784811450.9692786,1784811450.990415,1784811451.490613,1784811451.604701,1784811451.6108403,1784811451.6148117
19,1784811451.6455953,1784811451.6671052,1784811452.1571844,1784811452.2709515,1784811452.2771895,1784811452.281184
20,1784811452.3085644,1784811452.328883,1784811452.822313,1784811452.937573,1784811452.943733,1784811452.947676
21,1784811452.974691,1784811452.9948432,1784811453.494782,1784811453.61013,1784811453.6163657,1784811453.6203356
22,1784811453.6472304,1784811453.6683345,1784811454.2364254,1784811454.4367466,1784811454.44317,1784811454.4471898
23,1784811454.4748194,1784811454.4954877,1784811454.9895484,1784811455.1054442,1784811455.1116977,1784811455.1156776
24,1784811455.1419883,1784811455.1619112,1784811455.736012,1784811455.8505523,1784811455.8567207,1784811455.860696
25,1784811455.8921764,1784811455.9131155,1784811456.4109502,1784811456.5259316,1784811456.5325534,1784811456.536636
26,1784811456.5644386,1784811456.5856729,1784811457.1640487,1784811457.2787907,1784811457.2849672,1784811457.2889516
27,1784811457.3191845,1784811457.3417847,,,,
