,BeforeEvaluation,BeforeSV,AfterSV,BeforeGradientRewards,AfterGradientRewards,AfterEvaluation
0,1786140268.2128177,,,,,
1,1786140277.5872312,1786140270.7235167,1786140277.201954,1786140277.2023945,1786140277.5863955,1786140277.6919765
2,1786140290.0921261,1786140283.074412,1786140289.7365866,1786140289.7367783,1786140290.0915174,1786140290.199509
3,1786140302.7622242,1786140295.6116993,1786140302.413176,1786140302.4133627,1786140302.761644,1786140302.9636009
4,1786140315.3219187,1786140308.424633,1786140314.9735515,1786140314.9737265,1786140315.3213391,1786140315.4240837
5,1786140327.8198473,1786140320.8489316,1786140327.472591,1786140327.472773,1786140327.8192642,1786140327.9212182
6,1786140340.4113348,1786140333.4499211,1786140339.9671528,1786140339.9673398,1786140340.4107535,1786140340.5117874
7,1786140353.0853646,1786140345.9722874,1786140352.725933,1786140352.726115,1786140353.0847638,1786140353.1870658
8,1786140365.4545944,1786140358.542925,1786140365.1086702,1786140365.1088476,1786140365.4540148,1786140365.5551343
9,1786140378.049299,1786140370.9892666,1786140377.7004397,1786140377.7006142,1786140378.048724,1786140378.149601
10,1786140391.115047,1786140383.800701,1786140390.6750896,1786140390.675272,1786140391.1143112,1786140391.2161076
11,1786140403.7247565,1786140396.5842555,1786140403.368985,1786140403.369165,1786140403.7241895,1786140403.827217
12,1786140416.406466,1786140409.372454,1786140416.0461435,1786140416.0463293,1786140416.4057992,1786140416.5086331
13,1786140429.4995475,1786140422.1231015,1786140429.1304796,1786140429.1306913,1786140429.4989552,1786140429.6075552
14,1786140442.193398,1786140435.0784101,1786140441.8475022,1786140441.847667,1786140442.1928082,1786140442.294712
15,1786140454.0795345,1786140447.443767,1786140453.730865,1786140453.7310376,1786140454.078958,1786140454.2596889
16,1786140466.2250137,1786140459.3988676,1786140465.8825727,1786140465.8827326,1786140466.2244542,1786140466.3242633
17,1786140478.047069,1786140471.4544969,1786140477.6287131,1786140477.628878,1786140478.0465107,1786140478.1467578
18,1786140489.968561,1786140483.4007242,1786140489.6271033,1786140489.627275,1786140489.9679773,1786140490.06901
19,1786140502.1021547,1786140495.2327802,1786140501.754158,1786140501.7543309,1786140502.1015432,1786140502.2044241
20,1786140514.1325936,1786140507.317764,1786140513.7872872,1786140513.7874572,1786140514.1320143,1786140514.232883
21,1786140526.2339895,1786140519.3227081,1786140525.815993,1786140525.8161669,1786140526.233433,1786140526.3335202
22,1786140538.2884138,1786140531.46019,1786140537.9411852,1786140537.9413521,1786140538.28781,1786140538.3891234
23,1786140550.197263,1786140543.6004477,1786140549.8588583,1786140549.859031,1786140550.1966927,1786140550.297626
24,1786140562.3478823,1786140555.433149,1786140561.9237385,1786140561.923907,1786140562.347313,1786140562.449214
25,1786140574.4656637,1786140567.6160128,1786140574.123691,1786140574.1238568,1786140574.465087,1786140574.565499
26,1786140586.3266354,1786140579.7385387,1786140585.982732,1786140585.9829006,1786140586.3260665,1786140586.4270651
27,1786140598.4756982,1786140591.5754018,1786140598.057088,1786140598.0572646,1786140598.475133,1786140598.5771918
28,1786140610.587647,1786140603.766067,1786140610.2501209,1786140610.250289,1786140610.5870786,1786140610.6876523
29,1786140622.4605072,1786140615.8703098,1786140622.1248431,1786140622.1250074,1786140622.4599326,1786140622.560626
30,1786140634.6268744,1786140627.666403,1786140634.2115912,1786140634.211761,1786140634.6263013,1786140634.7272677
31,1786140646.6606896,1786140639.831439,1786140646.3206472,1786140646.3208122,1786140646.6601264,1786140646.760629
32,1786140658.4074168,1786140651.8722808,1786140658.0649927,1786140658.0651584,1786140658.40684,1786140658.5074022
33,1786140670.59483,1786140663.6980233,1786140670.1694467,1786140670.169616,1786140670.594265,1786140670.6943564
34,1786140682.7241457,1786140675.8941193,1786140682.3811877,1786140682.3813555,1786140682.7235928,1786140682.8237805
35,1786140694.4595761,1786140687.927423,1786140694.1209922,1786140694.1211581,1786140694.4590003,1786140694.559851
36,1786140706.6651447,1786140699.6895924,1786140706.2425995,1786140706.2427726,1786140706.6645796,1786140706.765419
37,1786140718.6752207,1786140711.8861227,1786140718.334428,1786140718.3345885,1786140718.6746674,1786140718.7761207
38,1786140730.5454884,1786140723.967631,1786140730.2018182,1786140730.201983,1786140730.5449114,1786140730.6457436
39,1786140742.618355,1786140735.7768185,1786140742.2741642,1786140742.274335,1786140742.6177745,1786140742.7190635
40,1786140754.511841,1786140747.9151673,1786140754.1657012,1786140754.1658635,1786140754.5112686,1786140754.6133716
41,1786140766.5049593,1786140759.7261152,1786140766.1659508,1786140766.1661162,1786140766.5044043,1786140766.6056573
42,1786140778.2668633,1786140771.7225878,1786140777.920298,1786140777.920465,1786140778.2663,1786140778.440317
43,1786140790.5117905,1786140783.6633153,1786140790.1718736,1786140790.1720347,1786140790.5112054,1786140790.6131494
44,1786140802.2579536,1786140795.7357864,1786140801.911142,1786140801.9113185,1786140802.2573817,1786140802.3590171
45,1786140814.4032252,1786140807.5249755,1786140814.058817,1786140814.0589833,1786140814.4026532,1786140814.5807536
46,1786140826.3064542,1786140819.719472,1786140825.9652245,1786140825.9653847,1786140826.3058865,1786140826.4074206
47,1786140838.4107037,1786140831.5412343,1786140838.0670543,1786140838.0672355,1786140838.410139,1786140838.5104551
48,1786140850.3390682,1786140843.7585876,1786140849.9950159,1786140849.995191,1786140850.3384933,1786140850.5134459
49,1786140862.4308388,1786140855.6806843,1786140862.088855,1786140862.0890167,1786140862.4302652,1786140862.5313103
50,1786140874.3240108,1786140867.7091868,1786140873.9335608,1786140873.933725,1786140874.2841651,1786140874.4260943
