,BeforeLocalTraining,AfterLocalTraining,BeforeLocalPartialEvaluations,AfterLocalPartialEvaluations,BeforeEvaluation,AfterEvaluation
1,1786789975.3642435,1786789975.3946574,1786789976.7530677,1786789977.0325716,1786789977.0599077,1786789977.06501
2,1786789977.1225152,1786789977.149134,1786789978.45007,1786789978.7148895,1786789978.7411537,1786789978.7458243
3,1786789978.808795,1786789978.8363166,1786789980.1116312,1786789980.380155,1786789980.4068427,1786789980.4115343
4,1786789980.475549,1786789980.501786,1786789981.7057948,1786789981.9757955,1786789982.0023143,1786789982.0068662
5,1786789982.0649812,1786789982.0905616,1786789983.3710515,1786789983.636996,1786789983.6637294,1786789983.6683629
6,1786789983.7299545,1786789983.7656364,1786789984.9670112,1786789985.2293375,1786789985.2555194,1786789985.2601864
7,1786789985.3403623,1786789985.3680933,1786789986.9723096,1786789987.2433167,1786789987.2696776,1786789987.2748528
8,1786789987.3415806,1786789987.369687,1786789988.6620867,1786789988.9406908,1786789988.967425,1786789988.972291
9,1786789989.0428135,1786789989.0800512,1786789990.296093,1786789990.6239307,1786789990.6588182,1786789990.6676345
10,1786789990.791985,1786789990.819828,1786789992.1382647,1786789992.4052227,1786789992.4319038,1786789992.4365294
11,1786789992.4949877,1786789992.5218012,1786789993.7143693,1786789993.9786415,1786789994.0054758,1786789994.0101001
12,1786789994.0674837,1786789994.0944934,1786789995.3656726,1786789995.6303725,1786789995.6566224,1786789995.6612518
13,1786789995.722497,1786789995.7489913,1786789997.0267699,1786789997.2900262,1786789997.316509,1786789997.321221
14,1786789997.3826199,1786789997.4097464,1786789998.610509,1786789998.8798928,1786789998.9064164,1786789998.911523
15,1786789998.9657311,1786789998.9925225,1786790000.2597213,1786790000.5310764,1786790000.557428,1786790000.562116
16,1786790000.6955953,1786790000.8314033,,,,
