Round,Evaluator,0,2,1
0,0,,,
0,1,,,
0,2,,,
0,Aggregated,,,
0,Centralized,,,
1,0,0.07971602620244764,0.021038602462091566,-0.13690970496764857
1,1,0.13007670399880925,0.10386640600469675,-0.034350028024235625
1,2,0.2383365390965415,-0.03115202258626779,-0.023734670083938047
1,Aggregated,0.14619545614612084,0.03443521217206715,-0.065834889555623
1,Centralized,0.1210671041450397,0.03752340520638282,-0.08653284013913332
2,0,0.1660481677465275,-0.08207972746506596,-0.14715329075823047
2,1,0.03236011090653561,0.03513801033391205,-0.10472438327771917
2,2,0.23112508176051208,0.05778127044012802,-0.28890635220064015
2,Aggregated,0.13855339542049339,0.0023742917571308447,-0.17553832628781973
2,Centralized,0.11684727631521286,-0.012294426443467227,-0.13654252718738472
3,0,0.15178339618159545,0.2848858703007157,0.05824806294018714
3,1,-0.06298380398704309,0.25077166107847787,0.19046002519850105
3,2,0.11272293067622476,0.3530223323973289,0.18911223111237963
3,Aggregated,0.06360553733785204,0.29366135702565793,0.14526552043945432
3,Centralized,0.067056515687831,0.30178510472984305,0.12880099961581518
4,0,-0.1099484299426078,0.20790864672613862,0.03378308908967224
4,1,-0.19908910551670542,0.14875150358181785,0.23117157311808226
4,2,-0.1868757213678983,0.13189939914548762,0.05497632222241069
4,Aggregated,-0.16515348477665082,0.16362424586795432,0.11031886454365694
4,Centralized,-0.14591513882256865,0.1697473346621913,0.12995692108051024
5,0,-0.032492932418548726,0.2039567480275922,0.15038532961720685
5,1,-0.2231154250939336,0.1346866222763068,0.1857448770502286
5,2,-0.029836934755940497,0.13422633553337424,0.0573032586102973
5,Aggregated,-0.09931923698740212,0.15800802860955315,0.13440711501067776
5,Centralized,-0.10635258304476013,0.14471754519699734,0.13381772662942543
6,0,-0.014504338286903598,0.01944191257732138,-0.004937574290417783
6,1,-0.11111979582658243,0.12935506209146835,0.09657307473368892
6,2,-0.028256527488218035,0.05258980220564748,-0.024333274717429448
6,Aggregated,-0.053001623136869874,0.06860157696844121,0.025138489748568114
6,Centralized,-0.05136864030586711,0.07314413477483662,0.031105934946471642
7,0,-0.03698614389275277,0.022669499393581222,0.014316644499171546
7,1,-0.11238382527385384,0.04118798561042101,0.07119583966343283
7,2,-0.05389755312924368,0.02694877656462184,0.02694877656462184
7,Aggregated,-0.068922688503681,0.030551966539069077,0.03837072196461193
7,Centralized,-0.058627927643156,0.02765111415314947,0.030976813490006527
8,0,0.02721098003060844,0.025189488713253754,-0.05240046874386219
8,1,-0.055304314157569236,0.027652157078784618,0.027652157078784618
8,2,-0.05389755312924368,0.02694877656462184,0.02694877656462184
8,Aggregated,-0.02692448129482864,0.02660247537805492,0.0003220059167737162
8,Centralized,-0.01478329506115498,0.02555638558286934,-0.01077309052171436
9,0,0.060934375361320216,0.04797428580431743,-0.02961567165279851
9,1,-0.04832463062348517,0.04127702728432716,0.007047603339158011
9,2,-0.05389755312924368,0.02694877656462184,0.02694877656462184
9,Aggregated,-0.013025379041686762,0.039154538014091585,0.0007281439271052017
9,Centralized,-0.0015264944123681474,0.03912640310049623,-0.010090524742569182
10,0,0.0345033788570405,0.02154328930003772,-0.056046668157078226
10,1,-0.04832463062348517,0.04127702728432716,0.007047603339158011
10,2,0.0,0.0,0.0
10,Aggregated,-0.005460821253529409,0.021943607670257898,-0.01648278641672849
10,Centralized,-0.0024937530914769246,0.02585534046727117,-0.023361587375794246
11,0,0.025616251335122058,0.0013740816431782414,-0.026990332978300297
11,1,-0.05288003562274753,0.043554729783958336,0.009325305838789192
11,2,0.0,0.0,0.0
11,Aggregated,-0.010087411381659396,0.015920318866997202,-0.0058329074853378056
11,Centralized,-0.009783028168583749,0.01757469588232295,-0.007791667713739199
12,0,-0.002036696552930558,0.015200555587204548,-0.013163859034273992
12,1,-0.06428984360447058,0.03214492180223529,0.03214492180223529
12,2,0.0,0.0,0.0
12,Aggregated,-0.023502373982417654,0.01655483785452374,0.006947536127893913
12,Centralized,-0.024090873430431554,0.018489162584456636,0.0056017108459749205
13,0,-0.002036696552930558,0.015200555587204548,-0.013163859034273992
13,1,-0.033213455676847026,0.033213455676847026,0.0
13,2,0.0,0.0,0.0
13,Aggregated,-0.01247526858874478,0.016933995035837583,-0.004458726447092803
13,Centralized,-0.010345209395131135,0.018997066205615292,-0.008651856810484157
14,0,-0.011491501426756737,0.0057457507133783685,0.0057457507133783685
14,1,-0.033213455676847026,0.033213455676847026,0.0
14,2,0.0,0.0,0.0
14,Aggregated,-0.01567770249762139,0.013731561126960974,0.001946141370660415
14,Centralized,-0.01474240778006275,0.014599867820683676,0.00014253995937907327
15,0,-0.011491501426756737,0.0057457507133783685,0.0057457507133783685
15,1,-0.033213455676847026,0.033213455676847026,0.0
15,2,0.0,0.0,0.0
15,Aggregated,-0.01567770249762139,0.013731561126960974,0.001946141370660415
15,Centralized,-0.01474240778006275,0.014599867820683676,0.00014253995937907327
16,0,-0.011491501426756737,0.0057457507133783685,0.0057457507133783685
16,1,-0.044284607569129365,0.022142303784564683,0.022142303784564683
16,2,0.0,0.0,0.0
16,Aggregated,-0.019606175749721576,0.009803087874860788,0.009803087874860788
16,Centralized,-0.019561517067164285,0.009780758533582143,0.009780758533582143
17,0,0.024562551567937557,0.0019009315267704923,-0.026463483094708046
17,1,-0.022142303784564683,0.044284607569129365,0.044284607569129365
17,2,0.0,0.0,0.0
17,Aggregated,0.00046262741397202524,0.01635775691262946,0.006750455185999633
17,Centralized,0.0032231790910481526,0.01898631117543677,0.006098859436955058
18,0,0.015107746694111376,-0.007553873347055688,-0.007553873347055688
18,1,-0.033213455676847026,0.033213455676847026,0.0
18,2,0.0,0.0,0.0
18,Aggregated,-0.006668279747004771,0.009226849751652664,-0.002558570004647894
18,Centralized,-0.005790696439019083,0.009972435645369537,-0.004181739206350454
19,0,0.004560758267859344,-0.01810086177330772,0.013540103505448375
19,1,-0.033213455676847026,0.033213455676847026,0.0
19,2,0.0,0.0,0.0
19,Aggregated,-0.010240646794606265,0.00565448270405117,0.004586164090555095
19,Centralized,-0.010233907979884346,0.005529224104504275,0.004704683875380071
20,0,0.015107746694111376,-0.007553873347055688,-0.007553873347055688
20,1,-0.033213455676847026,0.033213455676847026,0.0
20,2,0.0,0.0,0.0
20,Aggregated,-0.006668279747004771,0.009226849751652664,-0.002558570004647894
20,Centralized,-0.005790696439019083,0.009972435645369537,-0.004181739206350454
