,BeforeLocalTraining,AfterLocalTraining,BeforeLocalPartialEvaluations,AfterLocalPartialEvaluations,BeforeEvaluation,AfterEvaluation
1,1784808549.6484644,1784808549.671824,1784808550.2140684,1784808550.3372076,1784808550.3437648,1784808550.3479917
2,1784808550.374651,1784808550.3955488,1784808550.870142,1784808550.9841578,1784808550.9905295,1784808550.994421
3,1784808551.024005,1784808551.0453014,1784808551.5135596,1784808551.6289752,1784808551.6353164,1784808551.6395142
4,1784808551.6656673,1784808551.6871705,1784808552.1574016,1784808552.272017,1784808552.2782798,1784808552.2822149
5,1784808552.3104734,1784808552.3320549,1784808552.8775823,1784808552.992437,1784808552.998653,1784808553.0025823
6,1784808553.0298727,1784808553.0511975,1784808553.518747,1784808553.6334825,1784808553.6396875,1784808553.6440773
7,1784808553.6718345,1784808553.6931572,1784808554.164558,1784808554.279674,1784808554.285956,1784808554.2899697
8,1784808554.3163736,1784808554.3372548,1784808554.8032346,1784808554.9183404,1784808554.9245691,1784808554.9285488
9,1784808554.9540684,1784808554.976087,1784808555.4399345,1784808555.5556726,1784808555.5618474,1784808555.565793
10,1784808555.592744,1784808555.6137347,1784808556.1601157,1784808556.2748277,1784808556.2811108,1784808556.285068
11,1784808556.31272,1784808556.3355458,1784808556.806502,1784808556.9273806,1784808556.933634,1784808556.9377437
12,1784808556.963495,1784808556.984872,1784808557.507354,1784808557.6301866,1784808557.6363907,1784808557.6403432
13,1784808557.6666956,1784808557.6881301,1784808558.1532962,1784808558.2681386,1784808558.2743418,1784808558.278296
14,1784808558.306816,1784808558.331793,1784808558.8758335,1784808558.9908142,1784808558.9969394,1784808559.0008705
15,1784808559.0284178,1784808559.051024,1784808559.5175796,1784808559.6328614,1784808559.6390388,1784808559.643038
16,1784808559.6683207,1784808559.6896684,1784808560.1588826,1784808560.2738686,1784808560.2801082,1784808560.284073
17,1784808560.3141704,1784808560.3362012,1784808560.8048854,1784808560.9190376,1784808560.925281,1784808560.9292254
18,1784808560.9571807,1784808560.9798002,1784808561.4420295,1784808561.5572195,1784808561.5634341,1784808561.5674012
19,1784808561.5998745,1784808561.6211414,1784808562.1802063,1784808562.2954118,1784808562.3016944,1784808562.3057027
20,1784808562.3360105,1784808562.3575013,1784808562.822133,1784808562.9375365,1784808562.9437804,1784808562.947712
21,1784808562.9756196,1784808562.996741,1784808563.46161,1784808563.5781584,1784808563.584481,1784808563.588671
22,1784808563.6135209,1784808563.6346238,1784808564.1030347,1784808564.2199695,1784808564.2261863,1784808564.2301764
23,1784808564.2548573,1784808564.276769,1784808564.740471,1784808564.8556046,1784808564.8618467,1784808564.8658085
24,1784808564.894915,1784808564.9172122,1784808565.4591467,1784808565.5732324,1784808565.5794122,1784808565.5834181
25,1784808565.6135626,1784808565.6358018,1784808566.0989861,1784808566.2149,1784808566.221145,1784808566.2251604
26,1784808566.2504418,1784808566.271289,1784808566.7402143,1784808566.8569086,1784808566.8631535,1784808566.8670974
27,1784808566.8923938,1784808566.913788,1784808567.3887506,1784808567.5054145,1784808567.511705,1784808567.5158763
28,1784808567.542003,1784808567.5629833,1784808568.0304215,1784808568.1458511,1784808568.1521645,1784808568.1562438
29,1784808568.1809506,1784808568.2034419,1784808568.7494256,1784808568.8647892,1784808568.8709757,1784808568.8749254
30,1784808568.9013338,1784808568.9224803,1784808569.3867006,1784808569.5013213,1784808569.5075874,1784808569.5115263
31,1784808569.539329,1784808569.5603468,,,,
