,BeforeLocalTraining,AfterLocalTraining,BeforeLocalPartialEvaluations,AfterLocalPartialEvaluations,BeforeEvaluation,AfterEvaluation
1,1786797591.0671566,1786797591.0828488,1786797592.5952735,1786797593.5096729,1786797593.5374203,1786797593.5408838
2,1786797593.7912323,1786797593.8156989,1786797594.932885,1786797595.1211321,1786797595.1474917,1786797595.1509304
3,1786797595.4506655,1786797595.4657445,1786797596.5107481,1786797596.6918643,1786797596.7182972,1786797596.721726
4,1786797596.936539,1786797596.9564364,1786797598.0486407,1786797598.2307556,1786797598.2570312,1786797598.260274
5,1786797598.4761264,1786797598.4906332,1786797599.5953116,1786797599.8585274,1786797599.8848598,1786797599.8880496
6,1786797600.016983,1786797600.036362,1786797601.128354,1786797601.3089502,1786797601.3352146,1786797601.3383844
7,1786797601.5493662,1786797601.563985,1786797602.6658266,1786797602.8460727,1786797602.872678,1786797602.8760645
8,1786797603.0946677,1786797603.1107574,1786797604.202838,1786797604.3885274,1786797604.4152443,1786797604.4188168
9,1786797604.628455,1786797604.6442783,1786797605.6683424,1786797605.8483615,1786797605.8747282,1786797605.8782263
10,1786797606.168427,1786797606.1832194,1786797607.7870781,1786797608.393631,1786797608.4382873,1786797608.4434123
11,1786797608.622078,1786797608.6471093,1786797609.7597716,1786797609.9431474,1786797609.9696114,1786797609.9730637
12,1786797610.1852188,1786797610.2015574,1786797611.2979693,1786797611.4799829,1786797611.5080748,1786797611.5120728
13,1786797611.721111,1786797611.7356155,1786797612.8384955,1786797613.0182004,1786797613.0446973,1786797613.0482633
14,1786797613.271624,1786797613.2861938,1786797614.384489,1786797614.5674658,1786797614.5940697,1786797614.597412
15,1786797614.8076143,1786797614.831174,1786797615.8554182,1786797616.035549,1786797616.0624597,1786797616.0658822
16,1786797616.278357,1786797616.2937832,1786797617.3200712,1786797617.5015252,1786797617.5276892,1786797617.5310833
17,1786797617.8128679,1786797617.8281558,1786797618.9250555,1786797619.1038496,1786797619.1303296,1786797619.1336455
18,1786797619.3487635,1786797619.3644102,1786797620.4598234,1786797620.6389775,1786797620.6651435,1786797620.668483
19,1786797620.8791404,1786797620.8947766,1786797622.2904935,1786797622.5895796,1786797622.633725,1786797622.6391504
20,1786797623.2267077,1786797623.3216038,1786797624.5037677,1786797624.6858466,1786797624.7125757,1786797624.715984
21,1786797624.9292169,1786797624.9524417,1786797626.0644715,1786797626.2456465,1786797626.2718046,1786797626.2754297
22,1786797626.4832523,1786797626.4982655,1786797627.5220041,1786797627.7016766,1786797627.7286365,1786797627.7322085
23,1786797627.9442985,1786797627.959796,1786797629.0479798,1786797629.2279205,1786797629.25419,1786797629.2578003
24,1786797629.543309,1786797629.5581295,1786797630.6477828,1786797630.8284998,1786797630.8548498,1786797630.858376
25,1786797631.071175,1786797631.0920517,1786797632.1811106,1786797632.4531803,1786797632.4798732,1786797632.483016
26,1786797632.604193,1786797632.61934,1786797633.7191567,1786797633.8995476,1786797633.9260795,1786797633.9293323
27,1786797634.1411474,1786797634.1557136,1786797635.2499957,1786797635.429339,1786797635.4561296,1786797635.4594188
28,1786797635.667861,1786797635.689191,1786797636.9345117,1786797637.4127183,1786797637.4606192,1786797637.4656334
29,1786797638.068404,1786797638.2289774,1786797639.3594694,1786797639.5423772,1786797639.5691566,1786797639.5725708
30,1786797639.7838314,1786797639.7990446,1786797640.8970122,1786797641.0772152,1786797641.1034787,1786797641.1066844
31,1786797641.3852577,1786797641.4001923,1786797642.504622,1786797642.6862218,1786797642.7122276,1786797642.7157102
32,1786797642.9218397,1786797642.9367669,1786797644.032487,1786797644.2131696,1786797644.2394688,1786797644.2426553
33,1786797644.4673643,1786797644.4825876,1786797645.5166404,1786797645.6947525,1786797645.7207327,1786797645.7238672
34,1786797645.93833,1786797645.9564538,1786797647.0505667,1786797647.2297332,1786797647.2557318,1786797647.25891
35,1786797647.4740157,1786797647.4936655,1786797648.5823464,1786797648.760742,1786797648.7868183,1786797648.7899795
36,1786797649.003408,1786797649.0186443,1786797650.1109648,1786797650.291648,1786797650.3173888,1786797650.3206518
37,1786797650.5348659,1786797650.5532267,1786797651.5692902,1786797651.8298712,1786797651.8713577,1786797651.8775747
38,1786797652.2777948,1786797652.3406823,1786797653.9311867,1786797654.2109718,1786797654.2378445,1786797654.241288
39,1786797654.4652941,1786797654.4865048,1786797655.5813627,1786797655.7635143,1786797655.7897537,1786797655.792892
40,1786797656.0077338,1786797656.0224671,1786797657.0604484,1786797657.2412505,1786797657.2669477,1786797657.2701495
41,1786797657.4816365,1786797657.4963355,1786797658.584561,1786797658.7635617,1786797658.7900882,1786797658.7932317
42,1786797659.0052013,1786797659.0204349,1786797660.1194909,1786797660.2988253,1786797660.325044,1786797660.3282604
43,1786797660.547391,1786797660.5635633,1786797661.5853791,1786797661.7639804,1786797661.7949495,1786797661.800327
44,1786797662.0074315,1786797662.0232086,1786797663.11157,1786797663.291125,1786797663.3176036,1786797663.3207524
45,1786797663.5336342,1786797663.5491297,1786797664.6409907,1786797664.9226844,1786797664.9488163,1786797664.951881
46,1786797665.1600225,1786797665.1757665,1786797666.1961987,1786797666.3851957,1786797666.4115868,1786797666.4162436
47,1786797666.6262379,1786797666.6471667,1786797668.487398,1786797668.7670426,1786797668.7940624,1786797668.7993631
48,1786797669.0283446,1786797669.0526593,1786797670.1659317,1786797670.3470194,1786797670.3736436,1786797670.377036
49,1786797670.596274,1786797670.611233,,,,
