,BeforeEvaluation,AfterEvaluation
0,1784824533.6385956,
1,1784824538.5843606,1784824538.5996153
2,1784824538.6487207,1784824538.6642673
3,1784824538.7175927,1784824538.7334445
4,1784824538.7809443,1784824538.7972531
5,1784824538.8455415,1784824538.8613284
6,1784824538.9089441,1784824538.9252877
7,1784824538.9751341,1784824538.9912963
8,1784824539.0404878,1784824539.056257
9,1784824539.1059327,1784824539.1239133
10,1784824539.173667,1784824539.1903687
11,1784824539.2331975,1784824539.2496238
12,1784824539.296361,1784824539.3122385
13,1784824539.364979,1784824539.3825214
14,1784824539.4262319,1784824539.4429908
15,1784824539.4940374,1784824539.5100672
16,1784824539.5591118,1784824539.577037
17,1784824539.6291537,1784824539.6449158
18,1784824539.69234,1784824539.708095
19,1784824539.7581758,1784824539.7758543
20,1784824539.8384788,1784824539.8558192
21,1784824539.900207,1784824539.9175298
22,1784824539.9721272,1784824539.988706
23,1784824540.038781,1784824540.0561483
