,BeforeEvaluation,BeforeSV,AfterSV,BeforeGradientRewards,AfterGradientRewards,AfterEvaluation
0,1784825081.396658,,,,,
1,1784825086.757151,1784825086.3027368,1784825086.741469,1784825086.7417777,1784825086.7567222,1784825086.7722645
2,1784825087.4651494,1784825087.0130758,1784825087.4497674,1784825087.4499269,1784825087.4648352,1784825087.480215
3,1784825088.2493713,1784825087.715543,1784825088.233787,1784825088.233953,1784825088.249048,1784825088.26448
4,1784825088.9588072,1784825088.5033112,1784825088.9434736,1784825088.9436352,1784825088.9584918,1784825088.9737315
5,1784825089.6736333,1784825089.2142677,1784825089.658257,1784825089.6584077,1784825089.6733148,1784825089.6886723
6,1784825090.3811145,1784825089.926458,1784825090.365964,1784825090.366121,1784825090.380798,1784825090.3961182
7,1784825091.171105,1784825090.638832,1784825091.155853,1784825091.1560206,1784825091.1707916,1784825091.1862545
8,1784825091.8864846,1784825091.425123,1784825091.8715305,1784825091.8716853,1784825091.8861835,1784825091.9015357
9,1784825092.595601,1784825092.137901,1784825092.580614,1784825092.5807753,1784825092.595299,1784825092.610602
10,1784825093.3095238,1784825092.8527575,1784825093.294551,1784825093.2947145,1784825093.3092167,1784825093.32469
11,1784825094.0096188,1784825093.5601804,1784825093.9947438,1784825093.9949014,1784825094.0093157,1784825094.0247626
12,1784825094.7974076,1784825094.26325,1784825094.7819827,1784825094.7821705,1784825094.7970932,1784825094.8123617
13,1784825095.5125422,1784825095.060442,1784825095.4974089,1784825095.4975646,1784825095.512231,1784825095.5276551
14,1784825096.2938726,1784825095.7691247,1784825096.278388,1784825096.2785678,1784825096.2935314,1784825096.3089871
15,1784825097.0158756,1784825096.5482855,1784825097.0003135,1784825097.000483,1784825097.0155451,1784825097.0309234
16,1784825097.798171,1784825097.2685986,1784825097.7829454,1784825097.7831109,1784825097.7978575,1784825097.8130968
17,1784825098.4958007,1784825098.042218,1784825098.480624,1784825098.4807894,1784825098.495485,1784825098.510898
18,1784825099.2039557,1784825098.7480466,1784825099.1881506,1784825099.1883266,1784825099.2035925,1784825099.2193305
19,1784825099.9069483,1784825099.4511738,1784825099.8917933,1784825099.891957,1784825099.906623,1784825099.9218895
20,1784825100.6057715,1784825100.1548073,1784825100.5906646,1784825100.5908248,1784825100.6054428,1784825100.6207206
21,1784825101.3797576,1784825100.8564792,1784825101.364377,1784825101.3645492,1784825101.3794212,1784825101.3949049
22,1784825102.0805957,1784825101.628558,1784825102.0653877,1784825102.0655427,1784825102.0802822,1784825102.095657
