,BeforeEvaluation,BeforeSV,AfterSV,BeforeGradientRewards,AfterGradientRewards,AfterEvaluation
0,1789138339.692114,,,,,
1,1789138346.9819524,1789138341.406664,1789138346.9449341,1789138346.9453704,1789138346.9814959,1789138347.0661817
2,1789138353.7580009,1789138348.1026025,1789138353.724818,1789138353.7250373,1789138353.7576928,1789138353.841699
3,1789138360.5637407,1789138354.8837924,1789138360.5311728,1789138360.5313838,1789138360.5634396,1789138360.6514623
4,1789138367.189939,1789138361.7738876,1789138367.156076,1789138367.1562936,1789138367.1896245,1789138367.274453
5,1789138373.9514794,1789138368.4027085,1789138373.9186752,1789138373.9189153,1789138373.9511738,1789138374.0625012
6,1789138380.9594324,1789138375.2903478,1789138380.9265108,1789138380.9267385,1789138380.9591322,1789138381.1134644
7,1789138387.89339,1789138382.2412539,1789138387.8607228,1789138387.8609352,1789138387.8930886,1789138387.9805458
8,1789138394.9032884,1789138389.0531623,1789138394.870388,1789138394.8705983,1789138394.9029775,1789138394.9882753
9,1789138401.405317,1789138396.0344167,1789138401.3720922,1789138401.372325,1789138401.4050212,1789138401.4896374
10,1789138408.3225317,1789138402.5324278,1789138408.289361,1789138408.2895772,1789138408.3222237,1789138408.4074488
11,1789138415.026406,1789138409.452222,1789138414.9934678,1789138414.9936922,1789138415.0261028,1789138415.109358
12,1789138421.8012667,1789138416.2323372,1789138421.7682784,1789138421.7684948,1789138421.800954,1789138421.8852046
13,1789138428.6633778,1789138422.9916759,1789138428.629507,1789138428.6297345,1789138428.6630697,1789138428.74845
14,1789138435.5126321,1789138429.7822318,1789138435.4797766,1789138435.4799948,1789138435.5123158,1789138435.5957162
15,1789138442.1482842,1789138436.6413167,1789138442.11462,1789138442.1148615,1789138442.1479788,1789138442.2327068
16,1789138448.9063964,1789138443.2670019,1789138448.8732371,1789138448.8734748,1789138448.906072,1789138448.9910371
17,1789138456.0154014,1789138450.319883,1789138455.9821699,1789138455.982386,1789138456.0150836,1789138456.0994983
18,1789138462.6222117,1789138457.1982105,1789138462.5887659,1789138462.5889704,1789138462.6219008,1789138462.7116761
19,1789138469.4924176,1789138463.7652442,1789138469.4595325,1789138469.4597478,1789138469.492123,1789138469.5784507
20,1789138476.2238705,1789138470.636888,1789138476.1869385,1789138476.1871548,1789138476.2235508,1789138476.3055146
21,1789138482.993783,1789138477.4514043,1789138482.9606338,1789138482.9608681,1789138482.9934607,1789138483.076771
22,1789138489.5183861,1789138484.157612,1789138489.4838264,1789138489.4840565,1789138489.5180764,1789138489.601708
23,1789138496.3969097,1789138490.666618,1789138496.3635669,1789138496.3638017,1789138496.3965862,1789138496.4791074
24,1789138503.2281988,1789138497.597553,1789138503.194342,1789138503.1945674,1789138503.227865,1789138503.313227
25,1789138510.2092388,1789138504.3474722,1789138510.1759956,1789138510.1762269,1789138510.2089245,1789138510.29234
26,1789138516.7983084,1789138511.3442144,1789138516.7654715,1789138516.7656765,1789138516.7980103,1789138516.8860457
27,1789138523.3457222,1789138517.9438,1789138523.3125722,1789138523.3128,1789138523.3453903,1789138523.4305003
28,1789138530.1584184,1789138524.7817185,1789138530.1253035,1789138530.125524,1789138530.158105,1789138530.2419136
29,1789138536.65525,1789138531.2845685,1789138536.6223664,1789138536.6225922,1789138536.6549282,1789138536.7400484
30,1789138543.6232314,1789138537.8725028,1789138543.5901256,1789138543.590357,1789138543.6229122,1789138543.70936
31,1789138550.3325434,1789138544.7509458,1789138550.2994864,1789138550.299711,1789138550.3322363,1789138550.414841
32,1789138557.1830127,1789138551.4458432,1789138557.1499274,1789138557.150147,1789138557.1826963,1789138557.2659984
33,1789138563.7247267,1789138558.2972422,1789138563.6916559,1789138563.69188,1789138563.7244127,1789138563.8083713
34,1789138570.3261647,1789138564.8482144,1789138570.2931128,1789138570.2933407,1789138570.3258448,1789138570.4091382
35,1789138577.1504574,1789138571.5324364,1789138577.117199,1789138577.1174192,1789138577.1501443,1789138577.23332
36,1789138583.6051974,1789138578.2719345,1789138583.5719318,1789138583.5721593,1789138583.6048858,1789138583.7628124
37,1789138590.513906,1789138585.060375,1789138590.4807782,1789138590.4809887,1789138590.5135913,1789138590.5989764
38,1789138596.9900045,1789138591.651268,1789138596.9571898,1789138596.9574087,1789138596.9896903,1789138597.073504
39,1789138603.8810909,1789138598.1133337,1789138603.8474586,1789138603.8476923,1789138603.880776,1789138603.9649842
40,1789138610.6851606,1789138605.0578306,1789138610.6520882,1789138610.6523087,1789138610.6848466,1789138610.7681544
41,1789138617.6523504,1789138611.857552,1789138617.619339,1789138617.619554,1789138617.652031,1789138617.7364097
42,1789138624.3758562,1789138618.7716715,1789138624.3428278,1789138624.3430405,1789138624.3755326,1789138624.458809
43,1789138631.1349478,1789138625.4974148,1789138631.10155,1789138631.101776,1789138631.1345596,1789138631.2198172
44,1789138637.8724132,1789138632.2662935,1789138637.8395002,1789138637.8397255,1789138637.8721037,1789138637.9548473
45,1789138644.5301096,1789138639.0016735,1789138644.496019,1789138644.4962645,1789138644.5297847,1789138644.617699
