,BeforeLocalTraining,AfterLocalTraining,BeforeLocalPartialEvaluations,AfterLocalPartialEvaluations,BeforeEvaluation,AfterEvaluation
1,1786171339.2384274,1786171339.3547416,1786171346.781471,1786171347.9670851,1786171347.9805937,1786171348.0000665
2,1786171348.1497185,1786171348.2652466,1786171355.8435302,1786171357.129545,1786171357.1435626,1786171357.1627991
3,1786171357.192013,1786171357.3042138,1786171364.656336,1786171365.8400362,1786171365.8529654,1786171365.872103
4,1786171365.9866645,1786171366.090912,1786171373.519738,1786171374.796289,1786171374.8092237,1786171374.8284175
5,1786171374.8566995,1786171374.9651287,1786171382.4874039,1786171383.6912484,1786171383.7043388,1786171383.7237182
6,1786171383.8127363,1786171383.9201202,1786171391.208292,1786171392.5419858,1786171392.5550258,1786171392.574003
7,1786171392.6067557,1786171392.7132962,1786171400.1365538,1786171401.3249028,1786171401.3382719,1786171401.3576202
8,1786171401.4728165,1786171401.5777326,1786171409.2435884,1786171410.5212834,1786171410.5342507,1786171410.5537052
9,1786171410.5819016,1786171410.6869197,1786171418.07303,1786171419.2795525,1786171419.2926939,1786171419.3122337
10,1786171419.4124842,1786171419.5168705,1786171427.1840885,1786171428.3920553,1786171428.4050703,1786171428.49901
11,1786171428.5274994,1786171428.6340992,1786171436.276047,1786171437.4890513,1786171437.5021427,1786171437.5213475
12,1786171437.6255918,1786171437.7325976,1786171445.1662774,1786171446.3549473,1786171446.3677678,1786171446.386796
13,1786171446.4895647,1786171446.697414,1786171454.2890358,1786171455.475665,1786171455.4887245,1786171455.5078757
14,1786171455.6171246,1786171455.7256517,1786171463.1605866,1786171464.3736346,1786171464.386706,1786171464.4062634
15,1786171464.4794931,1786171464.6896377,1786171471.9602315,1786171473.1594887,1786171473.1724818,1786171473.1916595
16,1786171473.2971494,1786171473.4027996,1786171480.988607,1786171482.2409382,1786171482.2538886,1786171482.2731009
17,1786171482.4065692,1786171482.5200028,1786171489.885623,1786171491.0819824,1786171491.095084,1786171491.1142178
18,1786171491.2050729,1786171491.3111186,1786171498.9296978,1786171500.1200953,1786171500.1331143,1786171500.1522424
19,1786171500.2776384,1786171500.3869808,1786171507.6864622,1786171508.982504,1786171508.9955356,1786171509.0140111
20,1786171509.042022,1786171509.1508336,1786171516.8248281,1786171518.0111413,1786171518.0239987,1786171518.0436954
21,1786171518.1575506,1786171518.266256,1786171525.5920882,1786171526.9198844,1786171526.9328225,1786171526.9518392
22,1786171526.9800732,1786171527.0943627,1786171534.654309,1786171535.8725767,1786171535.8856225,1786171535.9050083
23,1786171535.988408,1786171536.0989985,1786171543.5392272,1786171544.8208218,1786171544.8338823,1786171544.8520498
24,1786171544.880967,1786171544.9931648,1786171552.5716293,1786171553.7652578,1786171553.7784107,1786171553.7983494
25,1786171553.9074612,1786171554.0176916,1786171561.3771453,1786171562.6467152,1786171562.6596222,1786171562.6782382
26,1786171562.722162,1786171562.8264992,1786171570.4118836,1786171571.6339946,1786171571.6629748,1786171571.6894152
27,1786171571.8406682,1786171571.9502366,1786171579.3510566,1786171580.6265676,1786171580.6396322,1786171580.6588037
28,1786171580.6861477,1786171580.793157,1786171588.180671,1786171589.36891,1786171589.3820877,1786171589.4018662
29,1786171589.5225396,1786171589.6333342,1786171596.9669945,1786171598.247716,1786171598.2606728,1786171598.2788758
30,1786171598.3096168,1786171598.4162805,1786171606.0326695,1786171607.2245624,1786171607.237782,1786171607.2585902
31,1786171607.3868096,1786171607.4914467,1786171615.0195565,1786171616.3086734,1786171616.3231666,1786171616.3426785
32,1786171616.3704574,1786171616.478237,1786171623.9014363,1786171625.0844707,1786171625.0976892,1786171625.1170998
33,1786171625.2375538,1786171625.342974,1786171632.722482,1786171634.000687,1786171634.0137694,1786171634.0322676
34,1786171634.0707984,1786171634.1790948,1786171641.7058287,1786171642.8886635,1786171642.9015718,1786171642.9209588
35,1786171643.0474072,1786171643.152554,1786171650.4898672,1786171651.767109,1786171651.7800124,1786171651.7989638
36,1786171651.827878,1786171651.9326038,1786171659.3206859,1786171660.5312967,1786171660.54428,1786171660.563461
37,1786171660.6512105,1786171660.7557008,1786171668.0792596,1786171669.3588905,1786171669.3719482,1786171669.3907847
38,1786171669.428816,1786171669.5327444,1786171676.978731,1786171678.1914203,1786171678.2048335,1786171678.2243335
39,1786171678.343108,1786171678.4498293,1786171685.7572362,1786171687.035895,1786171687.04887,1786171687.0681016
40,1786171687.1018274,1786171687.2094557,1786171694.8753417,1786171696.0562453,1786171696.0691214,1786171696.0886314
41,1786171696.225408,1786171696.3324227,1786171703.8496988,1786171705.136228,1786171705.1490102,1786171705.16719
42,1786171705.199441,1786171705.3136811,1786171712.7028816,1786171713.9088287,1786171713.9218614,1786171713.9423134
43,1786171714.030891,1786171714.1355133,1786171721.756256,1786171723.046837,1786171723.0595899,1786171723.0780554
44,1786171723.1064303,1786171723.2169862,1786171730.5434377,1786171731.769401,1786171731.7823715,1786171731.801749
45,1786171731.8852775,1786171731.99486,1786171739.3867564,1786171740.6747174,1786171740.687584,1786171740.7056596
46,1786171740.7333174,1786171740.83761,1786171748.1700778,1786171749.380845,1786171749.395418,1786171749.4151347
47,1786171749.5071104,1786171749.6129231,1786171757.0326288,1786171758.3313394,1786171758.3445923,1786171758.3634572
48,1786171758.4040744,1786171758.5107284,,,,
