,BeforeLocalTraining,AfterLocalTraining,BeforeLocalPartialEvaluations,AfterLocalPartialEvaluations,BeforeEvaluation,AfterEvaluation
1,1786171339.238503,1786171339.354774,1786171346.7824771,1786171347.969439,1786171347.9829724,1786171348.0026286
2,1786171348.1504202,1786171348.2604914,1786171355.8437257,1786171357.1204088,1786171357.133092,1786171357.1520944
3,1786171357.190787,1786171357.295892,1786171364.656799,1786171365.833393,1786171365.846278,1786171365.8652189
4,1786171365.9859307,1786171366.0916784,1786171373.5180972,1786171374.7034311,1786171374.7163088,1786171374.816853
5,1786171374.8564115,1786171374.9783757,1786171382.4858973,1786171383.6810222,1786171383.6939468,1786171383.7132432
6,1786171383.8127923,1786171383.9187799,1786171391.2072413,1786171392.4920511,1786171392.5048544,1786171392.5239537
7,1786171392.6079094,1786171392.8159964,1786171400.1368983,1786171401.329485,1786171401.3424761,1786171401.3618343
8,1786171401.4722726,1786171401.5806227,1786171409.242132,1786171410.4260933,1786171410.4391818,1786171410.4587123
9,1786171410.5815759,1786171410.7938926,1786171418.072151,1786171419.255475,1786171419.2684278,1786171419.2883537
10,1786171419.4114952,1786171419.5198722,1786171427.18469,1786171428.372357,1786171428.3853896,1786171428.4042337
11,1786171428.526768,1786171428.633237,1786171436.2756746,1786171437.5621338,1786171437.5748804,1786171437.5929573
12,1786171437.625427,1786171437.730721,1786171445.1652691,1786171446.3559735,1786171446.3692083,1786171446.3883607
13,1786171446.4904335,1786171446.5969882,1786171454.2902064,1786171455.5513237,1786171455.563988,1786171455.5824125
14,1786171455.6162639,1786171455.7228925,1786171463.1604555,1786171464.3478522,1786171464.360749,1786171464.379527
15,1786171464.4806917,1786171464.594037,1786171471.9593349,1786171473.2250664,1786171473.2379053,1786171473.255904
16,1786171473.2967856,1786171473.4042501,1786171480.9889398,1786171482.2515998,1786171482.2644763,1786171482.2836275
17,1786171482.409244,1786171482.5214498,1786171489.8846889,1786171491.1385136,1786171491.1513963,1786171491.169974
18,1786171491.2059872,1786171491.317407,1786171498.9287722,1786171500.102362,1786171500.1151767,1786171500.134392
19,1786171500.2772267,1786171500.387362,1786171507.6847408,1786171508.9583094,1786171508.9711256,1786171508.98948
20,1786171509.04252,1786171509.1478167,1786171516.8249502,1786171518.0159216,1786171518.0290327,1786171518.0486739
21,1786171518.1561382,1786171518.2623458,1786171525.5929453,1786171526.9038777,1786171526.9169395,1786171526.9365683
22,1786171526.9794166,1786171527.0876343,1786171534.6552536,1786171535.8389928,1786171535.8518164,1786171535.871202
23,1786171535.9884303,1786171536.0941758,1786171543.538872,1786171544.7991114,1786171544.8120039,1786171544.8300116
24,1786171544.88087,1786171544.9939861,1786171552.570796,1786171553.7595103,1786171553.7723546,1786171553.7919307
25,1786171553.9065573,1786171554.0179758,1786171561.377682,1786171562.6639986,1786171562.676849,1786171562.6950185
26,1786171562.722225,1786171562.8350704,1786171570.4105165,1786171571.651615,1786171571.6662593,1786171571.6868663
27,1786171571.8408113,1786171571.9486167,1786171579.3523653,1786171580.6280172,1786171580.6408606,1786171580.659141
28,1786171580.686324,1786171580.7931826,1786171588.1814814,1786171589.3721077,1786171589.3849547,1786171589.4041955
29,1786171589.5223298,1786171589.6314468,1786171596.9669309,1786171598.250865,1786171598.2639408,1786171598.282503
30,1786171598.3098814,1786171598.416204,1786171606.031766,1786171607.2154496,1786171607.22829,1786171607.2480998
31,1786171607.3873394,1786171607.4994044,1786171615.0185616,1786171616.2852402,1786171616.298518,1786171616.3196218
32,1786171616.3702931,1786171616.478793,1786171623.9013555,1786171625.0786068,1786171625.091492,1786171625.1104164
33,1786171625.237201,1786171625.354419,1786171632.7231696,1786171633.992298,1786171634.0052738,1786171634.0235283
34,1786171634.071563,1786171634.1773927,1786171641.7058978,1786171642.8818872,1786171642.8947415,1786171642.913488
35,1786171643.047351,1786171643.1569855,1786171650.4901958,1786171651.7690444,1786171651.7818203,1786171651.8006847
36,1786171651.8286805,1786171651.936625,1786171659.3197443,1786171660.5141654,1786171660.5268679,1786171660.5464795
37,1786171660.6501338,1786171660.7570255,1786171668.0804262,1786171669.3705022,1786171669.3832886,1786171669.4017987
38,1786171669.429749,1786171669.5349047,1786171676.9790063,1786171678.1688294,1786171678.1827867,1786171678.2032335
39,1786171678.3435054,1786171678.4520395,1786171685.7574658,1786171687.0429566,1786171687.0557652,1786171687.0744753
40,1786171687.1021383,1786171687.2084894,1786171694.875565,1786171696.0510116,1786171696.0639098,1786171696.0834987
41,1786171696.2256305,1786171696.3319683,1786171703.850424,1786171705.1397643,1786171705.1525466,1786171705.171584
42,1786171705.1989095,1786171705.307813,1786171712.7034976,1786171713.9077048,1786171713.9205399,1786171713.9399467
43,1786171714.0302489,1786171714.137029,1786171721.7565413,1786171723.0352442,1786171723.0483346,1786171723.0673506
44,1786171723.105323,1786171723.2103808,1786171730.5425916,1786171731.7330008,1786171731.7458239,1786171731.76516
45,1786171731.8849058,1786171731.9926815,1786171739.385846,1786171740.6671903,1786171740.6800609,1786171740.6983397
46,1786171740.7327123,1786171740.8368847,1786171748.1704373,1786171749.369336,1786171749.3832014,1786171749.4046078
47,1786171749.5065715,1786171749.6182928,1786171757.0333788,1786171758.344915,1786171758.3577027,1786171758.3765247
48,1786171758.4035919,1786171758.509051,,,,
