Round,Evaluator,2,4,3,0,1
0,0,,,,,
0,1,,,,,
0,2,,,,,
0,3,,,,,
0,4,,,,,
0,Aggregated,,,,,
0,Centralized,,,,,
1,0,,,,,
1,1,,,,,
1,2,,,,,
1,3,,,,,
1,4,,,,,
1,Aggregated,,,,,
1,Centralized,0.21355170011520386,0.20553871989250183,0.2105887085199356,0.1623889058828354,0.20793190598487854
2,0,,,,,
2,1,,,,,
2,2,,,,,
2,3,,,,,
2,4,,,,,
2,Aggregated,,,,,
2,Centralized,0.20922639966011047,0.20370198786258698,0.20722073316574097,0.17460371553897858,0.205247163772583
3,0,,,,,
3,1,,,,,
3,2,,,,,
3,3,,,,,
3,4,,,,,
3,Aggregated,,,,,
3,Centralized,0.2060992568731308,0.202448770403862,0.2047259658575058,0.183366596698761,0.20335936546325684
4,0,,,,,
4,1,,,,,
4,2,,,,,
4,3,,,,,
4,4,,,,,
4,Aggregated,,,,,
4,Centralized,0.20397602021694183,0.20161078870296478,0.20309659838676453,0.1891411989927292,0.20217545330524445
5,0,,,,,
5,1,,,,,
5,2,,,,,
5,3,,,,,
5,4,,,,,
5,Aggregated,,,,,
5,Centralized,0.2025769203901291,0.20105934143066406,0.20202644169330597,0.19291572272777557,0.20142152905464172
6,0,,,,,
6,1,,,,,
6,2,,,,,
6,3,,,,,
6,4,,,,,
6,Aggregated,,,,,
6,Centralized,0.20166011154651642,0.2006986290216446,0.2013210952281952,0.1953921616077423,0.20092804729938507
7,0,,,,,
7,1,,,,,
7,2,,,,,
7,3,,,,,
7,4,,,,,
7,Aggregated,,,,,
7,Centralized,0.20106667280197144,0.20045346021652222,0.20086348056793213,0.1970033198595047,0.20061300694942474
8,0,,,,,
8,1,,,,,
8,2,,,,,
8,3,,,,,
8,4,,,,,
8,Aggregated,,,,,
8,Centralized,0.20068764686584473,0.20027610659599304,0.20057064294815063,0.19805492460727692,0.2004106640815735
9,0,,,,,
9,1,,,,,
9,2,,,,,
9,3,,,,,
9,4,,,,,
9,Aggregated,,,,,
9,Centralized,0.20043689012527466,0.20017752051353455,0.20038063824176788,0.19873686134815216,0.20026810467243195
10,0,,,,,
10,1,,,,,
10,2,,,,,
10,3,,,,,
10,4,,,,,
10,Aggregated,,,,,
10,Centralized,0.20027852058410645,0.20012260973453522,0.20024631917476654,0.19917449355125427,0.20017807185649872
11,0,,,,,
11,1,,,,,
11,2,,,,,
11,3,,,,,
11,4,,,,,
11,Aggregated,,,,,
11,Centralized,0.20017187297344208,0.20008675754070282,0.2001650333404541,0.19946177303791046,0.20011450350284576
12,0,,,,,
12,1,,,,,
12,2,,,,,
12,3,,,,,
12,4,,,,,
12,Aggregated,,,,,
12,Centralized,0.2001134604215622,0.20005789399147034,0.2001079022884369,0.19964204728603363,0.20007865130901337
13,0,,,,,
13,1,,,,,
13,2,,,,,
13,3,,,,,
13,4,,,,,
13,Aggregated,,,,,
13,Centralized,0.20007488131523132,0.20004835724830627,0.20005729794502258,0.19976691901683807,0.20005246996879578
14,0,,,,,
14,1,,,,,
14,2,,,,,
14,3,,,,,
14,4,,,,,
14,Aggregated,,,,,
14,Centralized,0.2000550478696823,0.2000409960746765,0.2000344842672348,0.19983820617198944,0.20003126561641693
15,0,,,,,
15,1,,,,,
15,2,,,,,
15,3,,,,,
15,4,,,,,
15,Aggregated,,,,,
15,Centralized,0.20003944635391235,0.20002223551273346,0.20002856850624084,0.1998906284570694,0.20001910626888275
16,0,,,,,
16,1,,,,,
16,2,,,,,
16,3,,,,,
16,4,,,,,
16,Aggregated,,,,,
16,Centralized,0.20002864301204681,0.20001395046710968,0.20002174377441406,0.19992601871490479,0.20000959932804108
17,0,,,,,
17,1,,,,,
17,2,,,,,
17,3,,,,,
17,4,,,,,
17,Aggregated,,,,,
17,Centralized,0.20002372562885284,0.20000648498535156,0.2000250220298767,0.1999400407075882,0.20000475645065308
18,0,,,,,
18,1,,,,,
18,2,,,,,
18,3,,,,,
18,4,,,,,
18,Aggregated,,,,,
18,Centralized,0.20001885294914246,0.1999986171722412,0.20002174377441406,0.19995719194412231,0.20000368356704712
19,0,,,,,
19,1,,,,,
19,2,,,,,
19,3,,,,,
19,4,,,,,
19,Aggregated,,,,,
19,Centralized,0.20001524686813354,0.199992835521698,0.2000199854373932,0.19996681809425354,0.20000511407852173
20,0,,,,,
20,1,,,,,
20,2,,,,,
20,3,,,,,
20,4,,,,,
20,Aggregated,,,,,
20,Centralized,0.20002387464046478,0.1999901533126831,0.20002055168151855,0.1999622881412506,0.20000314712524414
21,0,,,,,
21,1,,,,,
21,2,,,,,
21,3,,,,,
21,4,,,,,
21,Aggregated,,,,,
21,Centralized,0.20002423226833344,0.19999824464321136,0.20001275837421417,0.1999739706516266,0.19999080896377563
22,0,,,,,
22,1,,,,,
22,2,,,,,
22,3,,,,,
22,4,,,,,
22,Aggregated,,,,,
22,Centralized,0.20002098381519318,0.1999986320734024,0.20001263916492462,0.19997623562812805,0.19999155402183533
23,0,,,,,
23,1,,,,,
23,2,,,,,
23,3,,,,,
23,4,,,,,
23,Aggregated,,,,,
23,Centralized,0.20001673698425293,0.19999876618385315,0.20001102983951569,0.19998402893543243,0.19998949766159058
24,0,,,,,
24,1,,,,,
24,2,,,,,
24,3,,,,,
24,4,,,,,
24,Aggregated,,,,,
24,Centralized,0.20001055300235748,0.19999602437019348,0.2000107616186142,0.19998998939990997,0.19999262690544128
25,0,,,,,
25,1,,,,,
25,2,,,,,
25,3,,,,,
25,4,,,,,
25,Aggregated,,,,,
25,Centralized,0.20000985264778137,0.1999896913766861,0.20001351833343506,0.1999904215335846,0.19999660551548004
26,0,,,,,
26,1,,,,,
26,2,,,,,
26,3,,,,,
26,4,,,,,
26,Aggregated,,,,,
26,Centralized,0.2000100165605545,0.19998891651630402,0.20000924170017242,0.19999155402183533,0.20000028610229492
27,0,,,,,
27,1,,,,,
27,2,,,,,
27,3,,,,,
27,4,,,,,
27,Aggregated,,,,,
27,Centralized,0.20000778138637543,0.19999247789382935,0.20000602304935455,0.19999291002750397,0.20000077784061432
28,0,,,,,
28,1,,,,,
28,2,,,,,
28,3,,,,,
28,4,,,,,
28,Aggregated,,,,,
28,Centralized,0.20000292360782623,0.19999679923057556,0.2000063806772232,0.199994295835495,0.1999996304512024
