Round,Evaluator,3,1,0,2,4
0,0,,,,,
0,1,,,,,
0,2,,,,,
0,3,,,,,
0,4,,,,,
0,Aggregated,,,,,
0,Centralized,,,,,
1,0,0.02751937984496121,0.03268733850129197,-0.02319121447028424,0.06627906976744184,0.005232558139534856
1,1,0.10037792894935738,0.10283446712018132,-0.12562358276643987,0.0956538170823885,0.09206349206349203
1,2,0.10631141345427064,0.09950869236583529,-0.12687074829931977,0.10309901738473172,0.09686318972033257
1,3,0.1054799697656841,0.09395313681027967,-0.13696145124716547,0.09187452758881333,0.09735449735449732
1,4,0.10529100529100524,0.10283446712018135,-0.1352607709750568,0.09527588813303102,0.09489795918367347
1,Aggregated,0.09455984174085065,0.09122156280909995,-0.11740026376524898,0.09262281569403236,0.08380316518298714
1,Centralized,0.09455984174085065,0.09122156280909995,-0.11740026376524898,0.09262281569403236,0.08380316518298714
2,0,0.1287467700258398,-0.019186046511627915,0.057364341085271366,0.11937984496124031,-0.04211886304909562
2,1,0.11719576719576717,0.05351473922902493,-0.030196523053665828,0.08242630385487527,0.0015495086923658233
2,2,0.121655328798186,0.04455782312925171,-0.03669690098261531,0.07479213907785341,-0.004761904761904778
2,3,0.12577475434618302,0.048866213151927435,-0.028987150415721787,0.08174603174603176,-0.007445200302343132
2,4,0.11953892668178387,0.04452003023431594,-0.023318216175359074,0.07891156462585033,-0.015570672713529854
2,Aggregated,0.12202439828552587,0.039309264754368585,-0.018677876689746097,0.08456149027365639,-0.011094625783053088
2,Centralized,0.12202439828552587,0.039309264754368585,-0.018677876689746097,0.08456149027365639,-0.011094625783053088
3,0,-0.039082687338501315,-0.02551679586563307,0.008720930232558138,0.004521963824289423,0.028100775193798486
3,1,-0.011337868480725618,0.01228269085411942,-0.03042328042328043,-0.007369614512471637,0.05045351473922902
3,2,-0.017233560090702923,0.01753590325018895,-0.023658352229780803,-0.009297052154194988,0.0621315192743764
3,3,-0.009032501889644742,0.011375661375661377,-0.024149659863945593,-0.0029856386999244245,0.049735449735449744
3,4,-0.018972033257747524,0.011262282690854115,-0.022562358276644014,-0.009523809523809523,0.05340136054421764
3,Aggregated,-0.017326079788987793,0.008184965380811055,-0.02087042532146385,-0.005786350148367943,0.05063468513023409
3,Centralized,-0.017326079788987793,0.008184965380811055,-0.02087042532146385,-0.005786350148367943,0.05063468513023409
4,0,0.014341085271317833,-0.002454780361757105,0.03985788113695089,0.03113695090439277,-0.016989664082687334
4,1,0.014474678760393034,-0.006311413454270598,0.00691609977324261,0.01560846560846559,0.0010582010582011025
4,2,0.012018140589569178,-0.0034769463340892054,0.008994708994708967,0.03148148148148147,0.012207105064247914
4,3,0.022071050642479186,-0.005139833711262287,0.012244897959183683,0.025472411186696898,0.0020408163265306033
4,4,0.01575963718820861,-0.004081632653061218,0.016704459561602422,0.03522297808012093,0.0021541950113378914
4,Aggregated,0.015858885591823274,-0.004459281239696679,0.014869765908341567,0.027481041872733265,0.0016402901417738036
4,Centralized,0.015858885591823274,-0.004459281239696679,0.014869765908341567,0.027481041872733265,0.0016402901417738036
5,0,0.0007751937984495879,0.05310077519379845,0.022739018087855313,-0.006007751937984496,0.026291989664082683
5,1,0.022146636432350732,0.01534391534391532,0.008730158730158744,0.0011715797430083164,0.0365079365079365
5,2,0.014096749811035529,0.013529856386999262,0.004459561602418745,-0.0013983371126228088,0.028269085411942504
5,3,0.00729402872260014,0.005782312925170076,0.011073318216175349,-0.002910052910052896,0.02411186696900987
5,4,0.014512471655328828,0.012433862433862429,0.007520786092214658,-0.0077853363567649235,0.02547241118669686
5,Aggregated,0.012759643916913956,0.017045829212001307,0.009833498186613913,-0.0031486976590833974,0.028297065611605672
5,Centralized,0.012759643916913956,0.017045829212001307,0.009833498186613913,-0.0031486976590833974,0.028297065611605672
6,0,-0.03217054263565895,-0.03733850129198971,-0.005684754521963823,0.028229974160206752,-0.007299741602067176
6,1,-0.023658352229780775,-0.026303854875283455,-0.011942554799697665,0.030007558578987174,-0.006651549508692367
6,2,-0.01757369614512475,-0.021730914588057437,-0.006046863189720331,0.027777777777777752,0.0017006802721088233
6,3,-0.014436885865457267,-0.023129251700680288,-0.011791383219954687,0.025245653817082377,0.0014361300075585745
6,4,-0.015381708238851129,-0.02180650037792896,-0.003854875283446724,0.0356386999244142,0.0008692365835222852
6,Aggregated,-0.019601055060995704,-0.025041213320145098,-0.008061325420375864,0.02948400923178369,-0.0015084075173095938
6,Centralized,-0.019601055060995704,-0.025041213320145098,-0.008061325420375864,0.02948400923178369,-0.0015084075173095938
7,0,0.018023255813953497,0.046447028423772616,0.012532299741602066,0.029328165374676994,0.01770025839793282
7,1,0.014210128495842782,0.047656840513983355,-0.01413454270597126,0.011753590325018904,0.017611489040060456
7,2,0.015117157974300834,0.045729402872260023,-0.010959939531368085,0.011148904006046876,0.02059712773998492
7,3,0.010733182161753594,0.050415721844293264,-0.009674981103552546,0.027362055933484508,0.027739984882841982
7,4,0.005631141345427051,0.0455026455026455,-0.013076341647770226,0.006386999244142103,0.02585034013605446
7,Aggregated,0.012265084075173094,0.047213979558193175,-0.008836135839103216,0.016097922848664695,0.022279920870425303
7,Centralized,0.012265084075173094,0.047213979558193175,-0.008836135839103216,0.016097922848664695,0.022279920870425303
8,0,0.014599483204134373,0.002648578811369521,-0.012209302325581406,-0.018023255813953486,0.016860465116279054
8,1,0.013340891912320513,0.015230536659108083,-0.024452003023431604,0.0004913076341647855,0.020332577475434592
8,2,0.021050642479213885,0.012547241118669695,-0.027513227513227524,-0.007482993197278933,0.024074074074074085
8,3,0.002947845804988682,0.020521541950113395,-0.021239606953892647,-0.017460317460317457,0.012962962962962983
8,4,0.019312169312169312,0.010430839002267578,-0.018669690098261534,0.0009826152683295546,0.02649281934996219
8,Aggregated,0.014218595450049458,0.013147049126277595,-0.021595779756017106,-0.0074183976261127235,0.02044180679195514
8,Centralized,0.014218595450049458,0.013147049126277595,-0.021595779756017106,-0.0074183976261127235,0.02044180679195514
9,0,0.017764857881136947,-0.0009689922480620264,-0.0471576227390181,0.04554263565891474,-0.05006459948320415
9,1,0.013227513227513244,0.0030234315948601894,-0.04591836734693875,0.016061980347694634,-0.02721088435374146
9,2,0.010279667422524593,-0.009372637944066484,-0.04792139077853367,0.02501889644746783,-0.041496598639455776
9,3,0.005933484504913048,-0.007860922146636433,-0.03450491307634166,0.020105820105820106,-0.03129251700680273
9,4,0.014285714285714282,-0.004610733182161749,-0.04561602418745274,0.020332577475434637,-0.03427815570672713
9,Aggregated,0.01180349488954832,-0.004228486646884275,-0.04395812726673256,0.023590504451038594,-0.03567424991757336
9,Centralized,0.01180349488954832,-0.004228486646884275,-0.04395812726673256,0.023590504451038594,-0.03567424991757336
10,0,0.0234496124031008,-0.02629198966408269,0.03313953488372095,0.007299741602067191,0.005038759689922484
10,1,0.022751322751322765,-0.006727135298563858,0.0051776266061980235,0.012358276643990933,0.011791383219954639
10,2,0.027248677248677237,-0.016024187452758885,0.017044595616024196,0.014399092970521549,0.014021164021164026
10,3,0.016817838246409658,-0.014550264550264553,0.020597127739984896,0.005668934240362814,0.0032123960695389234
10,4,0.02403628117913835,-0.006764928193499612,0.012698412698412697,0.012509448223733953,0.01194255479969768
10,Aggregated,0.02280745136828221,-0.012965710517639308,0.016336960105506098,0.010731948565776465,0.009577975601714457
10,Centralized,0.02280745136828221,-0.012965710517639308,0.016336960105506098,0.010731948565776465,0.009577975601714457
11,0,0.01324289405684754,0.018733850129198957,-0.01065891472868218,0.004198966408268741,0.02487080103359173
11,1,0.015268329554043806,0.0048752834467119905,-0.031594860166288756,-0.010241874527588827,0.02849584278155705
11,2,0.012433862433862448,0.016969009826152674,-0.024792139077853378,-0.0026832955404384054,0.027551020408163263
11,3,0.004346182917611489,0.007936507936507953,-0.01814058956916098,-0.0003779289493575107,0.02664399092970519
11,4,0.00959939531368101,0.00808767951625095,-0.028004535147392297,-0.0024943310657596493,0.01734693877551019
11,Aggregated,0.010773161885921529,0.010649521925486316,-0.023722387075502827,-0.002909660402242013,0.02499175733597097
11,Centralized,0.010773161885921529,0.010649521925486316,-0.023722387075502827,-0.002909660402242013,0.02499175733597097
12,0,0.008397932816537468,0.017764857881136967,0.0012919896640826748,0.00872093023255815,-0.02842377260981912
12,1,0.023809523809523826,0.019841269841269868,-0.012093726379440648,0.01114890400604686,-0.013227513227513202
12,2,0.017876039304610757,0.017687074829931978,-0.01386999244142098,0.00767195767195766,-0.020294784580498864
12,3,0.013605442176870763,0.01568405139833713,0.003779289493575209,0.004724111866969037,-0.028722600151171562
12,4,0.014739229024943292,0.014739229024943326,-0.011904761904761895,0.010015117157974303,-0.013983371126228243
12,Aggregated,0.016345202769535123,0.01708704253214639,-0.007270029673590498,0.008432245301681528,-0.020252225519287827
12,Centralized,0.016345202769535123,0.01708704253214639,-0.007270029673590498,0.008432245301681528,-0.020252225519287827
13,0,-0.0056847545219638395,0.011111111111111117,-0.036692506459948336,0.01692506459948322,0.01434108527131784
13,1,-0.0009826152683295693,0.0026077097505668575,-0.04406651549508694,0.01318972033257748,0.02018140589569162
13,2,-0.0014739229024942938,0.005706727135298569,-0.04115646258503401,0.014777021919879063,0.01761148904006047
13,3,-0.0029478458049886505,0.002343159486016631,-0.0382842025699169,0.013303099017384716,0.016515495086923643
13,4,0.00272108843537416,0.008201058201058214,-0.03885109599395314,0.015948601662887377,0.01878306878306877
13,Aggregated,-0.001310583580613267,0.005530827563468518,-0.04009231783712496,0.01463897131552919,0.017771183646554597
13,Centralized,-0.001310583580613267,0.005530827563468518,-0.04009231783712496,0.01463897131552919,0.017771183646554597
14,0,-0.01188630490956074,0.0058785529715762435,-0.0005813953488372047,0.004586563307493554,0.009754521963824285
14,1,-0.00525321239606956,0.011375661375661377,-0.0041194255479969685,0.0007936507936507853,0.015343915343915349
14,2,-0.010695389266817849,0.005555555555555564,-0.001058201058201036,0.0010204081632652906,0.011980347694633419
14,3,-0.006349206349206349,0.005744520030234333,0.008201058201058178,0.0010204081632653053,0.009523809523809513
14,4,-0.0004157218442932783,0.011866969009826157,-0.00438397581254726,0.005064247921390758,0.0037414965986394396
14,Aggregated,-0.0064704912627761325,0.00828387734915923,-0.0003709198813056314,0.0023079459281239684,0.010097263435542346
14,Centralized,-0.0064704912627761325,0.00828387734915923,-0.0003709198813056314,0.0023079459281239684,0.010097263435542346
15,0,-0.027713178294573655,0.010400516795865648,0.01040051679586564,0.013953488372093027,0.0007105943152454664
15,1,-0.01118669690098262,0.011300075585789878,0.0016628873771731057,0.003174603174603178,0.008654572940287224
15,2,-0.0149281934996221,0.010582010582010581,0.0032123960695389178,0.008125472411186682,0.008881330309901736
15,3,0.003099017384731684,0.009334845049130756,0.0057445200302343015,-0.002380952380952352,0.011413454270597152
15,4,-0.025888133030990166,0.005668934240362809,0.0007558578987150455,0.005479969765684063,-0.0018896447467875814
15,Aggregated,-0.014202110121991436,0.009371909000989116,0.003808110781404554,0.004920870425321446,0.005992416749093304
15,Centralized,-0.014202110121991436,0.009371909000989116,0.003808110781404554,0.004920870425321446,0.005992416749093304
16,0,0.004651162790697668,0.0078811369509044,-0.004715762273901822,-0.014728682170542648,-0.004715762273901804
16,1,0.006878306878306904,0.0072562358276644125,-0.006160241874527587,-0.012585034013605433,0.0023431594860166493
16,2,0.006953892668178409,0.0073318216175359,-0.005328798185941036,-0.013454270597127716,-3.779289493576384e-05
16,3,0.005215419501133811,0.0035147392290249563,-0.003476946334089189,-0.003854875283446707,0.0008692365835222926
16,4,0.007860922146636426,0.007671957671957654,-0.0027210884353741638,-0.011413454270597126,0.000869236583522263
16,Aggregated,0.006462248598747102,0.006627101879327385,-0.004459281239696651,-0.01088855918232772,0.00028025057698648676
16,Centralized,0.006462248598747102,0.006627101879327385,-0.004459281239696651,-0.01088855918232772,0.00028025057698648676
17,0,0.005813953488372089,0.013242894056847527,1.295260195396016e-17,-0.023255813953488337,0.015826873385012905
17,1,0.004761904761904745,0.007974300831443673,-0.0033635676492819178,-0.011866969009826145,0.013832199546485242
17,2,0.002683295540438402,0.005328798185941038,-0.003930461073318217,-0.013756613756613724,0.011942554799697662
17,3,0.0031746031746031724,0.000340136054421782,-0.010241874527588825,-0.000982615268329573,0.005442176870748282
17,4,0.002305366591080891,0.005895691609977318,0.00022675736961453677,-0.016213151927437674,0.007785336356764927
17,Aggregated,0.0035608308605341197,0.0059512034289482246,-0.0037751401252885046,-0.012306297395318156,0.01052588196505111
17,Centralized,0.0035608308605341197,0.0059512034289482246,-0.0037751401252885046,-0.012306297395318156,0.01052588196505111
18,0,-0.0011627906976744299,0.005943152454780335,0.007881136950904378,0.004328165374676974,0.002390180878552976
18,1,-0.0012471655328798218,0.010468631897203314,-0.0004913076341647671,-0.003703703703703722,-0.0004913076341647855
18,2,-0.0006046863189720456,0.008843537414965952,0.0018518518518518452,0.0009070294784580176,-0.0041950113378685
18,3,0.0054421768707483146,0.006009070294784578,-0.0015495086923658584,0.0024187452758881235,-0.014588057445200319
18,4,-0.0025321239606953907,0.008238851095994001,0.0025699168556311456,-0.000642479213907791,0.003703703703703746
18,Aggregated,8.242664029012303e-05,0.008077810748433917,0.0015248928453675907,0.00032970656116054764,-0.003090999010880289
18,Centralized,8.242664029012303e-05,0.008077810748433917,0.0015248928453675907,0.00032970656116054764,-0.003090999010880289
19,0,0.0012273901808785717,-0.0020025839793281525,-0.043023255813953484,0.008010335917312665,0.016408268733850116
19,1,0.0034769463340892093,-0.004459561602418736,-0.02826908541194254,0.004232804232804255,0.015948601662887377
19,2,0.004308390022675738,-0.006840513983371116,-0.036696900982615244,0.004119425547996993,0.016969009826152688
19,3,0.0077853363567649304,-0.008843537414965966,-0.03227513227513225,0.002305366591080867,0.015154950869236607
19,4,0.005668934240362809,0.0026455026455026362,-0.023242630385487528,0.006613756613756618,0.01284958427815571
19,Aggregated,0.0047889878008572345,-0.0040718760303329994,-0.03176722716782061,0.0047889878008572345,0.01538081107814047
19,Centralized,0.0047889878008572345,-0.0040718760303329994,-0.03176722716782061,0.0047889878008572345,0.01538081107814047
20,0,0.006201550387596903,0.0016795865633074984,0.01718346253229972,-0.0409560723514212,0.015891472868217047
20,1,0.004724111866969026,0.0043461829176114795,0.00869236583522295,-0.028722600151171552,0.010959939531368106
20,2,0.007936507936507943,-0.0009448223733938018,0.012093726379440643,-0.037792894935752074,0.011904761904761899
20,3,0.01205593348450493,-0.004761904761904773,0.01186696900982616,-0.03783068783068786,0.01186696900982613
20,4,0.0059334845049130724,0.0027210884353741547,0.005177626606198055,-0.028080120937263805,0.009712773998488296
20,Aggregated,0.007476096274315839,0.0005110451697988794,0.010443455324760981,-0.03410814375206068,0.011721068249258178
20,Centralized,0.007476096274315839,0.0005110451697988794,0.010443455324760981,-0.03410814375206068,0.011721068249258178
21,0,0.01007751937984495,0.012015503875968985,0.00975452196382428,0.0023255813953488138,-0.03417312661498706
21,1,0.0049886621315192595,0.007823129251700688,0.0034769463340891963,0.0010204081632653053,-0.017309145880574434
21,2,0.015154950869236593,0.01213151927437642,0.006840513983371147,0.000982615268329575,-0.023771730914588018
21,3,0.021541950113378703,0.007747543461829156,0.007180650037792874,0.0026455026455026566,-0.023242630385487566
21,4,0.005820105820105822,0.008843537414965956,0.005631141345427067,0.002040816326530631,-0.010997732426303884
21,Aggregated,0.01164688427299704,0.009503791625453355,0.006289152654137831,0.00175568743818,-0.02078799868117378
21,Centralized,0.01164688427299704,0.009503791625453355,0.006289152654137831,0.00175568743818,-0.02078799868117378
22,0,0.01705426356589146,-0.007493540051679557,0.018346253229974154,-0.04270025839793282,0.014793281653746755
22,1,0.009712773998488257,-0.005215419501133811,0.008201058201058199,-0.02562358276643993,0.008390022675736934
22,2,0.012055933484504887,-0.007596371882086178,0.010733182161753566,-0.035752078609221465,0.009221466364323494
22,3,0.015608465608465643,-0.01519274376417236,0.007671957671957686,-0.040325018896447476,0.009561602418745294
22,4,0.008692365835222952,-0.0013227513227513108,0.004724111866968998,-0.027399848828420274,0.006235827664399071
22,Aggregated,0.012223870755028041,-0.0073524563138806474,0.00917408506429279,-0.03360534124629078,0.009174085064292773
22,Centralized,0.012223870755028041,-0.0073524563138806474,0.00917408506429279,-0.03360534124629078,0.009174085064292773
23,0,-0.06698966408268735,0.033462532299741596,-0.010142118863049119,-0.023062015503875967,0.01246770025839791
23,1,-0.04142101284958429,0.02452758881330309,-0.0036281179138321997,-0.016855631141345404,0.007898715041572218
23,2,-0.033673469387755096,0.02282690854119426,-0.0024943310657596198,-0.016477702191987874,0.0071428571428571435
23,3,-0.02600151171579744,0.021428571428571415,-0.0021919879062736345,-0.012773998488284198,0.0036659108087679286
23,4,-0.04210128495842779,0.02214663643235074,-0.004308390022675727,-0.017346938775510204,0.012131519274376413
23,Aggregated,-0.03977909660402242,0.024101549620837444,-0.004047148038245977,-0.016782063963072847,0.0083168480052753
23,Centralized,-0.03977909660402242,0.024101549620837444,-0.004047148038245977,-0.016782063963072847,0.0083168480052753
24,0,0.01621447028423772,0.009431524547803641,0.02558139534883721,-0.0038113695090438698,0.010723514211886333
24,1,0.009221466364323532,0.006009070294784587,0.018102796674225253,-0.0032501889644746948,0.008465608465608478
24,2,0.005291005291005274,0.004724111866968992,0.024754346182917646,-0.010770975056689351,0.005479969765684029
24,3,0.010468631897203352,-0.0020030234315948636,0.02709750566893424,-0.01164021164021162,0.0010204081632653461
24,4,0.008692365835222978,0.008314436885865454,0.006235827664399074,0.0015117157974301114,0.006991685563114128
24,Aggregated,0.009413122321134186,0.0049208704253214716,0.019881305637982197,-0.0057533794922518845,0.006157270029673595
24,Centralized,0.009413122321134186,0.0049208704253214716,0.019881305637982197,-0.0057533794922518845,0.006157270029673595
25,0,-0.009043927648578825,0.009043927648578793,0.014211886304909544,-0.01518087855297159,0.012596899224806172
25,1,-0.007218442932728644,0.005631141345427056,0.00393046107331822,-0.007596371882086171,0.005253212396069538
25,2,-0.01428571428571426,0.007445200302343147,0.008390022675736974,-0.013718820861678,0.014436885865457301
25,3,-0.008352229780801223,0.006198034769463349,0.009599395313681031,-0.015343915343915354,0.019236583522297793
25,4,-0.0003023431594860256,0.004610733182161747,0.0017762660619803658,-0.00861678004535144,0.009334845049130737
25,Aggregated,-0.007731618859215309,0.006363336630398949,0.0069815364325750105,-0.011811737553577317,0.012133201450708857
25,Centralized,-0.007731618859215309,0.006363336630398949,0.0069815364325750105,-0.011811737553577317,0.012133201450708857
26,0,0.013630490956072373,-0.019961240310077524,0.01718346253229975,-0.02480620155038761,0.021705426356589157
26,1,0.0017384731670445981,-0.0063869992441421015,0.00608465608465608,-0.009977324263038576,0.010808767951625052
26,2,0.005291005291005276,-0.015306122448979597,0.014739229024943333,-0.018707482993197275,0.02078609221466366
26,3,0.005555555555555567,-0.016175359032501915,0.01746031746031745,-0.017498110355253227,0.015192743764172324
26,4,0.005366591080876776,-0.0035147392290249507,0.000453514739229031,-0.010317460317460303,0.005744520030234303
26,Aggregated,0.005654467523903721,-0.011572700296735914,0.0106412792614573,-0.015487965710517658,0.014226838114078488
26,Centralized,0.005654467523903721,-0.011572700296735914,0.0106412792614573,-0.015487965710517658,0.014226838114078488
27,0,0.0014857881136950838,0.011498708010335928,-0.014341085271317828,0.014082687338501309,-0.004974160206718355
27,1,-0.004043839758125454,0.0071050642479214094,-0.0044217687074829815,0.0057823129251700816,0.00011337868480727302
27,2,-0.006764928193499655,0.011753590325018893,-0.01035525321239607,0.018934240362811765,-0.004497354497354509
27,3,0.0009070294784580694,0.008465608465608458,-0.00948601662887377,0.012244897959183706,-0.0030612244897959217
27,4,0.0009448223733937926,0.005857898715041556,-0.004535147392290253,0.0017006802721088196,0.0005668934240363021
27,Aggregated,-0.001763930102209029,0.008704253214638984,-0.008110781404549945,0.01022914606000666,-0.002134849983514666
27,Centralized,-0.001763930102209029,0.008704253214638984,-0.008110781404549945,0.01022914606000666,-0.002134849983514666
28,0,0.005038759689922484,0.010529715762273914,-0.00852713178294573,0.002454780361757105,0.006007751937984501
28,1,-0.00192743764172336,0.00468631897203324,-0.00797430083144368,-0.0007936507936507871,0.0037414965986394396
28,2,0.006311413454270619,0.006689342403628136,-0.0008692365835222907,-0.005971277399848808,0.005177626606198055
28,3,0.006235827664399078,0.0011337868480725414,0.002078609221466369,-0.005102040816326559,0.004724111866969005
28,4,-0.0009070294784580454,0.007596371882086182,-0.011111111111111124,0.0024943310657596454,0.0041950113378685
28,Aggregated,0.0027612924497197543,0.00572865150016485,-0.004986811737553578,-0.0017309594460929963,0.0046571051763930095
28,Centralized,0.0027612924497197543,0.00572865150016485,-0.004986811737553578,-0.0017309594460929963,0.0046571051763930095
29,0,0.0072351421188630565,-0.004069767441860478,-0.012790697674418604,0.012403100775193816,0.00497416020671835
29,1,0.0004913076341647597,0.0012471655328798422,-0.0025321239606953946,-7.558578987146662e-05,0.0031368102796674236
29,2,0.005706727135298565,-0.004875283446712025,-0.010544217687074862,0.009108087679516218,0.0028722600151171564
29,3,0.0034769463340891963,-0.007671957671957694,-0.010506424792139094,0.005555555555555569,0.002343159486016642
29,4,0.0010959939531368034,-3.7792894935732386e-05,-0.004195011337868496,0.0016628873771731038,0.0014739229024943216
29,Aggregated,0.0032723376195186392,-0.0029920870425321636,-0.007690405539070231,0.005126937026046824,0.002777777777777781
29,Centralized,0.0032723376195186392,-0.0029920870425321636,-0.007690405539070231,0.005126937026046824,0.002777777777777781
30,0,-0.0034237726098191386,-0.009560723514211915,0.008204134366925096,-0.021188630490956095,0.006589147286821706
30,1,1.4802973661668754e-17,0.0013227513227513144,-0.0018896447467876035,-0.0034013605442176948,0.003968253968253969
30,2,-0.0037792894935751997,-0.0073696145124716355,0.010393046107331825,-0.014550264550264546,0.006235827664399118
30,3,0.00018896447467875815,-0.009070294784580515,0.011526832955404385,-0.013983371126228257,0.004535147392290249
30,4,0.0012849584278155635,0.000340136054421782,-0.005328798185941018,-0.00740740740740739,0.0020408163265306276
30,Aggregated,-0.000939663699307608,-0.004442795911638651,0.004253214638971345,-0.01128420705572042,0.004500494559841742
30,Centralized,-0.000939663699307608,-0.004442795911638651,0.004253214638971345,-0.01128420705572042,0.004500494559841742
31,0,0.00671834625322998,0.009625322997416032,-0.0049095607235141985,0.005749354005167963,0.002196382428940567
31,1,-0.0013605442176870708,0.0035525321239606926,-0.004195011337868462,0.003363567649281929,-0.0013605442176870893
31,2,0.0046485260770975255,0.011829176114890401,-0.010846560846560854,0.007860922146636435,0.00011337868480725266
31,3,0.004799697656840523,0.0025321239606953872,-0.005782312925170058,0.007634164777021933,-0.00011337868480723971
31,4,0.001247165532879807,0.004081632653061226,-0.0006424792139077836,0.0033257747543461707,0.00332577475434618
31,Aggregated,0.002893175074183977,0.006025387405209356,-0.0053082756346851424,0.005572040883613577,0.0007088691064952173
31,Centralized,0.002893175074183977,0.006025387405209356,-0.0053082756346851424,0.005572040883613577,0.0007088691064952173
32,0,0.0003875968992248069,0.0026485788113695136,-0.006072351421188641,0.0026485788113695136,0.004263565891472876
32,1,-0.00105820105820106,0.0012093726379440765,-0.0014361300075585873,0.0029100529100528944,0.0029100529100528944
32,2,0.0002645502645502377,0.003476946334089174,-0.003136810279667444,-0.006916099773242653,0.0017762660619803565
32,3,0.006160241874527585,0.002191987906273622,0.0029478458049886675,-0.005933484504913078,0.0014361300075585856
32,4,0.000869236583522287,-7.558578987149437e-05,-0.0038548752834467034,0.0016250944822373326,0.0014361300075585782
32,Aggregated,0.0014094955489614258,0.0018216287504121335,-0.0019699967029343773,-0.0014754368611935556,0.0021925486317177704
32,Centralized,0.0014094955489614258,0.0018216287504121335,-0.0019699967029343773,-0.0014754368611935556,0.0021925486317177704
33,0,-0.008333333333333349,0.01815245478036177,0.009431524547803617,-0.005749354005167969,-0.032881136950904416
33,1,-0.005328798185941018,0.010544217687074841,0.005631141345427054,0.0014739229024943272,-0.016855631141345417
33,2,0.00037792894935751814,0.007747543461829182,0.0013227513227513272,0.001700680272108836,-0.01114890400604686
33,3,-0.0008314436885865602,0.001058201058201058,0.0008692365835223037,0.0035147392290249212,-0.006878306878306887
33,4,-0.004157218442932709,0.010770975056689329,0.007180650037792881,-0.005479969765684045,-0.019652305366591048
33,Aggregated,-0.003231124299373576,0.008885591823277323,0.004475766567754704,-0.0004698318496537975,-0.01608968018463569
33,Centralized,-0.003231124299373576,0.008885591823277323,0.004475766567754704,-0.0004698318496537975,-0.01608968018463569
34,0,0.004780361757105952,-0.002971576227390186,0.0063953488372093135,0.0038113695090439344,0.003488372093023262
34,1,0.0007558578987150177,0.0026455026455026454,0.002456538170823882,-0.0011337868480725544,-0.00018896447467877295
34,2,0.00396825396825398,-0.00321239606953892,0.0011337868480725433,0.0035903250188964618,-0.005479969765684065
34,3,0.004761904761904771,-0.010166288737717294,0.002116402116402116,0.001549508692365853,-0.002796674225245656
34,4,0.001209372637944045,0.001587301587301554,0.0006424792139077725,-0.00011337868480727302,0.0034769463340891724
34,Aggregated,0.002942631058358053,-0.002373887240356076,0.002200791295746779,0.0013353115727002928,-0.000642927794263104
34,Centralized,0.002942631058358053,-0.002373887240356076,0.002200791295746779,0.0013353115727002928,-0.000642927794263104
35,0,0.006007751937984496,0.009883720930232565,-0.020155038759689915,0.0021317829457364267,0.0021317829457364267
35,1,0.0022297808012093486,0.006953892668178386,-0.011942554799697636,0.0027966742252456675,0.002229780801209395
35,2,-0.0009448223733938148,0.006613756613756622,-0.00907029478458049,0.003968253968253985,-0.0005668934240363059
35,3,0.0006802721088435456,-0.0004535147392290458,-0.0008314436885865362,-0.0010204081632653277,-0.0006424792139078003
35,4,0.0019274376417233582,0.004383975812547249,-0.01583522297808011,0.0041950113378684765,0.005328798185941031
35,Aggregated,0.0016155621496867852,0.00507748104187273,-0.010789647213979568,0.0024398285525882007,0.001656775469831856
35,Centralized,0.0016155621496867852,0.00507748104187273,-0.010789647213979568,0.0024398285525882007,0.001656775469831856
