,BeforeLocalTraining,AfterLocalTraining,BeforeLocalPartialEvaluations,AfterLocalPartialEvaluations,BeforeEvaluation,AfterEvaluation
1,1786792020.222355,1786792020.2435174,1786792021.3246574,1786792021.5439198,1786792021.5717733,1786792021.5761006
2,1786792021.6535032,1786792021.6730483,1786792022.8060184,1786792023.0744364,1786792023.115709,1786792023.122415
3,1786792023.3128307,1786792023.3322437,1786792024.4910095,1786792024.7092574,1786792024.7358758,1786792024.739826
4,1786792024.7944422,1786792024.8133054,1786792025.8574286,1786792026.1723628,1786792026.1994596,1786792026.203465
5,1786792026.2703717,1786792026.2891853,1786792027.4635658,1786792027.6775618,1786792027.7041078,1786792027.708343
6,1786792027.7706165,1786792027.7900286,1786792028.8367388,1786792029.0502067,1786792029.0767395,1786792029.080356
7,1786792029.1382515,1786792029.15664,1786792030.2786791,1786792030.4919765,1786792030.5184612,1786792030.5222032
8,1786792030.5868533,1786792030.608129,1786792031.7324944,1786792031.9521754,1786792031.978776,1786792031.9825253
9,1786792032.0380297,1786792032.0567777,1786792033.2728405,1786792033.5295508,1786792033.5568767,1786792033.561098
10,1786792033.6507568,1786792033.6791866,1786792034.8139396,1786792035.0327518,1786792035.0594852,1786792035.0634034
11,1786792035.1468658,1786792035.1659954,1786792036.230749,1786792036.4475129,1786792036.474025,1786792036.4779718
12,1786792036.5446706,1786792036.5746243,1786792037.7674997,1786792038.0502815,1786792038.0781102,1786792038.0821977
13,1786792038.1401823,1786792038.1585732,1786792039.2897646,1786792039.5046623,1786792039.5312393,1786792039.534894
14,1786792039.6763237,1786792039.695956,1786792040.751468,1786792040.9690588,1786792040.9958925,1786792040.9997437
15,1786792041.0578153,1786792041.0764863,1786792042.2003393,1786792042.41239,1786792042.4389408,1786792042.442756
16,1786792042.5134883,1786792042.532781,1786792043.6502204,1786792043.8700686,1786792043.8968315,1786792043.9006672
17,1786792043.952415,1786792043.9711199,1786792045.0155723,1786792045.2276745,1786792045.2542732,1786792045.2580445
18,1786792045.319069,1786792045.3375027,1786792046.4542437,1786792046.665881,1786792046.6922328,1786792046.6958952
19,1786792046.7732732,1786792046.793136,1786792047.9233758,1786792048.5541275,1786792048.5818145,1786792048.585959
20,1786792048.687685,1786792048.7065442,1786792049.8435388,1786792050.0586674,1786792050.085408,1786792050.0893586
21,1786792050.147247,1786792050.1730487,1786792051.3015108,1786792051.5221744,1786792051.550264,1786792051.5542943
22,1786792051.6138606,1786792051.6360798,1786792052.7652278,1786792053.0097313,1786792053.037116,1786792053.041832
23,1786792053.2060127,1786792053.2325046,1786792054.3457158,1786792054.5614364,1786792054.588164,1786792054.5919273
24,1786792054.6541958,1786792054.6797748,1786792055.8601868,1786792056.074327,1786792056.1014261,1786792056.105299
25,1786792056.1665666,1786792056.185271,1786792057.2290192,1786792057.534881,1786792057.561264,1786792057.564862
26,1786792057.617722,1786792057.639723,1786792058.757621,1786792058.9761508,1786792059.0028841,1786792059.0069075
27,1786792059.0626493,1786792059.0835898,1786792060.1339645,1786792060.3475723,1786792060.37448,1786792060.378239
28,1786792060.4335616,1786792060.4524229,1786792061.571264,1786792061.7938626,1786792061.8206859,1786792061.8244658
29,1786792061.8770077,1786792061.8959744,1786792063.163872,1786792063.5049722,1786792063.5320365,1786792063.536026
30,1786792063.6022263,1786792063.629839,,,,
