,BeforeLocalTraining,AfterLocalTraining,BeforeLocalPartialEvaluations,AfterLocalPartialEvaluations,BeforeEvaluation,AfterEvaluation
1,1786792020.2211502,1786792020.2424533,1786792021.3240645,1786792021.549831,1786792021.5776787,1786792021.5821192
2,1786792021.652805,1786792021.678334,1786792022.8037794,1786792023.0637133,1786792023.1042414,1786792023.1115685
3,1786792023.3123305,1786792023.331865,1786792024.491526,1786792024.7094688,1786792024.736533,1786792024.740476
4,1786792024.7941346,1786792024.8142152,1786792025.857796,1786792026.0730813,1786792026.0998678,1786792026.1041954
5,1786792026.2707553,1786792026.3518994,1786792027.4632072,1786792027.68539,1786792027.7121658,1786792027.716359
6,1786792027.7695804,1786792027.7887893,1786792028.8363304,1786792029.0526679,1786792029.0789208,1786792029.082694
7,1786792029.1375263,1786792029.1569881,1786792030.2792776,1786792030.4955044,1786792030.5218954,1786792030.5256343
8,1786792030.586631,1786792030.6152263,1786792031.7314415,1786792031.9527516,1786792031.979071,1786792031.9828527
9,1786792032.0391488,1786792032.0617123,1786792033.272723,1786792033.5486255,1786792033.5755131,1786792033.5797977
10,1786792033.6515238,1786792033.6749942,1786792034.8147569,1786792035.0388858,1786792035.0656452,1786792035.0695992
11,1786792035.1473808,1786792035.168861,1786792036.2313123,1786792036.4536376,1786792036.4801273,1786792036.4841256
12,1786792036.5444272,1786792036.5657794,1786792037.777453,1786792038.0482926,1786792038.075187,1786792038.0793378
13,1786792038.1407838,1786792038.1681337,1786792039.2910407,1786792039.5062306,1786792039.532396,1786792039.536277
14,1786792039.677061,1786792039.7059588,1786792040.7521946,1786792040.9717329,1786792040.9983969,1786792041.0022755
15,1786792041.0585346,1786792041.082992,1786792042.1997218,1786792042.4235024,1786792042.4511247,1786792042.4552102
16,1786792042.5135877,1786792042.5344896,1786792043.6517878,1786792043.8695319,1786792043.8956952,1786792043.8994317
17,1786792043.952769,1786792043.9715786,1786792045.015778,1786792045.2288468,1786792045.2550564,1786792045.258979
18,1786792045.3193963,1786792045.3389494,1786792046.4544642,1786792046.6690583,1786792046.6953433,1786792046.699155
19,1786792046.7732954,1786792046.7936978,1786792047.9169145,1786792048.5529218,1786792048.579912,1786792048.5841072
20,1786792048.688596,1786792048.7175107,1786792049.843032,1786792050.0611286,1786792050.088114,1786792050.0922115
21,1786792050.146816,1786792050.174157,1786792051.3002195,1786792051.5161138,1786792051.542623,1786792051.5468628
22,1786792051.6124966,1786792051.633372,1786792052.7643716,1786792053.1143456,1786792053.1418493,1786792053.1458359
23,1786792053.205997,1786792053.2251036,1786792054.3454323,1786792054.5610185,1786792054.5875704,1786792054.5913985
24,1786792054.6544666,1786792054.6735172,1786792055.8610542,1786792056.0756917,1786792056.1025558,1786792056.1065714
25,1786792056.1664474,1786792056.1859639,1786792057.2295759,1786792057.4475744,1786792057.4740481,1786792057.4779797
26,1786792057.6171765,1786792057.635902,1786792058.7566044,1786792058.9684684,1786792058.994912,1786792058.9989407
27,1786792059.0621529,1786792059.0831091,1786792060.1344059,1786792060.3470638,1786792060.3735352,1786792060.3772283
28,1786792060.4342973,1786792060.4543283,1786792061.5715115,1786792061.7866678,1786792061.81303,1786792061.8167892
29,1786792061.876658,1786792061.8967896,1786792063.1664538,1786792063.4871001,1786792063.5143108,1786792063.518899
30,1786792063.6023455,1786792063.6234212,,,,
