Round,Evaluator,2,3,0,4,1
0,0,,,,,
0,1,,,,,
0,2,,,,,
0,3,,,,,
0,4,,,,,
0,Aggregated,,,,,
0,Centralized,,,,,
1,0,0.20197365382718027,0.2222317298814773,0.2844211769589979,0.15616873675913284,0.21656073225845268
1,1,0.29812513310582295,0.33430416348299613,0.019241161174333162,0.20106542658253543,0.2965375484243632
1,2,0.2922810967090114,0.33256944077735745,0.016123766227335405,0.1974226749603002,0.2911371056859877
1,3,0.2878013866274806,0.3267212066116981,0.03086321261261162,0.1874039318196919,0.28799639536222155
1,4,0.2913711037225191,0.32699486121819404,0.019891627991770064,0.19108627115647775,0.29256385215023306
1,Aggregated,1.3715523739920146,1.5428214019717241,0.37054094496504747,0.9331470412781369,1.3847956338812577
1,Centralized,0.2772949025084294,0.31212613406126255,0.06543123024666646,0.18788613382751876,0.279451003157421
2,0,0.011854098336253656,0.061894899904126235,0.12778022729747898,0.04992287608712724,0.03445452433615738
2,1,0.05944518713514066,0.08778065795394258,-0.017985819578114442,0.07343319344428335,0.08572394448720604
2,2,0.056859951538604216,0.08386625977368994,-0.018341019946102842,0.07520565915660413,0.08152340220914904
2,3,0.06116038244249576,0.08749928666538774,-0.016176003791045925,0.07543944305735437,0.08837332140963629
2,4,0.05436653210399086,0.08434406451250397,-0.009714662147253136,0.06902731691327804,0.08228862498069779
2,Aggregated,0.2436861515564851,0.40538516880965053,0.06556272183496234,0.34302848865864716,0.3723638174228467
2,Centralized,0.050258932200868474,0.08186843963290298,0.00838165738219541,0.06937650307942304,0.07612381103005755
3,0,0.026345452550518213,0.02054384420210533,0.030809203767947234,0.018228682109016032,0.02618736891142042
3,1,0.0560134981029987,0.042489211448514,-0.12244507980045012,0.08593943261104964,0.0769543755890491
3,2,0.05632589555287362,0.04526411466818156,-0.12070374217927927,0.08446738107416278,0.08212765280637938
3,3,0.05427105088887242,0.04411279621014072,-0.11781399691772552,0.08483371494471115,0.07548985237498966
3,4,0.05651286625276731,0.03845617305963104,-0.10909076912308449,0.08448540428241784,0.07465226260815
3,Aggregated,0.24946876334803023,0.19086613958857282,-0.4392443842525926,0.35795461502135717,0.33541151228998844
3,Centralized,0.05086529272906637,0.038900569333341836,-0.09274439789126206,0.07379250820720328,0.06876952003224943
4,0,-0.03655559446727292,-0.038695846883346395,0.10425071546928312,-0.007335960627192254,0.01752426138816475
4,1,0.033701578788699435,0.039616427910698714,-0.1295470300389774,0.038709346357563894,0.0714366393679199
4,2,0.03145009471316586,0.03993903920008228,-0.1378944320904375,0.039506328557282075,0.07578504156432654
4,3,0.027444972221591347,0.034692133025872346,-0.13206699771463015,0.03517444883474397,0.07276520972173244
4,4,0.028388168739671444,0.034269907806289863,-0.13502561546666786,0.039321578961747726,0.07224722028823702
4,Aggregated,0.08442921999585493,0.10982166105959666,-0.4302833598414289,0.14537574208414542,0.30975837233038084
4,Centralized,0.01909069518439799,0.024467012538849833,-0.09390825452573405,0.030577374538325725,0.06378463155099981
5,0,0.03439746250388166,0.0014512350988757472,0.09340354755648868,0.019890878254089774,0.01827367342626166
5,1,0.0886902298209296,0.049700170753342814,-0.1796819613591951,0.06459533781077918,0.052176578613491106
5,2,0.08810755278542762,0.05090880715233136,-0.18523795523235223,0.06675030022318748,0.05809062138941325
5,3,0.08067178395201946,0.047198197162457774,-0.17312794117931637,0.06452359462401584,0.04941710258691589
5,4,0.09001740007008215,0.04158634992582564,-0.17733952945771245,0.06680636779193698,0.05148927653377846
5,Aggregated,0.3818844291323404,0.1908447600928334,-0.6219838396720878,0.2825664787040093,0.22944725254986034
5,Centralized,0.07810884915157741,0.03968382994820047,-0.13338263613643472,0.05802424073874108,0.047028805274574884
6,0,-0.010611330679879342,-0.027725503817774944,0.09817229731747414,-0.016122664484533592,-0.023016945555428252
6,1,0.06034364374743611,0.07382417950969608,-0.15529514921654633,0.05647575911710058,0.06708547689884996
6,2,0.06023565904152258,0.07363230100237782,-0.15464590936161207,0.05611181409443409,0.06940543779850657
6,3,0.05883483948860586,0.07162387997415444,-0.14213142496317874,0.057345807826056056,0.0712200332233154
6,4,0.0636231339559588,0.0698143052852461,-0.1481303791121048,0.05725231471560344,0.07044979524478098
6,Aggregated,0.232425945553644,0.26116916195369966,-0.5020305653359686,0.21106303126866086,0.2551437976100248
6,Centralized,0.04884084080679726,0.055532745033963236,-0.10859893584396224,0.04461936613915505,0.054083691888330475
7,0,0.0005550681053608675,0.0263984007849239,0.07750021032270779,0.0020065358606191313,-0.001070368242982156
7,1,0.053526099084880374,0.07117223907050048,-0.2441130259354161,0.07084655665962875,0.07495239837095577
7,2,0.055647734047501445,0.06951616585488588,-0.24894546105691442,0.0690111071811474,0.07725496921076079
7,3,0.05303403744498925,0.06632659089406932,-0.23811485839623556,0.06446033421889776,0.07604022612853331
7,4,0.05135219780443949,0.0653373490180569,-0.24164109523237962,0.06361106820600763,0.07603968128658739
7,Aggregated,0.21411513648717168,0.2987507456224365,-0.8953142302982375,0.2699356021263007,0.30321690675385526
7,Centralized,0.04456689129538673,0.06112615452077296,-0.18964796237214782,0.05613170325122918,0.06318952868504644
8,0,0.00606009680789409,0.00510283954052127,0.0630042096396364,0.008611820060589878,0.011551764261629311
8,1,0.09809788601188689,0.0958777691153791,-0.3000434700346588,0.0941049203258224,0.10469130296118753
8,2,0.09995523292930225,0.09981012051660168,-0.3054455999634892,0.09786085527983038,0.10931793915797387
8,3,0.09357606915008279,0.09530432215232158,-0.2908838347281506,0.08996726256602858,0.10316429490513342
8,4,0.09983000345292395,0.09566162456031066,-0.3063770927512509,0.09271062737565086,0.10867100762401245
8,Aggregated,0.39751928835209044,0.3917566758851345,-1.1397457878379127,0.383255485607922,0.4373963089099366
8,Centralized,0.08253395373102197,0.08137337517683532,-0.23995312785957312,0.07945821773486747,0.09061183101480327
9,0,0.009934069806928552,-0.008382605910941726,0.02060082409501475,-0.0031571528777303848,-0.003141188496348058
9,1,0.07489894553773563,0.07011574812852633,-0.2953540248310805,0.0889062159960448,0.09245586055292368
9,2,0.07569570143318374,0.07143617984808612,-0.30213344848219725,0.09177598762052169,0.09627353499622351
9,3,0.07140974223883315,0.07117678522940518,-0.2806689588215353,0.08810477947039566,0.08714077667553223
9,4,0.07850845865399228,0.07145678071665106,-0.30510244553354343,0.09212820855274859,0.0994806337936904
9,Aggregated,0.3104469176706736,0.27580288801172703,-1.1626580535733422,0.35775803876198015,0.3722096175220219
9,Centralized,0.06424117465724205,0.057782202527618926,-0.24297518919621272,0.07463389577468413,0.07764279812786283
10,0,0.014218724156488456,0.00442406061404422,0.03326124811163582,-0.0015426243772668556,-0.0029138522247689636
10,1,0.06920475779535763,0.07256786850618312,-0.24326438506344988,0.06769731792955384,0.08827839298902666
10,2,0.07033156650312246,0.07345182498639759,-0.24735172940755037,0.06821212212227697,0.0927079737054666
10,3,0.06475444416741415,0.07132627618621104,-0.232031739163034,0.06241975506285823,0.08745823394422773
10,4,0.07355152778148803,0.07351259814547531,-0.25790118323912736,0.07100524033705008,0.09669000457238373
10,Aggregated,0.29206102040387055,0.29528262843831155,-0.9472877887615279,0.2677918110744723,0.3622207529863356
10,Centralized,0.060235511750947476,0.061310516747779716,-0.1986463480640511,0.05583168564887715,0.07555322477670193
11,0,-0.013854010846047786,-0.00234047960001616,0.003525086659520116,0.013917872179385376,-0.006048727528289908
11,1,0.029559764317622958,0.06107993899233508,-0.21195365216423312,0.06491875030215649,0.060128180493263704
11,2,0.03227844332166758,0.05785320254822796,-0.2110464805870563,0.061791392843268775,0.06552716954889397
11,3,0.029119353195883078,0.05703273285918156,-0.19842784498955499,0.059180300827414586,0.06069356621253628
11,4,0.033969685689065096,0.06028487585896885,-0.22184713328061786,0.06028584736553248,0.07253838145495828
11,Aggregated,0.11107323567819115,0.23391027065869724,-0.839750024361943,0.26009416351775766,0.2528385701813626
11,Centralized,0.02370274528692507,0.04880871893170197,-0.17502461588276158,0.053590778308653435,0.0529035596559105
12,0,0.008829174809618149,0.004036348469896883,0.034172886529192696,0.007899245932332285,-0.0043164540965432725
12,1,0.051387720273224184,0.05470364034649189,-0.1961771607308547,0.05876630098002162,0.0728921286316499
12,2,0.054412582595848656,0.05480510362107263,-0.19859825480303966,0.05529397809533228,0.07345360921410367
12,3,0.050296459460877324,0.05339462943659046,-0.1843105794752005,0.04969231788701473,0.07421584285017398
12,4,0.050607252427382045,0.053942969521306214,-0.2056082731051888,0.058384015978762076,0.0817476744169588
12,Aggregated,0.21553318956695028,0.22088269139535802,-0.7505213815850896,0.23003585887346314,0.2979928010163429
12,Centralized,0.044520834700059325,0.045832617003664936,-0.15770706720297134,0.047579404544977534,0.06223552508923228
13,0,-0.015534986974517126,-0.004061169897561564,0.04458412895219609,-0.02433354538118149,-0.009706538365195583
13,1,0.04960119141274121,0.05907192736561244,-0.1540995395333793,0.026750065414369747,0.052122677448717084
13,2,0.0494582239232306,0.057017743705244296,-0.1549259707503771,0.02500009894175365,0.05455047305407484
13,3,0.04142378736137112,0.05303912313125383,-0.14400368833778127,0.02568864532810899,0.049300160959221656
13,4,0.05181878538688227,0.06765015305039937,-0.16870313934930675,0.029022764284658498,0.06371101372047051
13,Aggregated,0.17676700110970792,0.23271777735494836,-0.5771482090186485,0.08212802858770946,0.20997778681728851
13,Centralized,0.03745291998392526,0.04863137423310482,-0.12203138845744008,0.018107222101312125,0.04412864864865886
14,0,0.007828695771634466,-0.0014109821031343468,0.02973480612201275,0.00021616905911475416,0.007488662498420512
14,1,0.056541974093051874,0.04545089255687049,-0.1947254966068709,0.04804343562076693,0.055295242752955415
14,2,0.057072964515529484,0.04613141025679065,-0.18917988683397946,0.04783468445378561,0.05712536121316773
14,3,0.05383285153659329,0.0405037208069122,-0.17905807698065165,0.046583534689494485,0.05174020938897142
14,4,0.05448132129630589,0.05084298989073079,-0.2111636850829945,0.0478006328859905,0.06370024937391347
14,Aggregated,0.22975780721311484,0.18151803140817002,-0.744392339382485,0.1904784567091524,0.23534972522742856
14,Centralized,0.04752440939129064,0.03785961106575966,-0.15624758052924562,0.039658501999582714,0.04870296380044685
15,0,0.010257668106611946,-0.028448576582743853,0.03963031822728178,-0.010505992626625223,-2.3579391277382215e-05
15,1,0.06704617151690863,0.042796524614395835,-0.172678327732943,0.0342549498250237,0.05730949590781094
15,2,0.06446396061537688,0.03821667516165573,-0.16601892895342674,0.030795420141455688,0.05382592041358754
15,3,0.059621294392995766,0.045657182126651194,-0.1650009240058498,0.03695886151862019,0.0535604472683744
15,4,0.07020485010620887,0.045655972615777134,-0.18623338811920723,0.030668709408888464,0.06184781363463221
15,Aggregated,0.2715939447381023,0.14387777793573625,-0.6503012505841458,0.12217194826736295,0.22652009783312776
15,Centralized,0.05613663486468579,0.031136473484563054,-0.13706123701164696,0.02587593925547021,0.04717411692086311
16,0,0.004613944090547093,-0.023199355180512606,0.03240855049908805,-0.003883411314464529,0.010774725584640814
16,1,0.05139258803205369,0.014604557219944704,-0.10496659682062397,0.030271181186380922,0.0515676137665974
16,2,0.0462129295118257,0.013420187673196004,-0.09940785957884925,0.0250911599165466,0.04832495712841474
16,3,0.048640561271358324,0.007743245647852381,-0.09646649776402369,0.018866796550839792,0.04677073182241224
16,4,0.052124302989683874,0.02817394073180674,-0.12718893889673868,0.03873069625615226,0.057392900700105436
16,Aggregated,0.2029843258954685,0.04074257609228736,-0.3956213425611477,0.10907642259545489,0.21483092900217077
16,Centralized,0.042081424017546915,0.009441845803161559,-0.0837258196701191,0.02287554435098777,0.04429431923179163
17,0,-0.04293923082147826,0.027018721537251135,-0.024338259523188552,0.0282106113403368,0.002175892809487178
17,1,-0.013920664760327309,0.05490011585720924,-0.13681477260889324,0.054126605404566284,0.01970890299005207
17,2,-0.018633585431824213,0.05161633967139266,-0.12300750206179424,0.05183186238744989,0.01869980401521041
17,3,-0.02271768777115526,0.05221215644948691,-0.11973499049906873,0.0462909979086091,0.014586864710320733
17,4,-0.006373447419523609,0.057900041345880365,-0.1573121170633496,0.05603961569447457,0.025356108339591104
17,Aggregated,-0.10458461620430866,0.24364737486122015,-0.5612076417562943,0.23649969273543636,0.0805275728646615
17,Centralized,-0.020008342038850286,0.04962520195623883,-0.11586818646781956,0.04808751279879014,0.016680212461114625
18,0,0.0192708217492834,0.004554061244043914,-0.02371463586880993,0.021033178955710594,-0.005811425998950683
18,1,0.04905373599522189,0.05080887155600942,-0.19046954092733476,0.05726063704839871,0.02886781482992929
18,2,0.048379219187679026,0.04661735034336109,-0.17249165330166424,0.05236831431955447,0.027676680346687448
18,3,0.04956556469611654,0.043172103743362535,-0.15917056909573252,0.04558395658673386,0.019086389001672716
18,4,0.04365965713568755,0.0568786615744745,-0.21053172982631221,0.06092076375771453,0.03814228056733033
18,Aggregated,0.20992899876398843,0.20203104846125125,-0.7563781290198531,0.23716685066811216,0.10796173874666899
18,Centralized,0.04292295974448097,0.041885374650080444,-0.15653845770126543,0.048522573420138895,0.02272295516313594
19,0,-0.006616455169789569,0.0011184052690924153,0.0443063186578451,0.006543470690591898,-0.005030017249168651
19,1,0.03623787482639007,0.05631493135732805,-0.10132790168992853,0.0539853367680758,0.048829828636288417
19,2,0.034586020967824385,0.051050797719895076,-0.09294450179432157,0.04802204620335557,0.04397788281939282
19,3,0.017971145487609516,0.06025510889779838,-0.09877728238303027,0.055104717950263206,0.0637953294406665
19,4,0.050307739819086345,0.06071542134260466,-0.11563259073323545,0.05708714833997284,0.048359572835976
19,Aggregated,0.13248632593112067,0.22945466458671873,-0.36437595794267047,0.2207427199522594,0.19993259648315506
19,Centralized,0.02786344941652337,0.04773813028315169,-0.07770979265798826,0.04570003034302063,0.04184378134865663
20,0,-0.017957788695145534,-0.06571650476671378,-0.04034691738586869,0.0021925526210453817,0.05854436812510222
20,1,0.015822752531335926,-0.019046882292737915,-0.1402310804640525,0.021303733786602382,0.06179073866677195
20,2,0.00995755773689445,-0.02755232023620432,-0.12556586924912946,0.01673429408707232,0.06304917521744607
20,3,0.02192140563440399,-0.0041037954319954936,-0.11678617314935544,0.02516789086413517,0.043467748610306244
20,4,0.011805004117562495,-0.02010413917822722,-0.16178609662098134,0.014438783663374444,0.0715303483573763
20,Aggregated,0.04154893132505144,-0.1365236419058789,-0.5847161368693874,0.07983725502222973,0.29838237897700265
20,Centralized,0.009393518326338786,-0.02571995999541393,-0.12010338902947194,0.01653576780880118,0.05972318402818654
21,0,-0.04033494451882915,-0.03943655575682399,0.02571981223872056,0.043812288450073136,0.04950146457245864
21,1,-0.01863449435892989,-0.010110277419326722,-0.08661919994038028,0.05392903379730029,0.07168738916552495
21,2,-0.021671062217880812,-0.016281245264298968,-0.07317876717295045,0.05464272383269894,0.07284888528515447
21,3,-0.03221506176553881,-0.020699257978978196,-0.08743234107084899,0.03937191166265674,0.061243812864173595
21,4,-0.005392126767249869,0.007612366461777252,-0.09661449860097175,0.059015803541999055,0.07813472450350106
21,Aggregated,-0.11824768962842867,-0.07891496995765061,-0.31812499454643056,0.2507717612847279,0.33341627639081256
21,Centralized,-0.022961140401259943,-0.014807108473378036,-0.06731112990447892,0.05041600869061999,0.06739213045648913
22,0,0.02108251072799979,0.017499721505188626,0.03864870363713593,0.004260766965301019,-0.058990024637884976
22,1,0.05014000534822632,0.04606058936843003,-0.05755988089422944,0.02639901224295712,-0.030541180119786994
22,2,0.047183769286166556,0.040530252126254517,-0.04852886074612908,0.023705864963271428,-0.033555664570793835
22,3,0.055193706576723324,0.04742975620754581,-0.04777734395153663,0.021456353945265013,-0.03820449576224113
22,4,0.04106049389920167,0.048930309949646006,-0.07764022576092265,0.03288338743825716,-0.013203148308793199
22,Aggregated,0.21466048583831757,0.20045062915706502,-0.19285760771568158,0.10870538555505173,-0.17449451339950006
22,Centralized,0.04383355431538705,0.04102214670794688,-0.041757425012880156,0.022462268012712183,-0.03390496682942644
23,0,-0.016264744178985175,-0.006485540189774197,0.028890761870332786,0.014696352926012492,-0.0045038450906074
23,1,0.0032914892592249777,0.02828614152359794,-0.06680977186863203,0.03301141645328595,0.023281667940780425
23,2,0.00494088684472995,0.02420707889940691,-0.056175440705894246,0.0310735956439286,0.01765198750907974
23,3,-0.01079469280310184,0.0378870463897331,-0.054498516916322126,0.03054485822735824,0.03454198839737866
23,4,0.011160554017600306,0.026729670160816444,-0.08871826170744757,0.026129238391644063,0.02481890274986962
23,Aggregated,-0.007666506860531867,0.11062439678378005,-0.23731122932796309,0.13545546164222932,0.09579070150650092
23,Centralized,-0.0009255207726741703,0.023305269761701684,-0.050612370236146946,0.027602467076195177,0.02013437044372923
24,0,-0.009945688359409129,0.00614003905184548,0.024375137366456315,0.00559797977676893,0.00037754888472608407
24,1,0.01244919930547939,0.03297367405982587,-0.06910534111780205,0.019117152915773376,0.023225082668617336
24,2,0.012551488866453301,0.028591361263339436,-0.05705300073747126,0.021165694100252274,0.02165284463339839
24,3,0.026478515846701207,0.02097095940751015,-0.05522560430161416,0.025934120389444773,-0.0020264858442892246
24,4,0.007204685896796588,0.042901465592195556,-0.08529658654981336,0.013172318126973533,0.04549048134271265
24,Aggregated,0.04873820155602141,0.1315774993747165,-0.24230539534024478,0.08498726530921294,0.08871947168516521
24,Centralized,0.010560134381604717,0.02714788628880101,-0.05146610921589206,0.01746776519722546,0.01846038474276223
25,0,-0.0900424086490596,0.02186730011107501,0.011292321507892904,0.018833222565239373,0.0005917293577899478
25,1,-0.05348479659582682,0.05350859004979523,-0.07029578224296691,0.0357434731707273,0.006798837769696975
25,2,-0.054945365466856834,0.04661400043764214,-0.06368580236423302,0.033179867416065816,0.009615645884604281
25,3,-0.06478111865188356,0.058414392472471294,-0.0772487317152979,0.020455192232268948,0.017166101850847982
25,4,-0.03906499601138694,0.05411427356381544,-0.07975070380065553,0.04262060450802262,0.010239032426917363
25,Aggregated,-0.3023186853750139,0.23451855663479912,-0.2796886986152605,0.1508323598923241,0.04441134728985651
25,Centralized,-0.05924339782110559,0.04793664691535112,-0.05871147486361474,0.03063405238019635,0.009224315157724693
26,0,0.01037964683436282,-0.03427383634060009,0.03302376493893038,0.02376891962951616,0.0026261041992824345
26,1,0.031364479295887544,-0.010079071680543776,-0.0313194751956594,0.02815669081663743,0.011920550479429286
26,2,0.02855916028649018,-0.014913913964257822,-0.02388931980379994,0.02638079928708165,0.011879112585167701
26,3,0.04434625231125767,-0.023191214051330195,-0.014654778629033829,0.012128393366685438,0.027909084331937707
26,4,0.025948205775792356,0.0067765753462771215,-0.056386251135785534,0.03136291756610283,0.00966961439069895
26,Aggregated,0.1405977445037906,-0.07568146069045485,-0.09322605982534843,0.1217977206660236,0.06400446598651614
26,Centralized,0.028851450272969446,-0.014346727457655587,-0.020776937974352892,0.024383911323069597,0.013220678665966637
27,0,-0.041823535046345464,-0.011158103753707944,0.03375450270890137,0.016377981981995807,0.008308420758050383
27,1,-0.03232921511317608,0.020288710098697583,-0.027377656967285998,0.0316511354001758,0.02121096288391285
27,2,-0.03217235095666902,0.01365452137802704,-0.021698878755127143,0.029914652917592818,0.021421447036189905
27,3,-0.046161698269774794,0.03317956230507145,-0.02849888498363553,0.03237010384137835,0.021226343388637388
27,4,-0.01377098952411877,0.01678959845996645,-0.042811291355223165,0.024701170398729332,0.030842336514263928
27,Aggregated,-0.16625778891008444,0.07275428848805456,-0.08663220935237051,0.1350150445398722,0.1030095105810544
27,Centralized,-0.032897900394577774,0.015611542257278448,-0.019433907529111023,0.0274413703916518,0.021109098030526394
28,0,-0.005092216908616609,-0.052359121898057914,0.019534125726680975,0.02998482506827412,-0.010476485808956295
28,1,0.01594021750470071,-0.028257186825529638,-0.039660100049059135,0.02970641258011143,0.008321983615268834
28,2,0.014193570877802339,-0.034295201159655876,-0.03522010235306053,0.03199162613953339,0.010621495612525763
28,3,0.02869806104490223,-0.00526918846296483,-0.05112689356471268,0.014133702301645602,0.003111327266457405
28,4,0.011340573270798609,-0.02981263932782671,-0.049198099813624926,0.033532887092856914,0.02164423938930627
28,Aggregated,0.06508020578958726,-0.1499933376740351,-0.15567107005377648,0.13934945318242137,0.03322256007460194
28,Centralized,0.013763140769085509,-0.029076133526979058,-0.03322465627522926,0.02778263395442014,0.007350879350522691
29,0,-0.02088675616130747,-0.02069804159850053,0.015808561288551834,0.013192906239034496,0.03187740536772638
29,1,0.018965432735417186,-0.01211677384262061,-0.06548098977640845,0.016801061392441276,0.04121302714323768
29,2,0.014068700875436798,-0.011993208044739079,-0.054028002430349914,0.01736634838575449,0.042709540213576064
29,3,0.02640373967585318,-0.012884781650311717,-0.04064940973378309,-0.014876977997609068,0.03668567390871892
29,4,0.02171887715312957,-0.008798792284805597,-0.09301384353613032,0.029637262867860857,0.04207391669924789
29,Aggregated,0.0602699942785292,-0.06649159742097757,-0.23736368418811996,0.062120600887482065,0.19455956333250693
29,Centralized,0.013413047111043193,-0.012993027042793315,-0.050083556168857526,0.012392401320737323,0.03920213659355481
30,0,-0.0252424081931024,0.01858844347128504,-0.07645258167282536,0.05260854203814607,-0.0035334404259197124
30,1,-0.004365339937786191,0.031183658517684912,-0.12140080938559245,0.058174092471874016,0.017738195716223426
30,2,-0.005584871415899836,0.033459130685322976,-0.12376231581060705,0.05684559687432622,0.015352326441907593
30,3,-0.012825840855799275,0.030347570606431565,-0.1258634695151313,0.059158065085642385,0.007883468839291198
30,4,0.0003138540764662012,0.043172604033829755,-0.12530309180773966,0.05514277118610083,0.031103371472838186
30,Aggregated,-0.04770460632612155,0.15675140731455425,-0.5727822681918961,0.28192906765608944,0.06854392204434055
30,Centralized,-0.008893118700716298,0.03187680197032862,-0.1161285197739089,0.05654165322395936,0.014420153832939651
31,0,-0.02030965107298123,0.01963639289935352,0.000846379272213652,0.009663267936295772,0.0119378316868599
31,1,-0.004376502843640721,0.02961176954280208,-0.0342471850455389,0.01651769837093629,0.023788709140924496
31,2,-0.002532283101153922,0.029487383156048475,-0.03392729463809685,0.01222635337254689,0.022691939665421663
31,3,-0.002449907173720004,0.03883294231597532,-0.012023191792167664,0.0033045077305834227,0.0352009491160958
31,4,-0.0027693759130625207,0.032207660884697425,-0.05873057814214897,0.027697357053909986,0.020583340557711428
31,Aggregated,-0.032437720104558386,0.14977614879887693,-0.1380818703457387,0.06940918446427241,0.11420277016701336
31,Centralized,-0.005917280382519767,0.030380957678619706,-0.028790672971587432,0.014055884212003949,0.023290372441510443
32,0,-0.010037312585330997,0.007704613015203159,0.0045130002985999534,0.007685120271121176,0.015602591140126913
32,1,0.006785339250330833,0.014788085364743304,-0.04271998610012573,0.003582168981053104,0.0270756555647655
32,2,0.0045339456750927215,0.014258194084160448,-0.04013676461439948,0.00354162487743264,0.02616709602178542
32,3,0.012288491878098766,0.016540165506315752,-0.05410699005899703,0.011458360008433833,0.01930985893984778
32,4,0.009086679328416149,0.013729487152577774,-0.04170252747374429,-0.008954854231282372,0.029074425090466198
32,Aggregated,0.022657143546607465,0.06702054512300051,-0.17415326794866673,0.017312419906758414,0.1172296267569918
32,Centralized,0.005132497974228115,0.013639255180367349,-0.036453868655644636,0.003288268896244276,0.02376952014575145
33,0,0.00010394559890604162,0.01304639754860046,0.03794718931813589,-0.04611387524935998,-0.018686948471854117
33,1,0.013657765762389234,0.030330975720199722,0.0009031872281534246,-0.048490565382100136,0.008339316189966313
33,2,0.012364680502600601,0.02869390585878386,0.006103259854075515,-0.05501694174529126,0.0060497007051402655
33,3,0.006338534683023011,0.03906267348971452,0.0070997739788752085,-0.07021822679500446,-0.006825550023504283
33,4,0.02112887312006244,0.02680101761267859,-0.021565344994459456,-0.03280339397303746,0.021087229927490396
33,Aggregated,0.05359379966698137,0.13793497022997717,0.030488065384780594,-0.2526430031447931,0.009963748327238564
33,Centralized,0.01115669945096983,0.028186902123198163,0.004783584148615175,-0.05071074011057629,0.0028459405928297063
34,0,0.005559631574012045,0.008846267781685329,-0.03861626270752806,0.01546231117237615,0.018340264785155328
34,1,0.017683101820144313,0.02583037924409081,-0.08322863929949426,0.012799302363622781,0.033174512804090575
34,2,0.01803161354074962,0.023479239630346357,-0.08354698367215815,0.015520434027093927,0.0350368172415881
34,3,0.022054786756372312,0.033121941276403936,-0.09953249522333359,0.026306129335464647,0.0419119129538521
34,4,0.019919381586726813,0.02564998001715846,-0.07710751714517565,-0.004679707761934195,0.02609278182811655
34,Aggregated,0.08324851527800502,0.11692780794968492,-0.3820318980476901,0.06540846913662327,0.1545562896128026
34,Centralized,0.017107249897616507,0.023985413372829244,-0.07796550002042042,0.012983476050010575,0.03142990338497794
35,0,-0.013681299967349344,0.003978363421376887,0.04565874331852752,-0.05702261812888612,-0.009838572721720758
35,1,0.0032655734226732834,0.02836512268119189,-0.02120242572623689,-0.05017588760409337,0.01161561344893546
35,2,0.002810685673015881,0.018613783134059585,-0.006416714167716706,-0.053828079897067026,0.005417566978136564
35,3,-0.010948775895004037,0.02115681443967869,0.002534182034749545,-0.06948030751210939,-0.008621491018450509
35,4,0.011122791495782979,0.03034357041947718,-0.047145407862488845,-0.03285816787093176,0.020442130386095554
35,Aggregated,-0.0074310252708812575,0.10245765409578425,-0.026571622403165275,-0.2633650610130879,0.019015247072996348
35,Centralized,-0.000983066989562592,0.021172821314819634,-0.00741733782473346,-0.05249355694936797,0.0043658672393253216
36,0,0.020607236638679808,-0.003419870668868147,-0.017088570677337662,-0.0026886143411334507,0.024189917028138833
36,1,0.038066138304394655,0.02130392119579847,-0.06429494255814283,-0.0026555476848728454,0.039728868855416696
36,2,0.03881874688133891,0.02310968550798986,-0.056763655886932156,0.001552848569097716,0.04106322162302693
36,3,0.026164628234525485,0.03968398382608242,-0.033730189764670945,0.01824513189171204,0.041343171787852726
36,4,0.046484672828473954,0.013630034022095339,-0.07483459507333096,-0.016003714262562092,0.03956120279979343
36,Aggregated,0.17014142288741282,0.09430775388309796,-0.2467119539604146,-0.0015498958277586608,0.1858863820942286
36,Centralized,0.034582002944470745,0.019780824564539622,-0.05067309854054304,-0.00021184206376420508,0.03771310199805285
37,0,0.018321406015396505,-0.0044689335284874695,-0.015373673789830945,0.00018432380668181452,0.0070840716357414395
37,1,0.02815587672613757,0.016092422679523963,-0.06970557544474526,0.003092334428626172,0.02156345583908694
37,2,0.03151469107132144,0.010070849549453042,-0.0724852883741645,-7.4443748037454165e-06,0.01873443595838607
37,3,0.032508530703854295,0.008388778559366148,-0.07872258064164384,-0.016809544198597006,0.0038015570877771424
37,4,0.020173577060002865,0.02222801864463089,-0.07229366359507726,0.015637657817758225,0.026986373305593506
37,Aggregated,0.13067408157671281,0.052311135904486564,-0.3085807818454617,0.0020973274796654245,0.07816989382658504
37,Centralized,0.026457177146524822,0.01107824750260014,-0.06362812484677013,0.0004291668930895535,0.01598672541008484
38,0,-0.0403364429148364,0.008038721209287171,0.028866214996103142,0.025663133789016256,-0.00945013713324666
38,1,-0.01321930572792795,0.03858137433965069,-0.06785592238865622,0.014275789213094007,0.013236936404190785
38,2,-0.016743360801490983,0.03593764710981505,-0.05419849426136198,0.01971504342710536,0.006752979791561612
38,3,-0.030302879846767175,0.04652164512069554,-0.04686605509892579,0.016593463665191054,-0.000457016427369078
38,4,-0.002415800004064122,0.0395966253735047,-0.09800583115772231,0.010725483804380157,0.025590765019813153
38,Aggregated,-0.10301778929508668,0.16867601315295316,-0.23806008791056363,0.08697291389878685,0.03567352765494984
38,Centralized,-0.019789431946655743,0.034795371023683755,-0.05076730848097935,0.01705344445883192,0.007818952698455674
39,0,-0.01501664576283506,-0.0026115707513891732,0.031304956454413765,0.0002292174282485862,-0.0022394081959103713
39,1,0.012765322829473322,0.027927582263224567,-0.04484246137768047,0.014859905688683289,0.030579061351195296
39,2,0.014865797990429615,0.02989280919550901,-0.03916293125542319,0.009744750709551078,0.03171993599423022
39,3,0.03550800020225902,0.03851536596444101,-0.03763157144696039,-0.0059792550975778895,0.041345984604770195
39,4,0.0010628890416715556,0.029377863865486388,-0.06231754607810058,0.03599586040043245,0.03139512161532245
39,Aggregated,0.04918536430099845,0.12310205053727173,-0.1526495537037509,0.054850479129337555,0.13280069536960776
39,Centralized,0.010862471345234164,0.02574393002313034,-0.03308105491769866,0.011413235976087236,0.027748332814586683
