Round,Evaluator,2,0,1
0,0,,,
0,1,,,
0,2,,,
0,Aggregated,,,
0,Centralized,,,
1,0,0.03921568627450981,0.03921568627450981,0.03921568627450981
1,1,-0.018518518518518528,0.037037037037037056,-0.018518518518518528
1,2,0.0,0.0,0.0
1,Aggregated,0.00648237437051323,0.025608057430622527,0.00648237437051323
1,Centralized,0.0,0.01851851851851849,0.0
2,0,-0.019607843137254905,-0.019607843137254905,-0.019607843137254905
2,1,-0.0925925925925926,-0.0925925925925926,-0.0925925925925926
2,2,0.0,0.0,0.0
2,Aggregated,-0.03830493946212365,-0.03830493946212365,-0.03830493946212365
2,Centralized,-0.037037037037037014,-0.037037037037037014,-0.037037037037037014
3,0,-0.019607843137254905,-0.019607843137254905,-0.019607843137254905
3,1,-0.07407407407407407,-0.07407407407407407,-0.07407407407407407
3,2,-0.041666666666666664,-0.041666666666666664,-0.041666666666666664
3,Aggregated,-0.04559091396121289,-0.04559091396121289,-0.04559091396121289
3,Centralized,-0.04938271604938271,-0.04938271604938271,-0.04938271604938271
4,0,-0.019607843137254905,-0.019607843137254905,-0.019607843137254905
4,1,-0.01851851851851849,-0.01851851851851849,-0.01851851851851849
4,2,-0.041666666666666664,-0.041666666666666664,-0.041666666666666664
4,Aggregated,-0.0264652309011036,-0.0264652309011036,-0.0264652309011036
4,Centralized,-0.030864197530864224,-0.030864197530864224,-0.030864197530864224
5,0,0.0,0.0,0.0
5,1,0.0,0.0,0.0
5,2,0.0,0.0,0.0
5,Aggregated,0.0,0.0,0.0
5,Centralized,0.0,0.0,0.0
6,0,0.0,0.0,0.0
6,1,0.0,0.0,0.0
6,2,0.0,0.0,0.0
6,Aggregated,0.0,0.0,0.0
6,Centralized,0.0,0.0,0.0
7,0,0.0,0.0,0.0
7,1,0.0,0.0,0.0
7,2,0.0,0.0,0.0
7,Aggregated,0.0,0.0,0.0
7,Centralized,0.0,0.0,0.0
8,0,0.0,0.0,0.0
8,1,0.0,0.0,0.0
8,2,0.0,0.0,0.0
8,Aggregated,0.0,0.0,0.0
8,Centralized,0.0,0.0,0.0
9,0,0.0,0.0,0.0
9,1,0.0,0.0,0.0
9,2,0.0,0.0,0.0
9,Aggregated,0.0,0.0,0.0
9,Centralized,0.0,0.0,0.0
10,0,0.0,0.0,0.0
10,1,0.0,0.0,0.0
10,2,0.0,0.0,0.0
10,Aggregated,0.0,0.0,0.0
10,Centralized,0.0,0.0,0.0
11,0,0.0,0.0,0.0
11,1,0.0,0.0,0.0
11,2,0.0,0.0,0.0
11,Aggregated,0.0,0.0,0.0
11,Centralized,0.0,0.0,0.0
12,0,0.0,0.0,0.0
12,1,0.0,0.0,0.0
12,2,0.0,0.0,0.0
12,Aggregated,0.0,0.0,0.0
12,Centralized,0.0,0.0,0.0
13,0,0.0,0.0,0.0
13,1,0.0,0.0,0.0
13,2,0.0,0.0,0.0
13,Aggregated,0.0,0.0,0.0
13,Centralized,0.0,0.0,0.0
14,0,0.0,0.0,0.0
14,1,0.0,0.0,0.0
14,2,0.0,0.0,0.0
14,Aggregated,0.0,0.0,0.0
14,Centralized,0.0,0.0,0.0
15,0,0.0,0.0,0.0
15,1,0.0,0.0,0.0
15,2,0.0,0.0,0.0
15,Aggregated,0.0,0.0,0.0
15,Centralized,0.0,0.0,0.0
16,0,0.0,0.0,0.0
16,1,0.0,0.0,0.0
16,2,0.0,0.0,0.0
16,Aggregated,0.0,0.0,0.0
16,Centralized,0.0,0.0,0.0
17,0,0.0,0.0,0.0
17,1,0.0,0.0,0.0
17,2,0.0,0.0,0.0
17,Aggregated,0.0,0.0,0.0
17,Centralized,0.0,0.0,0.0
18,0,0.0,0.0,0.0
18,1,0.0,0.0,0.0
18,2,0.0,0.0,0.0
18,Aggregated,0.0,0.0,0.0
18,Centralized,0.0,0.0,0.0
19,0,0.0,0.0,0.0
19,1,0.0,0.0,0.0
19,2,0.0,0.0,0.0
19,Aggregated,0.0,0.0,0.0
19,Centralized,0.0,0.0,0.0
20,0,0.0,0.0,0.0
20,1,0.0,0.0,0.0
20,2,0.0,0.0,0.0
20,Aggregated,0.0,0.0,0.0
20,Centralized,0.0,0.0,0.0
