,BeforeLocalTraining,AfterLocalTraining,BeforeLocalPartialEvaluations,AfterLocalPartialEvaluations,BeforeEvaluation,AfterEvaluation
1,1784827699.1958299,1784827699.216462,1784827699.7218535,1784827699.8226237,1784827699.8292577,1784827699.8329093
2,1784827699.8814013,1784827699.900758,1784827700.4506755,1784827700.5489774,1784827700.555271,1784827700.558864
3,1784827700.6084247,1784827700.6270108,1784827701.0900967,1784827701.1878824,1784827701.1941574,1784827701.197637
4,1784827701.246162,1784827701.2647846,1784827701.7224185,1784827701.8193676,1784827701.8254516,1784827701.8289194
5,1784827701.8775997,1784827701.896019,1784827702.3503957,1784827702.4474814,1784827702.4535067,1784827702.4568985
6,1784827702.5058546,1784827702.5277112,1784827702.9776533,1784827703.0745084,1784827703.0805564,1784827703.084369
7,1784827703.136767,1784827703.1562922,1784827703.6888912,1784827703.785888,1784827703.7923992,1784827703.7958744
8,1784827703.8425734,1784827703.8613515,1784827704.3172705,1784827704.415676,1784827704.421739,1784827704.425114
9,1784827704.4708462,1784827704.4894147,1784827704.9422605,1784827705.0420215,1784827705.0482416,1784827705.0516968
10,1784827705.096703,1784827705.1158068,1784827705.5665457,1784827705.664785,1784827705.670848,1784827705.6746254
11,1784827705.7245848,1784827705.7430062,1784827706.2779644,1784827706.3751423,1784827706.3812664,1784827706.3846755
12,1784827706.432293,1784827706.4504955,1784827706.907656,1784827707.003448,1784827707.0095365,1784827707.0129237
13,1784827707.063997,1784827707.0832386,1784827707.530603,1784827707.6279507,1784827707.6340544,1784827707.6375468
14,1784827707.6866052,1784827707.7062979,1784827708.1566544,1784827708.2529507,1784827708.2590244,1784827708.2627983
15,1784827708.3121936,1784827708.3387663,1784827708.7889225,1784827708.8871715,1784827708.893294,1784827708.8966656
16,1784827708.9457717,1784827708.9650428,1784827709.497504,1784827709.59424,1784827709.6003656,1784827709.6037996
17,1784827709.652586,1784827709.671002,1784827710.1232793,1784827710.2205398,1784827710.226622,1784827710.2300332
18,1784827710.2886963,1784827710.3094141,1784827710.7637515,1784827710.8669274,1784827710.8730948,1784827710.8770258
19,1784827710.9241095,1784827710.9429815,1784827711.4506521,1784827711.5491397,1784827711.555341,1784827711.5588179
20,1784827711.6166658,1784827711.635892,1784827712.1595702,1784827712.2570267,1784827712.2631314,1784827712.2665217
21,1784827712.3173575,1784827712.3365905,1784827712.7926078,1784827712.8906455,1784827712.8967516,1784827712.9002101
22,1784827712.948229,1784827712.9673676,1784827713.416933,1784827713.5200887,1784827713.5261562,1784827713.530068
23,1784827713.577164,1784827713.5962975,1784827714.0477483,1784827714.1472108,1784827714.1533482,1784827714.1567857
24,1784827714.2041936,1784827714.222923,1784827714.677747,1784827714.7746372,1784827714.7807767,1784827714.7841864
25,1784827714.8323307,1784827714.8512163,1784827715.37494,1784827715.471563,1784827715.4776917,1784827715.4810553
26,1784827715.529554,1784827715.5480807,1784827715.9964695,1784827716.0935967,1784827716.0996487,1784827716.1034374
27,1784827716.1519132,1784827716.170614,1784827716.6178231,1784827716.714771,1784827716.720928,1784827716.7243695
28,1784827716.7731197,1784827716.7915072,1784827717.2428558,1784827717.3388083,1784827717.3448985,1784827717.348308
29,1784827717.4042337,1784827717.4232302,,,,
