,BeforeLocalTraining,AfterLocalTraining,BeforeLocalPartialEvaluations,AfterLocalPartialEvaluations,BeforeEvaluation,AfterEvaluation
1,1786793936.288002,1786793936.3270025,1786793937.2637665,1786793937.6824725,1786793937.7095108,1786793937.7164807
2,1786793937.7675812,1786793937.8060644,1786793938.7846189,1786793939.2226255,1786793939.2485886,1786793939.2553277
3,1786793939.306235,1786793939.3444257,1786793940.2540185,1786793940.6726947,1786793940.6987212,1786793940.7056947
4,1786793940.7568274,1786793940.7994032,1786793941.7728977,1786793942.189899,1786793942.2159398,1786793942.2226472
5,1786793942.2735438,1786793942.3107781,1786793943.6875062,1786793944.1281574,1786793944.1544092,1786793944.1613932
6,1786793944.212303,1786793944.2523742,1786793945.1637845,1786793945.587077,1786793945.6132636,1786793945.6204672
7,1786793945.6720629,1786793945.7170634,1786793946.7146358,1786793947.143254,1786793947.1695426,1786793947.1764622
8,1786793947.2287235,1786793947.2677438,1786793948.36495,1786793948.811073,1786793948.8373837,1786793948.844116
9,1786793948.8951993,1786793948.9325678,1786793949.8484652,1786793950.2673054,1786793950.2932718,1786793950.300436
10,1786793950.3512278,1786793950.3928506,1786793951.3627975,1786793951.78314,1786793951.8098636,1786793951.8166373
11,1786793951.8665462,1786793951.9091907,1786793952.808418,1786793953.2257586,1786793953.2520826,1786793953.2589035
12,1786793953.3098226,1786793953.3488524,1786793954.3193245,1786793954.7323635,1786793954.7586777,1786793954.7658231
13,1786793954.816821,1786793954.8587284,1786793955.8343554,1786793956.2458096,1786793956.2720459,1786793956.2788496
14,1786793956.3291361,1786793956.3714359,1786793957.3435974,1786793957.779636,1786793957.822886,1786793957.8362432
15,1786793958.0594013,1786793958.1206906,1786793959.250296,1786793959.6858425,1786793959.7119555,1786793959.7191885
16,1786793959.7704258,1786793959.8163636,1786793960.7989264,1786793961.22755,1786793961.254062,1786793961.260812
17,1786793961.3125806,1786793961.3578017,1786793962.3427835,1786793962.793206,1786793962.8200803,1786793962.82797
18,1786793962.9041736,1786793962.9524074,1786793963.9038756,1786793964.3362274,1786793964.3622882,1786793964.3695223
19,1786793964.4204247,1786793964.4579408,1786793965.3694777,1786793965.7849784,1786793965.8115134,1786793965.8182786
20,1786793965.8703158,1786793965.907721,1786793966.882311,1786793967.294896,1786793967.3211966,1786793967.327998
21,1786793967.3776305,1786793967.4159644,1786793968.3950033,1786793968.8133194,1786793968.8393123,1786793968.8464098
22,1786793968.8959315,1786793968.9338386,1786793969.8395572,1786793970.265876,1786793970.2925956,1786793970.2993915
23,1786793970.350619,1786793970.3889186,1786793971.365252,1786793971.7779286,1786793971.803923,1786793971.810597
24,1786793971.8613987,1786793971.8995538,1786793973.0481377,1786793973.6910603,1786793973.7172563,1786793973.7246277
25,1786793973.777347,1786793973.8204644,1786793974.7572815,1786793975.177433,1786793975.2038848,1786793975.2106779
26,1786793975.2634356,1786793975.3019462,1786793976.285098,1786793976.7104018,1786793976.7370038,1786793976.7439258
27,1786793976.7951083,1786793976.8345366,1786793977.8698204,1786793978.364604,1786793978.3906965,1786793978.3978467
28,1786793978.4484777,1786793978.4870524,1786793979.3869684,1786793979.8046963,1786793979.8310535,1786793979.8378172
29,1786793979.8882983,1786793979.926281,1786793980.8251948,1786793981.2436821,1786793981.2699778,1786793981.276691
30,1786793981.3275497,1786793981.3659015,1786793982.3357732,1786793982.7502165,1786793982.7763085,1786793982.783389
31,1786793982.834438,1786793982.8722696,,,,
