,BeforeEvaluation,AfterEvaluation
0,1786947373.6435037,
1,1786947377.9280138,1786947378.7514195
2,1786947379.908372,1786947380.6216497
3,1786947381.8619945,1786947382.5788217
4,1786947383.8209822,1786947384.601604
5,1786947385.7619221,1786947386.474934
6,1786947387.6238773,1786947388.4062605
7,1786947389.5599787,1786947390.2731388
8,1786947391.4412885,1786947392.2188423
9,1786947393.376301,1786947394.091119
10,1786947395.2365248,1786947396.0177412
11,1786947397.166313,1786947397.8764682
12,1786947399.0285828,1786947399.8089266
13,1786947400.9584274,1786947401.7406325
14,1786947402.8926375,1786947403.6116514
15,1786947404.7568636,1786947405.5331874
16,1786947406.6832542,1786947407.3971453
17,1786947408.6446254,1786947409.4263291
18,1786947410.574343,1786947411.285191
19,1786947412.434821,1786947413.2217016
20,1786947414.3653722,1786947415.0774715
21,1786947416.2309976,1786947417.0108025
22,1786947418.1520162,1786947418.8634727
23,1786947420.0228372,1786947420.8041441
24,1786947421.9569342,1786947422.6694226
25,1786947423.83148,1786947424.613849
26,1786947425.765195,1786947426.4798822
27,1786947427.6324344,1786947428.4160366
28,1786947429.5600848,1786947430.2762165
29,1786947431.4257824,1786947432.2086365
30,1786947433.3601413,1786947434.073725
31,1786947435.3224142,1786947436.1049435
32,1786947437.25079,1786947437.9669049
33,1786947439.1198456,1786947439.9020517
34,1786947441.0498233,1786947441.7648993
35,1786947442.906567,1786947443.6915915
36,1786947444.843834,1786947445.5575473
37,1786947446.6977396,1786947447.4816225
38,1786947448.6330607,1786947449.3504236
39,1786947450.4988792,1786947451.2865539
40,1786947452.440897,1786947453.1744473
41,1786947454.3295863,1786947455.1159952
42,1786947456.2653837,1786947456.9807494
43,1786947458.133075,1786947458.9131618
44,1786947460.1596313,1786947460.8762581
45,1786947462.1198697,1786947462.8989341
46,1786947464.0521812,1786947464.7682095
47,1786947465.932968,1786947466.715827
48,1786947467.858975,1786947468.5774772
49,1786947469.7273386,1786947470.509485
50,1786947471.6694767,1786947472.3852918
