,BeforeLocalTraining,AfterLocalTraining,BeforeLocalPartialEvaluations,AfterLocalPartialEvaluations,BeforeEvaluation,AfterEvaluation
1,1786796278.2264338,1786796278.2818093,1786796279.6466641,1786796280.07697,1786796280.1043813,1786796280.1117556
2,1786796280.1742268,1786796280.2255623,1786796281.6428523,1786796282.0804787,1786796282.1068492,1786796282.114104
3,1786796282.1679394,1786796282.218873,1786796283.7645035,1786796284.2085717,1786796284.2350454,1786796284.2421677
4,1786796284.2957947,1786796284.3473265,1786796285.7061603,1786796286.4701362,1786796286.5173748,1786796286.5309372
5,1786796286.7223485,1786796287.1611915,1786796289.390513,1786796289.8402543,1786796289.866959,1786796289.8746605
6,1786796289.9303946,1786796289.9836738,1786796291.384281,1786796291.8253021,1786796291.8516822,1786796291.8588972
7,1786796291.9124124,1786796291.9636633,1786796293.4120007,1786796293.8448732,1786796293.8714316,1786796293.8784318
8,1786796293.9469893,1786796293.998898,1786796295.4881096,1786796295.922501,1786796295.9490342,1786796295.956139
9,1786796296.0235288,1786796296.0843134,1786796297.618854,1786796298.0472841,1786796298.0734365,1786796298.0804615
10,1786796298.1498837,1786796298.1995707,1786796299.6410925,1786796300.071042,1786796300.0973976,1786796300.1044056
11,1786796300.1649384,1786796300.2200034,1786796302.0732858,1786796303.2111835,1786796303.2566605,1786796303.2691085
12,1786796303.4680722,1786796303.5212705,1786796305.0131996,1786796305.4478092,1786796305.474079,1786796305.4812744
13,1786796305.5384927,1786796305.6002314,1786796307.0609953,1786796307.4974887,1786796307.5239768,1786796307.531006
14,1786796307.5981205,1786796307.6496246,1786796309.0820506,1786796309.5114326,1786796309.5378132,1786796309.5448804
15,1786796309.6136863,1786796309.663945,1786796311.1065087,1786796311.54249,1786796311.5689278,1786796311.5758784
16,1786796311.6360557,1786796311.687671,1786796313.1886113,1786796313.6205316,1786796313.6468227,1786796313.6539514
17,1786796313.719161,1786796313.7711022,1786796315.2875953,1786796315.7173002,1786796315.7439954,1786796315.7510476
18,1786796315.8168075,1786796315.867199,1786796318.376078,1786796318.9935513,1786796319.0199966,1786796319.0270827
19,1786796319.0813258,1786796319.1316557,1786796320.5551198,1786796320.9893,1786796321.0157447,1786796321.023263
20,1786796321.0897818,1786796321.1411045,1786796322.5749419,1786796323.0028849,1786796323.0292573,1786796323.0362864
21,1786796323.098407,1786796323.1483996,1786796324.605936,1786796325.0467677,1786796325.074012,1786796325.0811439
22,1786796325.1353889,1786796325.18637,1786796326.7249377,1786796327.1558766,1786796327.1823215,1786796327.1893775
23,1786796327.2540278,1786796327.3053734,1786796328.7630992,1786796329.1963396,1786796329.2229366,1786796329.2300637
24,1786796329.29616,1786796329.3481262,1786796330.90032,1786796331.740837,1786796331.7855995,1786796331.798628
25,1786796332.6479049,1786796333.1211166,1786796334.5698824,1786796335.026142,1786796335.0531254,1786796335.060239
26,1786796335.1144001,1786796335.1641788,1786796336.6864445,1786796337.1136882,1786796337.139861,1786796337.1470926
27,1786796337.2191296,1786796337.2687588,1786796338.7081358,1786796339.1352415,1786796339.1617773,1786796339.1689627
28,1786796339.2345414,1786796339.2853422,1786796340.799998,1786796341.2333755,1786796341.2600813,1786796341.267196
29,1786796341.331007,1786796341.382004,1786796342.765213,1786796343.1969938,1786796343.2231827,1786796343.2304642
30,1786796343.2934048,1786796343.3463635,1786796344.7296286,1786796345.1630654,1786796345.1895313,1786796345.1967146
31,1786796345.2692027,1786796345.3205013,1786796347.3816092,1786796348.1774762,1786796348.2046409,1786796348.2120733
32,1786796348.3504746,1786796348.4073846,1786796349.8868861,1786796350.3192563,1786796350.3459754,1786796350.3531044
33,1786796350.421194,1786796350.4725614,1786796352.0440927,1786796352.4749568,1786796352.5018134,1786796352.5088193
34,1786796352.572838,1786796352.6238828,1786796354.0524995,1786796354.495531,1786796354.5223088,1786796354.52965
35,1786796354.5830677,1786796354.64156,1786796356.087832,1786796356.5196104,1786796356.5461357,1786796356.5534296
36,1786796356.6106522,1786796356.6613963,1786796358.203687,1786796358.6419482,1786796358.6687973,1786796358.6760807
37,1786796358.7364683,1786796358.7879815,1786796360.331527,1786796360.7613795,1786796360.7879531,1786796360.795065
38,1786796360.8774123,1786796360.9286275,1786796363.094823,1786796363.6265182,1786796363.6539505,1786796363.6616032
39,1786796363.8458457,1786796363.896934,,,,
