,BeforeLocalTraining,AfterLocalTraining,BeforeLocalPartialEvaluations,AfterLocalPartialEvaluations,BeforeEvaluation,AfterEvaluation
1,1786949528.5604436,1786949529.364828,1786949555.9057682,1786949561.0432653,1786949561.051223,1786949561.2111723
2,1786949561.3024857,1786949562.0095623,1786949588.064015,1786949593.1646843,1786949593.172346,1786949593.329822
3,1786949593.5533757,1786949594.2585216,1786949620.1814258,1786949625.7861362,1786949625.7983649,1786949626.2288337
4,1786949626.592579,1786949627.5589552,1786949652.86428,1786949659.0194294,1786949659.026842,1786949659.1876822
5,1786949659.4514236,1786949660.1536622,1786949685.5541239,1786949690.7655706,1786949690.7728286,1786949690.9312394
6,1786949691.0549436,1786949691.7574635,1786949717.447844,1786949722.5762262,1786949722.5834892,1786949722.818674
7,1786949722.860711,1786949723.5641,1786949748.893005,1786949753.9934528,1786949754.0007749,1786949754.1598084
8,1786949754.2682486,1786949755.0623522,1786949780.3038766,1786949785.397199,1786949785.4042916,1786949785.5632284
9,1786949785.7774436,1786949786.4760163,,,,
