,BeforeLocalTraining,AfterLocalTraining,BeforeLocalPartialEvaluations,AfterLocalPartialEvaluations,BeforeEvaluation,AfterEvaluation
1,1791256085.7466438,1791256085.8408089,1791256093.6342938,1791256094.693708,1791256094.7085454,1791256094.7220812
2,1791256098.2219763,1791256098.3115249,1791256105.9129977,1791256106.757992,1791256106.7722747,1791256106.7859633
3,1791256110.4857776,1791256110.5756357,1791256118.3918753,1791256119.2205522,1791256119.23437,1791256119.2476943
4,1791256122.8186173,1791256122.9075112,1791256130.7183263,1791256131.5473685,1791256131.5612664,1791256131.574646
5,1791256135.1658635,1791256135.2535546,1791256143.22701,1791256144.0632238,1791256144.0771706,1791256144.090578
6,1791256147.6651907,1791256147.7543404,1791256155.4053185,1791256156.2721314,1791256156.2858489,1791256156.2991588
7,1791256159.8624046,1791256159.950801,1791256167.8008256,1791256168.6565788,1791256168.6706982,1791256168.684251
8,1791256172.450383,1791256172.558623,1791256180.1745498,1791256181.0122259,1791256181.0262566,1791256181.0395336
9,1791256184.7505608,1791256184.8463283,1791256192.6389446,1791256193.474733,1791256193.488734,1791256193.5023723
10,1791256197.0815835,1791256197.1717467,1791256205.1477404,1791256206.0095503,1791256206.0232964,1791256206.0395257
11,1791256211.4372528,1791256211.5330124,1791256219.2454689,1791256220.1042292,1791256220.1184251,1791256220.1319048
12,1791256225.5883675,1791256225.6783657,1791256233.4831157,1791256234.3200803,1791256234.3341558,1791256234.3475313
13,1791256239.784238,1791256239.8730063,1791256247.8021462,1791256248.6390235,1791256248.6528971,1791256248.666397
14,1791256254.0908165,1791256254.1793444,1791256262.1183534,1791256262.9481347,1791256262.9624317,1791256262.9757555
15,1791256268.4113915,1791256268.5026474,1791256276.3318582,1791256277.1628525,1791256277.176762,1791256277.1900258
16,1791256282.619963,1791256282.7084126,1791256290.5945027,1791256291.4194329,1791256291.4334936,1791256291.4473028
17,1791256296.8766875,1791256296.967131,1791256304.7151825,1791256305.5600452,1791256305.5738792,1791256305.5871747
18,1791256310.9883566,1791256311.0785575,1791256318.9218519,1791256319.8909068,1791256319.9051075,1791256319.918497
19,1791256325.2251163,1791256325.3137887,1791256332.9408956,1791256333.7825623,1791256333.7964885,1791256333.8098547
20,1791256339.3969896,1791256339.4878008,1791256347.3237557,1791256348.164174,1791256348.178192,1791256348.1915894
21,1791256353.6594856,1791256353.7475786,1791256361.3034375,1791256362.1420832,1791256362.15603,1791256362.169506
22,1791256367.6637158,1791256367.7533748,1791256375.6239772,1791256376.4627051,1791256376.4769387,1791256376.4902854
23,1791256381.965931,1791256382.054663,1791256389.5844123,1791256390.4166238,1791256390.4304812,1791256390.4439368
24,1791256395.9588292,1791256396.0495207,1791256403.6847749,1791256404.529235,1791256404.5432212,1791256404.5565891
25,1791256410.0232415,1791256410.112828,1791256417.6822953,1791256418.5142746,1791256418.5282335,1791256418.5416956
26,1791256424.0192037,1791256424.1211445,1791256432.0253737,1791256432.8731778,1791256432.887084,1791256432.9005418
27,1791256438.3091094,1791256438.3979352,1791256446.0597272,1791256446.915302,1791256446.9292896,1791256446.942842
28,1791256452.3447201,1791256452.4335213,1791256460.453464,1791256461.2944026,1791256461.3083854,1791256461.3220284
29,1791256466.767157,1791256466.8554075,1791256474.8040981,1791256475.646367,1791256475.6604896,1791256475.6739838
30,1791256481.0877728,1791256481.1773582,1791256488.9218113,1791256489.7628512,1791256489.7768183,1791256489.7901862
31,1791256495.222869,1791256495.3119626,1791256503.2552903,1791256504.09067,1791256504.1046147,1791256504.1180408
32,1791256509.5591621,1791256509.648911,1791256517.3979542,1791256518.2425852,1791256518.257058,1791256518.2706168
33,1791256523.6907172,1791256523.7853072,1791256531.7191443,1791256532.5559626,1791256532.5700808,1791256532.583293
34,1791256537.9982407,1791256538.0873573,1791256545.8198948,1791256546.6632485,1791256546.6772275,1791256546.691335
35,1791256552.1140604,1791256552.201817,1791256560.0928671,1791256560.9330869,1791256560.9469473,1791256560.960423
36,1791256566.368007,1791256566.457965,1791256574.1514995,1791256574.992081,1791256575.0062175,1791256575.0194933
37,1791256580.4611602,1791256580.554606,1791256588.3268268,1791256589.4371862,1791256589.4511483,1791256589.4645782
38,1791256594.728926,1791256594.8174825,1791256602.4295526,1791256603.2580147,1791256603.2719717,1791256603.2852745
