,BeforeEvaluation,AfterEvaluation
0,1786793614.7195137,
1,1786793616.0088866,1786793616.0269034
2,1786793616.0916886,1786793616.1096885
3,1786793616.173908,1786793616.192152
4,1786793616.2577384,1786793616.275748
5,1786793616.3488445,1786793616.3668063
6,1786793616.4339986,1786793616.4519033
7,1786793616.5155396,1786793616.533604
8,1786793616.5949216,1786793616.613398
9,1786793616.6788476,1786793616.69735
10,1786793616.756013,1786793616.7742803
11,1786793616.8360813,1786793616.8543184
12,1786793616.914654,1786793616.932822
13,1786793616.9874136,1786793617.0057223
14,1786793617.06724,1786793617.0852122
15,1786793617.1468465,1786793617.1648328
16,1786793617.2208962,1786793617.2399035
17,1786793617.3056898,1786793617.3237567
18,1786793617.3789651,1786793617.3969653
19,1786793617.4546328,1786793617.472622
