Round,Evaluator,2,1,0,3,4
0,0,,,,,
0,1,,,,,
0,2,,,,,
0,3,,,,,
0,4,,,,,
0,Aggregated,,,,,
0,Centralized,,,,,
1,0,,,,,
1,1,,,,,
1,2,,,,,
1,3,,,,,
1,4,,,,,
1,Aggregated,,,,,
1,Centralized,0.2335415780544281,0.22568915784358978,0.08438204973936081,0.22678133845329285,0.22960585355758667
2,0,,,,,
2,1,,,,,
2,2,,,,,
2,3,,,,,
2,4,,,,,
2,Aggregated,,,,,
2,Centralized,0.2226259410381317,0.21723295748233795,0.12237372994422913,0.21789506077766418,0.2198723405599594
3,0,,,,,
3,1,,,,,
3,2,,,,,
3,3,,,,,
3,4,,,,,
3,Aggregated,,,,,
3,Centralized,0.21479344367980957,0.211225688457489,0.14933843910694122,0.2116592973470688,0.2129831165075302
4,0,,,,,
4,1,,,,,
4,2,,,,,
4,3,,,,,
4,4,,,,,
4,Aggregated,,,,,
4,Centralized,0.20962704718112946,0.20730596780776978,0.16702879965305328,0.2075817734003067,0.20845647156238556
5,0,,,,,
5,1,,,,,
5,2,,,,,
5,3,,,,,
5,4,,,,,
5,Aggregated,,,,,
5,Centralized,0.20625436305999756,0.20475880801677704,0.17856809496879578,0.20492617785930634,0.2054925411939621
6,0,,,,,
6,1,,,,,
6,2,,,,,
6,3,,,,,
6,4,,,,,
6,Aggregated,,,,,
6,Centralized,0.20405174791812897,0.2031022608280182,0.18608011305332184,0.20319834351539612,0.20356756448745728
7,0,,,,,
7,1,,,,,
7,2,,,,,
7,3,,,,,
7,4,,,,,
7,Aggregated,,,,,
7,Centralized,0.20263142883777618,0.20201943814754486,0.19095127284526825,0.20207479596138,0.2023230642080307
8,0,,,,,
8,1,,,,,
8,2,,,,,
8,3,,,,,
8,4,,,,,
8,Aggregated,,,,,
8,Centralized,0.20171619951725006,0.20132246613502502,0.1941080540418625,0.20133952796459198,0.20151372253894806
9,0,,,,,
9,1,,,,,
9,2,,,,,
9,3,,,,,
9,4,,,,,
9,Aggregated,,,,,
9,Centralized,0.20112264156341553,0.20086610317230225,0.19615429639816284,0.2008630931377411,0.20099395513534546
10,0,,,,,
10,1,,,,,
10,2,,,,,
10,3,,,,,
10,4,,,,,
10,Aggregated,,,,,
10,Centralized,0.20073293149471283,0.2005654126405716,0.19748950004577637,0.20056162774562836,0.20065051317214966
11,0,,,,,
11,1,,,,,
11,2,,,,,
11,3,,,,,
11,4,,,,,
11,Aggregated,,,,,
11,Centralized,0.2004799246788025,0.20037013292312622,0.19835199415683746,0.20036853849887848,0.20042940974235535
12,0,,,,,
12,1,,,,,
12,2,,,,,
12,3,,,,,
12,4,,,,,
12,Aggregated,,,,,
12,Centralized,0.20031805336475372,0.20024433732032776,0.19891954958438873,0.2002367079257965,0.20028139650821686
13,0,,,,,
13,1,,,,,
13,2,,,,,
13,3,,,,,
13,4,,,,,
13,Aggregated,,,,,
13,Centralized,0.20021042227745056,0.20016397535800934,0.19928696751594543,0.20014968514442444,0.20018891990184784
14,0,,,,,
14,1,,,,,
14,2,,,,,
14,3,,,,,
14,4,,,,,
14,Aggregated,,,,,
14,Centralized,0.20013833045959473,0.2001088261604309,0.19952909648418427,0.2000945657491684,0.20012915134429932
15,0,,,,,
15,1,,,,,
15,2,,,,,
15,3,,,,,
15,4,,,,,
15,Aggregated,,,,,
15,Centralized,0.20008857548236847,0.2000763714313507,0.19968542456626892,0.2000608742237091,0.2000887095928192
16,0,,,,,
16,1,,,,,
16,2,,,,,
16,3,,,,,
16,4,,,,,
16,Aggregated,,,,,
16,Centralized,0.2000618278980255,0.20005524158477783,0.19977571070194244,0.20003840327262878,0.20006884634494781
17,0,,,,,
17,1,,,,,
17,2,,,,,
17,3,,,,,
17,4,,,,,
17,Aggregated,,,,,
17,Centralized,0.20004358887672424,0.20004214346408844,0.19983303546905518,0.20002904534339905,0.20005211234092712
18,0,,,,,
18,1,,,,,
18,2,,,,,
18,3,,,,,
18,4,,,,,
18,Aggregated,,,,,
18,Centralized,0.2000337690114975,0.2000250518321991,0.1998833417892456,0.2000194489955902,0.20003843307495117
19,0,,,,,
19,1,,,,,
19,2,,,,,
19,3,,,,,
19,4,,,,,
19,Aggregated,,,,,
19,Centralized,0.20002704858779907,0.20001015067100525,0.19992031157016754,0.20001357793807983,0.20002888143062592
20,0,,,,,
20,1,,,,,
20,2,,,,,
20,3,,,,,
20,4,,,,,
20,Aggregated,,,,,
20,Centralized,0.20001870393753052,0.2000022977590561,0.19994834065437317,0.20000994205474854,0.2000207155942917
21,0,,,,,
21,1,,,,,
21,2,,,,,
21,3,,,,,
21,4,,,,,
21,Aggregated,,,,,
21,Centralized,0.2000117152929306,0.20000430941581726,0.19996033608913422,0.20000401139259338,0.20001952350139618
22,0,,,,,
22,1,,,,,
22,2,,,,,
22,3,,,,,
22,4,,,,,
22,Aggregated,,,,,
22,Centralized,0.20000967383384705,0.2000044733285904,0.19996507465839386,0.20000189542770386,0.20001888275146484
