,BeforeEvaluation,BeforeSV,AfterSV,BeforeGradientRewards,AfterGradientRewards,AfterEvaluation
0,1782793031.8954358,,,,,
1,1782793067.329024,1782793039.4164944,1782793065.821557,1782793065.8220043,1782793067.328135,1782793068.1604347
2,1782793106.576117,1782793078.3653061,1782793104.789298,1782793104.7895224,1782793106.575483,1782793107.4107494
3,1782793145.8605094,1782793117.7152267,1782793144.0706983,1782793144.070915,1782793145.8598897,1782793146.6876311
4,1782793185.7187793,1782793156.927202,1782793184.0538263,1782793184.0540419,1782793185.7181597,1782793186.6611822
5,1782793225.6622417,1782793196.9815853,1782793224.170839,1782793224.1710615,1782793225.6616325,1782793226.4914744
6,1782793264.94626,1782793236.8741045,1782793263.2668414,1782793263.2670667,1782793264.9414506,1782793265.7795532
7,1782793305.1182964,1782793276.1243443,1782793303.3120692,1782793303.3122914,1782793305.1176667,1782793305.949235
8,1782793344.3968172,1782793316.2799592,1782793342.6740737,1782793342.6742878,1782793344.378692,1782793345.2308886
9,1782793383.5858388,1782793355.6060557,1782793381.9636364,1782793381.9638531,1782793383.585245,1782793384.4195714
10,1782793423.246515,1782793394.8331804,1782793421.9887593,1782793421.9889722,1782793423.2459164,1782793424.0741286
11,1782793462.7501144,1782793434.348019,1782793461.4813344,1782793461.4815485,1782793462.7495224,1782793463.5805695
12,1782793501.448346,1782793473.8490012,1782793500.152056,1782793500.1522849,1782793501.400814,1782793502.2761197
13,1782793541.712063,1782793512.6545582,1782793539.8841238,1782793539.8843424,1782793541.68109,1782793542.5396316
14,1782793581.5067449,1782793552.8562574,1782793579.9802668,1782793579.9804838,1782793581.5032523,1782793582.4542625
15,1782793621.1410556,1782793592.7384665,1782793619.3138266,1782793619.3140624,1782793621.1404376,1782793621.9675677
16,1782793660.8740206,1782793632.1941998,1782793659.3675094,1782793659.3677285,1782793660.8706117,1782793661.703886
17,1782793700.5492475,1782793671.895314,1782793698.9263794,1782793698.9266074,1782793700.5486598,1782793701.3797202
18,1782793739.8446977,1782793711.741822,1782793738.596514,1782793738.5967295,1782793739.8441124,1782793740.6720908
19,1782793778.5585153,1782793750.9039772,1782793777.2859154,1782793777.286137,1782793778.5579147,1782793779.3873577
20,1782793817.8295841,1782793789.5621934,1782793816.5822196,1782793816.5824335,1782793817.8289924,1782793818.7748158
21,1782793857.064337,1782793829.2160356,1782793855.4745924,1782793855.4747958,1782793857.0637374,1782793858.011169
22,1782793896.0964339,1782793868.4521408,1782793894.7564185,1782793894.756633,1782793896.095827,1782793896.9208982
23,1782793935.025482,1782793907.1077015,1782793933.4415357,1782793933.4417531,1782793935.0248723,1782793935.8530765
24,1782793974.9553306,1782793946.2297802,1782793973.312109,1782793973.312319,1782793974.9547315,1782793975.9024892
25,1782794014.7588508,1782793986.3362837,1782794013.424645,1782794013.4248593,1782794014.7582595,1782794015.583961
26,1782794053.7696548,1782794026.0011594,1782794052.35599,1782794052.356221,1782794053.7690458,1782794054.5933013
27,1782794092.514648,1782794064.8655012,1782794091.1851978,1782794091.18542,1782794092.51403,1782794093.342683
28,1782794131.2827122,1782794103.584439,1782794129.940792,1782794129.9410338,1782794131.2821217,1782794132.1140733
29,1782794171.012864,1782794142.4333167,1782794169.6765256,1782794169.6767385,1782794171.0122664,1782794171.840611
30,1782794211.036454,1782794182.2975,1782794209.3875852,1782794209.3878062,1782794211.005194,1782794211.8685775
31,1782794250.8998616,1782794222.146882,1782794249.2547762,1782794249.2549863,1782794250.8992476,1782794251.7298112
32,1782794290.8205478,1782794261.9615924,1782794289.0107148,1782794289.0109456,1782794290.7896457,1782794291.6467462
33,1782794330.656706,1782794301.9368238,1782794328.9966679,1782794328.9968836,1782794330.656084,1782794331.594133
34,1782794369.6747234,1782794341.870803,1782794368.0452359,1782794368.045451,1782794369.6741223,1782794370.5042558
35,1782794408.7029803,1782794380.7615783,1782794407.0678828,1782794407.0681114,1782794408.7023485,1782794409.5340674
36,1782794448.6357605,1782794419.71915,1782794446.815471,1782794446.8156762,1782794448.6351342,1782794449.5889404
37,1782794488.780745,1782794459.9605792,1782794487.03525,1782794487.035463,1782794488.7625296,1782794489.607723
38,1782794528.2107763,1782794500.038854,1782794526.3912992,1782794526.391608,1782794528.179186,1782794529.0399415
39,1782794567.3142452,1782794539.311491,1782794565.5719814,1782794565.572193,1782794567.2956836,1782794568.1414452
40,1782794607.1771135,1782794578.4245052,1782794605.5234659,1782794605.5236747,1782794607.1591344,1782794608.1237407
41,1782794647.1327384,1782794618.5801435,1782794645.6590602,1782794645.65927,1782794647.1321347,1782794647.961975
42,1782794687.1089075,1782794658.3380678,1782794685.3888319,1782794685.389045,1782794687.089942,1782794688.0523498
43,1782794726.2356596,1782794698.3729687,1782794724.515661,1782794724.5158713,1782794726.2172089,1782794727.1913462
44,1782794765.3958747,1782794737.5849674,1782794763.8879836,1782794763.888208,1782794765.3952537,1782794766.225725
45,1782794804.7171998,1782794776.633607,1782794802.9019768,1782794802.9022005,1782794804.6735384,1782794805.541305
46,1782794844.5894704,1782794815.8907561,1782794842.94586,1782794842.946073,1782794844.5710285,1782794845.417857
47,1782794884.637158,1782794855.6561968,1782794882.699156,1782794882.69937,1782794884.606268,1782794885.4645483
48,1782794923.5377095,1782794895.7615,1782794922.0301921,1782794922.0304055,1782794923.5344477,1782794924.3698833
49,1782794963.311932,1782794934.7673833,1782794961.815249,1782794961.8154707,1782794963.3113003,1782794964.1353354
50,1782795003.1422,1782794974.494042,1782795001.5037205,1782795001.5039377,1782795003.0681736,1782795004.0939713
