,BeforeLocalTraining,AfterLocalTraining,BeforeLocalPartialEvaluations,AfterLocalPartialEvaluations,BeforeEvaluation,AfterEvaluation
1,1786985167.0697277,1786985168.3111835,1786985195.9544468,1786985203.7360206,1786985203.7438505,1786985203.993691
2,1786985204.8183515,1786985206.0585732,1786985232.4931183,1786985240.2031496,1786985240.2106655,1786985240.4591818
3,1786985241.5327954,1786985242.815657,1786985269.887338,1786985278.0099573,1786985278.0175045,1786985278.2689695
4,1786985279.085181,1786985280.4233763,1786985307.3624125,1786985315.074907,1786985315.0821974,1786985315.331731
5,1786985316.3444107,1786985317.6756551,1786985344.5840726,1786985352.6677766,1786985352.6750078,1786985352.924143
6,1786985353.671207,1786985354.902063,1786985381.693767,1786985389.480043,1786985389.4873247,1786985389.7376451
7,1786985390.5496075,1786985391.7865605,1786985419.2163963,1786985427.270448,1786985427.277697,1786985427.527724
8,1786985428.42876,1786985429.6715686,1786985456.6480358,1786985464.4568462,1786985464.4641552,1786985464.7147522
9,1786985465.5184224,1786985466.7644773,,,,
