,BeforeLocalTraining,AfterLocalTraining,BeforeLocalPartialEvaluations,AfterLocalPartialEvaluations,BeforeEvaluation,AfterEvaluation
1,1784823960.9714646,1784823961.0018394,1784823962.2025182,1784823962.4726012,1784823962.4999313,1784823962.5047936
2,1784823962.572576,1784823962.5999281,1784823963.8367608,1784823964.108834,1784823964.1362972,1784823964.140981
3,1784823964.1974592,1784823964.223926,1784823965.4708538,1784823965.7381856,1784823965.7649493,1784823965.7697022
4,1784823965.828558,1784823965.855207,1784823967.0834072,1784823967.3533802,1784823967.3799684,1784823967.3847442
5,1784823967.444524,1784823967.4744833,1784823968.629027,1784823968.9041924,1784823968.9306643,1784823968.9353347
6,1784823968.9892933,1784823969.017456,1784823970.2450545,1784823970.5119777,1784823970.5387478,1784823970.5434053
7,1784823970.6028163,1784823970.630163,1784823971.7913966,1784823972.0802717,1784823972.2563002,1784823972.3363838
8,1784823972.4354916,1784823972.4664013,1784823973.710278,1784823973.977922,1784823974.0044441,1784823974.0090494
9,1784823974.0752885,1784823974.1106505,1784823975.2598727,1784823975.5301878,1784823975.55721,1784823975.5619571
10,1784823975.6336205,1784823975.661043,1784823976.9151177,1784823977.1979718,1784823977.2243915,1784823977.2293136
11,1784823977.2900658,1784823977.3176942,1784823978.4800737,1784823978.7472177,1784823978.7738366,1784823978.7785172
12,1784823978.843837,1784823978.870439,1784823980.2203636,1784823980.5068426,1784823980.5345836,1784823980.539586
13,1784823980.6006136,1784823980.629364,1784823981.9077857,1784823982.1826868,1784823982.20949,1784823982.2143652
14,1784823982.2694366,1784823982.2975783,1784823983.4546614,1784823983.7306764,1784823983.7572892,1784823983.7620816
15,1784823983.816225,1784823983.8430018,1784823985.1111157,1784823985.4082463,1784823985.434665,1784823985.439569
16,1784823985.5043018,1784823985.5373025,1784823986.6895206,1784823987.2127144,1784823987.2384768,1784823987.2431893
17,1784823987.353067,1784823987.3865004,1784823988.6185982,1784823988.886378,1784823988.9141157,1784823988.9190514
18,1784823988.984623,1784823989.0114663,1784823990.174362,1784823990.4598105,1784823990.4867227,1784823990.4916816
19,1784823990.5460231,1784823990.5728345,1784823991.8068511,1784823992.0735376,1784823992.0998802,1784823992.1045403
20,1784823992.1689453,1784823992.1959147,1784823993.3481688,1784823993.6179743,1784823993.6444376,1784823993.6491349
21,1784823993.7125826,1784823993.7396076,1784823994.967309,1784823995.238026,1784823995.2644134,1784823995.269105
22,1784823995.3284135,1784823995.3552957,1784823996.587565,1784823996.8573616,1784823996.887458,1784823996.8929546
23,1784823996.9542148,1784823996.9806995,1784823998.1329916,1784823998.4139078,1784823998.4416046,1784823998.4463553
24,1784823998.5020654,1784823998.5301752,1784823999.802052,1784824000.0856879,1784824000.112175,1784824000.1168811
25,1784824000.1708014,1784824000.1979709,1784824001.3523788,1784824001.6237855,1784824001.6505072,1784824001.6555843
26,1784824001.7123096,1784824001.7395618,1784824002.9818301,1784824003.262516,1784824003.289226,1784824003.2940013
27,1784824003.375412,1784824003.4025753,1784824004.5615506,1784824004.832706,1784824004.860284,1784824004.8651385
28,1784824004.9230375,1784824004.949888,1784824006.1867516,1784824006.4573216,1784824006.4840968,1784824006.4888036
29,1784824006.5578358,1784824006.5850132,1784824007.7446718,1784824008.0161781,1784824008.042805,1784824008.0474901
30,1784824008.102447,1784824008.129526,1784824009.3614697,1784824009.6309752,1784824009.6575923,1784824009.6623123
31,1784824009.7218072,1784824009.7489605,1784824010.9732745,1784824011.2424295,1784824011.2689269,1784824011.273759
32,1784824011.334775,1784824011.362384,1784824012.5051653,1784824012.77556,1784824012.8028805,1784824012.8077483
33,1784824012.8710957,1784824012.8979104,1784824014.04777,1784824014.3139575,1784824014.3406203,1784824014.3453555
34,1784824014.414062,1784824014.450544,1784824015.6753376,1784824015.9445703,1784824015.9714231,1784824015.976186
35,1784824016.0461922,1784824016.0736668,1784824017.2995102,1784824017.5656164,1784824017.5923026,1784824017.5970418
36,1784824017.6642952,1784824017.690843,,,,
