,BeforeLocalTraining,AfterLocalTraining,BeforeLocalPartialEvaluations,AfterLocalPartialEvaluations,BeforeEvaluation,AfterEvaluation
1,1784823960.9699237,1784823961.0017054,1784823962.2031603,1784823962.482661,1784823962.5101166,1784823962.5149612
2,1784823962.5713892,1784823962.6043227,1784823963.837917,1784823964.1057832,1784823964.1335194,1784823964.1383946
3,1784823964.1980922,1784823964.2256153,1784823965.4711685,1784823965.7409005,1784823965.7678134,1784823965.7726376
4,1784823965.8292277,1784823965.8555813,1784823967.0832376,1784823967.349046,1784823967.3755376,1784823967.3803127
5,1784823967.4444869,1784823967.471228,1784823968.6300895,1784823968.9015906,1784823968.9285426,1784823968.9333103
6,1784823968.9886055,1784823969.0171545,1784823970.246819,1784823970.5178568,1784823970.5440183,1784823970.548806
7,1784823970.6027029,1784823970.629279,1784823971.789408,1784823972.0765073,1784823972.3501863,1784823972.3603063
8,1784823972.437133,1784823972.4809518,1784823973.7097619,1784823973.9748309,1784823974.0012283,1784823974.0058813
9,1784823974.074417,1784823974.1013541,1784823975.2598932,1784823975.5432205,1784823975.5697718,1784823975.5744486
10,1784823975.6331272,1784823975.660553,1784823976.9140515,1784823977.1947203,1784823977.222375,1784823977.2271452
11,1784823977.2905447,1784823977.318599,1784823978.4812386,1784823978.75342,1784823978.7798493,1784823978.7846105
12,1784823978.843132,1784823978.876277,1784823980.2211075,1784823980.5079947,1784823980.535342,1784823980.5403576
13,1784823980.5994384,1784823980.6278605,1784823981.9074926,1784823982.1856506,1784823982.212245,1784823982.2172127
14,1784823982.270591,1784823982.2988808,1784823983.4541452,1784823983.7211049,1784823983.750028,1784823983.7553868
15,1784823983.8156836,1784823983.8439023,1784823985.1119747,1784823985.414376,1784823985.4429557,1784823985.4483776
16,1784823985.5025768,1784823985.5308409,1784823986.6886866,1784823987.1063685,1784823987.134575,1784823987.1411898
17,1784823987.3524845,1784823987.3793297,1784823988.619888,1784823988.886019,1784823988.9132347,1784823988.9180834
18,1784823988.9851391,1784823989.0117295,1784823990.1746767,1784823990.4422598,1784823990.4687428,1784823990.4735153
19,1784823990.545572,1784823990.5738623,1784823991.806579,1784823992.0803454,1784823992.1068447,1784823992.1114485
20,1784823992.168874,1784823992.1955934,1784823993.3492005,1784823993.615836,1784823993.643191,1784823993.6482387
21,1784823993.713538,1784823993.740737,1784823994.9679134,1784823995.2340362,1784823995.2609923,1784823995.2657669
22,1784823995.326879,1784823995.3555126,1784823996.5888886,1784823996.857184,1784823996.8842177,1784823996.889033
23,1784823996.9545135,1784823996.9860156,1784823998.1333835,1784823998.4109135,1784823998.4379795,1784823998.4433522
24,1784823998.5020995,1784823998.5419273,1784823999.8019338,1784824000.069495,1784824000.095794,1784824000.100431
25,1784824000.170867,1784824000.1981528,1784824001.3511033,1784824001.6215954,1784824001.6481645,1784824001.6530344
26,1784824001.7110667,1784824001.7386453,1784824002.9820824,1784824003.2648103,1784824003.2911985,1784824003.2963033
27,1784824003.375757,1784824003.4044487,1784824004.5604362,1784824004.8315501,1784824004.8587112,1784824004.8634245
28,1784824004.9239526,1784824004.9506247,1784824006.1871746,1784824006.4567056,1784824006.4840488,1784824006.4887037
29,1784824006.5577018,1784824006.5869389,1784824007.7449725,1784824008.0166268,1784824008.044381,1784824008.049254
30,1784824008.1025991,1784824008.1293736,1784824009.360519,1784824009.6346874,1784824009.6616986,1784824009.6665356
31,1784824009.7208884,1784824009.7482305,1784824010.9729395,1784824011.2467225,1784824011.2732146,1784824011.2781496
32,1784824011.3346179,1784824011.3672051,1784824012.5061357,1784824012.7714813,1784824012.7991264,1784824012.8038552
33,1784824012.8699417,1784824012.8966985,1784824014.0493283,1784824014.3281362,1784824014.3550613,1784824014.3599143
34,1784824014.4133635,1784824014.4400263,1784824015.6742513,1784824015.9436636,1784824015.9700992,1784824015.9747646
35,1784824016.0454767,1784824016.072862,1784824017.3004904,1784824017.5681782,1784824017.5943742,1784824017.5992534
36,1784824017.6652856,1784824017.694217,,,,
