Round,Evaluator,0,1,4,5,2,3
0,0,,,,,,
0,1,,,,,,
0,2,,,,,,
0,3,,,,,,
0,4,,,,,,
0,5,,,,,,
0,Aggregated,,,,,,
0,Centralized,,,,,,
1,0,,,,,,
1,1,,,,,,
1,2,,,,,,
1,3,,,,,,
1,4,,,,,,
1,5,,,,,,
1,Aggregated,,,,,,
1,Centralized,0.14306434988975525,0.14326900243759155,0.14981645345687866,0.14580734074115753,0.20903579890727997,0.20900700986385345
2,0,,,,,,
2,1,,,,,,
2,2,,,,,,
2,3,,,,,,
2,4,,,,,,
2,5,,,,,,
2,Aggregated,,,,,,
2,Centralized,0.1521342396736145,0.1522234082221985,0.1561461091041565,0.15367303788661957,0.19292066991329193,0.19290253520011902
3,0,,,,,,
3,1,,,,,,
3,2,,,,,,
3,3,,,,,,
3,4,,,,,,
3,5,,,,,,
3,Aggregated,,,,,,
3,Centralized,0.1578286737203598,0.15782134234905243,0.16003887355327606,0.15859583020210266,0.18286222219467163,0.18285305798053741
4,0,,,,,,
4,1,,,,,,
4,2,,,,,,
4,3,,,,,,
4,4,,,,,,
4,5,,,,,,
4,Aggregated,,,,,,
4,Centralized,0.15954264998435974,0.1597360521554947,0.16084815561771393,0.15998508036136627,0.17996256053447723,0.17992553114891052
5,0,,,,,,
5,1,,,,,,
5,2,,,,,,
5,3,,,,,,
5,4,,,,,,
5,5,,,,,,
5,Aggregated,,,,,,
5,Centralized,0.16222736239433289,0.16227807104587555,0.16296029090881348,0.16249291598796844,0.1750367432832718,0.17500460147857666
6,0,,,,,,
6,1,,,,,,
6,2,,,,,,
6,3,,,,,,
6,4,,,,,,
6,5,,,,,,
6,Aggregated,,,,,,
6,Centralized,0.16390787065029144,0.16392047703266144,0.16434334218502045,0.16405721008777618,0.17189666628837585,0.17187443375587463
7,0,,,,,,
7,1,,,,,,
7,2,,,,,,
7,3,,,,,,
7,4,,,,,,
7,5,,,,,,
7,Aggregated,,,,,,
7,Centralized,0.16497580707073212,0.1649436354637146,0.16520577669143677,0.1650208979845047,0.16993185877799988,0.16992197930812836
8,0,,,,,,
8,1,,,,,,
8,2,,,,,,
8,3,,,,,,
8,4,,,,,,
8,5,,,,,,
8,Aggregated,,,,,,
8,Centralized,0.16561171412467957,0.16558784246444702,0.16573667526245117,0.16559286415576935,0.16873732209205627,0.16873358190059662
9,0,,,,,,
9,1,,,,,,
9,2,,,,,,
9,3,,,,,,
9,4,,,,,,
9,5,,,,,,
9,Aggregated,,,,,,
9,Centralized,0.16602028906345367,0.16596582531929016,0.16606946289539337,0.165981724858284,0.16798225045204163,0.16798046231269836
10,0,,,,,,
10,1,,,,,,
10,2,,,,,,
10,3,,,,,,
10,4,,,,,,
10,5,,,,,,
10,Aggregated,,,,,,
10,Centralized,0.16624721884727478,0.1662251353263855,0.16628068685531616,0.16621939837932587,0.1675148755311966,0.1675126999616623
11,0,,,,,,
11,1,,,,,,
11,2,,,,,,
11,3,,,,,,
11,4,,,,,,
11,5,,,,,,
11,Aggregated,,,,,,
11,Centralized,0.16639886796474457,0.1663762778043747,0.16639773547649384,0.16635899245738983,0.16723479330539703,0.1672333925962448
12,0,,,,,,
12,1,,,,,,
12,2,,,,,,
12,3,,,,,,
12,4,,,,,,
12,5,,,,,,
12,Aggregated,,,,,,
12,Centralized,0.1664886176586151,0.16648536920547485,0.16645647585391998,0.1664409190416336,0.16706405580043793,0.16706453263759613
13,0,,,,,,
13,1,,,,,,
13,2,,,,,,
13,3,,,,,,
13,4,,,,,,
13,5,,,,,,
13,Aggregated,,,,,,
13,Centralized,0.16655564308166504,0.16654998064041138,0.1664901226758957,0.16650499403476715,0.16694895923137665,0.16695041954517365
14,0,,,,,,
14,1,,,,,,
14,2,,,,,,
14,3,,,,,,
14,4,,,,,,
14,5,,,,,,
14,Aggregated,,,,,,
14,Centralized,0.16659066081047058,0.16659168899059296,0.16652582585811615,0.16653092205524445,0.166879341006279,0.16688160598278046
15,0,,,,,,
15,1,,,,,,
15,2,,,,,,
15,3,,,,,,
15,4,,,,,,
15,5,,,,,,
15,Aggregated,,,,,,
15,Centralized,0.16661550104618073,0.1666039377450943,0.1665647178888321,0.16656644642353058,0.16682323813438416,0.16682620346546173
16,0,,,,,,
16,1,,,,,,
16,2,,,,,,
16,3,,,,,,
16,4,,,,,,
16,5,,,,,,
16,Aggregated,,,,,,
16,Centralized,0.16662165522575378,0.16662243008613586,0.16657796502113342,0.16657866537570953,0.16679927706718445,0.16680006682872772
17,0,,,,,,
17,1,,,,,,
17,2,,,,,,
17,3,,,,,,
17,4,,,,,,
17,5,,,,,,
17,Aggregated,,,,,,
17,Centralized,0.1666310727596283,0.16661977767944336,0.16658581793308258,0.16655796766281128,0.1667589545249939,0.1668463796377182
18,0,,,,,,
18,1,,,,,,
18,2,,,,,,
18,3,,,,,,
18,4,,,,,,
18,5,,,,,,
18,Aggregated,,,,,,
18,Centralized,0.16663792729377747,0.16662712395191193,0.16658462584018707,0.16657523810863495,0.1667623370885849,0.1668127477169037
19,0,,,,,,
19,1,,,,,,
19,2,,,,,,
19,3,,,,,,
19,4,,,,,,
19,5,,,,,,
19,Aggregated,,,,,,
19,Centralized,0.1666400283575058,0.16663828492164612,0.16659793257713318,0.1665928214788437,0.16675134003162384,0.16677960753440857
20,0,,,,,,
20,1,,,,,,
20,2,,,,,,
20,3,,,,,,
20,4,,,,,,
20,5,,,,,,
20,Aggregated,,,,,,
20,Centralized,0.16664284467697144,0.16664767265319824,0.16660551726818085,0.1666073352098465,0.16674000024795532,0.16675665974617004
21,0,,,,,,
21,1,,,,,,
21,2,,,,,,
21,3,,,,,,
21,4,,,,,,
21,5,,,,,,
21,Aggregated,,,,,,
21,Centralized,0.1666458249092102,0.16664350032806396,0.16661277413368225,0.16661491990089417,0.16673672199249268,0.1667463183403015
22,0,,,,,,
22,1,,,,,,
22,2,,,,,,
22,3,,,,,,
22,4,,,,,,
22,5,,,,,,
22,Aggregated,,,,,,
22,Centralized,0.16665294766426086,0.16664856672286987,0.1666107475757599,0.1666187345981598,0.16673199832439423,0.16673703491687775
23,0,,,,,,
23,1,,,,,,
23,2,,,,,,
23,3,,,,,,
23,4,,,,,,
23,5,,,,,,
23,Aggregated,,,,,,
23,Centralized,0.16665016114711761,0.16665145754814148,0.16661645472049713,0.16662311553955078,0.1667284220457077,0.1667303591966629
24,0,,,,,,
24,1,,,,,,
24,2,,,,,,
24,3,,,,,,
24,4,,,,,,
24,5,,,,,,
24,Aggregated,,,,,,
24,Centralized,0.16664966940879822,0.16664767265319824,0.16662298142910004,0.16663025319576263,0.16672459244728088,0.1667248010635376
25,0,,,,,,
25,1,,,,,,
25,2,,,,,,
25,3,,,,,,
25,4,,,,,,
25,5,,,,,,
25,Aggregated,,,,,,
25,Centralized,0.16664178669452667,0.16665297746658325,0.16661754250526428,0.16662941873073578,0.1667296439409256,0.16672860085964203
26,0,,,,,,
26,1,,,,,,
26,2,,,,,,
26,3,,,,,,
26,4,,,,,,
26,5,,,,,,
26,Aggregated,,,,,,
26,Centralized,0.16664589941501617,0.1666516810655594,0.16661794483661652,0.1666300892829895,0.16672717034816742,0.166727215051651
27,0,,,,,,
27,1,,,,,,
27,2,,,,,,
27,3,,,,,,
27,4,,,,,,
27,5,,,,,,
27,Aggregated,,,,,,
27,Centralized,0.16664600372314453,0.16664932668209076,0.16661924123764038,0.1666315644979477,0.16672708094120026,0.16672681272029877
28,0,,,,,,
28,1,,,,,,
28,2,,,,,,
28,3,,,,,,
28,4,,,,,,
28,5,,,,,,
28,Aggregated,,,,,,
28,Centralized,0.16665218770503998,0.16665062308311462,0.16661858558654785,0.16663335263729095,0.16672302782535553,0.16672229766845703
29,0,,,,,,
29,1,,,,,,
29,2,,,,,,
29,3,,,,,,
29,4,,,,,,
29,5,,,,,,
29,Aggregated,,,,,,
29,Centralized,0.16664384305477142,0.16665120422840118,0.16662395000457764,0.16662967205047607,0.1667255014181137,0.1667257398366928
30,0,,,,,,
30,1,,,,,,
30,2,,,,,,
30,3,,,,,,
30,4,,,,,,
30,5,,,,,,
30,Aggregated,,,,,,
30,Centralized,0.1666521281003952,0.16664917767047882,0.16662004590034485,0.16663183271884918,0.1667233258485794,0.16672338545322418
31,0,,,,,,
31,1,,,,,,
31,2,,,,,,
31,3,,,,,,
31,4,,,,,,
31,5,,,,,,
31,Aggregated,,,,,,
31,Centralized,0.16665934026241302,0.16664838790893555,0.16662172973155975,0.16662602126598358,0.16672290861606598,0.1667216718196869
32,0,,,,,,
32,1,,,,,,
32,2,,,,,,
32,3,,,,,,
32,4,,,,,,
32,5,,,,,,
32,Aggregated,,,,,,
32,Centralized,0.16665047407150269,0.1666467785835266,0.16662286221981049,0.1666324883699417,0.1667245775461197,0.16672278940677643
33,0,,,,,,
33,1,,,,,,
33,2,,,,,,
33,3,,,,,,
33,4,,,,,,
33,5,,,,,,
33,Aggregated,,,,,,
33,Centralized,0.16665296256542206,0.16665184497833252,0.1666240096092224,0.16663064062595367,0.16672150790691376,0.16671901941299438
