Round,Evaluator,2,1,4,3,0,5
0,0,,,,,,
0,1,,,,,,
0,2,,,,,,
0,3,,,,,,
0,4,,,,,,
0,5,,,,,,
0,Aggregated,,,,,,
0,Centralized,,,,,,
1,0,7.40406551418565,7.428800912361703,7.412883823610669,7.464566243296503,7.539480861071573,7.454909366586746
1,1,7.180311752913048,7.2263521533269595,7.156765822311685,7.247356360799433,7.295552672320325,7.237865995252665
1,2,7.072346198363819,7.074927681800633,7.098916660432941,7.1278047372267626,7.21505946489726,7.107692674996214
1,3,7.186715924526506,7.278245594724719,7.123118880747556,7.274640713195226,7.2884456344114925,7.26515168990855
1,4,7.472350140894216,7.482275082179488,7.491548220842327,7.528598800074212,7.611480232444128,7.513040147203525
1,5,6.8753915669331604,6.841920262012842,6.926662431542728,6.904636815771111,7.002125710744787,6.886733621389538
1,Aggregated,7.187446954663654,7.211917811373006,7.189431680159389,7.247069917216059,7.313396933094477,7.233456556587122
1,Centralized,7.187446954948655,7.21191781351304,7.189431681657628,7.247069917508814,7.313396932014219,7.233456561531332
2,0,0.6101914277286851,0.7220948511639904,0.8790745324416136,0.8628840955227574,0.9613028605018704,0.5626021400462758
2,1,0.5517113802665421,0.8386562574928247,0.8028495157991652,0.9084220557800666,1.0947369055492695,0.6196386975780119
2,2,0.6113076737365729,0.6852031766424469,0.8775471986890033,0.8181865640701392,0.973718761213947,0.5217186313003912
2,3,0.5929917283502907,0.9940256444412919,0.7904453232610117,1.0339549193659954,1.3044134472621682,0.6544052739684637
2,4,0.5415669151796129,0.7304757728737351,0.8587159372020995,0.8636359297461547,0.9528128399645488,0.5427110580443355
2,5,0.5007644236024762,0.4297915081557522,0.7942644426361498,0.644821661510525,0.6051739931871386,0.3788386151049366
2,Aggregated,0.5672898636802117,0.7339356958127035,0.8308738213766654,0.8547297168580957,0.9828119243235982,0.5465705895533151
2,Centralized,0.5672898658635493,0.7339356967617376,0.8308738165563685,0.8547297169071632,0.9828119206932839,0.5465705840994275
3,0,0.8091804492390098,1.2427312556797894,1.2258032150127232,1.2187072356212987,0.9210980869308902,1.1622010672805256
3,1,0.8442686590831056,1.1219947442231448,1.2361240461566827,1.3402631153828635,1.1780358985058805,1.0787085175883997
3,2,0.9457230208296286,1.4140462252007482,1.4741848029197209,1.4518894317811388,1.0341250959111141,1.1794865185358376
3,3,0.9312145252696761,1.2259821091163334,1.0859956274185907,1.4710511710991963,1.4597210392019506,0.924086161798051
3,4,0.823396617374344,1.1664110578196363,1.3361227802241393,1.1880028230255302,0.8444100778404071,1.2083814824329033
3,5,1.0264450752304852,0.994942970474486,1.5095602343811199,1.3177987356466108,0.8581716158225063,0.9271423076300696
3,Aggregated,0.8980715682363014,1.1897107366881352,1.3067679992768704,1.3335913423547048,1.0560954959170445,1.0713839135126344
3,Centralized,0.898071566615266,1.1897107427202482,1.3067680010158025,1.3335913486481537,1.0560954962488616,1.07138391358343
4,0,0.026887285599656845,0.6015886667261889,0.3498640807962692,0.4201902575236073,-0.10607270137173729,0.41601841908182563
4,1,-0.0899175312412697,0.6383076355796017,0.3436241638543949,0.45027990886246677,0.05513282138650049,0.5094696057953845
4,2,0.12163549575868739,0.6814958099953069,0.4650494838811608,0.6159066976512902,0.08126384688009732,0.4477587675277971
4,3,0.04052773640356432,0.8066942660509009,0.0926572259294467,0.44356149011592266,0.13080961394599708,0.28778087640990063
4,4,-0.07081037799127175,0.5865760562632892,0.4293222159437583,0.4325198985288979,-0.12440608295690819,0.3423844492607654
4,5,0.21695791013950796,0.3473197151164825,0.6462369151853079,0.4519767248580138,-0.07599817047846227,0.18312944495588923
4,Aggregated,0.04325310671008946,0.6094376486986582,0.38428105731871265,0.4680490677462458,-0.0020193419027607087,0.36207585538719433
4,Centralized,0.04325311181671968,0.6094376489404436,0.3842810571502968,0.46804907025096154,-0.002019342475534103,0.3620758589019308
5,0,0.5952276845365942,0.404154852228794,0.5355311276574284,-0.6051356084504906,-0.041092573756234076,0.3603925330979747
5,1,0.5244489188411383,0.2900960166470847,0.47303352518077274,-0.6976416822029515,0.08931342197937653,0.441530667932351
5,2,0.4638571584634641,0.40796508155053307,0.5343108946393522,-0.5072095804892663,-0.055688057458221016,0.31789611226725223
5,3,0.6466335037504638,0.4095002453444267,0.5330181794610117,-0.6851642187894564,0.4169554840205761,0.314765087145119
5,4,0.6036017384861951,0.41465989684002225,0.4646398859551197,-0.6210928563391774,-0.07904518538622061,0.3166258367986534
5,5,0.7550039698709154,0.07719433782888648,0.795570464556612,-0.49652128185796135,-0.05525125216146118,0.17325197877284743
5,Aggregated,0.5984447845986208,0.328847440934308,0.5577721997856147,-0.60145773931488,0.05279704029854398,0.3195652392448759
5,Centralized,0.5984447846256614,0.32884744081388617,0.557772198670264,-0.6014577423371701,0.05279703362649689,0.31956523123919683
6,0,0.067027004040303,0.1861403814522723,0.32334415362054963,0.18629551102933475,-0.2510616172627558,0.4131412687276654
6,1,-0.22958672077594422,-0.05264594824397335,0.25931908760378614,0.08989623973369908,-0.0871910970427057,0.6395849434457658
6,2,-0.0003109728498358777,0.16687626317689788,0.27025123985722965,0.16304548347745976,-0.2958664099807451,0.3660329137653136
6,3,0.06661545006024158,0.13636811469305254,0.1841760997809953,0.19956283397058394,-0.07013072303019095,0.5321730541401961
6,4,-0.02733031814212256,0.19753807767603876,0.3036077988104348,0.23889967327881398,-0.2667847826470531,0.4966271613045165
6,5,0.1542520295507112,-0.05441311170624132,0.6902309637032182,0.1959628696592756,-0.237671159373061,0.35709817136674094
6,Aggregated,0.004649185777504646,0.09104148593867795,0.33894987363963575,0.17690098075943414,-0.19649531375427168,0.4681573540130551
6,Centralized,0.004649184421626747,0.091041484261823,0.3389498723111535,0.1769009826334095,-0.19649531172186233,0.4681573525671911
7,0,-0.16615148399772875,0.33132839183220697,0.09618684739661168,0.36287463802538794,0.39074779415765465,-0.4979972133321032
7,1,-0.24684414090330542,0.1731866943869512,0.012035572293274299,0.23459997694260643,0.2799876110850411,-0.19036270254101087
7,2,-0.37283778701888665,0.2671245384769277,0.0991722625672283,0.34003762305934676,0.23526481662737853,-0.4974010178983772
7,3,0.026885108167196373,0.412564754914681,0.008895979316199742,0.24484603696159246,0.6826199516897571,-0.3408236346754104
7,4,-0.28694110200871636,0.287966660244018,-0.04131356634344385,0.523105270768405,0.35767571660220143,-0.40911774138878754
7,5,-0.10399243429539405,0.12246653826194137,0.40827812327422913,0.3651287013868336,0.3568919908601552,-0.5293811680874642
7,Aggregated,-0.18708918630269755,0.2634373546391151,0.10036172223215743,0.3387957438349649,0.3850835495966922,-0.40655202746784674
7,Centralized,-0.1870891885230167,0.263437359167839,0.10036172076961156,0.3387957453365746,0.3850835457478397,-0.4065520257409777
8,0,0.2844441733954605,0.4643567793451562,-0.3863103859167958,0.053326770720051896,0.422462116502482,0.1106989455656726
8,1,0.012820471575794221,0.21280663580592124,-0.2892551476049902,-0.31336809323823567,0.4220578869823151,0.2806259272728815
8,2,0.2296809733915803,0.3523044650171505,-0.34466498587234995,0.04832425636609972,0.29006149057574226,0.01931118333403086
8,3,-0.014338347536968696,0.40734352262894075,-0.16704964202966563,-0.29207673202301077,0.6252510888515678,0.15242797082108292
8,4,0.18236039338924306,0.4164026985569456,-0.46606713839916614,0.07076444377050173,0.414369887481837,0.244662297744087
8,5,0.2710759858684682,0.17500562946584144,0.05301202458004525,-0.07773838620750952,0.3362979692356541,-0.015898160390263052
8,Aggregated,0.1563904410371076,0.33217267544324575,-0.2584463704868917,-0.09422007604344691,0.4190334239586574,0.1308233837907623
8,Centralized,0.15639044220520096,0.33217267445642273,-0.2584463743058572,-0.09422007484643764,0.41903342679919653,0.13082338363056106
9,0,0.4517808027975701,0.3862481743142597,-0.08680063981263916,-0.19016361627133274,-0.3076134687139392,0.04781489927394939
9,1,0.13095008734942365,0.20477059118469212,-0.032480967242870896,-0.1790019683152316,-0.2933619762905841,0.05772518797255254
9,2,0.3208816079820159,0.28555861684316364,-0.09820425298477124,-0.005503138046982868,-0.2961421426481769,0.0608884925851766
9,3,0.3955971859174319,0.384947467739762,0.011522595041717902,-0.3230609311552411,-0.18707494851900638,-0.1374458104036455
9,4,0.2846964200179559,0.38517502074525584,-0.22131884646025163,-0.06762659145528277,-0.24589702562741966,0.09622483698455345
9,5,0.5227844937602893,0.15941603199754031,0.3786317710369736,-0.1862618629688768,-0.42907404649017294,-0.09637105186537641
9,Aggregated,0.34900791956508337,0.2961176271014422,-0.0009713907033242227,-0.1617012728721737,-0.29298622308332806,0.0013289648776492412
9,Centralized,0.34900792396442426,0.29611762893081633,-0.0009713886457494109,-0.16170127238578466,-0.29298621960500904,0.0013289660535266516
10,0,0.23838853718288935,0.1835434408012076,-0.49682001189668373,0.13052233902707622,0.15959633013167968,0.17365250100484875
10,1,-0.056061358580296886,-0.1405038738400487,-0.10459968352648398,0.04189220499413556,0.22337741653489102,0.2507554722759471
10,2,0.11803293806084098,0.09593180956858159,-0.3329081257688149,0.17825661774026866,0.06653163485288806,0.16619429172026515
10,3,0.1643473283312923,-0.06896804461489552,-0.18443930014593363,0.16623464958980258,0.40609492619000775,0.06948050339489527
10,4,0.13138989018954583,0.10907677325059054,-0.4737432210806733,0.1341661750412412,0.11604341388739954,0.24618010722353426
10,5,0.28244361276878455,-0.1377657878829084,-0.04518601851806456,0.15556040875158422,0.09110375183326115,0.07822341743587913
10,Aggregated,0.14345098821897412,-0.0010940957292043683,-0.26117165024015054,0.13327170091188437,0.18042628657378226,0.16186931576819008
10,Centralized,0.1434509897425183,-0.0010940984695673864,-0.2611716495592017,0.1332717004841707,0.18042628643841307,0.16186931777109534
11,0,0.2105669863410144,-0.6236350093423053,-0.06888302671773669,0.22578139168763126,0.14609694742786644,0.23134904364535677
11,1,0.13171295703186858,-0.7338904021451605,0.01896565674622579,0.28335936134120304,0.06196167239626315,0.11156321317566821
11,2,0.2737157148918955,-0.4928493792662497,0.05246022284835448,0.09115606786377557,0.0925192068203591,0.046091799047430014
11,3,0.3392711007814644,-0.779159986256199,-0.2163178285896852,0.3657526275077687,0.2765345675967605,0.005481765934057748
11,4,0.08232964224552433,-0.6591613333269672,-0.031182772753837795,0.3195867407480314,0.17284172558499514,0.20278416705214053
11,5,0.4350330614546321,-0.8005745294666222,0.17593961941560837,0.16534514146805634,0.011627575838322694,0.04371779507988987
11,Aggregated,0.24856278606494975,-0.6834461980023417,-0.010502640639420116,0.24107119978751557,0.1250409239687627,0.10204889828687419
11,Centralized,0.2485627833814914,-0.6834461969743568,-0.010502642050414224,0.24107120126888001,0.12504092154185228,0.10204890164701488
12,0,0.08158610722866033,0.1875272084118032,-0.01996591502411912,0.09788534162547852,-0.04628095093558855,-0.03906793529235299
12,1,-0.10202282150663772,0.039662618234694115,0.11208694196170191,0.13018480982007016,-0.040234971280707535,-0.020656914140960828
12,2,-0.04242686102243809,0.042516839032309524,0.031110319383000372,0.1148429807705331,-0.02455683156552766,0.02679263429728766
12,3,0.06942155198786691,0.17474713860566263,-0.031029468108004346,0.16489556160567523,0.21422191250264674,-0.21352253283266753
12,4,-0.04662606927183231,0.08413069632698142,-0.038802410250989655,0.15337258839530657,-0.014687309187125307,0.05233548011853275
12,5,0.20598600886862792,-0.07306100728513024,0.33806512817513007,0.030952357771864787,-0.020980036415294497,-0.16334838212339597
12,Aggregated,0.027929104722345006,0.07350021627340304,0.06990639030938522,0.11463368174763647,0.013175540221282252,-0.0633799937449472
12,Centralized,0.027929102266871553,0.07350021606818112,0.06990638865122172,0.11463367755026385,0.013175533022557672,-0.06337999434646105
13,0,-0.14087238380833297,0.0956602241307871,-0.12465152267415992,0.260493929013036,0.018584572907375238,0.08840667396279507
13,1,-0.23366027834533354,-0.030990531405559688,0.07816016564390568,0.11292210651386579,0.058396621219552004,0.1672894601946613
13,2,-0.2319784957387796,-0.0937865999323056,0.07993970649265722,0.15986722776132495,0.03540994878252543,0.22439525636079843
13,3,-0.0643973719277124,0.14888327348957933,-0.12909496055827102,0.1479214887257546,0.23435348968370814,-0.1765432050910602
13,4,-0.3351770869380475,0.060182493683805426,-0.11167608231417757,0.3230343142294697,0.016198428168833937,0.20294359402214443
13,5,-0.028873050942738725,-0.09128149919825065,0.2086892433626778,0.07914230529062015,0.018880429605112662,-0.07996390540440165
13,Aggregated,-0.16815227972529834,0.012629608268534298,0.005503853769694089,0.17412776837614088,0.0661326378849162,0.06619697485239055
13,Centralized,-0.1681522842269794,0.012629609988288238,0.0055038558627132994,0.1741277688645571,0.06613263759524225,0.06619698506120147
14,0,0.14471254169966682,0.060628462501178856,-0.20661964749476186,0.0940963882504331,0.058679027217509255,0.011941664151018116
14,1,-0.08947708171014916,0.04102789017173502,-0.05492411926020371,0.04549388080248349,0.002936853437822862,0.05693212880675761
14,2,0.030985343286423137,0.01413864205180424,-0.1038825179115817,0.13018952679225523,0.026426086455252455,0.0007149391832540412
14,3,0.08589085777279344,0.11251273965906504,-0.1168980662273128,0.020384014862521838,0.15822756086522763,-0.1473026714292125
14,4,0.04004059504543716,0.012508872622693209,-0.17979284334788462,0.19373865522969125,0.05922515546349878,0.043464845083923245
14,5,0.1241931132834204,-0.12788063246726966,0.08115837861739349,0.1368060343673937,0.08550484852319352,-0.0874185660778674
14,Aggregated,0.05336317359991334,0.018602662372745254,-0.09179124802928852,0.09986832537705084,0.06511968573473333,-0.022169776242136525
14,Centralized,0.05336317155363505,0.01860266718484406,-0.09179125038844897,0.09986832289038693,0.06511967963487114,-0.022169775967271595
15,0,0.0483762027449617,-0.20063818952048534,0.11632591900718017,-0.15007271949045559,0.19150019564689044,0.028635252534704017
15,1,-0.14634778658003933,-0.39611765729371107,0.16330649991821733,-0.23624198549903827,0.25860858236259004,0.2013969553920622
15,2,0.05907238503099907,-0.1901893176334889,0.09488424866611257,-0.10767700444421939,0.034040416790645504,0.226584816836884
15,3,-0.048283768356218934,-0.311241235302392,0.06408574822011334,-0.14352202317045443,0.47969609425421667,-0.087525189913498
15,4,-0.07357606727601253,-0.2672797257935504,0.1083292624090659,-0.12375940377736674,0.16282948878901415,0.1742620266668034
15,5,0.07822458830172417,-0.35434175389296024,0.360692226695214,-0.18338744580849534,0.10332045203860739,-0.02088162172070168
15,Aggregated,-0.015322584522789976,-0.28981448829927153,0.1530080543101793,-0.15911091595231344,0.20805785571742447,0.08528564205085137
15,Centralized,-0.015322583301868775,-0.28981448262483966,0.15300805733338302,-0.15911091507121009,0.2080578630654677,0.08528564503222284
16,0,0.08216375937849305,0.15783101960031776,-0.33893631488226394,0.1981288065176143,0.10139766836967531,0.047862331733271785
16,1,-0.14419655380263766,0.009533789357698079,-0.22685603212952,-0.006955104383029464,0.21044464724245043,0.14684891830134772
16,2,-0.12542463653722996,0.14035645908821148,-0.15307339459061511,0.08313915066411694,0.03893024624706006,-0.03369974691283808
16,3,0.10031849136895307,0.05713247898018802,-0.4728350942614367,0.11234383122145619,0.36343209670886545,-0.013917337013208807
16,4,-0.07581031056493188,0.06988167679233423,-0.23552123782295661,0.2048922444465449,0.16571104619979965,0.06312818802493077
16,5,0.13460329234147492,-0.07232326992499433,-0.05117598581305983,0.2094989730589847,0.1230450968583477,-0.13450596203524895
16,Aggregated,-0.005055123332097623,0.056965198229836624,-0.24520440272218083,0.12854906570690747,0.16983582246900575,0.012452130383187664
16,Centralized,-0.005055118545117763,0.056965199804725586,-0.2452044082869918,0.12854906281092995,0.16983582145284454,0.012452124212526646
17,0,0.17641890809638647,-0.201673759872085,-0.2720727218543348,0.08366999814223677,0.1155635036391844,0.19815478696488206
17,1,0.08393317726306353,0.03419234067576996,-0.13658429982093184,0.03193319485159118,0.08377487171036423,0.24811896191392854
17,2,0.2690079134894422,-0.16487826010330456,-0.2162120002420186,0.14770518659043796,0.09950575916140281,0.11244345106130961
17,3,0.051969813351056854,-0.029759287281619962,-0.15707126338629215,0.010346533012420523,0.2813990936708573,0.09392706535133896
17,4,0.12308953564510348,-0.2348781638248053,-0.3594856239045171,0.13871957014496408,0.1886056231210703,0.22677766050625658
17,5,0.2074377174351079,-0.28699037980131425,0.04176323339634889,-0.019924223345534623,0.1401871069702996,0.05309717421311007
17,Aggregated,0.1500608054110776,-0.14110764475196153,-0.17557396833234348,0.0618946401723936,0.15070518046756923,0.15351020126852874
17,Centralized,0.15006080540341668,-0.14110764564081693,-0.1755739688004752,0.06189464142465905,0.15070517984361248,0.15351020256283554
18,0,0.10018481152066426,0.11391285903412968,-0.12000594881992574,0.03572856873678809,-0.03830825717798578,-0.006312383317004826
18,1,-0.1230634280840139,0.14687759886240956,0.05532869713757644,-0.21065013474491323,-0.04671636503323005,0.19963805900222992
18,2,0.0021411697125960434,0.16462275525552883,0.02389958990079357,-0.09983416599947693,-0.15917284047101024,0.09479104596641148
18,3,0.0597829987755194,0.08101347342680339,-0.1490954456183697,0.006877290540082844,0.21016048575913435,-0.13588610250595176
18,4,-0.08407158085728561,0.10502823203591044,-0.028667986335815125,0.062497755454199874,-0.07288546107014729,0.09915563487283724
18,5,0.14862640487670203,-0.04335270660906178,0.17785638147099164,-0.08728422234512792,-0.07597232504146696,-0.08099084406711536
18,Aggregated,0.016971600250675442,0.09382983330952226,-0.003767706409709722,-0.05468298481382282,-0.027869934597225192,0.02816506478427918
18,Centralized,0.01697159976471904,0.09382983775086812,-0.0037677036332110464,-0.05468298189552421,-0.027869931838465332,0.028165066313559115
19,0,0.4250651541037477,0.5126434489692175,-0.3638222105023454,0.21895780822621005,-0.3912492470126024,-0.6762775771767825
19,1,0.11026717150137269,0.3762612726769591,-0.2206711502099528,0.17316601768019615,-0.2093594023340472,-0.4748244873637508
19,2,0.2550448886859109,0.34117475852290224,-0.11768888611942552,0.259907287634294,-0.2890186705570121,-0.4699434982158326
19,3,0.38765820208896734,0.48224638113448093,-0.4639864479092084,0.16801114610828455,-0.2518023601375109,-0.8374900241727671
19,4,0.276273490354768,0.469357836504886,-0.30531412394425883,0.31392305180329294,-0.31626832989403675,-0.6491712137995131
19,5,0.33642579914611714,0.36082327919701607,-0.07300399806342334,0.19841337678502977,-0.3614589282735008,-0.6564528554448399
19,Aggregated,0.2941075945537982,0.41979836044343694,-0.2545812691142762,0.2179923155138363,-0.29895416907786376,-0.6239919624303857
19,Centralized,0.2941075967159841,0.4197983661058329,-0.2545812668779695,0.21799231197300045,-0.2989541660994418,-0.6239919612437618
20,0,-0.31013555171779605,0.3236613914082278,0.27878784709073856,0.5195634047663222,0.1853205168736933,-0.6771046939277607
20,1,-0.5762538424381204,0.06047572164064597,0.384846441316474,0.5143151715768686,0.11207822017604699,-0.452174614185208
20,2,-0.32415213587101366,0.08867047522198669,0.4030340976652036,0.4863602761014155,-0.03970107565435903,-0.44912274948260195
20,3,-0.4222264697759106,0.415684329314595,0.21440635707570985,0.5120825848959524,0.5371600419731999,-0.8100572686311274
20,4,-0.41059281417591287,0.15992859252062,0.33693453740618917,0.5989104534249474,0.07962605258696163,-0.5591782495125172
20,5,-0.2769833272877522,0.21503288544470422,0.49007367580613653,0.4457439605731727,0.1926809730778489,-0.7806342504847698
20,Aggregated,-0.3890579457539184,0.2086660644175763,0.35183441673822874,0.5091998954974716,0.1812330930184805,-0.6198577042908809
20,Centralized,-0.3890579429311313,0.2086660621103899,0.3518344170863197,0.5091998944524634,0.18123309452921438,-0.6198576982965185
21,0,0.03621682526873305,0.13244254582685377,-0.25574266801197865,0.1552149821163718,0.05570256642673108,-0.012895306768050377
21,1,-0.136333143517217,0.18290373980808627,-0.058565543419028386,0.13124407500222174,0.1857643543316505,0.18341481043069358
21,2,0.013226146372262803,0.17008401566597217,-0.01032244799785735,0.0451029048471675,-0.007367182768057508,-0.0724336490958636
21,3,-0.1060569896919504,0.15234100387464927,-0.3747835820744906,0.17518800391220937,0.2335258041938944,0.032405983697023286
21,4,-0.013189947744406301,0.12872010727813413,-0.1386604903803859,0.13256641040499503,0.08507325974163772,0.04309248488653928
21,5,0.10020526150789191,-0.0570726405603286,0.04464866417390476,0.06484621738283458,-0.06040718018319957,-0.03727311013220351
21,Aggregated,-0.020504861051183928,0.11774835120809163,-0.13007599634347228,0.11679039620484465,0.08447466078418427,0.02540717443493167
21,Centralized,-0.020504863617622722,0.11774835250543762,-0.13007599735144346,0.11679039158394376,0.08447466306306299,0.025407172485497873
22,0,-0.24897329579008856,0.045359741059981216,0.29366583665391954,-0.08699170253388042,-0.0723187094680266,-0.0068843526510371416
22,1,-0.7240691838806845,0.1121674920605138,0.3893207739754193,-0.08654293373239956,0.18734559115056817,-0.27532897356583247
22,2,-0.4002080491069714,0.10031020797179488,0.28400893158974944,-0.05200316769705839,0.03199769633455555,-0.04107867525550198
22,3,-0.2677804165327742,-0.05365864003786487,0.38786152464794615,-0.15774989573698914,0.045011741030084214,-0.19319229310429595
22,4,-0.4656401418949737,0.06616079253683059,0.2787321103957021,0.0050828329375775735,0.09294267127862098,-0.13621278508298806
22,5,-0.15290816076905825,-0.13546455935586751,0.5412071132195223,-0.15036028652949265,-0.09211142063348127,-0.07316969558185789
22,Aggregated,-0.3793051501921052,0.021103280874888834,0.36578487994925263,-0.0906917821211921,0.03438520473571589,-0.12498116604598994
22,Centralized,-0.3793051455578589,0.021103281897355212,0.36578487841754503,-0.09069177533094207,0.034385207957367804,-0.12498115934842181
23,0,0.4176304043007959,-0.3081313518598879,-0.06867432623076476,0.34560626892067775,-0.5967567284128173,0.28349071728671277
23,1,0.20356655004132446,-0.3271942075368823,0.12268460582853068,0.3103611515502121,-0.6294414396152216,0.1850196353176313
23,2,0.2177050216262826,-0.2553312201102395,0.12652951512000227,0.3401228347283242,-0.6417972497414378,0.1744667360784306
23,3,0.43984494106620237,-0.43207125442154753,-0.12423221481844877,0.41632329670550067,-0.4790721412556364,0.16704065080936023
23,4,0.2534328624203313,-0.29848723183316217,0.012733283282684364,0.3650616138425216,-0.5640722391375655,0.25967247576409813
23,5,0.39641036745994773,-0.4194322430534087,0.16875517890627817,0.32870963340376474,-0.5437356287129296,0.1816948520052106
23,Aggregated,0.3198523713381289,-0.34139014931863654,0.04216163405503423,0.3493672701627367,-0.5736466165064439,0.20484814871010598
23,Centralized,0.3198523759320549,-0.3413901468804207,0.04216163445987061,0.34936727245606003,-0.573646619090465,0.2048481464660431
24,0,0.17248861338890842,0.30189316062181326,0.168229317769799,-0.1864582091688636,-0.2870689417627364,0.15708748310743856
24,1,0.21287371731442875,0.15184624879078062,0.23407294831885303,0.023217419810755164,-0.4226543942071834,0.22871341108092033
24,2,0.3211801770846511,0.05791663857148113,0.3017045735243938,-0.2588746171644791,-0.558772889542131,0.2768770690713766
24,3,0.15122447722131743,0.2285276428991537,0.04007683264777183,0.02842091784385351,0.10438771436611047,0.0009916581966262327
24,4,0.19948371874116996,0.15045876581607565,0.20361623640244353,-0.19246181826632755,-0.3890303081481116,0.22471262620367977
24,5,0.2626899623673205,0.014204982059166819,0.38657993432595644,-0.2551498973098317,-0.3342801727161752,-0.0011398628179020893
24,Aggregated,0.22004449139560303,0.14828947190326044,0.2225578072433438,-0.13424498125195153,-0.3110738516427654,0.1449650310686355
24,Centralized,0.22004449261739364,0.148289477044013,0.22255781145185397,-0.13424498755286168,-0.3110738531112742,0.14496502826152013
25,0,0.2411642900806156,0.05428864247937947,-0.5861086137301991,0.2749012843092859,-0.34774769537929573,0.3054465791441634
25,1,0.13047412633802008,-0.020188435097614744,-0.3550052874303649,0.2306851389397486,-0.39211268726395143,0.35498881390004056
25,2,0.2511556386360829,0.05225899348468523,-0.2514562934588251,0.1557794077186444,-0.38465233884425304,0.3165445616119318
25,3,0.28538101941548066,-0.08190463243851726,-0.7137971256863821,0.3426170071806924,-0.24736312075185576,0.18544308608682752
25,4,0.18718023170876302,0.055318668855957515,-0.40814531148378114,0.29307754218215054,-0.35446190792063476,0.330682074641718
25,5,0.3000310335476879,-0.16379072791075935,-0.20088591665238814,0.2697055931271485,-0.34269133964632537,0.23985735854740367
25,Aggregated,0.2316784712126846,-0.021392436168924077,-0.41639904400149497,0.2598068271781615,-0.3432814833037545,0.2867464019105283
25,Centralized,0.23167847092807464,-0.021392436045946775,-0.4163990451133041,0.2598068285617847,-0.34328147814048343,0.2867463982593602
26,0,0.03916305314526838,0.09411817095969492,-0.1280072033672293,0.048758360326886914,0.08843981730882765,0.09769615027216937
26,1,-0.1301359679172766,-0.11021040771431151,0.10994384251914457,0.1559195362845258,-0.00797128415424737,0.11087963824643438
26,2,-0.01653710719496312,-0.05401515789168769,-0.11473551830256512,0.17261798548653126,-0.048003254848547054,0.07450137475569604
26,3,-0.026037658030872872,0.13363410465168865,-0.06801263441181823,0.027999785469096376,0.22674906090745212,0.01565419756622018
26,4,-0.1052552132011983,0.013498749271908394,-0.11825920367947393,0.1554335178150935,0.06683145039471369,0.07299523396123474
26,5,0.11250439032163763,-0.020754131448335874,0.026929605915246076,0.02977018238707257,0.04877573148776572,-0.03218153268357895
26,Aggregated,-0.02129833800873572,0.006771089339834665,-0.04255292254927265,0.09754627171929861,0.06192652417522725,0.05561728158994169
26,Centralized,-0.021298335293779284,0.00677109595056334,-0.0425529206690566,0.09754627426231023,0.06192652786186983,0.05561728141172857
27,0,0.22963753928158018,-0.3063814420405202,-0.031758584666676054,0.13024562077241728,-0.06727217146758353,-0.008878229925664468
27,1,-0.10330530785507593,-0.06393134711848955,0.07181146245248608,0.007912891545837653,0.07268835403566411,0.10698773723559045
27,2,0.11709762149878726,-0.31114356123814135,0.07266562650872123,0.16127867796162826,0.06258232934159985,-0.084609609510066
27,3,0.18326191587967564,-0.17173662036319187,-0.13854448360521562,0.045429320990236374,0.008529501466253721,-0.06710249211089357
27,4,0.07966072730713165,-0.3299982278589219,0.07293574544984398,0.1980332288983818,0.01502644421364625,0.030292236528330227
27,5,0.2573450289875065,-0.4181390309781253,0.1693028101705361,0.10871324329884031,-0.020483126914559453,-0.10847196364839747
27,Aggregated,0.12342319420681196,-0.2605017001441079,0.03599220633091185,0.10357979919800314,0.013779014819446624,-0.021601245145832237
27,Centralized,0.12342319216267762,-0.26050170276403506,0.0359922044649791,0.10357979485619677,0.013779012331349488,-0.021601248974959002
28,0,0.17752190737330256,-0.17623579493046734,-0.08778639168465766,0.17319827094275794,0.024614814973992812,-0.16542048939421777
28,1,0.09281615405794257,-0.45680105179721153,0.12721081290599973,0.12334967085113123,0.030669859179424344,-0.10364438484712721
28,2,0.1346987340298337,-0.21169451962749897,0.08556415261703201,0.12288369388302317,0.019890830391554697,-0.09390298110850057
28,3,0.24986842458006867,-0.21642048568764452,-0.147080361327158,0.14930086024174066,0.1913161877258562,-0.290812686095412
28,4,0.07092592320384732,-0.24545714463840243,0.04499478025653936,0.20123080389342576,-0.0004176534596390743,-0.12525549008149936
28,5,0.25002377399056097,-0.26799651704967004,0.15410984055394222,0.07209695511660238,0.054587045778597104,-0.27447036114848467
28,Aggregated,0.16388167397440223,-0.2664267425535823,0.03152391984268353,0.137473718593914,0.05574573075013589,-0.17657966308479645
28,Centralized,0.16388167924934163,-0.2664267414767804,0.0315239191159538,0.1374737263092164,0.05574573148562815,-0.17657965490980854
29,0,0.16458664312450347,0.022743671983811393,0.11425220706098117,0.22554550051847086,0.08921223493714714,-0.41534375944189156
29,1,0.09511817612527496,0.10167098327404603,0.28859751990780014,-0.09004112344271714,0.1445152877835891,-0.3165097864965719
29,2,0.16135626647964188,-0.09423527727421498,0.223219786343905,0.020659204181623873,-0.039818776552430754,-0.1933821405601863
29,3,0.19925435061901414,0.11163295466631516,0.03613174564460617,0.23897954837146468,0.35790265922654213,-0.7031894730985941
29,4,0.08393216323588355,-0.018603590334252552,0.17231903665795845,0.10461221182342145,0.09081117611263881,-0.27143926207861113
29,5,0.24896594195864225,-0.14257492982440248,0.2970420065010201,0.171244010373823,0.01757836794012017,-0.47072093532938025
29,Aggregated,0.15971167086582472,-0.0009713153646737835,0.1905652771232296,0.10783819812257715,0.11283061870648688,-0.39835487343112924
29,Centralized,0.15971167279212956,-0.0009713200479602138,0.1905652773615895,0.10783819724761155,0.11283062046727106,-0.3983548741198193
30,0,0.07970036239943074,0.17602408179933854,0.1505698796314183,0.13877637109888394,-0.9399883705943062,0.312103723130017
30,1,-0.1794752254391221,-0.07494682933070879,0.23916558214682052,0.24182063549055116,-0.7375355612597849,0.2413643023270523
30,2,0.02958337658824524,0.029019819977816712,0.16162279643505015,0.3115469097193781,-0.7893054842421305,0.15526383974463576
30,3,0.05212690277169858,0.08016125194305054,0.13323646577208334,0.17385477783870493,-0.8156427054207691,0.16900161595578708
30,4,-0.050425491592739055,0.10521264384660027,0.13173545315334284,0.23628191858438258,-0.84485033788635,0.28269373405952564
30,5,0.22463497897282353,-0.0565267312628387,0.30512288134072146,0.17128637353472168,-0.8312300943273011,0.14723931906288365
30,Aggregated,0.024234945815261474,0.037344277149439505,0.18929339433513906,0.2119910076195256,-0.8200549131649487,0.21418713057784408
30,Centralized,0.024234938271146925,0.03734427505305942,0.18929339278170695,0.21199100468220572,-0.8200549163485988,0.2141871305264199
31,0,0.2039667654299157,0.2552268258907141,0.3430854511360234,0.20672701285017436,-0.9849023471781442,-0.07665980328509635
31,1,0.08177103252359608,0.3734224819432456,0.45232040341283875,0.18453651028813328,-0.8536639723182263,0.04465200857429736
31,2,0.15102391619959063,0.3770856846811987,0.48562840747521785,0.17417157280072434,-1.2197374848341174,-0.11458598921231863
31,3,0.18464015181922536,0.15561845210598152,0.17545472536670698,0.20130519091112167,-0.533136021142046,-0.030558283195361115
31,4,0.11960580012134328,0.36690889709086977,0.4288581088548848,0.273806025151399,-1.1159610780954174,-0.1009750011986179
31,5,0.26783456081081614,0.06504189803127727,0.3773444731462229,0.14938010839162033,-0.8355722393737743,-0.1765136174706869
31,Aggregated,0.16758990530965423,0.2624903606629832,0.3750023339840537,0.1957116912770558,-0.9112417927454923,-0.07270765234958401
31,Centralized,0.1675899064938111,0.2624903596610779,0.37500233475266737,0.19571169263920118,-0.9112417942488393,-0.07270764716494055
32,0,0.02586857810549385,0.10232620218180666,0.03572131053064898,-0.09344908370612227,-0.012925238654600454,0.17580698254530433
32,1,-0.05943019924944899,0.050855727895692246,-0.01943539068763561,-0.167479539858025,0.15312344439208597,0.00418705122014534
32,2,0.004331983971500483,0.1915540517051313,0.06911776842209391,-0.13144107626289572,-0.018643284039215283,0.11799114382841426
32,3,0.050927538001812066,-0.048377522292658764,-0.04055260577247968,-0.0055806662986063555,0.1742229535855551,0.01979908582864359
32,4,-0.0639763096688668,0.13092372181361384,-0.030140158189893403,-0.15791987621534728,0.06819307995097819,0.22959139847323634
32,5,0.1121076832979019,-0.053453342432356624,0.21955785210121867,-0.07571337874758693,0.044687786872671845,0.04941099206587189
32,Aggregated,0.012667305250889644,0.0580280590271587,0.03968161717606193,-0.10402351225401577,0.07152923590918406,0.09237048911857547
32,Centralized,0.012667305047922876,0.05802805873063856,0.039681618814139105,-0.10402350597042481,0.07152923709191476,0.09237048612226167
33,0,0.004540972934334893,0.14510363487883943,-0.10484023319072351,-0.022532124501666098,-0.04660718105145197,0.010644488403602874
33,1,-0.19246579923161636,-0.06086743636126156,0.14509514630410136,0.09676397143251651,0.024885655110228555,0.13004386789890945
33,2,-0.08723801552652925,0.10856467005658164,0.0319516742247855,0.05191565154670895,-0.07051180911677254,0.06003027945796416
33,3,-0.11881009502837762,0.04330459660615927,-0.07756997795116498,-0.07892523648454812,0.2546202816359726,-0.1591676065401947
33,4,-0.035734224600747426,0.12739512589526,-0.023987704002756398,0.006954919032285289,-0.0066357628106646395,0.06873787760952048
33,5,0.052401128648324045,-0.0047706892978625366,0.09808357946464812,-0.06868170421816953,-0.018726250877470582,-0.1179422184891539
33,Aggregated,-0.06639006798138425,0.05400612856592784,0.01605908754942552,-0.0015806739284759176,0.026377815497680857,-0.002796770668829988
33,Centralized,-0.06639006349887495,0.0540061321828972,0.016059088760465676,-0.0015806693046609866,0.026377822416545627,-0.002796769516861038
34,0,0.15884633894212133,0.25889956379683365,-0.08003400168207667,-0.08590790743092806,0.10715494525851423,-0.33805173243865144
34,1,-0.14635278061326767,0.07254289613671708,0.056016746189701885,-0.06529549485614013,0.1484230462968373,-0.22042209612701633
34,2,-0.004075340234174026,0.10085799287455431,0.06791290872166336,0.025188290975230624,0.006677787318869358,-0.17984194101457018
34,3,0.06101357955764056,0.2397479202844298,-0.041656809907968176,-0.0966788621445463,0.2658021090824455,-0.4255944364292873
34,4,0.09488236548065444,0.10062086298248547,-0.051249082068231526,0.009976793882679047,0.08383988731781335,-0.28084710459656687
34,5,0.19351626237950853,0.06748701376604832,0.16407239213843589,-0.0409924297269986,0.032297498781181135,-0.3897544140522722
34,Aggregated,0.054112465408039746,0.13792701320654357,0.02304794850643373,-0.043612592030973237,0.10944706354609748,-0.30489040240621923
34,Centralized,0.054112466871641965,0.13792701429834572,0.023047944888499452,-0.04361259087178482,0.10944706739730453,-0.3048904044493182
35,0,0.07745026658004568,0.0719638785226044,-0.3740354376908149,0.05063312061856199,0.12829604716209664,0.18977469311113723
35,1,0.0027117766611849466,-0.08629674777785043,-0.3451252788431297,0.054304954432267,0.13476650940401166,0.3064551304970647
35,2,0.14307326948654206,-0.12509199433366128,-0.15593332428944798,0.09732858018713215,-0.048687166355353244,0.10766965208870669
35,3,-0.018405491690011763,0.17910802950790483,-0.4242781654596336,-0.02972689146291702,0.2848265726093885,0.14138174663190403
35,4,0.06471330144599291,-0.06216817553017374,-0.3216793710643065,0.13015677327430988,0.15136136205807077,0.14276414580975108
35,5,0.13418019036323653,-0.024436282844290187,-0.06313125391910995,-0.03972988469730367,0.08168657881738153,-0.03788175098651661
35,Aggregated,0.06533362504265577,-0.0076173144084087,-0.278913637848704,0.0407189811008904,0.12254837836415275,0.142580134414911
35,Centralized,0.0653336229921256,-0.007617317138334724,-0.27891363486019605,0.040718983363612085,0.12254838095466769,0.14258013232062874
36,0,-0.37532532518106887,0.24363972979275267,-0.1483532296321253,0.1894858699940865,-0.08526097325211703,0.18586935373240643
36,1,-0.3739039036781023,0.2130884144234837,-0.0046298306944815215,0.2408434086589327,-0.3737662999792596,0.25513997946201517
36,2,-0.1957191422306804,0.07488666141521522,0.06263659705294701,0.2233801993807364,-0.3340219808112177,0.16178992886972593
36,3,-0.4165246156158075,0.24969535606978374,-0.24890500674375968,0.23786408571122963,0.07916154828419894,0.0581660830852132
36,4,-0.32201448481623185,0.19138780503803055,-0.08524251041768534,0.26021446466045683,-0.2545545950020411,0.15422802895539173
36,5,-0.20089570088553732,-0.03738747274396547,0.0995284120360688,0.18369949819196008,-0.10522051918164933,0.034769196517633105
36,Aggregated,-0.3133420122875128,0.15409204372400317,-0.05193202062709711,0.22179484285920417,-0.1789485389798494,0.14103495478965877
36,Centralized,-0.31334201310065724,0.15409204549092437,-0.05193202203466771,0.2217948466503769,-0.17894853435880387,0.1410349578805764
37,0,0.10653004159473099,0.1743755331490098,-0.1365320599137889,-0.18142944713287268,-0.004977324879880385,0.0835172567814548
37,1,-0.09260117541404848,0.08765557889312868,0.03525011915919312,-0.08492429968374775,0.0009556366595778816,0.2962366770869653
37,2,0.14184418049391231,0.1737162513143969,-0.13937436704845868,-0.2202532552029067,-0.12788228364110388,0.25803112972159714
37,3,-0.04917376987816328,0.14377762606980848,-0.08614439010521999,-0.04138892606456466,0.25580722387837396,-0.051753973085822955
37,4,0.07623507059795119,0.13682378622549915,-0.10669748409305123,-0.19724162843167198,-0.013845225083178056,0.1856273147661993
37,5,0.19083900488130254,0.03971514942789085,0.010704895780761703,-0.22790876545469713,0.08019304597179465,0.018379546436075127
37,Aggregated,0.057881787756080175,0.12355286425847711,-0.06596205130341039,-0.15500508889629397,0.03499374760210993,0.1312964049018324
37,Centralized,0.057881786986986226,0.12355285942259542,-0.0659620507812729,-0.1550050855016585,0.034993751262492975,0.13129640676683146
38,0,0.04533113343638142,0.14636629755529434,-0.38601409620460425,0.09746879240611497,0.009555693017682287,0.12293981689593683
38,1,-0.08725847353738489,0.0639550315740383,-0.1917947628543711,-0.08669676983516676,0.044670967106964096,0.1744787529192366
38,2,0.0509301845423708,0.13871719567445512,-0.28618335743715767,-0.03799915337249971,-0.12468042530339479,0.22130111827051718
38,3,-0.0008586677565002532,0.08846819113802909,-0.2785085810754301,0.1290551297982474,0.15018607367790512,-0.07281947771565633
38,4,-0.046296259668764016,0.13326776659456394,-0.4574027458678922,0.07443740113412183,0.04093513366600779,0.21846891334055493
38,5,0.13798986479764283,0.0033453134623200025,-0.0743243058939233,-0.012040657834763853,-0.00228362632145173,0.04925464457909309
38,Aggregated,0.016115751440625794,0.09260234264887922,-0.269895707926513,0.02383025517022664,0.021044030486206584,0.11511945540912577
38,Centralized,0.016115753931437028,0.09260234555337969,-0.26989570991778417,0.023830256026474574,0.02104403113321555,0.11511945337372126
39,0,0.08987780060863576,-0.10905693782461488,-0.036337199245817214,0.028395195055212832,-0.09976577509892762,0.08349846471771288
39,1,-0.2503811024642848,0.010871769631912305,0.08099081525156299,-0.010548195460129623,0.09282089492374915,0.22384604512631187
39,2,0.0028153986114661774,-0.1269978058035027,0.001190899016639809,0.036976015249545094,-0.0993810698276604,0.19812200292088455
39,3,0.030119157500539964,-0.046568475779695126,-0.09944438441622923,0.07899556470959605,0.1153895068636785,-0.1081503955741413
39,4,0.008792648080048693,-0.11249621161522683,-0.0031754585346500147,0.03426325955119272,-0.03255874394375991,0.12625640718584052
39,5,0.193830280891756,-0.27055027845594753,0.05639423991492372,-0.010491568410843281,-0.1326095539573754,-0.051151512025025526
39,Aggregated,0.0077371854518220335,-0.10685640880188928,0.00161921598707823,0.025613860672614307,-0.021811141994240776,0.07736324801717025
39,Centralized,0.00773718898027577,-0.10685640657596938,0.0016192156273197847,0.02561386541476717,-0.021811141862348768,0.07736324808623228
40,0,-0.3007953048594452,0.3408978497330416,0.28757461328433137,-1.2045559722625834,0.45182943152981486,0.16036217715075252
40,1,-0.5180388144154197,0.13704425845273613,0.2422571893730071,-0.9959169153004731,0.4252222613802783,0.24487323561847654
40,2,-0.29912427099251293,0.2814076464151833,0.3086267364117174,-0.8887423303866712,0.23909725526082562,0.24395812766040348
40,3,-0.45281119211930415,0.3305150209417837,0.19417265460206046,-1.1859553050398712,0.6349335148213775,0.044448751194818434
40,4,-0.3389641303295554,0.2565430039889443,0.27160630727492197,-1.0078424204417187,0.44422700094488343,0.25246907129457025
40,5,-0.20926413415603085,0.17385176607405103,0.4938132688709634,-1.014790474172031,0.4150164169595172,0.10854304138860656
40,Aggregated,-0.35615839727923626,0.24925036200683026,0.2984735098803442,-1.0450616766963658,0.4348323461391379,0.1733699763713943
40,Centralized,-0.35615840351960887,0.24925036554940327,0.29847350855315147,-1.0450616799944756,0.4348323449907698,0.17336997355518521
41,0,0.07428404707308175,0.19531397947245716,0.13420209131370003,0.15942180646700485,0.2873637701672794,-0.5852465680034697
41,1,-0.06242230860113839,0.11518042250144532,0.31989562593576126,0.10854971265474649,0.1773556500377978,-0.2758602329494887
41,2,-0.04340572852366298,0.17191544962665928,0.21927075444581207,0.13540302749216487,0.03304254585486556,-0.26142029433208414
41,3,0.21160172865838664,0.12008976959143489,0.12309460602713593,0.1303100144674329,0.4367600791552582,-0.6908434000514794
41,4,-0.15233637445509174,0.23044945264313332,0.1781646317820745,0.2264072916953469,0.16416837040233204,-0.41855463114386754
41,5,0.1654667394224226,-0.006725135740185214,0.26371403644872154,0.13307932479117948,0.21987566484663093,-0.5722937216369648
41,Aggregated,0.03610735859761568,0.13293794371150408,0.20915676927889798,0.14561918234584043,0.22073813168988238,-0.46465198837190774
41,Centralized,0.03610736071295019,0.1329379460584254,0.2091567722465781,0.1456191862796209,0.22073813671176887,-0.46465198647904093
42,0,-0.15718552077987033,0.09493978784667487,0.11636978286923977,-0.016971793522819804,0.07027002963051045,0.02427246929781385
42,1,-0.2816661441701225,0.1312657012550847,0.09722605683205053,-0.006264741970589327,-0.08983700661219708,0.19919849915322219
42,2,-0.32048231907005265,0.21865944255187325,0.1416103599236221,-0.04826905434261531,-0.17773206722194365,0.15658214308950735
42,3,-0.06961639966124125,0.0471177526038274,0.029577713108989084,0.04257023746735153,0.1849198270952847,-0.02409971692896562
42,4,-0.3912838105614714,0.17447902973699897,0.16068893177049728,-0.1112391684414158,0.048400330043997526,0.13846580436571604
42,5,-0.10218717727025334,-0.07701773386476152,0.28401516745095523,-0.07764820733482382,0.005335629420952988,-0.027502832255424655
42,Aggregated,-0.21585477493559185,0.09520658973590805,0.13675550580930126,-0.03366316428766171,0.004977971944809431,0.07767542428298076
42,Centralized,-0.21585477661149027,0.0952065877285554,0.1367555079500742,-0.03366316237484088,0.004977970964992314,0.0776754306863617
43,0,0.13455811363596687,0.16243751629158834,-0.17554819087816176,-0.05757228213369731,-0.010813409600473752,0.054459233907675514
43,1,0.10336705930671061,-0.0011108832899186182,-0.07822140938373844,-0.14100701896921172,-0.21351401544714024,-0.016057723224805306
43,2,0.15311086783068914,0.06843536227897822,0.0022683641601589717,0.026883604312871987,-0.3652785228167941,-0.052572726638994045
43,3,0.12493317067797559,0.07332008555416951,-0.1126672018640527,-0.11627817518711912,0.03391358127110682,-0.08902372363257705
43,4,0.10838036282798309,0.10495924562059183,-0.22533988248985418,0.10798370022356107,-0.14449207223075108,-0.016471069165652233
43,5,0.2295087859447737,-0.05376497347475263,0.06688097279013831,-0.05028360061699277,-0.10812804269951576,-0.09168787899716382
43,Aggregated,0.14228870537245256,0.05446782757540613,-0.08156800731418533,-0.04402943501333437,-0.1357154256062336,-0.03723082137637649
43,Centralized,0.142288704760333,0.054467823091906925,-0.08156800707980677,-0.04402943913202186,-0.13571542890683308,-0.03723082171025614
44,0,0.15778943847373378,-0.10879282845032887,-0.09815663303814463,0.07511579742973898,-0.048249413331562865,0.019890045835472256
44,1,-0.1391631316061445,-0.21772530837206633,0.3007540272819151,0.16236381411036463,-0.06326297249351058,0.1500689398743572
44,2,-0.006570745929854264,-0.37205851443315036,0.2559802263462604,0.2807454462524418,-0.10697295915594908,0.051344505708113886
44,3,0.03659349073284754,-0.05397566103879995,0.06494516881623819,0.057761571874126956,0.07890559519411404,-0.06132410747643073
44,4,-0.028462124433073537,-0.18772211852920126,0.036496993059563346,0.20868609106063585,-0.010427500698572048,0.03969068750909367
44,5,0.24490745075652506,-0.2734592404135906,0.13707436968415274,0.07413355839133663,-0.03521005183062008,-0.1399746218923479
44,Aggregated,0.04143666624386467,-0.20264675678493116,0.12392343440090652,0.1413540206964217,-0.030472582693775566,0.01034572075922154
44,Centralized,0.04143665733498144,-0.20264675578793415,0.1239234321240006,0.14135402008321443,-0.030472583276090624,0.010345719731206534
45,0,-0.286060063983146,0.2606370694808115,0.09073493077095282,-0.37434359561588126,0.08816093309586202,0.1745376808435027
45,1,-0.28042815081113526,0.014204877026666432,0.15098234096028948,-0.12986129976275534,0.225947376927554,0.22267891076776938
45,2,-0.061283506368036575,0.1360573015936727,0.2026631089626576,-0.36025207199262593,0.10340659641561398,0.1829799570229013
45,3,-0.3206352125292644,0.1438293719631065,-0.020053614093054544,-0.1467581110732106,0.2184286348429584,0.11285915864572425
45,4,-0.22039095628617072,0.1969937062514423,0.1582029388355843,-0.4032157573914426,0.20336741560332783,0.153084123879047
45,5,-0.15459175283444285,0.17341396223248132,0.2222048848781872,-0.31711379932275496,0.0795940173972994,0.02798918191371745
45,Aggregated,-0.22058307716700146,0.1485895957423732,0.13325851259876326,-0.2799592251004276,0.1541655440960023,0.14508939119465694
45,Centralized,-0.2205830739718326,0.14858959754535386,0.13325851722941814,-0.27995922574746346,0.15416554807035632,0.14508939601134493
46,0,0.1532956973656782,0.2917670768620899,-0.07266996752581699,-0.176652208587825,0.01555389308798198,-0.203716213057267
46,1,0.10795793130454696,0.049725230757125045,0.24998886248230923,-0.1877760938857753,-0.17661393932500707,-0.0349457976172572
46,2,0.14885362923608572,0.15487296374988324,0.20426301860731289,-0.008346240334675355,-0.1282122614867254,-0.31953729215401244
46,3,0.10450768280052294,0.14359937540076045,0.0015613028208964152,-0.23280922713022228,0.03969871378453647,-0.01841190748964314
46,4,0.13040777580870425,0.22285005434008057,0.09380272906862235,-0.05689328996705088,-0.01594082716917923,-0.3395941551590463
46,5,0.19436717501831743,0.04611169127480631,0.2210924976447911,-0.1521118102715589,0.03434440835760976,-0.28643486423348047
46,Aggregated,0.1389507948906325,0.14463174222731062,0.12122881416806279,-0.13846409752925704,-0.04091633185373961,-0.19252779331796968
46,Centralized,0.13895079875024657,0.14463173850547542,0.12122881549019876,-0.13846409507732707,-0.04091633315451669,-0.19252779412888238
47,0,-0.41019645495785184,0.34931424022015806,0.22878573503424626,0.1638056877084109,-1.103899348614983,0.45731173804282876
47,1,-0.5728081636713783,0.16727370516073972,0.19484390097752416,0.14538646699687255,-1.1162670881173287,0.5882898377522895
47,2,-0.362163315826348,0.20865770241730744,0.17653696823370635,0.20017151984007533,-1.0745665265608382,0.49019567487142096
47,3,-0.4570188831446935,0.2122194991993317,0.11029952859727293,0.2170879803238211,-0.9435727188021543,0.3961954265239702
47,4,-0.4492599739927426,0.3017792820514032,0.11541493858966818,0.13682818764275895,-1.0100497530984847,0.5609816094780357
47,5,-0.2181690241498144,0.09432367409393626,0.3221451359895428,0.09596261723818536,-0.8975423522814515,0.35271957450207514
47,Aggregated,-0.4118053783283031,0.21588891680791064,0.1919152950893819,0.15963976986468195,-1.0199914966734323,0.47163982503851765
47,Centralized,-0.41180537904644365,0.2158889080851965,0.19191529201776653,0.1596397674289084,-1.0199914956101142,0.47163982628781753
48,0,0.21074587594440458,0.1769569976055707,0.014451183898626851,0.10724308149989896,-0.05924661668995803,-0.023147694073035414
48,1,-0.059159704681366894,0.19893334498367715,0.23115634583333003,0.08741169253736085,-0.19908990088397072,0.2756418293350319
48,2,0.05045887414977474,0.057045354884042845,0.0044600935908073085,0.2647613266334254,-0.30496159872713036,0.20924302133650058
48,3,0.13246873608446055,0.1340510585913268,0.06290985215516151,0.062077855401277304,0.14183006370989315,0.022599899991121337
48,4,0.06703884511645579,0.16311524290883336,-0.06460451093140783,0.31633642079449825,-0.2752669634676785,0.15650971041457892
48,5,0.23564185315815994,-0.03928553657620751,0.12757757498970865,0.08852399495282377,-0.03475627816365261,-0.07728672904308985
48,Aggregated,0.10296992209303411,0.11375511676236037,0.06979438428585297,0.14831712639367398,-0.11761090147427236,0.09570382713189234
48,Centralized,0.1029699211335454,0.11375511787826513,0.06979438259201444,0.1483171209405475,-0.11761090431434237,0.09570382516512156
49,0,-0.05415245441666485,0.0881553778375635,0.08725702239129861,0.00844529039326846,-0.23753811117108237,-0.00123701355317228
49,1,0.020198076529322033,0.04238815429389848,0.12801025753698905,0.04079859386118976,-0.21072744579692038,0.08335193401081173
49,2,-0.024232780626209306,0.13013953162510103,0.1926193121095731,-0.01555014160785883,-0.37903734601828165,0.08763121750388028
49,3,-0.00010784188112786808,-0.09589918484473538,0.02489005900974573,0.04721423321770892,0.023383050165604758,0.0007315933007446299
49,4,-0.09268495070289838,0.1854830693327198,0.13407169572265232,0.04804357238239838,-0.28262955377307947,-0.039625770964586596
49,5,0.09553264031115341,-0.10171350615527963,0.21680942243483797,-0.11703255245162233,-0.1506944851833844,-0.04401584005733857
49,Aggregated,-0.00527075675805276,0.035143612102082736,0.1302464433400555,0.001312570408685924,-0.20092656183494143,0.016654980312433548
49,Centralized,-0.005270749124034779,0.035143621125707604,0.13024644697868987,0.0013125739824487207,-0.2009265594706776,0.016654981719244098
50,0,0.07602192461650017,0.02789387136802617,-0.0171700070567546,0.05245801201924536,0.04217840989895135,0.04972422179382268
50,1,-0.019930438168590924,-0.07191504173996696,0.005666727633639231,-0.05072633022035085,-0.11122739077775458,0.1812593134427226
50,2,-0.01012300237121219,-0.010078356837455142,0.10949328117352926,0.07296993249897217,-0.17422771735781278,0.1384050101374593
50,3,-0.052152947308205334,0.08005814521898742,-0.1235587341419845,0.04015133662043517,0.05037595840516514,-0.07942486583621644
50,4,0.02660222244617619,-0.016915550692087795,-0.0222989441715594,0.07383469667316843,0.043047071047718787,0.099086884700615
50,5,0.06911456850655817,-0.08742016327723666,0.18522100106971817,0.08033843656321883,0.002153456015815654,-0.06345303418382203
50,Aggregated,0.01277518557409536,-0.014276826670073106,0.02358347626000198,0.04219009243136019,-0.027738913381088654,0.05349545781024657
50,Centralized,0.012775186005150136,-0.014276828949832183,0.023583479184085595,0.04219009116868063,-0.02773891840240689,0.05349545455159728
