Round,Evaluator,1,5,0,4,2,3
0,0,,,,,,
0,1,,,,,,
0,2,,,,,,
0,3,,,,,,
0,4,,,,,,
0,5,,,,,,
0,Aggregated,,,,,,
0,Centralized,,,,,,
1,0,,,,,,
1,1,,,,,,
1,2,,,,,,
1,3,,,,,,
1,4,,,,,,
1,5,,,,,,
1,Aggregated,,,,,,
1,Centralized,0.17639128863811493,0.1436256468296051,0.18505699932575226,0.16018334031105042,0.1618293970823288,0.1729133427143097
2,0,,,,,,
2,1,,,,,,
2,2,,,,,,
2,3,,,,,,
2,4,,,,,,
2,5,,,,,,
2,Aggregated,,,,,,
2,Centralized,0.1725468784570694,0.15214277803897858,0.1781516820192337,0.1629405915737152,0.1636459082365036,0.1705721616744995
3,0,,,,,,
3,1,,,,,,
3,2,,,,,,
3,3,,,,,,
3,4,,,,,,
3,5,,,,,,
3,Aggregated,,,,,,
3,Centralized,0.1702895611524582,0.15755543112754822,0.17368488013744354,0.16445156931877136,0.16484951972961426,0.16916906833648682
4,0,,,,,,
4,1,,,,,,
4,2,,,,,,
4,3,,,,,,
4,4,,,,,,
4,5,,,,,,
4,Aggregated,,,,,,
4,Centralized,0.16887395083904266,0.1610316038131714,0.17092566192150116,0.16532211005687714,0.16553683578968048,0.16830980777740479
5,0,,,,,,
5,1,,,,,,
5,2,,,,,,
5,3,,,,,,
5,4,,,,,,
5,5,,,,,,
5,Aggregated,,,,,,
5,Centralized,0.1680145114660263,0.1631622314453125,0.16924022138118744,0.16586488485336304,0.16598589718341827,0.16773226857185364
6,0,,,,,,
6,1,,,,,,
6,2,,,,,,
6,3,,,,,,
6,4,,,,,,
6,5,,,,,,
6,Aggregated,,,,,,
6,Centralized,0.16742265224456787,0.16449278593063354,0.16818636655807495,0.16623297333717346,0.16626690328121185,0.1673983782529831
7,0,,,,,,
7,1,,,,,,
7,2,,,,,,
7,3,,,,,,
7,4,,,,,,
7,5,,,,,,
7,Aggregated,,,,,,
7,Centralized,0.16707433760166168,0.16529914736747742,0.16752800345420837,0.16646306216716766,0.16646380722522736,0.1671716570854187
8,0,,,,,,
8,1,,,,,,
8,2,,,,,,
8,3,,,,,,
8,4,,,,,,
8,5,,,,,,
8,Aggregated,,,,,,
8,Centralized,0.1669253259897232,0.1657894104719162,0.1671777218580246,0.16656626760959625,0.16656072437763214,0.1669805645942688
9,0,,,,,,
9,1,,,,,,
9,2,,,,,,
9,3,,,,,,
9,4,,,,,,
9,5,,,,,,
9,Aggregated,,,,,,
9,Centralized,0.16682831943035126,0.16611729562282562,0.1669415533542633,0.16662642359733582,0.16660840809345245,0.16687797009944916
10,0,,,,,,
10,1,,,,,,
10,2,,,,,,
10,3,,,,,,
10,4,,,,,,
10,5,,,,,,
10,Aggregated,,,,,,
10,Centralized,0.16679459810256958,0.1663261204957962,0.16678442060947418,0.16666434705257416,0.1666155606508255,0.1668149083852768
11,0,,,,,,
11,1,,,,,,
11,2,,,,,,
11,3,,,,,,
11,4,,,,,,
11,5,,,,,,
11,Aggregated,,,,,,
11,Centralized,0.16677509248256683,0.16640684008598328,0.16675609350204468,0.16666187345981598,0.16664214432239532,0.16675792634487152
12,0,,,,,,
12,1,,,,,,
12,2,,,,,,
12,3,,,,,,
12,4,,,,,,
12,5,,,,,,
12,Aggregated,,,,,,
12,Centralized,0.16677626967430115,0.16649505496025085,0.16673582792282104,0.16668513417243958,0.16667188704013824,0.16663585603237152
13,0,,,,,,
13,1,,,,,,
13,2,,,,,,
13,3,,,,,,
13,4,,,,,,
13,5,,,,,,
13,Aggregated,,,,,,
13,Centralized,0.16674751043319702,0.16653862595558167,0.16673018038272858,0.16670548915863037,0.16665656864643097,0.1666216254234314
14,0,,,,,,
14,1,,,,,,
14,2,,,,,,
14,3,,,,,,
14,4,,,,,,
14,5,,,,,,
14,Aggregated,,,,,,
14,Centralized,0.1667202264070511,0.16658563911914825,0.16672103106975555,0.1667070835828781,0.16665180027484894,0.16661420464515686
15,0,,,,,,
15,1,,,,,,
15,2,,,,,,
15,3,,,,,,
15,4,,,,,,
15,5,,,,,,
15,Aggregated,,,,,,
15,Centralized,0.16673022508621216,0.1666148602962494,0.16671445965766907,0.1666383147239685,0.16665777564048767,0.1666443645954132
16,0,,,,,,
16,1,,,,,,
16,2,,,,,,
16,3,,,,,,
16,4,,,,,,
16,5,,,,,,
16,Aggregated,,,,,,
16,Centralized,0.16670730710029602,0.16663217544555664,0.16670472919940948,0.16664816439151764,0.16665305197238922,0.16665448248386383
17,0,,,,,,
17,1,,,,,,
17,2,,,,,,
17,3,,,,,,
17,4,,,,,,
17,5,,,,,,
17,Aggregated,,,,,,
17,Centralized,0.16670139133930206,0.16664379835128784,0.16670024394989014,0.1666473001241684,0.1666569709777832,0.16665033996105194
18,0,,,,,,
18,1,,,,,,
18,2,,,,,,
18,3,,,,,,
18,4,,,,,,
18,5,,,,,,
18,Aggregated,,,,,,
18,Centralized,0.1666947454214096,0.16661876440048218,0.16670556366443634,0.1666625440120697,0.16667236387729645,0.16664600372314453
19,0,,,,,,
19,1,,,,,,
19,2,,,,,,
19,3,,,,,,
19,4,,,,,,
19,5,,,,,,
19,Aggregated,,,,,,
19,Centralized,0.16668829321861267,0.16662946343421936,0.16669800877571106,0.1666606366634369,0.16667111217975616,0.16665250062942505
20,0,,,,,,
20,1,,,,,,
20,2,,,,,,
20,3,,,,,,
20,4,,,,,,
20,5,,,,,,
20,Aggregated,,,,,,
20,Centralized,0.1666884869337082,0.1666385680437088,0.1666988879442215,0.16666896641254425,0.16665533185005188,0.16664977371692657
21,0,,,,,,
21,1,,,,,,
21,2,,,,,,
21,3,,,,,,
21,4,,,,,,
21,5,,,,,,
21,Aggregated,,,,,,
21,Centralized,0.16668622195720673,0.16665661334991455,0.1667056381702423,0.1666339635848999,0.1666603535413742,0.1666572391986847
22,0,,,,,,
22,1,,,,,,
22,2,,,,,,
22,3,,,,,,
22,4,,,,,,
22,5,,,,,,
22,Aggregated,,,,,,
22,Centralized,0.16667769849300385,0.1666722148656845,0.16671395301818848,0.1666150838136673,0.16667278110980988,0.1666482388973236
23,0,,,,,,
23,1,,,,,,
23,2,,,,,,
23,3,,,,,,
23,4,,,,,,
23,5,,,,,,
23,Aggregated,,,,,,
23,Centralized,0.16668881475925446,0.16667012870311737,0.16670353710651398,0.16663949191570282,0.1666799634695053,0.16661804914474487
24,0,,,,,,
24,1,,,,,,
24,2,,,,,,
24,3,,,,,,
24,4,,,,,,
24,5,,,,,,
24,Aggregated,,,,,,
24,Centralized,0.1666942536830902,0.1666768342256546,0.1667032688856125,0.16666154563426971,0.16665776073932648,0.1666063368320465
25,0,,,,,,
25,1,,,,,,
25,2,,,,,,
25,3,,,,,,
25,4,,,,,,
25,5,,,,,,
25,Aggregated,,,,,,
25,Centralized,0.1666916310787201,0.16666793823242188,0.16669239103794098,0.16666865348815918,0.16666275262832642,0.16661660373210907
26,0,,,,,,
26,1,,,,,,
26,2,,,,,,
26,3,,,,,,
26,4,,,,,,
26,5,,,,,,
26,Aggregated,,,,,,
26,Centralized,0.16668033599853516,0.16666291654109955,0.16669000685214996,0.1666734367609024,0.16666285693645477,0.16663037240505219
27,0,,,,,,
27,1,,,,,,
27,2,,,,,,
27,3,,,,,,
27,4,,,,,,
27,5,,,,,,
27,Aggregated,,,,,,
27,Centralized,0.16667520999908447,0.166670024394989,0.16668608784675598,0.16667848825454712,0.16666345298290253,0.16662679612636566
28,0,,,,,,
28,1,,,,,,
28,2,,,,,,
28,3,,,,,,
28,4,,,,,,
28,5,,,,,,
28,Aggregated,,,,,,
28,Centralized,0.16667847335338593,0.16666129231452942,0.16668160259723663,0.16667959094047546,0.16666650772094727,0.1666325479745865
29,0,,,,,,
29,1,,,,,,
29,2,,,,,,
29,3,,,,,,
29,4,,,,,,
29,5,,,,,,
29,Aggregated,,,,,,
29,Centralized,0.1666869968175888,0.1666640043258667,0.1666853278875351,0.16668440401554108,0.16667233407497406,0.16660696268081665
30,0,,,,,,
30,1,,,,,,
30,2,,,,,,
30,3,,,,,,
30,4,,,,,,
30,5,,,,,,
30,Aggregated,,,,,,
30,Centralized,0.16670355200767517,0.16668997704982758,0.1667013019323349,0.16659599542617798,0.1666889637708664,0.16662022471427917
31,0,,,,,,
31,1,,,,,,
31,2,,,,,,
31,3,,,,,,
31,4,,,,,,
31,5,,,,,,
31,Aggregated,,,,,,
31,Centralized,0.1666969656944275,0.16669593751430511,0.1666981726884842,0.16657599806785583,0.1666906327009201,0.16664230823516846
32,0,,,,,,
32,1,,,,,,
32,2,,,,,,
32,3,,,,,,
32,4,,,,,,
32,5,,,,,,
32,Aggregated,,,,,,
32,Centralized,0.1667134016752243,0.16669796407222748,0.1667080670595169,0.16661420464515686,0.16670626401901245,0.1665601134300232
33,0,,,,,,
33,1,,,,,,
33,2,,,,,,
33,3,,,,,,
33,4,,,,,,
33,5,,,,,,
33,Aggregated,,,,,,
33,Centralized,0.16669386625289917,0.16669513285160065,0.16669093072414398,0.16664256155490875,0.16669245064258575,0.16658510267734528
34,0,,,,,,
34,1,,,,,,
34,2,,,,,,
34,3,,,,,,
34,4,,,,,,
34,5,,,,,,
34,Aggregated,,,,,,
34,Centralized,0.1666826605796814,0.1666897088289261,0.16669709980487823,0.166658416390419,0.16669075191020966,0.1665814220905304
35,0,,,,,,
35,1,,,,,,
35,2,,,,,,
35,3,,,,,,
35,4,,,,,,
35,5,,,,,,
35,Aggregated,,,,,,
35,Centralized,0.16668452322483063,0.16667218506336212,0.16669830679893494,0.16667257249355316,0.1666802316904068,0.16659221053123474
36,0,,,,,,
36,1,,,,,,
36,2,,,,,,
36,3,,,,,,
36,4,,,,,,
36,5,,,,,,
36,Aggregated,,,,,,
36,Centralized,0.16667748987674713,0.16666053235530853,0.1666858047246933,0.16668055951595306,0.1666799634695053,0.16661562025547028
