,BeforeEvaluation,AfterEvaluation
0,1786388997.2339168,
1,1786388999.0197816,1786388999.1281512
2,1786388999.2695487,1786388999.3775556
3,1786388999.526393,1786388999.6381803
4,1786388999.8787866,1786388999.9905345
5,1786389000.1344295,1786389000.245535
6,1786389000.3881347,1786389000.4982715
7,1786389000.6391973,1786389000.747751
8,1786389000.9842188,1786389001.0939221
9,1786389001.235802,1786389001.348587
10,1786389001.492339,1786389001.7059414
11,1786389001.8564763,1786389001.9677482
12,1786389002.1186616,1786389002.2297168
13,1786389002.4452837,1786389002.5554187
14,1786389002.6937308,1786389002.8047462
15,1786389003.0493472,1786389003.1598482
16,1786389003.3962405,1786389003.5073047
17,1786389003.6433494,1786389003.7526443
18,1786389003.892024,1786389004.002545
19,1786389004.235549,1786389004.349071
20,1786389004.4922926,1786389004.599286
21,1786389004.8382134,1786389005.0429692
22,1786389005.19112,1786389005.304177
23,1786389005.4464033,1786389005.5558894
24,1786389005.7014227,1786389005.8094947
25,1786389006.039975,1786389006.15014
26,1786389006.2908845,1786389006.402256
27,1786389006.5372944,1786389006.650086
28,1786389006.7930574,1786389006.903644
29,1786389007.1317449,1786389007.2414875
30,1786389007.3849428,1786389007.4971917
31,1786389007.6327693,1786389007.7428021
32,1786389007.9888387,1786389008.0984929
33,1786389008.242226,1786389008.4599159
34,1786389008.5994952,1786389008.7090566
35,1786389008.9335587,1786389009.046117
36,1786389009.1836667,1786389009.2921355
37,1786389009.5186143,1786389009.6288521
38,1786389009.8621612,1786389009.9721315
39,1786389010.109221,1786389010.2224967
40,1786389010.3656433,1786389010.4752662
41,1786389010.7013097,1786389010.8106544
42,1786389010.9549353,1786389011.064391
43,1786389011.209388,1786389011.3215914
44,1786389011.4603567,1786389011.5665317
45,1786389011.702867,1786389011.8115895
46,1786389011.9604537,1786389012.06744
47,1786389012.2041326,1786389012.4155796
48,1786389012.561274,1786389012.6722038
49,1786389012.9924498,1786389013.1014242
50,1786389013.240114,1786389013.3497517
