Round,Evaluator,2,4,3,5,1,0
0,0,,,,,,
0,1,,,,,,
0,2,,,,,,
0,3,,,,,,
0,4,,,,,,
0,5,,,,,,
0,Aggregated,,,,,,
0,Centralized,,,,,,
1,0,1.6154685990104185,-11.706232187888066,-4.1635702094111355,-38.93197988367682,7.749420979660467,18.188664969258127
1,1,11.128763378615457,-1.5465411132607452,5.851819537933103,-27.46725910051118,15.340504863527151,18.465806798959854
1,2,16.217084021483615,7.275832787917944,12.8636102226476,-14.434794775862136,16.114594026380054,14.510626508721991
1,3,16.076136217682578,15.40067444522695,17.489895961799466,2.6836719888422054,13.312396302333754,7.8898270389295195
1,4,13.027905323500903,21.644360866439435,17.46364037948176,17.461595561298903,8.835849800591157,-1.9715312779528662
1,5,9.526007087911186,22.431520620600786,15.134386129985051,33.22079487019835,4.528975767141279,-8.313780911383326
1,Aggregated,11.772322045291812,10.165534853088015,11.655022005657987,-2.5551655759634624,11.062833050912285,7.466170291195178
1,Centralized,12.696227278348626,10.659798091555174,12.567763898800116,-2.7885219120535454,12.205663601024597,8.318166044239081
2,0,6.600763194335894,-7.818299295614583,-0.012453175701003023,-35.636227966436266,13.247386795095537,23.41754827855455
2,1,7.864184154161158,-5.737469399910888,1.8833967299071497,-32.070160291007184,12.320985728534255,15.477249978745277
2,2,7.5882516902309884,-2.0144220797615766,3.5942219668792372,-23.043584921481074,7.502557745309066,6.240404741440569
2,3,3.9849150684288683,2.8440597243792283,5.099758696613043,-9.045103820034038,1.2573622752152642,-3.9266070981765937
2,4,0.28233613557080073,8.992305150541412,5.276186686928384,4.825018478981282,-4.0198399127513005,-14.949891287678795
2,5,-3.2920579541902586,10.47851373927487,3.3039058657519527,20.77275343818353,-8.434576646366367,-21.631540129860845
2,Aggregated,3.645992727511399,1.710910318998724,3.4117882548259213,-10.952241754005279,3.0064690228198314,-0.5981022696934521
2,Centralized,3.8752420292044296,1.4509811877968781,3.607623106861477,-11.746525522536963,3.4488414806884715,-0.4436393065846368
3,0,5.738877257427708,-6.649592302959829,0.32468988734176696,-33.744890656272034,11.935610646018354,23.673814525494784
3,1,7.082987122075852,-4.550718549776913,2.183145570185791,-30.080413326309024,11.204522040279251,15.26225759132839
3,2,6.896584112192382,-1.3099767437089844,3.6870783922426806,-20.486230394193402,6.938912466271668,5.385756453816732
3,3,3.5211959556572157,3.2451812832017533,4.970991392881361,-6.991271007934911,0.8290189677933766,-5.58213706885468
3,4,0.4013530381039227,8.624772415428232,4.7374602827562535,5.8317772810325526,-3.5774749126717085,-16.750118411953864
3,5,-2.8124435421643987,9.446045667730964,2.730840013316897,20.508465392260252,-7.500498899538744,-22.871272551624493
3,Aggregated,3.307272775884171,2.0029133864662123,3.2969869072594844,-9.419809483197259,2.7233789466947433,-1.6024015100355038
3,Centralized,3.543034572183269,1.8244107898684976,3.505795445117832,-10.136578124284673,3.0906131707224898,-1.5582994305605578
4,0,6.011594543564798,-6.782537543348293,0.07404552549121429,-35.68087522972142,12.86180883069204,23.861363403243512
4,1,7.367438627419921,-4.495149379514016,2.0582456434552405,-31.756300694016286,11.787235439600598,15.361843834021293
4,2,7.074364435336252,-1.1325363902887418,3.66603258305501,-21.48681116135234,6.86713995185402,5.354839013446634
4,3,3.660630082327712,3.513398861287678,5.105960519521644,-7.645108923936526,0.663639657839275,-5.385758229871826
4,4,0.7018003830206754,8.966984240245365,5.2393657681131955,5.358892048047951,-3.726302999962563,-16.39681368213062
4,5,-2.476721618995774,9.800549742766105,3.4876713949674523,20.616825905375986,-7.855105921792827,-22.823044507887353
4,Aggregated,3.555505124549236,2.198041036017975,3.486054054715588,-10.298111656643592,2.803371003792947,-1.456112559734839
4,Centralized,3.7967787100678687,2.021292542460129,3.6717937563740333,-11.075256787972176,3.234037425151688,-1.3531688514917015
5,0,5.9074814952845065,-7.679465440606428,-0.059596656646155,-33.55472918493912,12.288122460323718,24.11862886310673
5,1,7.222588928010664,-5.308301782598699,1.8754850360560849,-29.48750135005378,11.3329985435986,15.341192768727382
5,2,6.936457857675449,-1.8992540999358636,3.4766593029549053,-19.267093511095972,6.553891137452001,4.969605848730786
5,3,3.5599371984563026,3.2516790780969207,5.129946406840927,-6.2367273854558825,0.4958241615988801,-6.441024689019537
5,4,0.5867381220404408,9.123369998157317,5.271008574185689,5.898869757834791,-3.6219951527259986,-17.729507963994262
5,5,-2.570416804502935,10.630500453549152,3.5061479963079485,20.175457541725482,-7.587771377445647,-24.048857006606536
5,Aggregated,3.4397148811922085,1.9390498169605055,3.4212789874104934,-8.991825799143355,2.6362578479820007,-2.144971048663105
5,Centralized,3.714445717868226,1.7086085732815346,3.619311470329873,-9.744278889757855,3.0444962570972955,-2.050980283506621
6,0,5.000744155290363,-7.439154728278642,-0.2516268760042301,-31.992689756506742,11.874848168196941,23.49086158017328
6,1,6.237536147519287,-5.273051975216302,1.5810282753094096,-27.820628060814474,10.84959208477998,15.000165458900542
6,2,6.089304559697918,-1.9936681024083656,3.1076260615940705,-17.57704782883747,6.120835409050451,4.659785666118152
6,3,3.4027320385027617,3.2249610118078773,4.859104296352944,-5.0906321418705085,0.3056489524873048,-6.801631631547988
6,4,0.9185617918150251,8.941952289941108,5.031570414634192,6.509687663852356,-3.674809126570615,-17.77330030181666
6,5,-1.9387485177921588,10.298659321612952,3.4181088065877336,19.787509610493103,-7.406764040008141,-23.60562783187006
6,Aggregated,3.160438409583306,1.8659609075872239,3.1761732834842085,-7.9704698832374135,2.4170638965391458,-2.3376693718906405
6,Centralized,3.4099534732651273,1.6113864030470457,3.342876703115392,-8.625640023093105,2.8095454266188193,-2.251335792191555
7,0,4.9944358256139445,-6.275099378455076,-0.9121639397093118,-30.206985034404298,10.89345244116454,23.400717416336946
7,1,5.984434842797779,-3.9760684323004436,0.8979966876283327,-25.979642505021285,10.057807335505238,14.742901972484209
7,2,5.7030550293961735,-0.9893145481658482,2.620828149987475,-15.721346182938175,5.8255085422819235,3.8894724139112693
7,3,2.98316755750506,3.63883524427417,4.744845271534987,-4.112399816009899,0.25161399292423386,-8.089978589476578
7,4,0.5960093312490982,8.28182887747004,5.2059552572125645,6.816947626244702,-3.2878658324210734,-18.517336530526883
7,5,-2.094134449059566,8.754839390437507,3.8100094246279426,19.214249992170217,-6.710367856130732,-23.939279562787572
7,Aggregated,2.88866416861119,2.0894835763779307,2.976927623595617,-6.983697177053599,2.294211036563829,-2.961661782858435
7,Centralized,3.0455470482452798,1.986644453279124,3.1112573299518234,-7.626770359157538,2.5855693482246043,-2.9330373117737807
8,0,5.246596827025726,-7.0950337182392635,-0.21430030654655038,-32.0112720228026,11.882019543751964,23.00462198075605
8,1,6.43974804708087,-4.606828146890704,1.5810806050026018,-27.656069211529243,10.49648153405808,14.230386778547931
8,2,5.897088367704905,-1.2306045086920563,3.2973264671323315,-16.415636005625906,5.435938717007164,3.4335460396804978
8,3,3.097527766959879,4.021509946566092,5.1230050880236115,-4.35663791962394,-0.1443293857210308,-8.039646008274868
8,4,0.7800199872767752,9.182783673971276,5.15290479630087,6.7028167418029065,-3.7053989089481814,-18.132109992766953
8,5,-1.978497734122073,10.082393381927254,3.531962191584316,19.747648742586133,-7.23394190347316,-23.762781912096152
8,Aggregated,3.0990394733342965,2.30466062482483,3.3060520760574126,-7.575307392348845,2.1832087256698554,-3.059212306948318
8,Centralized,3.2999469399777093,2.134710687978659,3.472689927299323,-8.290342551193035,2.5389294907399074,-3.008328298337722
9,0,5.38647531460272,-7.145992959594241,0.07536139804997632,-33.142405614233084,10.648266893252158,23.133999022160666
9,1,6.428866213195663,-4.962379764905367,1.6947014519594679,-28.970890050421925,9.846209983129569,14.843616023194773
9,2,5.876206725486319,-1.941424087564118,3.0671915638279597,-18.499586455109622,6.055559634940598,4.418616575079147
9,3,3.3798566163781647,3.29083988334968,5.023932417942308,-6.12507126383035,1.365986919266275,-6.217708941631597
9,4,1.0608108979743662,8.814542634253657,5.232225865344123,5.3835144454831445,-1.928717833954658,-16.814353984969813
9,5,-1.8287205747205393,10.18766850256297,3.4767427792563605,19.35710029271261,-5.621095882743825,-23.20145571413786
9,Aggregated,3.2435024374449553,1.9301135440272705,3.3084183702265473,-8.935928021873426,2.9169539957340835,-2.093371538493388
9,Centralized,3.4755769110567982,1.6804617465996061,3.4923015826372126,-9.63766411048829,3.254034524506835,-1.895326271187179
10,0,4.3808048973641,-5.735583433952801,-0.33697524213281,-30.095447698568893,11.5169836327578,22.64502838172002
10,1,5.519064301054742,-3.4545609037068328,1.4338128061593058,-25.884257701956873,10.443904502608127,14.02036830663265
10,2,5.388358035843931,-0.5317455746998722,2.9671409545483387,-15.06159487253311,5.668525423576356,3.220663418947898
10,3,3.185825467361655,3.8589438399462033,4.766914113824958,-4.051520421604084,-0.1448548053528741,-8.517229528941481
10,4,1.137850238800699,8.211667240043692,5.077570988321625,6.273180939957782,-3.932225756745931,-18.29707679674505
10,5,-1.2475416962688888,8.768751519721198,3.61415851421289,19.0057048872855,-7.640471028323718,-23.852020796431603
10,Aggregated,2.961928473513551,2.34982716779168,3.1418603761974615,-6.96395995811307,2.0575715486321062,-3.3116939854139273
10,Centralized,3.1321618372893902,2.2096679315462175,3.28641120388964,-7.664240679749019,2.4390909437259096,-3.286681768264642
11,0,4.873325576852052,-6.70356327947805,0.0548356140398785,-29.146165895595324,10.396664544254799,21.700704613188318
11,1,5.87701051513831,-4.393342982303673,1.7777976167669673,-24.66650961210297,9.312900442215671,13.046349229890264
11,2,5.147666380550125,-1.1281522426627626,3.18569480728337,-13.893029062499966,4.88641075161687,2.3087824471967715
11,3,2.5920002717430823,4.057471839454843,4.741552548000001,-2.8388268533323946,0.17390484406331383,-8.994246585182717
11,4,0.3507970220018709,8.75822916423053,4.5000527480157,7.074668083114273,-3.061826436434161,-18.012828202695832
11,5,-2.0431066381258063,9.665234691757828,2.8547659594458024,19.19422904426515,-6.279202628696291,-23.161436291146572
11,Aggregated,2.6466009635322982,2.264439715500608,3.044623961518366,-6.040085835359692,2.0509624417516754,-3.6652263315899494
11,Centralized,2.817923464981287,2.0836751977561803,3.2396394221544647,-6.681131413060532,2.4053423894479122,-3.676799039208969
12,0,4.083046845226728,-6.735345518445129,-0.640784663761228,-30.287931469424368,11.448640752023726,21.68107484289584
12,1,5.399822330850426,-4.343559859707681,1.1016231474761566,-25.90440395558945,9.984917079890643,13.213829359955847
12,2,5.121009951041022,-1.1484162722000386,2.756218080899091,-15.198111329339357,5.1965291113558,2.91027416857553
12,3,3.26238165535767,3.923126589210941,4.957316458666991,-3.9640752139167117,0.10814226264485802,-7.872015863457843
12,4,1.3627782925454115,8.773336931374036,5.293357279931411,6.207895245782153,-3.488551123241052,-17.166079744546252
12,5,-1.0717546571098777,9.691361971170739,3.9099517870389056,18.976711571656548,-7.320108729411142,-22.915088068149878
12,Aggregated,2.942881706737747,2.2458152938456233,3.1401521018716774,-7.017859240928445,2.0819255340924085,-3.1250199364687394
12,Centralized,3.1581131546443735,2.0732021091059574,3.276720654510408,-7.662634210564788,2.491398409045897,-3.079090827757457
13,0,4.811015157447854,-7.983186538922147,0.35903911272511235,-29.591810356980705,11.481622654272986,21.581296965480412
13,1,5.758051061535893,-5.499722502404053,2.022561271339108,-25.148908121912914,9.894896186219361,13.362898896706946
13,2,5.245853265816559,-1.8633707427888953,3.3793852306481034,-14.585436291562127,4.714301951951179,3.2101500384545774
13,3,3.1918696326986487,3.6014235260135927,4.773975840168455,-3.679895197891219,-0.3689160940654302,-7.5058147379397
13,4,1.1266708823653977,9.070791545614338,4.53428134332716,6.1583363234206585,-3.8594587292139555,-16.82239389736907
13,5,-1.4860247154104813,10.819066974139313,2.784356361315591,18.651835171382324,-7.348164595784947,-22.786991570348796
13,Aggregated,2.9895526046673484,1.962922774169237,3.1568256650011937,-6.714328533717312,1.8231970198292404,-2.908539138362161
13,Centralized,3.200521943876786,1.6832695853798902,3.3239009143592075,-7.37302769099432,2.198483819062659,-2.7850041854733116
14,0,3.2413720859596,-6.314689514862574,0.37816481461682766,-28.107301791884694,11.10715499721399,21.388020244660005
14,1,4.507760807888142,-3.88024405592111,2.0165751324732684,-23.541588742699513,9.594252601023284,12.838812174091391
14,2,4.575684454479647,-0.6194922085250633,3.3495127283325266,-12.929574747546942,4.573052254868823,2.051365686144865
14,3,3.258293964904141,4.037843306129727,4.556425178976235,-2.848100272888096,-0.5033157987630191,-9.328573422050365
14,4,1.6587059894117013,8.394206636564546,4.271501413015047,6.40767341523357,-4.053199479787602,-17.932658102825958
14,5,-0.45352203357422105,9.330751482640798,2.72543382676839,18.275491127372224,-7.679628194511727,-23.312657623441574
14,Aggregated,2.7591464363680247,2.3543203119836744,3.0528275882185194,-5.843943370476807,1.5872743083724974,-3.8556108332767596
14,Centralized,2.9208782818710923,2.182113984508472,3.2155224086931997,-6.4893253419846975,1.9870061153317027,-3.8497442026189517
15,0,3.925275686617497,-6.556432941793648,-0.9239388781975618,-28.506761683277578,9.597166819880815,21.573934798391427
15,1,4.885480031784497,-4.284684766292316,0.8652605032792066,-23.829263209110444,8.510165837919507,13.063430365442077
15,2,4.6473036388484745,-1.0481017371616248,2.5726898066334694,-13.498361659639292,4.450799848989737,2.3287124318409917
15,3,3.0692425603939415,4.121847904267489,4.865014006621651,-3.26650936214138,0.4763377252505541,-8.750109759909845
15,4,1.2261451040063467,8.621171553999375,5.218828922843902,6.244016712789297,-2.335348865667316,-17.894306981965777
15,5,-0.9445173078963187,9.426022944566245,3.9051104474283913,18.209136506223086,-5.449533062655433,-23.59637274622073
15,Aggregated,2.721126443854559,2.2611336031441245,3.0025907419036275,-6.161147059167214,2.079428267996967,-3.679352215433521
15,Centralized,2.8745532771303672,2.131293412946459,3.164376269890133,-6.704179296733735,2.4341640972952523,-3.6274087321300335
16,0,5.06131248175166,-8.570789941061083,-2.9247767252747425,-24.828992420671703,10.534357897413496,21.499596537021905
16,1,5.936086901908201,-6.1444650406987495,-0.8883627580088641,-20.212013719731704,9.045282620473701,12.949227093650128
16,2,4.961685025451663,-2.1128647662682307,1.529265074960609,-10.4522986249681,4.309669883254881,2.227378267920736
16,3,2.501123664799152,3.338854435456292,4.718122097214117,-1.4207173942707414,-0.0768995376785469,-9.26690890870388
16,4,-0.09195642486531644,8.80285640917238,6.488255325493649,6.758626619820294,-3.7485686259842357,-18.534334185433575
16,5,-2.8268171959253032,11.295266370235177,5.587110784012869,17.257120831691093,-7.18838737339029,-24.241235551682106
16,Aggregated,2.417863640544385,1.7230987433404876,2.7810313914277676,-4.308476940676348,1.601465784054254,-4.048384999753089
16,Centralized,2.6639338893373985,1.394408467929359,2.911491658648925,-4.8849241348471635,2.037343065416833,-4.029423580879887
17,0,3.5088802091823412,-6.796697670234088,-0.1402670843170351,-26.99983067792281,9.499871291029102,21.559233055475442
17,1,4.553354432151463,-4.648952402533133,1.423690127740404,-22.18562594233635,8.298241897780274,12.962029703115359
17,2,4.352032982812184,-1.2556199661707315,2.8475574287179306,-11.96494258671391,4.199319161869317,1.9626547645242933
17,3,3.0498482528992414,3.8199534093101364,4.635767265714762,-2.545721035583437,0.3042454614597229,-9.299084373331704
17,4,1.363012383664634,8.576905237423356,4.636443956921291,6.408931074145842,-2.5023587449609357,-18.363667346461778
17,5,-0.7556255549847108,9.92988785492905,3.1116948801528337,17.721197247239612,-5.588491611360029,-24.007242836679843
17,Aggregated,2.617419956425059,2.156325026760734,2.9548475748135803,-5.359293549252576,1.9039370379416751,-4.020582136445449
17,Centralized,2.8066694422337255,1.9175621423355993,3.146746612602213,-5.9620019885647775,2.257879947578291,-3.9443783692514547
18,0,3.4047102905608786,-7.153154315231849,-0.2188868285502872,-25.406734732878608,9.43080217962737,21.19298623573038
18,1,4.488364402475266,-4.804419919264254,1.463604765730217,-21.039278326787883,8.139317516257687,12.826023093991303
18,2,4.388440306636871,-0.9946491175392231,3.058042348729174,-11.040825555422465,3.6746198832526127,1.383447076022793
18,3,3.0617742078785,4.040668448371903,4.720056051600998,-2.126347609688316,-0.15301728409904097,-10.271269860919524
18,4,1.2329018499912092,8.574128944187262,4.466915828165612,6.401075951360114,-2.6990060476347795,-18.86649611176275
18,5,-1.0780778155509416,9.941049506485218,2.8076188990389017,17.21734386147459,-5.381492529264336,-24.1786229982577
18,Aggregated,2.5249162540680365,2.1744204544916306,2.921063882661848,-4.8184633614058425,1.689238933377391,-4.498494231682035
18,Centralized,2.735379086268876,1.9335571316297135,3.13239822590755,-5.4507300919122725,2.017346859610353,-4.459178329863575
19,0,3.02635893257993,-7.204480448529533,-0.31257106527706496,-26.085854246034575,10.197307694778752,20.818133642013667
19,1,4.157115154273198,-4.6701664046892235,1.3816809059567763,-21.356839206976595,8.349340370923919,12.413175956669177
19,2,4.252153126314615,-0.7149254598694648,3.1055201113502626,-11.137476164018695,3.3581017677726175,1.212885331009275
19,3,3.3452876558618128,4.337636342613281,4.890563582850512,-1.9866661257675662,-0.6055999620341779,-9.979867169090326
19,4,1.8339509139107304,8.826643690578946,4.719406870224028,6.56302628711402,-3.316496790133058,-18.41410356663603
19,5,-0.31768088254411336,9.962938800312353,3.0764886122242894,17.563727960317234,-5.993183237352519,-23.843921801785353
19,Aggregated,2.6934360235404475,2.3439679012168413,3.0289335206250594,-4.859872569051841,1.4646986233515895,-4.444122480618206
19,Centralized,2.883070755337888,2.148405144996576,3.236454010783852,-5.477905074637867,1.7963552512866192,-4.384636613685077
20,0,3.345534898152278,-6.219666717220894,-2.0191947887101884,-23.815834553057538,8.705879410060547,20.600818221889106
20,1,4.405619718413083,-3.9724760067334968,-0.19929732376814588,-19.491398847910325,7.444579583810041,12.32635160791733
20,2,4.2206098753113706,-0.3393047284404334,2.113056400499351,-9.886761503305175,3.3082155987429984,0.8220612492817311
20,3,2.8037293754378276,4.266168693929035,4.87734644081217,-1.467881621653502,0.038874863038659786,-10.764455873595464
20,4,0.9134003084636246,8.097636405385417,5.684673339961022,6.74795458338759,-2.3037413587284368,-19.282505720383412
20,5,-1.1813838365511777,8.852408529262972,4.565135915523564,17.027366098852138,-4.712729663457099,-24.50540431657961
20,Aggregated,2.349021527870388,2.3112596306277586,2.816850096889792,-4.014720738060744,1.645728883635903,-4.976103317244531
20,Centralized,2.5777358170621714,2.184089833577635,2.9834358769062446,-4.674436368947427,1.9337408525335322,-4.921843008182961
21,0,2.5047227775770966,-5.30142802025522,-1.865928479380386,-24.89162639884652,9.245510806758514,20.281486856412137
21,1,3.7233197141721552,-3.0871105388328828,0.09397916271936,-20.884296306488356,7.847731162567257,12.29477656694148
21,2,4.047671153059894,0.2494562777210283,2.363456618767255,-10.853258473149278,3.2527860224845444,0.964661099163417
21,3,3.25191250736377,4.532155850314773,4.949473036188305,-2.0645451715581142,-0.4176996668129028,-10.35469296393338
21,4,1.7731965838870452,7.741521371833418,5.4158259553171275,6.397333911778802,-2.8586948047316976,-18.59607670609253
21,5,-0.22564688402930133,7.9665595533380635,4.277862262751794,17.26166768146338,-5.420717745898937,-23.862629320359368
21,Aggregated,2.5094237406372124,2.505791701834265,2.840063190297395,-4.674904122155242,1.4604298558897328,-4.685773688131889
21,Centralized,2.7048503101027044,2.479778346726733,3.0225793491347632,-5.406265157635415,1.765053675472821,-4.610937126155096
22,0,3.6138048077338505,-6.347157144785074,-2.04969170608388,-21.87984262129044,7.3992116155621215,20.049323284468887
22,1,4.598474848072351,-4.16525382485832,-0.19491385826423988,-17.813225500354,6.613341578739989,11.627046484462092
22,2,4.086096007297201,-0.4508072102177749,2.149816053444008,-8.706901355390299,3.323534672226066,-0.16651046345296164
22,3,2.335324785450356,4.333137231665308,4.831280537833326,-0.7192429160369525,0.4614808938130746,-11.680064119482894
22,4,0.21301354212882703,8.17683748885849,5.177310908210935,7.037511243592025,-1.6978563764142365,-19.396054142587015
22,5,-2.0146841060576186,9.02700580782896,3.8854022295950554,16.751159789209176,-3.8319411250745423,-24.137254109954085
22,Aggregated,2.031914220717749,2.3023609761599366,2.6032812219286,-3.148931455882929,1.6894879198183042,-5.460792775862144
22,Centralized,2.2773088230221328,2.172537367890144,2.8146498206030244,-3.8127760046442067,2.0034177762407257,-5.511496745728974
23,0,3.2715188637770773,-7.628888685020565,-1.4756620047529636,-24.504380927069,9.274171463004146,20.400627647561404
23,1,4.474867884350595,-5.271334245882568,0.354324840226317,-20.292521764657458,7.93371021497356,12.209072092717982
23,2,4.338763198292813,-1.0662594889640302,2.5332099896191353,-10.849468644405057,3.5622335942626933,1.1904568448468456
23,3,3.106990302258876,4.262632674871188,5.203236501625101,-2.1853489566458286,0.036641901597739154,-9.794766820923776
23,4,1.330028475850018,8.908012698596297,5.535482903979231,6.07973274252222,-2.573207285636718,-18.392760451961365
23,5,-0.924132078392258,10.513950594880532,3.9837666813566135,17.053870505534682,-5.289235675242016,-24.352829236243
23,Aggregated,2.548359438977828,2.2283352547308026,2.9829526604277445,-4.652584324092498,1.6927255152595237,-4.579003561636806
23,Centralized,2.7858528155790965,2.0074827202825456,3.243716581263176,-5.377487990407058,2.045519671355632,-4.44268906756559
24,0,3.243830679254725,-7.446927833984358,-1.2862072120810242,-22.685568410034907,9.377871225193594,19.676536336310114
24,1,4.34894287530941,-4.8907331706633155,0.7078925446035984,-18.694104855659248,7.725163508277256,11.525338943806243
24,2,4.150370189127917,-0.49344502279378794,2.839867990808117,-9.260989914183412,2.8846147834523057,0.1962331318505844
24,3,2.699605765433748,4.4846997631110135,4.882761676724691,-0.9900428440904776,-0.7331513501313458,-10.879793083410885
24,4,0.8568420479515783,8.652604336826917,4.845963535284187,6.728939117217214,-3.221115840639895,-18.56152624394469
24,5,-1.1168480927053932,9.846221101990206,3.3183689969648524,16.76459489065627,-5.5083924132214985,-23.675051728313367
24,Aggregated,2.2948765412903787,2.2935855985493436,2.814233522764464,-3.5918778969340868,1.2526946552837968,-5.077175544217465
24,Centralized,2.518774727268391,2.1241245188260205,3.084013145632646,-4.30964331521598,1.5416818294850272,-5.073572181992181
25,0,3.4736832022037376,-5.890335183293093,-1.8053532496358533,-26.24982704081606,10.043594766734637,20.201630863654245
25,1,4.549831430591241,-3.4602169110140455,0.23035345491548817,-21.888477271848036,8.252010779565294,12.052252784801933
25,2,4.458615797025735,0.4033004293264995,2.7183111349845315,-11.769223413808533,3.2062141073367534,0.8862112919513316
25,3,3.258780013446441,5.030430592386797,5.411817060925862,-2.8425398565027007,-0.6080566184663841,-10.01327842499316
25,4,1.7013299469536052,8.494404218041273,5.860706231676426,5.653916535779691,-3.1250633929150498,-18.184010361410948
25,5,-0.4123306048437548,8.932720018345059,4.564456521735349,17.124702466013375,-5.818761429557621,-23.844671068079077
25,Aggregated,2.7908502036791685,2.794078434303547,3.149333874932034,-5.476995510769388,1.4673572115213993,-4.600616267496277
25,Centralized,3.010932771636391,2.737946677358564,3.361535868060871,-6.235999731772778,1.7717169374441748,-4.525279401594405
26,0,2.9119618374603666,-7.6815881552023395,-1.0131559677611666,-23.09775080504046,9.445531307980884,19.85493346643971
26,1,4.04756573996526,-5.32646054302498,0.8696989947511375,-18.96935700236814,7.996304012448326,11.761213468853432
26,2,4.160478042279958,-0.8798878562019887,2.967036431390462,-9.680363630160478,3.193272119301922,0.39592127850732484
26,3,3.1793421848555536,4.338151880021733,5.021145493221838,-1.5440900066065233,-0.4722256197414519,-10.73072756719059
26,4,1.596341491517332,8.918077206924226,4.964750693253831,6.265617794316962,-3.1515859235464347,-18.817582787270617
26,5,-0.2810302236702444,10.483961666021381,3.209174251056315,16.617729144258647,-5.809795366638174,-24.31644704251222
26,Aggregated,2.57546025494462,2.2573476300239004,2.927890239051312,-3.978111072722792,1.3688580897563507,-5.109185175096507
26,Centralized,2.796070145626801,2.0331394953574224,3.2249534645789373,-4.709266323882815,1.7198365082073597,-5.052517589379866
27,0,2.056511756558457,-6.433495191548445,-1.2737564264528305,-21.509960802122293,8.509076089254108,19.356165221644904
27,1,3.364999901732389,-4.249049580773002,0.5343116764737527,-17.493338077435105,7.17567736661679,11.120381570958317
27,2,3.8404778615774813,-0.15575764054003816,2.7924921835940677,-8.606461372790964,2.7714081754840576,-0.510249126426084
27,3,3.131077953799969,4.650303600074212,4.856901585207585,-0.7624322282656073,-0.48544890213817865,-11.74383275874634
27,4,1.5887811791005018,8.309279702676653,4.678405878195571,6.818152396710523,-2.6521455894479176,-19.183666024706042
27,5,-0.13932175057503665,8.992664496883465,3.0395645053798797,16.51102198321766,-4.713221208153164,-24.09163375868637
27,Aggregated,2.3162751874029506,2.409753595838885,2.6996996973260114,-3.123646556456277,1.3201079482788456,-5.653411980050311
27,Centralized,2.5264992899717367,2.322777813882539,2.9751784924264935,-3.846973515910408,1.602227294020216,-5.701429361929627
28,0,2.8163054331260073,-6.774442896668885,-2.309997424119894,-20.77251812152084,8.522674377847817,19.007030232771402
28,1,3.9432261941084397,-4.2425785467572625,-0.24674013317574414,-16.74986265764808,7.136039265990223,10.80208233934279
28,2,3.8582953960024406,0.17922564985758574,2.419718873592775,-7.785035161622069,2.5026633754977223,-1.061467248797196
28,3,2.656114817233395,4.882795911898676,5.033176878014727,-0.05106648405086831,-0.7843929258850187,-12.249515594554666
28,4,0.966606633081462,8.290528618868807,5.343893247022302,7.126453958838468,-2.958644823626709,-19.371209220532013
28,5,-0.8464447608821583,8.883794851389965,4.1044853216024055,16.296694800455704,-4.781205348295878,-24.13623661544191
28,Aggregated,2.183176774373744,2.446214660030803,2.7138696612792788,-2.6130471231532435,1.143049679972571,-5.982518711342215
28,Centralized,2.443169642370601,2.405696797018245,2.978778631181314,-3.317855849616689,1.422367175994628,-6.091293619291826
29,0,2.150906772138806,-7.58502696344535,-2.4678828542619473,-20.104648492937006,9.676273006246872,18.47417411140903
29,1,3.4260177475177707,-5.05021195755025,-0.5371153608066824,-16.064546943150322,7.733120048504648,10.530639624962403
29,2,3.912951450274404,-0.28395256333300867,2.346749482785652,-7.293388546310425,2.214618770053064,-0.8313488166923713
29,3,3.1130229705356465,4.753588557878235,5.24901812944174,0.3512385661893683,-1.7521063775795098,-11.667716378418655
29,4,1.402712597680088,8.811620971097183,5.725785681834969,7.309341163103616,-4.625132374702233,-18.56612758013665
29,5,-0.7117573290193688,10.081083059523909,4.5555162537817395,16.373824232016606,-6.906606014069003,-23.191777619323783
29,Aggregated,2.218116613036353,2.407926688135153,2.8242366990245373,-2.2127582621810373,0.48806017540551533,-5.636265537167323
29,Centralized,2.514550799717283,2.2909758137472402,3.067632026757969,-2.8819158573767925,0.8017410241516902,-5.7262399827981865
30,0,3.4038869199703425,-6.645727163028539,-2.4645151645827807,-22.23339291729042,9.097837416662516,18.81312884455788
30,1,4.692682168601085,-4.334456111860917,-0.4893460533915211,-18.20255340655744,7.498632824852247,10.734851468869222
30,2,4.215270939912442,0.0374311405734062,2.4528972937639995,-8.825208481691933,2.6682625665605557,-0.5608152282005232
30,3,2.411590440339854,4.988468234784824,5.434821836023044,-0.6627121686883999,-0.696734456750653,-11.334473708989897
30,4,0.3720929019545107,8.807402652074378,5.904296387089662,6.7753974757775195,-3.017009885573971,-18.67268906290411
30,5,-1.7372049922973651,9.520072750501312,4.625448612041029,16.74031683535396,-5.1080503876522,-23.697000204274925
30,Aggregated,2.1303125776214236,2.6474830315134046,2.930729441701212,-3.315554078185924,1.254745798430913,-5.553395503921869
30,Centralized,2.396731847488767,2.556949880636394,3.209573552730795,-4.045811499303235,1.5769544761735028,-5.600760118878569
31,0,2.289716774328258,-6.930480955778209,-3.4490458220063616,-19.723089106427842,9.353990345829788,18.38207694642728
31,1,3.6442992154710288,-4.583250350873052,-1.3037981560921257,-15.823335202488563,7.452055369702054,10.525706511687918
31,2,3.8620137177408855,-0.11662450844466309,1.8836711226149037,-7.269798980373777,2.3196952192150175,-0.7006199667094749
31,3,2.7607518972660237,4.7793882591830315,5.204369373542643,0.3369855688291846,-1.2497792474040448,-11.63725126235431
31,4,0.9916449353256072,8.468500953462478,6.281415214804371,7.1934589124130826,-3.7876712404823403,-18.82174257647052
31,5,-0.718336358626302,8.96741209386963,5.195225710303551,15.97437436051673,-5.624156454977219,-23.443713763488777
31,Aggregated,2.114459193366584,2.3510937465729924,2.6998889718097896,-2.212052183676724,0.8858633977438125,-5.710466246858849
31,Centralized,2.351128901062499,2.294678013581703,2.929784161083665,-2.8687159694959297,1.1937863265398783,-5.80776886370928
32,0,3.6249788440627886,-6.401354978053111,-1.3528301160214486,-22.721172721971815,7.720749153525554,18.972620215850615
32,1,4.685346750363024,-4.086135651689294,0.5127115178370805,-19.066177675154325,6.686561348339123,11.121428218351221
32,2,4.1885281802415335,0.1502705106111646,2.9138279802487093,-10.08109115435125,2.9949647768370746,-0.171405503352875
32,3,2.6070247921703276,4.925005169296546,5.192536186162848,-1.9878375893686462,0.5114158412608232,-11.08019516890174
32,4,0.7117277432572412,8.47802107765151,5.117224711298319,5.737261879928628,-1.0561855081459963,-18.75977942809121
32,5,-1.3591201197677387,9.238989617995124,3.38318371174918,16.13825706059263,-2.645653615327801,-24.20543120905001
32,Aggregated,2.3175677748634724,2.616128086673759,2.9100926062516113,-4.274761734252662,2.0113101482113707,-5.458638077357858
32,Centralized,2.5883201361017205,2.544792120561207,3.241888866357731,-5.048322319752935,2.234190018244625,-5.425994633465476
33,0,1.7481507102161604,-8.156998984583286,-2.142891428136267,-19.471067112905516,9.226239854606725,18.951667456417475
33,1,3.096047528070326,-5.8504386088889175,-0.16339256796102153,-15.67954511698257,7.539140659213951,11.088734639434028
33,2,3.843748977761554,-0.950681158536619,2.5123428168455417,-7.826665047181416,2.5942105227613763,-0.1646846550097785
33,3,3.5600865447605883,4.318561114832524,5.110213077969407,-0.7056501988266687,-0.8134717169498723,-11.40210325244028
33,4,2.182997040137041,8.948611892290613,5.455899730220373,6.310252446737395,-3.2787977926010816,-19.466475233512845
33,5,0.4613305449747672,10.733843679860005,3.8388994819449787,15.538621961067747,-5.439628049847024,-25.115985698957513
33,Aggregated,2.5278508378485425,2.1471663407004398,2.7571958676427624,-2.690566135366968,1.1388207749328094,-5.809129687421119
33,Centralized,2.7874114811878203,1.9255900177700178,3.0594872295991253,-3.3850930422955816,1.5082150587472358,-5.744900511297693
34,0,1.514801958856819,-7.3176146367376065,-2.790183256089965,-18.71350065049431,8.552484460917098,18.45228451075488
34,1,2.760960892985346,-4.946105067724192,-0.9613744444733872,-15.069308470570427,7.252095432592912,10.743332484704299
34,2,3.543505809667476,-0.5769869180885416,1.8989966532729492,-7.443940891372823,2.8064063680434685,-0.31480886234279865
34,3,3.3364537751592525,4.24271485841219,4.911797625065111,-0.28269761915691244,-0.6041565928950929,-11.31690523461189
34,4,2.104229237696691,8.279354427488693,5.675701914166345,6.646749240332771,-3.1498108006244308,-19.006150181149877
34,5,0.5617498923670216,9.315388791320816,4.578093415553387,15.654274102560471,-5.067658682157708,-24.059461630679053
34,Aggregated,2.3537363137817713,2.084731311111926,2.5703330907443656,-2.2690556316074475,1.1683185677590542,-5.676820113381274
34,Centralized,2.6078773192039444,1.9957883140982984,2.8159900376520115,-2.9653068583300737,1.4614904203500942,-5.688942803911735
35,0,2.6942063408587216,-7.655358800364037,-1.7345977301278999,-20.37189092426076,9.72350458040231,18.696937700249457
35,1,3.932549965284835,-5.179383517118083,0.2260911492548011,-16.167440920691725,7.725635969382273,10.608980386451353
35,2,3.927574217046057,-0.25637574567789606,2.860193860276201,-7.4310377003135235,2.062164429184735,-1.1538743784453114
35,3,2.7885817012849126,4.696776110906506,5.147857390306004,-0.030235370584552633,-1.713751486776693,-12.175765263349055
35,4,1.3278780131312695,8.862566439671866,5.2624400658244,6.756797756790532,-4.3389686547508175,-19.487673366087137
35,5,-0.26435857705501303,10.324035778713696,3.7983070209291743,15.610935972688367,-6.266251900734206,-24.818061625303738
35,Aggregated,2.3664240631628224,2.4233312505351527,2.8944984441607264,-2.589967972245976,0.6329602506809986,-6.189138063871846
35,Centralized,2.590380023744471,2.2688692848398393,3.175780206395987,-3.2598772467151687,0.9192919865330418,-6.267570279505172
36,0,3.341721680671619,-7.866051639993349,-1.690673352102701,-19.60311027966721,7.402337317587599,18.099991190545126
36,1,4.3281543795305115,-5.44710789739494,0.11143829996851153,-16.16501745694612,6.5009438820777214,10.367018109038755
36,2,3.882478312256343,-0.44928268948827393,2.8122037687003587,-8.013516996516435,2.8237034501336225,-0.9139783308473325
36,3,2.4857373827862164,4.837611008894296,5.107295947077542,-0.4565153685244152,0.12620516387166478,-11.704178782034996
36,4,0.6500263083828958,8.961277787882088,5.072123032926692,6.402173214877698,-1.877810709331949,-18.817430669610452
36,5,-1.2243571167464251,10.009857962315243,3.609658520498056,15.459962926804177,-3.506608612775901,-23.93310840665771
36,Aggregated,2.160518078032034,2.3151997586186672,2.8004227080266237,-2.7612031718531984,1.541190107267962,-5.901549351428452
36,Centralized,2.4208954906404676,2.2279687608963186,3.102508495275884,-3.455716396077155,1.7793890366256517,-5.968156740349406
37,0,1.3533750508419247,-6.817147585012947,-2.0807897941099207,-19.87588400822319,8.982331392878816,18.25544634306859
37,1,2.6967443588961557,-4.406023938339323,-0.07139569418245231,-16.177627722103626,7.33677438459897,10.539816773254351
37,2,3.650284399614091,0.09435136539794006,2.6897393986451847,-8.021761906735009,2.310870094599281,-0.7545921603496033
37,3,3.5180437737573254,4.924414050675453,5.107332698294587,-0.631871291066733,-1.1861181128948568,-11.769164064175937
37,4,2.4366593299479913,8.491365841744962,5.1109363940236054,6.416337472959059,-3.617672580472653,-18.96048535185526
37,5,0.9582178078247098,8.964613075460619,3.662458832311197,15.668503596612977,-5.338404097544759,-24.18639440069984
37,Aggregated,2.5037716210664174,2.4607618578303634,2.715389723573117,-2.797285046421935,0.9084208966086401,-5.907988065384282
37,Centralized,2.7563290583141202,2.4459264424965776,3.006732742370275,-3.4899143904754277,1.163592244623204,-5.9550750490474975
38,0,3.092952361507068,-8.10690967193375,-1.4780470405491137,-19.710670031158504,7.95104189663841,18.290090682458793
38,1,4.239061632932788,-5.873645889807463,0.45791928767228174,-16.044629990038903,6.78264569395637,10.414048845187262
38,2,3.897521412742353,-0.9184589215460552,2.953853413783201,-7.932629175893554,2.7814379182923163,-0.741913064399745
38,3,2.4385367836840075,4.569921404567864,4.970974774128895,-0.3676568100164426,0.0865548465637167,-11.559825018615594
38,4,0.6001232424638673,9.093374386151082,4.576698665236481,6.56946461331765,-1.7986239700245692,-18.845612468355434
38,5,-1.267983199250492,10.690706346258123,2.6506158414729724,15.648233769960132,-3.373261831743165,-24.08495185687333
38,Aggregated,2.09109636367299,2.2238078866760027,2.627804172403999,-2.664434077639195,1.6784277195363675,-5.841731913254176
38,Centralized,2.3632413100516008,2.0686536172184287,2.9914550458469953,-3.3576675924728185,1.9262194247133777,-5.881389608922081
39,0,1.9800819561231793,-7.917249526352215,-2.6754005723206755,-18.305849774135933,9.289968628755522,18.056517795371416
39,1,3.2790840621005968,-5.37301906650768,-0.546173937388753,-14.466676498206988,7.39830634095418,10.051900039410011
39,2,3.8238279978779297,-0.3274289559065746,2.5155068183979425,-6.8420803724710595,2.170088116003413,-1.2970939357864635
39,3,3.028733552073724,4.833795751150628,5.24890202119874,0.2693708702302279,-1.430487038275063,-12.218474675811892
39,4,1.523230584280033,9.063218361288401,5.606865568554934,6.9008924674226355,-4.003347152358727,-19.30441403317162
39,5,-0.12147830294678737,10.338456789888546,4.49911105865233,15.626813001120574,-5.994682759490555,-24.43993799786863
39,Aggregated,2.2617299200564633,2.4132895514812134,2.7929320313947157,-1.871972482845872,0.7071893534766791,-6.293519935225833
39,Centralized,2.5000931827141835,2.3075827386370547,3.050881653069342,-2.5319583858969654,1.0412189926219102,-6.37898174886038
40,0,2.686010732403794,-8.650444943522995,-2.097967944874565,-18.25949732647742,8.237549033130906,17.956605953041567
40,1,3.8577984206539613,-6.340018387091079,-0.2650279838845191,-14.460137441463488,6.844036481104324,10.191875415783269
40,2,3.8756848457563478,-1.0720286742841907,2.6386277781155627,-6.8374479601028915,2.4017902841653633,-1.0578455227908496
40,3,2.5663343398653264,4.552029900995934,5.170578348444965,0.3380319113802058,-0.5354177506119788,-12.047364205133064
40,4,0.6583050998826498,9.328883665282348,5.189524022573961,6.726307813636156,-2.6617764911520116,-19.190359542107803
40,5,-1.1943777968888338,11.272757575779607,3.825375456619466,15.065055008566059,-4.257867676038415,-24.434130391475396
40,Aggregated,2.023662542301797,2.1919640624663375,2.729226756240379,-1.9764152713448415,1.2329643671487354,-6.189422938462679
40,Centralized,2.29447596859603,1.9883692274322853,3.0188686285657456,-2.5344697376582017,1.4961617889305008,-6.284697661725709
41,0,2.1703243760248694,-7.1302648024796085,-2.228192875120212,-19.032434700869878,8.544282193598617,17.917231718221053
41,1,3.479391328066287,-4.859041873866579,-0.1874572897499601,-15.344632324154446,7.043453118636397,10.116017490531252
41,2,3.917247850873528,-0.15140559125275735,2.5985787327047554,-7.49522821047101,2.434063538809084,-1.2463332629096653
41,3,2.8553393613478137,4.818416658286379,5.132125692718081,-0.2110509047691196,-0.6888882719088527,-12.113450309795384
41,4,1.1625779995632364,8.703874379461263,5.263074469590828,6.566437855937424,-2.805766346015137,-19.086255394719146
41,5,-0.5591139057080098,9.766583367890611,3.8112261900797324,15.527407651429,-4.215676729794925,-24.27203954049805
41,Aggregated,2.160379403123325,2.4608119770748345,2.7203520901895035,-2.3840889415969317,1.2600065515323158,-6.20523730188767
41,Centralized,2.4193964788440807,2.356895441422374,3.0420867377150014,-3.0541071575226213,1.5200237597041004,-6.3006652313153015
42,0,1.5700802629588884,-8.15614757400961,-3.784506782822282,-15.383005370817578,8.273810078863246,17.72435332931378
42,1,2.7969297283971537,-5.624158056768403,-1.691593618113611,-11.611362287571147,6.737668877340726,9.68870083522603
42,2,3.4331926755224504,-0.4530654495236094,1.7940913574103206,-4.686611700130839,1.987026443810863,-2.002770768729828
42,3,2.9173905782912497,4.56148659105144,5.136500863854977,1.609626620273531,-1.4246009387294924,-13.390139442495608
42,4,1.4121642839847002,8.637732472017756,6.064363120845044,7.512329379990307,-3.917863984194095,-20.486233316442522
42,5,-0.056620497305493504,9.96272177321373,5.266647369831544,14.608884223018354,-5.207996467207842,-25.73135309881596
42,Aggregated,2.035325605857692,2.1284888625921226,2.5397705288128503,-0.47757162539642556,0.5874322066120674,-7.172683920900008
42,Centralized,2.321411497949384,2.068158937919433,2.7924249287024647,-1.0166672640178926,0.889404185562664,-7.317079670588685
43,0,1.0596919592814313,-6.945916779285168,-3.307319285368079,-18.39155808506384,9.15004080309333,17.865351609510398
43,1,2.4487233610699017,-4.623535412000983,-1.2276536469964945,-14.544538209236405,7.2661285061955745,9.9969196214957
43,2,3.523870960014325,-0.017410118215990047,2.0600349587047426,-6.725667168330074,2.187906971446619,-1.0340717045180672
43,3,3.5058585048999076,4.8850197553527135,5.3066849654739565,0.5818923879235821,-1.3758281146986513,-11.95254302896121
43,4,2.3048462829260177,8.481120408657297,5.997323949919193,7.323901830609857,-3.886781462778073,-19.140029734402734
43,5,1.0586190581933497,9.217618210994452,4.950695302942695,15.897382449021766,-5.446264837914223,-24.30111098060144
43,Aggregated,2.3945944770698047,2.423946240693264,2.6864507860459703,-1.6908927979090498,0.7945091212375441,-6.176862217160254
43,Centralized,2.6234619253610623,2.4031837367901567,2.955523478352995,-2.385946104354046,1.0978013318284214,-6.320179325830234
44,0,1.3032864816948178,-7.109094198507754,-2.188346226036131,-17.522079484899525,7.7146679710418535,17.989040198025045
44,1,2.628715396568918,-4.863855068039787,-0.3058007491516936,-14.20620954333717,6.757660865376157,10.134491878681228
44,2,3.5120991722104486,-0.3118726948123359,2.4271304549083745,-7.088594767312115,2.739148551780908,-1.2739622896853917
44,3,3.2422917182068676,4.609784552802244,4.947375825508379,-0.13357857872730308,-0.38371272553947217,-12.35183414629369
44,4,1.9843749587033588,8.469149615629405,5.14692906895427,6.510911440028983,-2.6580992020815675,-19.385454768929755
44,5,0.5497880655442711,9.276201824410649,4.010930058662758,15.151506425787735,-4.366681010608885,-24.337313768874644
44,Aggregated,2.2578909727314835,2.2703477166120036,2.6540851070971123,-1.9994642706731887,1.2208537638149592,-6.310024254921042
44,Centralized,2.525773158245442,2.2635293382029626,2.933547930545893,-2.691542563596834,1.5139038270157896,-6.438212151428861
45,0,2.598105298038654,-7.683689991309542,-2.9507976767272712,-16.458428194818325,8.09253498161996,17.2890000379524
45,1,3.668412193694329,-5.184746215690265,-0.7761017270336132,-12.655484814561204,6.688876155318598,9.2219497870612
45,2,3.4694152575192083,-0.05443403377637045,2.488803356083662,-5.4691955513867185,1.9844387226925462,-2.413751219354961
45,3,2.104196306179931,4.953442241760163,5.187021727939453,1.1720662516049756,-1.4084053550357092,-13.068815932683211
45,4,0.4024642208547381,8.840667832920563,5.278152398425796,7.289123362275707,-3.757149051699481,-19.30368786414452
45,5,-1.0919829962231482,9.977456849049483,3.782438768534344,15.051053170279925,-5.224250353749988,-24.116068587304714
45,Aggregated,1.7936326270577543,2.4416098606609067,2.525759915624307,-0.9659752680887209,0.5863077481153064,-6.822464105193012
45,Centralized,2.0321167419807953,2.393058514590827,2.867672502242504,-1.539422879333979,0.8802634339804679,-7.016316785853246
46,0,1.287859315693766,-7.883953976029407,-2.1759092084454035,-16.78565903696327,8.058396983496426,16.973200536622915
46,1,2.604801922514816,-5.556392499607941,-0.22373367903662134,-13.1114375680437,6.566430716801991,9.2374401974105
46,2,3.43857204960059,-0.36651974763362855,2.6208930330647746,-5.845249376936699,2.0086375435834936,-1.8111233757605691
46,3,3.0118549397106897,4.93383151297209,4.93316108411628,1.1192954493919327,-1.1466187833086752,-12.190978230186971
46,4,1.6367342610487488,8.947608311227587,4.764818459406582,7.436572509078225,-3.410797385140548,-18.499992581636317
46,5,0.2507885155946258,10.049066731029976,3.3487961347637327,15.490632293422623,-4.802476523649352,-23.18212558182569
46,Aggregated,2.080939456588613,2.333343696526372,2.5181691920457645,-1.0531924001011985,0.7522006432844317,-6.285449726249905
46,Centralized,2.3126198561868523,2.288750317410638,2.8246799445030883,-1.6827294915893447,1.015500441925456,-6.4834768930558315
47,0,1.4328838450581345,-8.105511486377715,-2.0677889538482677,-17.05103786990759,8.1162820786465,17.88348785902656
47,1,2.693691080773444,-5.657462757248937,-0.13004923366227622,-13.566282187328001,6.765214461198141,9.92943663202938
47,2,3.499461812079257,-0.4990914001627659,2.6351967117153228,-6.337863927723356,2.3194522665074913,-1.613043440296873
47,3,3.2895053077102894,4.672169288871019,4.963962538403318,0.39629193412336855,-0.7877350482594351,-12.662135799012605
47,4,2.0971470974514195,8.890455949279794,4.985103229258551,6.873519244290764,-3.1136233043228367,-19.848329373438183
47,5,0.735690887167158,10.432708410311683,3.7848097594645176,15.240141249073094,-4.7807932987019655,-25.431181196962847
47,Aggregated,2.343426211302698,2.26818970037264,2.668172197146584,-1.5264792288801714,0.9714937449658007,-6.739951648415875
47,Centralized,2.6160169941746316,2.169642818498059,2.9514578932303164,-2.2256579250434614,1.301318080314781,-6.811645370676273
48,0,1.6398859082438018,-7.129160755850343,-2.8098977823106286,-16.84900611309352,8.031693087106962,17.473851962974134
48,1,2.923093011659271,-4.713571725218672,-0.7435263316140936,-13.087813072713043,6.526234600793831,9.344074049387622
48,2,3.5114005548966563,0.05198834401481349,2.3683053826669984,-5.661492599032527,2.0160883804669596,-2.2919752084034863
48,3,2.7173456431853107,4.805775437166679,5.075744039282653,1.1832055156079895,-0.8976601938772766,-13.154930489104592
48,4,1.066622797347577,8.375777647769034,5.191970720332522,7.531783255082649,-2.90826909495874,-19.596159507731315
48,5,-0.4947253262177714,8.965717923342273,4.074559879474761,15.488283700417991,-4.228273110391757,-24.219054500219286
48,Aggregated,1.9019882606485026,2.3221523370757398,2.538851058831758,-0.9960189107188673,0.9804489235263115,-6.846729023451717
48,Centralized,2.1557690966736653,2.311768959069812,2.8244889409791667,-1.6259641319853566,1.2897176917553692,-7.040530818406807
49,0,1.7477622567286737,-7.052706248555198,-2.7174278829371765,-17.023463713542682,8.44792943072301,17.190268278550025
49,1,3.120520471461753,-4.539703551657462,-0.5101053480238434,-13.260651646725641,6.769301094313985,9.050618426153742
49,2,3.4928857999321234,0.5473626444368477,2.6466315923675148,-5.772729654599265,1.776244772361171,-2.7361036339417444
49,3,2.6822734037181784,5.32886962141218,5.200568379544997,0.9725821276385953,-1.5273864993899695,-13.25518256582439
49,4,1.2465434223932303,8.58261742615068,5.253565711792162,7.186748343235039,-3.6029296646837623,-19.335941721123586
49,5,-0.1723284559830738,9.061509867038605,3.972532278710931,15.36678810013177,-4.806865151472965,-23.99412326869887
49,Aggregated,2.0226486283931076,2.598777534942212,2.6531582551982518,-1.1895616425828008,0.6846136509817721,-6.939031293868032
49,Centralized,2.2590685241279274,2.63251697348438,2.954959432850919,-1.844691049605629,0.9745586045620115,-7.183431151610993
50,0,1.8928789906628911,-8.675671263315895,-2.453828234034409,-19.74120341376081,9.009334771854911,17.889355808417584
50,1,3.300640718155276,-6.100606594503664,-0.17939294982324203,-16.27154450714092,7.147767503120211,10.315102004293928
50,2,3.9592587499163434,-0.7369075027762071,2.823356040425961,-8.391941433103579,2.456223419045406,-0.19942425118376025
50,3,3.561371629432629,4.8995065524633885,5.576545679428249,-0.8285788268320432,-0.5341037969288711,-10.65088897728985
50,4,2.1913961809165845,9.500139176531562,5.598422690248938,6.185469825113291,-2.69529568158683,-18.26926276290329
50,5,0.4135766902446305,11.333424487878275,3.920698616884473,15.65298210156394,-4.312582402358715,-24.194555572825873
50,Aggregated,2.5917697954961607,2.3906008849051323,2.8959438808800964,-2.9417678687249516,1.3760652860958882,-5.552144717927203
50,Centralized,2.901089909116276,2.2712682536957143,3.31277778238968,-3.775194047222109,1.6754117963335615,-5.528414563453768
