,Global,0,1,2,3,4,5
0,0.0002961736172437668,0.0,0.0006890275981277227,0.0006891903467476368,0.000689335516653955,0.0006894494872540236,0.0006856502732262015
1,0.0002954502124339342,0.0006890275981277227,0.0,0.0006881820736452937,0.000688327185343951,0.0006884411559440196,0.0006846419419161975
2,0.00029556697700172663,0.0006891903467476368,0.0006881820736452937,0.0,0.000688489933963865,0.0006886039045639336,0.0006848046905361116
3,0.00029567108140327036,0.000689335516653955,0.000688327185343951,0.000688489933963865,0.0,0.0006887490162625909,0.0006849498022347689
4,0.00029575283406302333,0.0006894494872540236,0.0006884411559440196,0.0006886039045639336,0.0006887490162625909,0.0,0.0006850637728348374
5,0.00029196872492320836,0.0006856502732262015,0.0006846419419161975,0.0006848046905361116,0.0006849498022347689,0.0006850637728348374,0.0
