Round,Evaluator,5,3,0,1,4,2
0,0,,,,,,
0,1,,,,,,
0,2,,,,,,
0,3,,,,,,
0,4,,,,,,
0,5,,,,,,
0,Aggregated,,,,,,
0,Centralized,,,,,,
1,0,,,,,,
1,1,,,,,,
1,2,,,,,,
1,3,,,,,,
1,4,,,,,,
1,5,,,,,,
1,Aggregated,,,,,,
1,Centralized,0.16880425810813904,0.17228998243808746,0.14751090109348297,0.1711159348487854,0.16858358681201935,0.1716952621936798
2,0,,,,,,
2,1,,,,,,
2,2,,,,,,
2,3,,,,,,
2,4,,,,,,
2,5,,,,,,
2,Aggregated,,,,,,
2,Centralized,0.16821889579296112,0.17044085264205933,0.15343217551708221,0.1697009950876236,0.16813582181930542,0.17007122933864594
3,0,,,,,,
3,1,,,,,,
3,2,,,,,,
3,3,,,,,,
3,4,,,,,,
3,5,,,,,,
3,Aggregated,,,,,,
3,Centralized,0.16774240136146545,0.16912516951560974,0.15783630311489105,0.16867126524448395,0.1677301824092865,0.1688947230577469
4,0,,,,,,
4,1,,,,,,
4,2,,,,,,
4,3,,,,,,
4,4,,,,,,
4,5,,,,,,
4,Aggregated,,,,,,
4,Centralized,0.16746188700199127,0.16827276349067688,0.16070526838302612,0.16797791421413422,0.1674363613128662,0.16814573109149933
5,0,,,,,,
5,1,,,,,,
5,2,,,,,,
5,3,,,,,,
5,4,,,,,,
5,5,,,,,,
5,Aggregated,,,,,,
5,Centralized,0.16724789142608643,0.16772861778736115,0.16256165504455566,0.16756698489189148,0.16722716391086578,0.16766774654388428
6,0,,,,,,
6,1,,,,,,
6,2,,,,,,
6,3,,,,,,
6,4,,,,,,
6,5,,,,,,
6,Aggregated,,,,,,
6,Centralized,0.16706563532352448,0.16739508509635925,0.16380225121974945,0.16729243099689484,0.16708645224571228,0.16735811531543732
7,0,,,,,,
7,1,,,,,,
7,2,,,,,,
7,3,,,,,,
7,4,,,,,,
7,5,,,,,,
7,Aggregated,,,,,,
7,Centralized,0.16698768734931946,0.16718757152557373,0.1645359843969345,0.16712483763694763,0.16700142621994019,0.16716252267360687
8,0,,,,,,
8,1,,,,,,
8,2,,,,,,
8,3,,,,,,
8,4,,,,,,
8,5,,,,,,
8,Aggregated,,,,,,
8,Centralized,0.16690987348556519,0.16707248985767365,0.16497871279716492,0.16702958941459656,0.16695943474769592,0.16704994440078735
9,0,,,,,,
9,1,,,,,,
9,2,,,,,,
9,3,,,,,,
9,4,,,,,,
9,5,,,,,,
9,Aggregated,,,,,,
9,Centralized,0.166853129863739,0.166985884308815,0.1653372049331665,0.1669512540102005,0.16691122949123383,0.16696132719516754
10,0,,,,,,
10,1,,,,,,
10,2,,,,,,
10,3,,,,,,
10,4,,,,,,
10,5,,,,,,
10,Aggregated,,,,,,
10,Centralized,0.16683007776737213,0.16693119704723358,0.16554787755012512,0.16690140962600708,0.16687226295471191,0.16691716015338898
11,0,,,,,,
11,1,,,,,,
11,2,,,,,,
11,3,,,,,,
11,4,,,,,,
11,5,,,,,,
11,Aggregated,,,,,,
11,Centralized,0.16682003438472748,0.1668892651796341,0.16571955382823944,0.16686631739139557,0.16683389246463776,0.1668708324432373
12,0,,,,,,
12,1,,,,,,
12,2,,,,,,
12,3,,,,,,
12,4,,,,,,
12,5,,,,,,
12,Aggregated,,,,,,
12,Centralized,0.16680341958999634,0.166854590177536,0.1658829003572464,0.1668352633714676,0.16678369045257568,0.1668400764465332
13,0,,,,,,
13,1,,,,,,
13,2,,,,,,
13,3,,,,,,
13,4,,,,,,
13,5,,,,,,
13,Aggregated,,,,,,
13,Centralized,0.16677416861057281,0.16682209074497223,0.16601453721523285,0.16680678725242615,0.16677933931350708,0.16680310666561127
14,0,,,,,,
14,1,,,,,,
14,2,,,,,,
14,3,,,,,,
14,4,,,,,,
14,5,,,,,,
14,Aggregated,,,,,,
14,Centralized,0.16674193739891052,0.16679821908473969,0.16611433029174805,0.1667892038822174,0.16677318513393402,0.16678309440612793
15,0,,,,,,
15,1,,,,,,
15,2,,,,,,
15,3,,,,,,
15,4,,,,,,
15,5,,,,,,
15,Aggregated,,,,,,
15,Centralized,0.16675181686878204,0.16678529977798462,0.16613703966140747,0.1667764037847519,0.16677583754062653,0.16677357256412506
16,0,,,,,,
16,1,,,,,,
16,2,,,,,,
16,3,,,,,,
16,4,,,,,,
16,5,,,,,,
16,Aggregated,,,,,,
16,Centralized,0.1667468249797821,0.1667664349079132,0.166185662150383,0.16677039861679077,0.16677337884902954,0.16675730049610138
17,0,,,,,,
17,1,,,,,,
17,2,,,,,,
17,3,,,,,,
17,4,,,,,,
17,5,,,,,,
17,Aggregated,,,,,,
17,Centralized,0.16673456132411957,0.16674798727035522,0.1662648767232895,0.16675423085689545,0.16675488650798798,0.16674348711967468
18,0,,,,,,
18,1,,,,,,
18,2,,,,,,
18,3,,,,,,
18,4,,,,,,
18,5,,,,,,
18,Aggregated,,,,,,
18,Centralized,0.16673429310321808,0.1667429357767105,0.16629430651664734,0.1667509824037552,0.16674329340457916,0.16673408448696136
19,0,,,,,,
19,1,,,,,,
19,2,,,,,,
19,3,,,,,,
19,4,,,,,,
19,5,,,,,,
19,Aggregated,,,,,,
19,Centralized,0.16672658920288086,0.1667206883430481,0.16635724902153015,0.16674017906188965,0.1667337566614151,0.16672153770923615
20,0,,,,,,
20,1,,,,,,
20,2,,,,,,
20,3,,,,,,
20,4,,,,,,
20,5,,,,,,
20,Aggregated,,,,,,
20,Centralized,0.1667177528142929,0.16672423481941223,0.16636912524700165,0.1667383462190628,0.16672754287719727,0.16672304272651672
21,0,,,,,,
21,1,,,,,,
21,2,,,,,,
21,3,,,,,,
21,4,,,,,,
21,5,,,,,,
21,Aggregated,,,,,,
21,Centralized,0.166706383228302,0.16672125458717346,0.16642160713672638,0.16672733426094055,0.16670534014701843,0.16671806573867798
22,0,,,,,,
22,1,,,,,,
22,2,,,,,,
22,3,,,,,,
22,4,,,,,,
22,5,,,,,,
22,Aggregated,,,,,,
22,Centralized,0.16670413315296173,0.16672806441783905,0.1663927137851715,0.16672693192958832,0.1667180359363556,0.1667300909757614
23,0,,,,,,
23,1,,,,,,
23,2,,,,,,
23,3,,,,,,
23,4,,,,,,
23,5,,,,,,
23,Aggregated,,,,,,
23,Centralized,0.16671422123908997,0.16672782599925995,0.1663762331008911,0.16672416031360626,0.16672521829605103,0.1667322963476181
24,0,,,,,,
24,1,,,,,,
24,2,,,,,,
24,3,,,,,,
24,4,,,,,,
24,5,,,,,,
24,Aggregated,,,,,,
24,Centralized,0.16671617329120636,0.1667245477437973,0.16638939082622528,0.1667238026857376,0.1667189598083496,0.16672715544700623
25,0,,,,,,
25,1,,,,,,
25,2,,,,,,
25,3,,,,,,
25,4,,,,,,
25,5,,,,,,
25,Aggregated,,,,,,
25,Centralized,0.16673634946346283,0.166738361120224,0.16630320250988007,0.1667441427707672,0.16673146188259125,0.16674639284610748
26,0,,,,,,
26,1,,,,,,
26,2,,,,,,
26,3,,,,,,
26,4,,,,,,
26,5,,,,,,
26,Aggregated,,,,,,
26,Centralized,0.16672538220882416,0.1667335033416748,0.166334867477417,0.1667400747537613,0.16672886908054352,0.16673731803894043
27,0,,,,,,
27,1,,,,,,
27,2,,,,,,
27,3,,,,,,
27,4,,,,,,
27,5,,,,,,
27,Aggregated,,,,,,
27,Centralized,0.16671019792556763,0.1667151004076004,0.16642774641513824,0.16672110557556152,0.16670620441436768,0.16671961545944214
28,0,,,,,,
28,1,,,,,,
28,2,,,,,,
28,3,,,,,,
28,4,,,,,,
28,5,,,,,,
28,Aggregated,,,,,,
28,Centralized,0.1667083501815796,0.16671249270439148,0.16646046936511993,0.16671058535575867,0.1666940450668335,0.1667141169309616
29,0,,,,,,
29,1,,,,,,
29,2,,,,,,
29,3,,,,,,
29,4,,,,,,
29,5,,,,,,
29,Aggregated,,,,,,
29,Centralized,0.16670650243759155,0.16669674217700958,0.16648651659488678,0.16670504212379456,0.16669917106628418,0.16670608520507812
30,0,,,,,,
30,1,,,,,,
30,2,,,,,,
30,3,,,,,,
30,4,,,,,,
30,5,,,,,,
30,Aggregated,,,,,,
30,Centralized,0.16670344769954681,0.16669178009033203,0.16650983691215515,0.16669900715351105,0.16669388115406036,0.1667020469903946
31,0,,,,,,
31,1,,,,,,
31,2,,,,,,
31,3,,,,,,
31,4,,,,,,
31,5,,,,,,
31,Aggregated,,,,,,
31,Centralized,0.16670259833335876,0.16668882966041565,0.1665203720331192,0.16669771075248718,0.1666928380727768,0.16669759154319763
32,0,,,,,,
32,1,,,,,,
32,2,,,,,,
32,3,,,,,,
32,4,,,,,,
32,5,,,,,,
32,Aggregated,,,,,,
32,Centralized,0.16670283675193787,0.16669215261936188,0.16653212904930115,0.16669900715351105,0.16667644679546356,0.1666974574327469
33,0,,,,,,
33,1,,,,,,
33,2,,,,,,
33,3,,,,,,
33,4,,,,,,
33,5,,,,,,
33,Aggregated,,,,,,
33,Centralized,0.16669556498527527,0.16669097542762756,0.1665484756231308,0.16669270396232605,0.16667883098125458,0.16669346392154694
34,0,,,,,,
34,1,,,,,,
34,2,,,,,,
34,3,,,,,,
34,4,,,,,,
34,5,,,,,,
34,Aggregated,,,,,,
34,Centralized,0.16669020056724548,0.16668449342250824,0.16655881702899933,0.16669152677059174,0.16668258607387543,0.16669228672981262
