Round,Evaluator,2,0,4,3,5,1
0,0,,,,,,
0,1,,,,,,
0,2,,,,,,
0,3,,,,,,
0,4,,,,,,
0,5,,,,,,
0,Aggregated,,,,,,
0,Centralized,,,,,,
1,0,0.053945329358420245,0.002817147473727412,0.06229139579014516,0.040469344626782915,0.031897304853214355,0.05352791509874246
1,1,0.043921957787817774,-0.02110937319639936,0.06423810752061207,0.05427464562018891,0.043483979569003864,0.06485572613019568
1,2,0.04421386549908759,-0.02154475846952466,0.05789581890064029,0.06898030719244602,0.05283341831869473,0.06482675029295552
1,3,0.04936084776698478,-0.015541950274367352,0.06197867498694129,0.052664354799010105,0.0402952349107611,0.06167680197081678
1,4,0.04979609312647456,-0.011038521588667744,0.05884592054904317,0.052584867620681715,0.034004661033761575,0.0603402553023286
1,5,0.05604192332561301,-0.01219473182999975,0.05891848782211045,0.06267511046551143,0.04527345604213027,0.0602150906980308
1,Aggregated,0.04794481090703157,-0.007509666571715537,0.05928212529552162,0.054009109317381336,0.040196947083996425,0.05970628051847538
1,Centralized,0.04794481090703157,-0.007509666571715537,0.05928212529552162,0.054009109317381336,0.040196947083996425,0.05970628051847538
2,0,0.045519048146857026,0.047182322395444794,0.0340568178533419,-0.012719733102407009,0.00018362518350804386,0.01128152700054131
2,1,0.03549380054620967,0.00577440563048376,0.03268238163496512,-0.014871525599579716,0.008899426829428769,0.020140142625511
2,2,0.024896679572147685,0.02610271620218915,0.020290240498881302,-0.016250600400900064,0.0029326709502660005,-0.002516345067755594
2,3,0.04272143115758109,0.019798351648338843,0.028302238173134948,-0.009633617710074103,-0.0009313790595601364,0.025429838631740677
2,4,0.046177275956550794,0.04178674139311133,0.027465648212384224,-0.02129183726830096,-0.007564681074153748,0.018334769419640122
2,5,0.041212780937299465,0.02705043013364346,0.040515838926453836,-0.019770499876323153,0.005346347077506322,0.014107639303912603
2,Aggregated,0.03932924422986659,0.027555851445958308,0.030670981997031825,-0.015235191654953437,0.001562322441200489,0.014655301530710244
2,Centralized,0.03932924422986659,0.027555851445958308,0.030670981997031825,-0.015235191654953437,0.001562322441200489,0.014655301530710244
3,0,0.01073335536462667,0.012311367586848662,0.023112528087234675,0.02300242807110681,0.0112685612446414,0.018602757373293425
3,1,0.007364449615362884,0.007977586664274465,0.029200512430575254,0.022363913807677452,0.02278280921477576,0.03496801183361255
3,2,0.012193393417777282,0.012342089360931254,0.03345462664283207,0.01909564221495019,0.021368990537702116,0.037668601153410974
3,3,0.015673351237302884,0.0025937002664705635,0.03189378703277614,0.023303143268266654,0.028137241773645846,0.02897974064439459
3,4,0.01714856797252512,0.008016964347472072,0.029416313048927424,0.022876258570010678,0.027974184644442613,0.03439173280337752
3,5,0.004146352668893743,0.012434931942101985,0.030195599461073374,0.0119810833464554,0.024682894238644112,0.02769194750692566
3,Aggregated,0.011286763320322985,0.008885381713632507,0.029640744791735323,0.02036783258507616,0.02270463774100141,0.030660363526293186
3,Centralized,0.011286763320322985,0.008885381713632507,0.029640744791735323,0.02036783258507616,0.02270463774100141,0.030660363526293186
4,0,-0.0023514974064172685,0.04164327065463956,0.0249939950932246,5.389655967439899e-05,-0.010123128001239731,0.008029200374833262
4,1,0.008484226013298025,0.009689207765812323,0.03516005758008124,0.016601847114413756,-0.008520247832435154,0.012877243677759966
4,2,-0.007841583172097868,0.042340080806267055,0.027127473156593467,-0.005350954664723566,-0.01423694262691251,0.0060163054720176
4,3,0.007240554766658287,0.0060305917757143964,0.030930277923134464,0.007539808328694465,-0.012240588578033364,0.005587191987047958
4,4,0.007141255704185075,0.008283642860843418,0.03482359672375433,0.01325495915352231,-0.019193576746712245,0.0014933171420506604
4,5,0.008737554968696597,0.010586592446520342,0.033370134467818204,0.014001223862194923,-0.013153716972342203,0.00858371980729203
4,Aggregated,0.0033539013141946424,0.021317672484294288,0.03043683870765318,0.0072918305551122045,-0.013293519164347335,0.006747846475830909
4,Centralized,0.0033539013141946424,0.021317672484294288,0.03043683870765318,0.0072918305551122045,-0.013293519164347335,0.006747846475830909
5,0,0.0022622958191214734,-0.05356505530153047,0.0032487430479864535,0.017101871619840718,0.019403337323726604,0.006401695663367272
5,1,0.011120594085321603,-0.106659882003099,0.009607286826554996,0.02722143316415978,0.029553784323175483,0.01902478366171075
5,2,-0.006779132026987793,-0.09479489186835713,0.0007079597455332542,0.03548097014465861,0.03632821352513692,0.005833460658385397
5,3,0.003478672504613921,-0.09769914084711864,-0.001203342360917806,0.019264405945249793,0.034323049069941526,0.017202855176318543
5,4,0.007097931373679288,-0.10164621863013895,0.005130291487756008,0.02564616765230581,0.03368566355341559,0.018600221714083542
5,5,0.00490327424887778,-0.10197849406424236,0.004230267232006336,0.028136343116640036,0.0375608395739034,0.018958977858139086
5,Aggregated,0.00336334760913979,-0.09043795918069976,0.003341722065607641,0.025096935720272127,0.031185006821430248,0.013855610985863893
5,Centralized,0.00336334760913979,-0.09043795918069976,0.003341722065607641,0.025096935720272127,0.031185006821430248,0.013855610985863893
6,0,-0.007528773465740694,-0.020033596208784185,0.010551913743165496,0.00034351177498299944,0.001578715185226617,0.021556083021826634
6,1,-0.0008873047383923647,-0.044028667372418354,0.010909139408187062,0.006129533887285721,0.007272370281673928,0.033165067331152126
6,2,-0.009852415338457082,-0.024858079459745656,0.013039135704255345,0.006710106145217819,0.006678041503845849,0.03164849793558272
6,3,-0.014694927736125315,-0.03955608118361831,0.011542766398419937,0.010346677548626143,0.007660465247616184,0.0338324439563182
6,4,-0.006223115810679432,-0.0392637591975275,0.012622856212347341,0.010261816339550594,0.01098445376353726,0.03373913937920847
6,5,-0.0028561990298993116,-0.04424450043070396,0.011350175638676461,0.002109567333986875,0.004913252118479876,0.03304384006666773
6,Aggregated,-0.007090218097549225,-0.03312211205262234,0.011089528200761683,0.005329670814312965,0.006065431231650417,0.030509157151690537
6,Centralized,-0.007090218097549225,-0.03312211205262234,0.011089528200761683,0.005329670814312965,0.006065431231650417,0.030509157151690537
7,0,-0.002361327377212168,-0.03104910949629138,-0.03301064849468706,0.015561667954489449,0.02814063936562971,0.020449412855359395
7,1,0.004249831633340914,-0.057283835444221824,-0.03682787975352973,0.020368407068946784,0.03331117914466435,0.033853143326599
7,2,0.0046005978095442,-0.056237020929327176,-0.038235699183362774,0.026644176287888576,0.03801214612159806,0.03158018625806522
7,3,0.0015029906415955125,-0.0588313014307286,-0.04467110301703942,0.033386186483197994,0.04393470980055484,0.033926575344246056
7,4,0.0026191125462036954,-0.07298852645669267,-0.04075753508735639,0.024304667842129347,0.030952715594241384,0.028973184352686497
7,5,-0.005494521349096212,-0.07043511009323518,-0.04263223970709627,0.02405042938407861,0.042668368201499586,0.02854725035953517
7,Aggregated,0.0006019368927361042,-0.05601695360835012,-0.03946410806746395,0.023555613376209053,0.03578861492803747,0.029139942972523036
7,Centralized,0.0006019368927361042,-0.05601695360835012,-0.03946410806746395,0.023555613376209053,0.03578861492803747,0.029139942972523036
8,0,-0.0020622112693257145,-0.04751812093398511,0.017222677539585503,0.010771490842473858,0.027179429384612187,0.0331772030013516
8,1,-0.0014889698277997644,-0.06748760550087304,0.021803665617071928,0.03075156731062412,0.03978464282489376,0.045723112312668936
8,2,-0.00015552462896782298,-0.06929714316456534,0.018807117554926516,0.02879908179994244,0.04102881523580323,0.04896874352624232
8,3,-0.00521571751367644,-0.06145666639154993,0.022615436463858232,0.036829440577359165,0.042714463607075495,0.05527035982541677
8,4,-1.510424753448354e-05,-0.06263897477652501,0.025898241046779458,0.034579581438221645,0.050269832364241186,0.06238080191194874
8,5,-0.0025165771246100734,-0.07213656140755594,0.021795551758964853,0.03696889734581224,0.051480415545558315,0.05893520903460213
8,Aggregated,-0.0022476008959227524,-0.060880392091255446,0.020454109213816293,0.029110410790982814,0.041215300404808974,0.04976412961950341
8,Centralized,-0.0022476008959227524,-0.060880392091255446,0.020454109213816293,0.029110410790982814,0.041215300404808974,0.04976412961950341
9,0,0.019604379947728647,-0.036811406410759924,-0.007009229864486792,0.0308154065306845,0.0019545345780891993,0.00907068504549468
9,1,0.03142099123147875,-0.05705301026832811,-0.008334138279496766,0.0373579568143991,0.005114454115479157,0.006539390870586506
9,2,0.02821563139938161,-0.06492464650299955,-0.009564744956064658,0.0488998652043394,0.0023657682237951316,0.011928456243495304
9,3,0.020659581340005718,-0.05461941569754017,-0.013642068289766926,0.03965271618604332,0.010720688244193853,0.0025566342301191914
9,4,0.021126236339986334,-0.06410236940328705,-0.013571241993287695,0.03868817407245606,0.007508481773677867,0.010153258890606691
9,5,0.025484364587772663,-0.06626283685199737,-0.013110733146888312,0.04468922287071291,0.008912046857262249,0.006396022152215467
9,Aggregated,0.023645785219464064,-0.05496776398096882,-0.010942441701732876,0.039181395179587956,0.005534776040804958,0.007329042622770022
9,Centralized,0.023645785219464064,-0.05496776398096882,-0.010942441701732876,0.039181395179587956,0.005534776040804958,0.007329042622770022
10,0,0.010149589527542876,-0.0136287181007024,0.009428245513446341,0.0037463797013432176,0.017497328576167797,-0.0053131738389194
10,1,0.010171964935989387,-0.03867895213520888,0.011335086944398666,0.009115848194305222,0.01723585902496077,-0.0009669950236035464
10,2,0.011383948765552009,-0.03150514421014902,0.013887953936714312,0.011375827999130601,0.026516836772853027,-0.0028785336162570397
10,3,0.008020398319756353,-0.037005271707862074,0.014953180308546877,0.021497034013756085,0.027798430863408535,0.0007495190099759729
10,4,0.015178825529498218,-0.04222043902878993,0.014692370041032212,0.012316945358317795,0.018943170867430584,0.009108680621085722
10,5,0.014276224760766358,-0.037810041098029,0.014423810128593137,0.01707524891150821,0.025067686719258367,0.0003434910154673429
10,Aggregated,0.011303261747771234,-0.031597598258005205,0.012668268729957065,0.012007022102354194,0.021508887832552524,0.0002616593813578313
10,Centralized,0.011303261747771234,-0.031597598258005205,0.012668268729957065,0.012007022102354194,0.021508887832552524,0.0002616593813578313
11,0,0.001114919133904406,-0.022410378120797665,-0.02249859648233979,0.02476771832810274,0.013174846202517725,-0.039934585228596706
11,1,0.01251658987288188,-0.053191278585615204,-0.02654928862573453,0.03633633337349737,0.021340190562753453,-0.049178771967539864
11,2,0.0047629730398905355,-0.05889060923463823,-0.033431430969357634,0.0357408608104337,0.02154819444722146,-0.05209225005081255
11,3,0.013174964315614185,-0.05239603024791449,-0.03185099715344325,0.03805614760095832,0.02836750026611653,-0.05114455484748929
11,4,0.018088479611146617,-0.0620577990561891,-0.0326289548892136,0.03723363975560518,0.023318098863106637,-0.049464494681640395
11,5,0.013683697770244566,-0.05877419605746532,-0.04246266406130356,0.045366020931389014,0.0221292767263415,-0.0617218352359259
11,Aggregated,0.009902652536816665,-0.04897857104837342,-0.03139687290998981,0.03530598481445836,0.02088559888874812,-0.050161991374696416
11,Centralized,0.009902652536816665,-0.04897857104837342,-0.03139687290998981,0.03530598481445836,0.02088559888874812,-0.050161991374696416
12,0,0.021928101440015953,0.008000111907587818,0.005650145257538756,0.0051989541799133294,0.017961589416682838,-0.0008538030486291889
12,1,0.021894362705049276,-0.012467252449086483,0.018148676100671415,0.009813319156563154,0.029162978770007838,0.006866776568888613
12,2,0.035848610831327475,-0.00976772426678735,0.010566199620554032,0.010889593653317625,0.034318033325196236,0.008506634328267001
12,3,0.026478717074448443,-0.019632638478877234,0.009388782589202296,0.016498507462006342,0.024236636197719506,0.003968561389916992
12,4,0.026897940295984087,-0.01802516335325071,0.014495155169044933,0.009326537565216642,0.030294539018325746,0.008732192727551347
12,5,0.03320597379300022,-0.0162963217387513,0.01649473920402921,0.011544879374248536,0.030524833499714927,0.016176197695957125
12,Aggregated,0.02641780181613138,-0.00877357051735515,0.012348446073479267,0.00972865411115639,0.027400393479824595,0.006508290223559912
12,Centralized,0.02641780181613138,-0.00877357051735515,0.012348446073479267,0.00972865411115639,0.027400393479824595,0.006508290223559912
13,0,-0.0065397513531008705,-0.001121792671184691,-0.0016379601176199354,0.0049225646168049204,-0.012900998688062427,0.010463299816671974
13,1,-0.001910696775997703,-0.034772752019106,0.010577250338740404,0.007386064023518455,-0.009198022582364272,0.017000545047403406
13,2,-0.005917408671152824,-0.02910341202219824,0.007213435334368132,0.016847426548007586,-0.01462580494513122,0.02292727545874315
13,3,0.0002852519733040392,-0.03334334231469489,0.006763148868544111,0.01705167281286856,-0.002689338499703556,0.01306083039748442
13,4,-0.002190172562003647,-0.03359094528485432,0.003744729530215816,0.014319471349696498,-0.010995279822381921,0.01495583918573258
13,5,-0.011128225189516465,-0.04234561695227039,0.003148077890470876,0.01763303248246321,0.0005268277885121581,0.025046031851378863
13,Aggregated,-0.006065306172143614,-0.022990120031815386,0.003406405695463261,0.011665000845455287,-0.009740935381245505,0.01611974533448143
13,Centralized,-0.006065306172143614,-0.022990120031815386,0.003406405695463261,0.011665000845455287,-0.009740935381245505,0.01611974533448143
14,0,0.015390195737932846,-0.01339128214049811,0.006099354602755593,-0.00025121124322108703,0.006807026111703377,-0.014052420050851612
14,1,0.016150337057087256,-0.04617622492309037,0.004133268450727817,0.0034672474248001054,0.020940315019894372,-0.01061570264160242
14,2,0.023561694433394134,-0.04885241970879813,0.009521389523254995,0.0042171883664552726,0.020882677630231144,-0.012338442900142235
14,3,0.01611161943529874,-0.04447904311770175,0.003863017826461923,0.007729223167846128,0.01661642197564869,-0.011101269356190917
14,4,0.021418731079721753,-0.04320199276269442,0.01008567736072374,0.003207107476137762,0.01764288177599406,-0.014670327226889714
14,5,0.02209245442601367,-0.046238458914224886,0.011245531336832369,0.005751785765519148,0.020645584867014198,-0.0212949033499857
14,Aggregated,0.017689282669663978,-0.03359385575229637,0.006139929324953898,0.0025901174967886322,0.016004332897058122,-0.015312583903256167
14,Centralized,0.017689282669663978,-0.03359385575229637,0.006139929324953898,0.0025901174967886322,0.016004332897058122,-0.015312583903256167
15,0,0.0033859014843453205,0.004802252415969777,-0.0011995528860719621,0.01529399644183123,-0.02025829240667391,0.021747064135538785
15,1,0.012598899187501612,-0.017560439792237998,0.005385926137196701,0.01661652080558179,-0.02203929796645183,0.02927643626365876
15,2,0.003643219496136616,-0.018228188345209097,0.007966105655179604,0.0199688402005953,-0.01792948854264007,0.0305942646688531
15,3,0.009541755272402206,-0.019268412049950525,0.009062938106384902,0.0217561426959975,-0.01255175061621307,0.02299667673341594
15,4,0.00872045283180841,-0.01749938261326721,0.004755668721423443,0.019219033466618764,-0.020054674458596135,0.03451415831476635
15,5,0.006811542513971197,-0.017747760255119222,0.013499147245678052,0.027196512114984285,-0.01632514034346396,0.03024655177938653
15,Aggregated,0.006203580102878452,-0.009334448416455508,0.005500593100301893,0.01915018368305158,-0.019079765752237153,0.02759446390186315
15,Centralized,0.006203580102878452,-0.009334448416455508,0.005500593100301893,0.01915018368305158,-0.019079765752237153,0.02759446390186315
16,0,0.0036067302532341787,-0.005868902105120107,-0.001678703689885528,-0.0010145910642328948,-0.0038760799114313477,0.002079622857208608
16,1,0.006851591046456601,-0.02571303689811589,0.004467734038609372,0.004576443839439056,0.001105469579418873,0.009367253260860754
16,2,0.009282337260096089,-0.02387827352311685,0.0016556854171893294,0.007218089354839577,0.0022203515170592385,0.008461378502706278
16,3,0.00027713934454142656,-0.025842029645249065,0.005423191171002072,0.0036528810956575207,-0.008875627395759242,0.008264500455713725
16,4,0.007947663901607286,-0.03252260651050934,0.003539862895657595,0.011214418973988956,0.00411908377692637,0.010730487704541242
16,5,0.00403755466670491,-0.0251217211631137,0.007948046945373806,0.002503411022735941,-0.007445450002591359,0.008363038059504153
16,Aggregated,0.004509156049407291,-0.018669813527203802,0.002371244632829075,0.003997690216766079,-0.0024801925865110307,0.006813100940135216
16,Centralized,0.004509156049407291,-0.018669813527203802,0.002371244632829075,0.003997690216766079,-0.0024801925865110307,0.006813100940135216
17,0,0.007694404782845887,-0.007774896657610052,0.012185753585517463,0.008232893646826486,0.0001697240939260359,-0.013858818166286126
17,1,0.010878641437860024,-0.03729323100093465,0.016200665592489057,0.012687190935503892,0.008284714893653107,-0.009089046383636935
17,2,0.016759623364245045,-0.03947747357711377,0.014297570014745962,0.01270643664243448,0.0008996040811950752,-0.01642795321456153
17,3,0.0142623847223991,-0.02937822130592632,0.01764003983363439,0.017463660182797363,0.008615055975606231,-0.003512015518923844
17,4,0.017699153430821925,-0.0381124779734037,0.021918080900610155,0.01487221033491302,0.00458603801230656,-0.013216795399014904
17,5,0.008522306414405146,-0.038037600220087585,0.017389338535864482,0.017190052798606418,0.006485061406511214,-0.00602008886721082
17,Aggregated,0.01156360388007795,-0.026161687441296665,0.015686853669138776,0.01269612979406213,0.003533968448821369,-0.011651835658955858
17,Centralized,0.01156360388007795,-0.026161687441296665,0.015686853669138776,0.01269612979406213,0.003533968448821369,-0.011651835658955858
18,0,0.008491366517663305,-0.021543767536902743,-0.012097876285876743,0.007039454719129245,0.0020760145037412477,0.005898889688780715
18,1,0.008450090778745421,-0.050848957691233605,-0.011054445898587116,0.011099979095170057,0.010105716966126789,0.017637925793463172
18,2,0.017463671244978926,-0.05979746108534458,-0.013026724425925893,0.018837462052882555,0.009833806305198823,0.019473465239709144
18,3,0.002887215157458942,-0.05553797350480543,-0.009967332283739529,0.007955135594101041,0.011475501540292234,0.012023734972178745
18,4,0.013985717279629162,-0.062482696406112315,-0.014991858581185631,0.013275123205736285,0.009201335728024812,0.015022677618525411
18,5,0.011017609996715425,-0.06526004171779806,-0.012819056939991233,0.014709172027612512,0.009672054019171858,0.018870565018743467
18,Aggregated,0.008750603420533134,-0.04449899529609001,-0.013985324622622234,0.01057039808180632,0.007084955876687823,0.013207616968792182
18,Centralized,0.008750603420533134,-0.04449899529609001,-0.013985324622622234,0.01057039808180632,0.007084955876687823,0.013207616968792182
19,0,-0.00427712850004189,0.004057973313299585,0.0013633749707049716,-0.007419778065105219,0.008490346406458458,0.010322913804015545
19,1,0.0016704208756667049,-0.018249746575990416,0.011882180361181651,-0.004572740376896996,0.01764490370738883,0.021525220085699143
19,2,0.0017968666073415647,-0.02021081076900233,0.012457045090757318,-0.00616877892966499,0.016003613255253315,0.020632854906379797
19,3,0.011113490169531968,-0.02157483062374959,0.0043190482408554075,0.005100605443899388,0.017885838727659913,0.020726338263378698
19,4,0.006826680561246848,-0.013897137217862735,0.00839808291799082,-0.0069542849860746835,0.01967326622943178,0.024323216905575335
19,5,0.002063266710056198,-0.015389412657192124,0.010081636947321134,-5.372127057233469e-05,0.0265215309718067,0.02336312299399583
19,Aggregated,0.0021115759737622736,-0.01032012596750072,0.008090102122335975,-0.004383855805288352,0.01681593924340279,0.019450082233499307
19,Centralized,0.0021115759737622736,-0.01032012596750072,0.008090102122335975,-0.004383855805288352,0.01681593924340279,0.019450082233499307
20,0,-0.004244039414163534,0.005788429645107677,-0.005221841508808875,0.0006741603045164117,0.0033548854566512873,0.0028304444900391842
20,1,0.0023477544279337137,-0.022914546229291267,0.0037919186340238742,0.003233676330019122,0.014056430142188166,0.011041540657668297
20,2,0.0028140462921113726,-0.023156502019735292,0.0016375499514394134,0.008735804601666551,0.010635119736197506,0.01206929070110786
20,3,-0.003441782393105731,-0.020104155047630707,0.010852965446509764,0.0028246814805016644,0.006964794631076505,0.011439500984604124
20,4,-0.004592981179342523,-0.02768906096551928,0.004788553592588943,0.0013451223654917703,0.014804637661133772,0.01319941307379281
20,5,-0.0029636272163513656,-0.030401677906425596,0.0006573909145160576,0.0016461577005813706,0.010074866131597344,0.004885376261225478
20,Aggregated,-0.002961804521111035,-0.01084621716053939,0.0006225957438781363,0.0016645613919338174,0.008143304371147748,0.007184738701892387
20,Centralized,-0.002961804521111035,-0.01084621716053939,0.0006225957438781363,0.0016645613919338174,0.008143304371147748,0.007184738701892387
21,0,-0.030887741404116965,0.005268112268637103,0.0017158397788798968,-0.007180867083470243,0.013690148349331152,-0.009099127567146436
21,1,-0.03604116500104944,-0.03560165785962909,0.011695895582877085,-0.00466972208007732,0.021954093099074083,0.0014902057579134714
21,2,-0.04182893462993691,-0.03489258716802506,0.01770274423739444,-0.005638256485924426,0.031829282624763706,-0.001421398352093618
21,3,-0.03153076809523389,-0.03587376281562176,0.00817023618053089,0.002008267904481305,0.024043238301286435,0.00137750436183876
21,4,-0.03542665812002029,-0.035088785239466465,0.013689130291187315,-0.001350715516530239,0.02625798177052086,0.0017254341925522529
21,5,-0.03869603395844101,-0.037377628402028476,0.011443933837935101,0.004865833447494635,0.03362217514266867,0.0035211150211800486
21,Aggregated,-0.03892982892252778,-0.012730297268471372,0.007389142960635911,-0.0050881404797512055,0.02222710783387525,-0.004074577279569278
21,Centralized,-0.03892982892252778,-0.012730297268471372,0.007389142960635911,-0.0050881404797512055,0.02222710783387525,-0.004074577279569278
22,0,0.01055432298502213,0.018758361188612523,0.00045000308702831764,0.00891835456694144,-0.023541720982435916,0.0023579173635134027
22,1,0.01884911283331595,-0.0336626592684245,0.013825193843909029,0.021277383083608655,-0.01265015252220892,0.0192041961835549
22,2,0.02816792840380135,-0.03578202158093418,0.00930524658784864,0.02331111854937547,-0.020415445937247572,0.021542117010714335
22,3,0.02258941718676579,-0.03497754099194674,0.012483151493500147,0.01550511930943773,-0.010880644624981254,0.018464918772239287
22,4,0.022582278956617942,-0.034880897786768686,0.010615169329511114,0.01620396819250796,-0.01977078005557131,0.021247707156527844
22,5,0.023061866701486546,-0.03528335805134339,0.01599388779952474,0.02820708380547041,-0.01106815444668242,0.020110725227858527
22,Aggregated,0.016830964213330732,-0.0021266615895684073,0.005809447947116636,0.014803255636277206,-0.02249464411501238,0.01229973008843616
22,Centralized,0.016830964213330732,-0.0021266615895684073,0.005809447947116636,0.014803255636277206,-0.02249464411501238,0.01229973008843616
23,0,-0.0006675431748596148,0.030934787813101477,0.005388732726611974,-0.007853834601144681,-0.024403800950318848,-0.01710492571216923
23,1,0.006698871483672272,-0.00910862387908728,0.014620577539644857,-0.008337197010461653,-0.015608204455330376,-0.006831433613234349
23,2,0.009271120822027166,-0.0016789444499715354,0.012136514251117513,-0.012816516392501026,-0.02650851632518042,-0.01431610004761139
23,3,0.008466219949288681,-0.013129956073106946,0.012947496952494197,-0.005869064938667848,-0.016997937102320993,-0.006631682284476494
23,4,0.009895326433339196,-0.0035620978715014072,0.015576356149628988,-0.009662510444288534,-0.022425320592611347,-0.00861352213516224
23,5,0.006062326051796258,-0.00820290695368402,0.012971184154989053,-0.009636526642022778,-0.027017612264597136,-0.01464752491153912
23,Aggregated,0.003446644545788575,0.017444575547854294,0.009249751159545547,-0.012219832153916817,-0.026629907708220844,-0.015782963921841184
23,Centralized,0.003446644545788575,0.017444575547854294,0.009249751159545547,-0.012219832153916817,-0.026629907708220844,-0.015782963921841184
24,0,0.0009005268017857075,0.030588861373472914,0.013239481215737377,0.01056902424679103,-0.028631684502766035,0.0024670632627775036
24,1,0.0054037382440519045,-0.01021399581943666,0.022539514800074528,0.017980279166246928,-0.020607638337928648,0.017661715606150524
24,2,0.01176592002310419,-0.011397712132568438,0.024634647345218735,0.023943407004275205,-0.018832204403670776,0.01794269047573921
24,3,0.0018848944400686322,-0.010799064772896102,0.029391719131062886,0.021195643007363162,-0.0320760365681673,0.02199897323214713
24,4,0.004905758468686788,-0.0028907104446333643,0.02493219638123168,0.022544206118216302,-0.025972306421686495,0.0217562045387693
24,5,0.002372091176703433,-0.014123131719212463,0.029906700904524693,0.020659182984323312,-0.018941534681023383,0.020073910259277506
24,Aggregated,0.0017071669640638999,0.01606686388575076,0.020589941570356367,0.015609249639430316,-0.028025804691594047,0.012137976358897613
24,Centralized,0.0017071669640638999,0.01606686388575076,0.020589941570356367,0.015609249639430316,-0.028025804691594047,0.012137976358897613
25,0,-0.0003903109712249189,0.018622110708772465,0.0020770949707515783,-0.002042027865256661,-0.004379508380675665,-0.009195681598262485
25,1,0.009704321103927507,-0.025280544782984284,0.006537448737409564,0.006461030886267273,0.0068954613120314505,-0.002357603279769452
25,2,0.008167311670052876,-0.02558086259298834,0.009100814796679124,0.010489467343111649,0.005583648637272147,0.0026185600860515346
25,3,0.010097556189705545,-0.02278399382778949,0.006025047927375428,0.00846869699217132,0.007656338300376433,-0.001145702063818706
25,4,0.01013399202743011,-0.02115276947433984,0.006065705031658417,0.009685668995661322,0.007377049812468058,-0.003955766276148356
25,5,0.00627753484489627,-0.027029665927985894,0.011337037463937185,0.005286624321797279,0.007480435939396752,0.003045236721692899
25,Aggregated,0.0035707438588075567,0.002975852452035367,0.0033429618610524158,0.0022311776025738896,0.0008220133537773387,-0.006338280448941805
25,Centralized,0.0035707438588075567,0.002975852452035367,0.0033429618610524158,0.0022311776025738896,0.0008220133537773387,-0.006338280448941805
26,0,0.0035610032178990726,0.0014481393594850975,-0.004569732288521758,-0.003500846074817153,0.0018029733714092918,-0.001761328825632278
26,1,0.006797540117373145,-0.043580812324615574,0.003896422994968434,0.010096405862986137,0.011105256908696268,0.007715688911146055
26,2,0.011004992795797247,-0.051688776045900976,-0.004438678459466279,0.004182540399622543,0.010473475376132208,0.006422404899387528
26,3,0.009357908058171271,-0.04483141104000442,0.001231326038454869,0.003538703589903252,0.009915480023957396,0.006433655663286151
26,4,0.008996663085474373,-0.0504851520162734,0.0033086972410847387,0.003118444345653848,0.006541491367973805,0.004248939065525539
26,5,0.009274053571781654,-0.046254792702876406,0.00300936627741683,0.009320703291719025,0.01347506643271655,0.009454876622191053
26,Aggregated,0.003887452963999512,-0.016861436373481923,-0.004036319651967794,0.0002543896433899659,0.00410553638748479,0.0005333941705163006
26,Centralized,0.003887452963999512,-0.016861436373481923,-0.004036319651967794,0.0002543896433899659,0.00410553638748479,0.0005333941705163006
27,0,0.003627795600265676,0.020348596477883337,0.011711746777387661,-0.019202907350411882,-0.0327347349768117,-0.024470876698074642
27,1,0.01620547544302324,-0.02238315721380169,0.02268369445057806,-0.007683711511370031,-0.027745081539187345,-0.016557252253112713
27,2,0.02135356047671858,-0.017282577372729868,0.02956669671447476,-0.011890164750746576,-0.035793483503270176,-0.02003745353034062
27,3,0.01566915352475412,-0.019621142214961883,0.023325996533327932,-0.007253846918962943,-0.026421656358063556,-0.0134642226301731
27,4,0.021686662392100414,-0.016308201790816743,0.02892256134669864,-0.009160949011817455,-0.03346682576982966,-0.018932734083972134
27,5,0.01524823828722228,-0.027705863025296183,0.030262871256298958,-0.01096203597091743,-0.031456315931693936,-0.017720107485625584
27,Aggregated,0.012502618066879065,0.0051353850398714925,0.021507686719680515,-0.01511526011441575,-0.03591906622650428,-0.022685200821723234
27,Centralized,0.012502618066879065,0.0051353850398714925,0.021507686719680515,-0.01511526011441575,-0.03591906622650428,-0.022685200821723234
28,0,-0.005817108214013437,0.030742258409171313,-0.0261101994644294,0.014982228450454153,0.019393774293277707,-0.020664105724052122
28,1,-0.0030872826014480183,-0.006165008690021848,-0.026702798719259634,0.02599011979414107,0.03386403869647169,-0.014618683548044065
28,2,-0.0039523933084361735,-0.004021575676549035,-0.030648449752027303,0.030796823849374055,0.04386801923903384,-0.016782118178506285
28,3,0.003724118188366691,-0.014744670975130613,-0.019137387955806297,0.024722352096022842,0.025364138812603305,-0.008830660755763352
28,4,0.0005492371231529051,-0.005620001106328505,-0.028269403995700135,0.031609567654589873,0.03477702734021024,-0.015106357011024791
28,5,-0.0031887500635805564,-0.01265846016538051,-0.024740205448105457,0.03134039888155667,0.03609778388866161,-0.011734552492769966
28,Aggregated,-0.006005490077404661,0.017352641135659045,-0.02966710592593889,0.02245695318932737,0.028753717671471855,-0.018751519332796132
28,Centralized,-0.006005490077404661,0.017352641135659045,-0.02966710592593889,0.02245695318932737,0.028753717671471855,-0.018751519332796132
29,0,0.0005377146699343472,0.027725191480336288,0.008698916054197082,0.00803489254937415,0.0004879077831905107,-0.021723278716011263
29,1,0.009889741216385911,-0.021259151750331693,0.01822371259789835,0.013870780223143107,0.013974389259510158,-0.010721519992504498
29,2,0.01090006185854217,-0.017066924767111875,0.016690688554970343,0.019171124620035368,0.01201933214964181,-0.012820999614540517
29,3,0.00657816346345754,-0.02696228857933007,0.017101512955495158,0.014735483438765162,0.006985817307321642,-0.024202582912435818
29,4,0.0009702154788898459,-0.019781902377228128,0.01654936262492057,0.013006556251557045,0.013597277126693228,-0.024831063861714516
29,5,0.00852518932140228,-0.02270202494767916,0.017391950174409927,0.016116706919840355,0.011190978915736772,-0.011137402976791286
29,Aggregated,0.003147886440888398,0.00682157088866455,0.012140653720260278,0.009717339270000349,0.0048623691962171745,-0.020954930646334767
29,Centralized,0.003147886440888398,0.00682157088866455,0.012140653720260278,0.009717339270000349,0.0048623691962171745,-0.020954930646334767
30,0,0.0002858320178644162,0.018383513639367282,-0.005627303393165034,0.0026305717249733695,-0.0005414830197844807,0.00011149367762604649
30,1,0.006179745779836685,-0.028310244709109724,0.003346226009270503,0.01272435534745217,0.00924122253411653,0.009178845813549203
30,2,0.012106879841106232,-0.0312915236573361,0.004624079922290938,0.009202507846028853,0.013487602112658524,0.010298395755309914
30,3,0.01541262974573292,-0.027797089024103765,0.0046612531839217465,0.01722663983979016,0.014540457207078064,0.012728894617371716
30,4,0.014698985401874712,-0.027628791335122246,0.007315871269322469,0.01174232579096911,0.011040175176269257,0.012708370700302554
30,5,0.007861013589374981,-0.03199968636451361,0.0030920962764775352,0.011245050687901046,0.008919130981893286,0.008710726834498276
30,Aggregated,0.004974920408641422,0.0024622395602953906,-0.0014472017115209697,0.00552145557361228,0.00433751292675938,0.00362375046278838
30,Centralized,0.004974920408641422,0.0024622395602953906,-0.0014472017115209697,0.00552145557361228,0.00433751292675938,0.00362375046278838
31,0,0.013555735716888522,0.0179833116276094,-0.03749206269736768,-0.017960864694952637,-0.010802629028245605,-0.003555683244851319
31,1,0.02741876671052177,-0.03209513789498984,-0.039493132924523486,-0.0035465363368427415,0.004000478014427595,0.011339303152959281
31,2,0.032881150943364475,-0.04504411701076558,-0.04291604050551899,-0.015162061356281223,0.003089805167966528,0.01147826009629882
31,3,0.02244428760534144,-0.0422291659248963,-0.02445722811287703,-0.0028041445755309525,0.0009370634292872191,0.008442529916114272
31,4,0.026646907787188638,-0.033829941963428076,-0.0373159032220342,-0.007330722700474077,0.007006046259878289,0.013492531120281924
31,5,0.024780364875031487,-0.039300345075482156,-0.03805128798798937,-0.00021409796374584282,0.005028808806079136,0.011780047479779072
31,Aggregated,0.02009839807622254,-0.0036834301338533578,-0.04147340409376797,-0.013407977749957464,-0.003536510519184311,0.003269949258498222
31,Centralized,0.02009839807622254,-0.0036834301338533578,-0.04147340409376797,-0.013407977749957464,-0.003536510519184311,0.003269949258498222
32,0,-0.024381057854555393,0.03311281023029363,0.011259989165663922,-0.005479620318008388,-0.001063368872863958,-0.011817680933636351
32,1,-0.025489236949152044,-0.024543510601444836,0.02718968341861001,0.007486657319953633,0.01805121306008271,0.004150608888512034
32,2,-0.02163301238467753,-0.02481306928959933,0.03385152707282293,0.011836451983579183,0.020179256649632646,0.0004784606715376314
32,3,-0.00911137207329516,-0.02661469841250714,0.02398360775653191,0.0051685205344347744,0.008483636723964821,0.0048254337946278085
32,4,-0.02357168117520577,-0.023527437644575173,0.02694340949159955,0.008290574897851767,0.01875331621457029,0.0016643297120678769
32,5,-0.020446561135318876,-0.027162905097348426,0.028096668969413877,0.00933171664953391,0.012178447135140992,0.004727976021553034
32,Aggregated,-0.025771026840453567,0.014085010618962166,0.01967259217511511,-0.0006934969363919,0.0069138799287690785,-0.005776311505037484
32,Centralized,-0.025771026840453567,0.014085010618962166,0.01967259217511511,-0.0006934969363919,0.0069138799287690785,-0.005776311505037484
33,0,-0.001237989736348181,0.05120254056249794,-0.0032393981999950137,0.0010382626593558055,-0.010900783885146762,-0.001063700969610955
33,1,-0.003319941404415235,-0.01428648366007444,0.010286833644001653,0.01149227468503609,0.007229761295421101,0.013764281303965233
33,2,0.0005250224242939559,-0.008073448189378128,0.004770483555823835,0.014555794404922572,-0.004578687829348164,0.012148243146041543
33,3,-0.0009532272118896099,-0.01234916667187545,0.0028187802750376505,0.011486501642080106,0.01037650944931065,0.011119079361772652
33,4,-0.004837211641495139,-0.012292284520250673,0.010854769330765117,0.011540062569588902,-0.0008100205314080905,0.012653145266080683
33,5,0.0005322456801034532,-0.010611383344902178,0.008103603764878344,0.014234797546061297,0.0004406201717310962,0.01284804246368358
33,Aggregated,-0.006175484948559001,0.027906129108066984,0.0009282392396028756,0.004314812233796037,-0.006220424202101271,0.003609537708200022
33,Centralized,-0.006175484948559001,0.027906129108066984,0.0009282392396028756,0.004314812233796037,-0.006220424202101271,0.003609537708200022
34,0,-0.006921589517760481,0.06166788801160085,-0.023814116352234106,-0.004222860321181521,-0.021349900750009004,-0.007809589541687899
34,1,0.013623419692637334,-0.010246152080037287,-0.016210132539567598,0.010205016779394947,-0.007465213729286076,0.00223634688358545
34,2,0.01235761374644623,-0.006747426522422425,-0.015275132989552883,0.017351722830778286,-0.00507531614367981,0.009701199022734691
34,3,0.018792398448099906,-0.0056218776855859074,-0.01905364900102347,0.014399595414252116,-0.007749175048076679,-0.00235066138822667
34,4,0.02075087071727929,-0.005579219189047634,-0.021812898605086818,0.009225686751772294,-0.007813708760734724,0.0034566976329814584
34,5,0.01633496984596112,-0.00683212001114466,-0.015555259298664737,0.0190744767821993,-0.003835942589158414,0.0003667795696475515
34,Aggregated,0.003119762618545669,0.043880359671901015,-0.02399527931164911,0.0025815949971063476,-0.0163213885783723,-0.0076106441039650065
34,Centralized,0.003119762618545669,0.043880359671901015,-0.02399527931164911,0.0025815949971063476,-0.0163213885783723,-0.0076106441039650065
35,0,-0.005257255712882146,0.0660051929637015,0.0006803820587912784,-0.017782706219053458,-0.042865354199171576,-0.018339483363482244
35,1,0.014141418533128943,-0.008543775268766743,0.017191630605990334,0.0009402572070932443,-0.018233060122561304,-0.0009357100587143363
35,2,0.013570966450206081,-0.004258412825316265,0.018234028095574267,-0.0006733716356576735,-0.03323842380096994,-0.005590146498889235
35,3,0.010506710617341979,-0.01472089938905068,0.012390913252558092,-0.0015072230432947279,-0.018570385352564327,-0.0024054424667400596
35,4,0.012542805545283198,-0.009662524334465518,0.015258369175421076,-0.00043826572179815154,-0.022819228621119434,0.002380451873423851
35,5,0.011680755242061762,-0.00820501537718804,0.015929919411361137,-0.0009247394406599176,-0.024408377742747546,-0.003496424583319918
35,Aggregated,0.002006455301050356,0.04232348685805534,0.006945037835597286,-0.012274757180698974,-0.034637310098619964,-0.013124567748956931
35,Centralized,0.002006455301050356,0.04232348685805534,0.006945037835597286,-0.012274757180698974,-0.034637310098619964,-0.013124567748956931
36,0,-0.005824147410547594,0.056457411225728935,-0.02120363165318179,-0.028698566698396228,0.00018116942522267035,-0.009127621752162933
36,1,0.008884766930353456,-0.02263500146396829,-0.009656861243675206,-0.017073989820245637,0.015679314844309067,0.012209731826798834
36,2,0.0097455606456202,-0.025991286043346187,-0.013938693497776924,-0.02394829947436416,0.026068500035483045,0.015319047577278339
36,3,0.007479192938369832,-0.017819795934904,-0.004573536529247294,-0.010265502562691816,0.014998776719354082,0.007982376989307148
36,4,0.010320453642628243,-0.023083786060821638,-0.009244960722357703,-0.019115480555347637,0.01729409173243202,0.011370846460815024
36,5,0.007727234546986828,-0.022369348677228028,-0.009391126019226542,-0.01813210473236689,0.01782719446445921,0.009586658950402654
36,Aggregated,-0.0025270421939105805,0.038456793511503114,-0.020717595936324325,-0.03062196111430769,0.0067662586298613365,-0.0021678484172093873
36,Centralized,-0.0025270421939105805,0.038456793511503114,-0.020717595936324325,-0.03062196111430769,0.0067662586298613365,-0.0021678484172093873
37,0,-0.007025286679812702,0.07820530635267584,-0.009479103305877324,-0.01137660178439208,-0.010626621371615299,-0.013263412329276992
37,1,0.007248753056044751,-0.012210278892281516,-0.001315246720076225,0.0008100413349758233,0.004244242263388885,0.007415396536965844
37,2,0.010878700455035936,-0.007683683432400016,0.0059934440061757905,0.00743709738117636,0.010841330690616855,0.0032638597660507185
37,3,0.010925646025698085,-0.014724662076141239,0.0035246254155679797,0.007105020118202035,0.01047729239122423,0.0029300876408027156
37,4,0.00888960679111336,-0.011712281430539257,-0.0009209760037109956,-0.0008184688737701525,0.005535543448206421,0.012083988662273117
37,5,0.010146963168936424,-0.013171434919362282,0.0076349116529162665,0.006927832633949042,0.010492111537118296,0.001800003345112838
37,Aggregated,-0.002920271879954931,0.05369070880490547,-0.005772786782281007,-0.008716346723671095,-0.004808709819659338,-0.010959829796784688
37,Centralized,-0.002920271879954931,0.05369070880490547,-0.005772786782281007,-0.008716346723671095,-0.004808709819659338,-0.010959829796784688
38,0,-0.014151741902545272,0.0944773469880397,-0.010598392079983556,-0.01904181316005958,-0.029804983780468506,-0.019413227340863554
38,1,0.004351761925980763,-0.004956410682122521,0.0038278080876407963,0.008826341226788508,0.0013357019502034829,0.005386181297568905
38,2,0.003389900042163641,-0.004449790467590573,0.0007056329076587502,-0.002408142349076661,-0.005971002322637213,0.0006523979472071716
38,3,0.005635375285962264,-0.007360100227198665,0.004505205802485146,0.0012966763527220168,-0.003862786966531778,0.0044138768150849645
38,4,0.0035886674555093857,-0.0051381249687619335,0.003880216194454068,0.0007836856617763954,0.00030012459083084695,0.001969053543268923
38,5,0.004356864820881203,-0.009239531374886357,0.0028680300050676144,0.00261748670316535,-0.0032022199709338442,0.0032099894060289074
38,Aggregated,-0.008257336543718992,0.06945420591317973,-0.00720671597822102,-0.014416232119708782,-0.02158625640567405,-0.01420167325549722
38,Centralized,-0.008257336543718992,0.06945420591317973,-0.00720671597822102,-0.014416232119708782,-0.02158625640567405,-0.01420167325549722
39,0,-0.04226069602067142,0.08347362012911404,-0.009354306586555885,-0.010942689776231723,-0.006318430741468487,-0.05591248611869423
39,1,-0.03612629310474892,-0.01381054057019622,0.011936613349582811,0.020192998653662423,0.022246894336056394,-0.03864079304927956
39,2,-0.038059719120718684,-0.026081989089642873,0.013203529436481566,0.014670774357894148,0.022108428287835814,-0.04310269127739032
39,3,-0.02299625058353691,-0.018568384824211824,0.01002100345150018,0.011051364880841888,0.012915247814058652,-0.026062441190060504
39,4,-0.02963281192645546,-0.017990826992263675,0.015310806077917552,0.01249365853672665,0.01705437980130897,-0.03782547714926082
39,5,-0.031912565193998405,-0.018285066703350204,0.011638483227846401,0.015969570045831057,0.019750850243845697,-0.03252240053767335
39,Aggregated,-0.04503618761454945,0.06396974175780105,-0.002058377717769426,-0.0024899072426109196,0.0009208593732222899,-0.05589144839010882
39,Centralized,-0.04503618761454945,0.06396974175780105,-0.002058377717769426,-0.0024899072426109196,0.0009208593732222899,-0.05589144839010882
40,0,0.006096488382535677,0.10952080911636651,-0.034408610378325065,-0.0082617629343059,-0.015973578811589305,-0.0168125364381861
40,1,0.008846617825287601,0.0014133287225920814,-0.013645359238313368,0.0087534935113227,0.0077474438977442935,0.00617572904804766
40,2,0.029256106692437955,-0.00034083313292160116,-0.014283525843301583,0.011374406759243786,0.013439287837464679,0.01412076414396956
40,3,0.017064290260472313,-0.00460236118914736,-0.009187979528007225,0.006497031014443232,0.005039905269428034,0.004221389887728057
40,4,0.018189841111100218,-0.0007679172869632495,-0.009376712049913508,0.012654124230591922,0.010244810058909608,0.011985435009298093
40,5,0.018224085780301484,-0.0037249818359814113,-0.012327852009802891,0.0072528231038653385,0.005732553832424545,0.005722299889225988
40,Aggregated,0.006910458543312522,0.08893858977841215,-0.026959654367010113,-0.006014325545145516,-0.010141502082836448,-0.009607895859362612
40,Centralized,0.006910458543312522,0.08893858977841215,-0.026959654367010113,-0.006014325545145516,-0.010141502082836448,-0.009607895859362612
41,0,-0.006788348518837438,0.11591532846200274,-0.029862283183072266,-0.021702231407576617,-0.014735430566253784,-0.012533684458119549
41,1,0.007596696434146175,-0.007244154490345255,-0.021092023337270224,0.010937413668562965,0.010410260479697224,0.005724845267890514
41,2,0.008725519654444241,-0.0007765639600903058,-0.015470419783576356,0.0037005198725233667,0.005974010565676755,0.003836805079431231
41,3,0.012263539479051308,-0.005737542413719336,-0.0185525154373393,0.0030123890536679315,0.008750091413642764,0.005861739192733663
41,4,0.004688766910914581,-0.010143388750685055,-0.026835889602699857,0.005319374811026529,0.006016192833558602,0.004521353269399909
41,5,0.009930952008785356,0.0007406280212601692,-0.010893911982698491,0.0019513441421762114,0.008452904117599858,0.004298398647217123
41,Aggregated,-0.004754037226928619,0.09146341108996771,-0.03104269897875628,-0.014536088060339708,-0.010670981422680014,-0.012821723802278001
41,Centralized,-0.004754037226928619,0.09146341108996771,-0.03104269897875628,-0.014536088060339708,-0.010670981422680014,-0.012821723802278001
42,0,-0.01696839195033612,0.10743124790297334,-0.037602598213127544,-0.012863384345417051,-0.017058968306384394,-0.02249955490431949
42,1,0.002170415742793962,-0.002462963385258698,-0.011858712669763172,0.006392915931038538,0.004553093547136936,-0.0011217188247166566
42,2,0.006155104385818127,-0.011508800413952702,-0.016972372142685464,0.010660993560928315,0.010165200405566897,0.0035659078995203862
42,3,0.001974498219722041,-0.010794469943268303,-0.009828001831192047,0.01401758916476849,0.009512764915973698,-0.004710891897141686
42,4,0.010156618203121418,-0.002623530470810798,-0.0032638503222505396,0.005552424091781189,0.005281844071612156,0.007524504044386832
42,5,0.0016110039466988165,-0.014322223669482435,-0.01441584227979212,0.01196092047818236,0.009213028370111205,-0.004623767179750796
42,Aggregated,-0.01493411604292051,0.08888259033901094,-0.03060533541046377,-0.008778300676969629,-0.012786874439116367,-0.023114556137081414
42,Centralized,-0.01493411604292051,0.08888259033901094,-0.03060533541046377,-0.008778300676969629,-0.012786874439116367,-0.023114556137081414
43,0,-0.01438758869726407,0.12763783869053016,-0.011749619548783497,-0.049315380964278024,-0.03979733649591536,-0.019911161168061388
43,1,0.006610077553172897,0.006782060234832115,0.009548626511171237,-0.025928474057632576,-0.010663964389444407,0.0035220349829683585
43,2,0.011280960594225068,0.010427181769086023,0.011232377387755383,-0.04248221786994035,-0.023847166348218388,0.005642961004545898
43,3,0.007333519550031799,0.0020665642309327607,0.006709906044956503,-0.02061440590337005,-0.008818158050907224,0.0012587478925424776
43,4,0.013466578907165433,0.004553512855159882,0.012752080399807427,-0.03759722880406077,-0.016677096268413422,0.004793655769428298
43,5,0.0071766465215176295,0.0041441554511898425,0.010303564450241172,-0.025127663567830118,-0.009741446023947773,0.0012380928522833824
43,Aggregated,-0.006713974955996809,0.1054257783329161,-0.005826504844092157,-0.04664485068607733,-0.03361835664382236,-0.015129771429265854
43,Centralized,-0.006713974955996809,0.1054257783329161,-0.005826504844092157,-0.04664485068607733,-0.03361835664382236,-0.015129771429265854
44,0,-0.016898369621495306,0.12847322384899304,-0.013076755991565044,-0.013262241319394739,-0.01619473512523375,-0.022814072480141404
44,1,0.0027823044390050122,0.004015857139062594,0.001450381894603278,0.0072807158248702625,0.007826500335080823,0.0016236944112780658
44,2,-0.00012583743464344432,0.003931784680813554,0.004946931872756835,0.00929541755656422,0.007649669691001638,-0.0019551481900614708
44,3,0.0014813633628948232,0.00023871376863684118,0.004049418070821316,0.008455785158652031,0.006076031357132379,-0.0036982523243090557
44,4,0.0067524013100682114,-0.001155118588108552,-0.005658983922011211,-0.0019592434290343582,0.002196678400009191,0.0040805180811588695
44,5,-0.00087542628379913,-0.0007458519300566198,0.0067630185309993105,0.007632864810660051,0.006888607121876567,-0.005387960348777458
44,Aggregated,-0.01576974579356367,0.11028380977336284,-0.01210605922046866,-0.010478196744896235,-0.012716261733866406,-0.020962875416413295
44,Centralized,-0.01576974579356367,0.11028380977336284,-0.01210605922046866,-0.010478196744896235,-0.012716261733866406,-0.020962875416413295
45,0,-0.027669766858015126,0.14085869147406413,-0.02070561821834567,-0.01660372760553737,-0.028334577520368418,-0.027098918488268658
45,1,-0.013394231582712078,0.003300142800995017,-0.001410162809507921,0.004576014952085159,0.0028852973371651836,-0.0052147428480878565
45,2,-0.006097223872625939,0.00777801207830993,-0.003869166776915289,0.0072862761293544225,-0.0032831994582443545,0.00387026960235401
45,3,-0.0054531695276928424,0.0013246020299355313,-0.0051722708580947616,0.009881297426732357,0.0036569510536499867,-0.007125403666289725
45,4,-0.01648186827027365,0.005371734322355122,0.00439048650409465,0.0037616716110212235,0.006322470339999737,-0.0008248439244890955
45,5,-0.0066927068648479715,0.005311113170768831,-0.00647237938925416,0.012573103371605018,7.528372354395352e-05,-0.0053887892007506094
45,Aggregated,-0.027871558745952013,0.1190840684013058,-0.01916578463899732,-0.01088433138816935,-0.020253349730238505,-0.026165547467432552
45,Centralized,-0.027871558745952013,0.1190840684013058,-0.01916578463899732,-0.01088433138816935,-0.020253349730238505,-0.026165547467432552
46,0,-0.028852809229051434,0.14814297206356603,-0.022745051692361178,-0.025957232845941036,-0.030478636180685834,-0.02682389257354686
46,1,-0.005048096389715542,0.003963071016481067,-0.008564177476386893,0.006392550403234028,0.004925773858795074,0.0036502814005160054
46,2,-0.0053165325110280034,0.0004674755892677222,0.0010092885456474702,-0.003631072490981772,0.0009947326554343707,0.006457099300248039
46,3,-0.002096905287866909,0.0002383320128577979,-0.0010040911668937759,0.0012952871941113683,0.0013334370996937362,0.007254893606304173
46,4,-0.007417788274297942,-6.361708282268428e-05,-0.005097681226261193,0.0034170583328385676,0.0008756275365192177,0.0018385440407248568
46,5,0.002140498006777773,0.0008924990982891845,-0.0024919659286191938,0.001990238656488833,0.003789520603452238,0.006761182390614231
46,Aggregated,-0.024500949269487367,0.12388695918514035,-0.02307680992495478,-0.019047364875466984,-0.02178280260956089,-0.019014130090329776
46,Centralized,-0.024500949269487367,0.12388695918514035,-0.02307680992495478,-0.019047364875466984,-0.02178280260956089,-0.019014130090329776
47,0,-0.04107979351829547,0.15674559997840476,-0.03335654032095625,-0.02020545980442528,-0.021668211994507688,-0.023085385932205327
47,1,-0.017976035703707583,-0.00022894756661504534,-0.010478294222357715,0.008894619819056045,0.010121798070946115,0.0009477669816346497
47,2,-0.022885255392355842,0.0001781961061015506,-0.02460441947072302,0.006714311631722456,0.018659987392641336,0.0038151487279937247
47,3,-0.010525483286324015,-0.005127321459071426,-0.009158926140154316,0.0025093321048768437,0.008161483639293475,-0.00033857120943944807
47,4,-0.009421842611553351,-0.0003166487037221222,-0.009932086277369205,0.007272053458782901,0.01123350770862737,0.008825843484729182
47,5,-0.017682177457309784,-0.005300994022006233,-0.016097964951338868,0.001034985302735952,0.006767391970183794,9.454654889425812e-05
47,Aggregated,-0.03465206585194711,0.1286507355008541,-0.029036368098336107,-0.012815535822581037,-0.013157914286596609,-0.01953732594996048
47,Centralized,-0.03465206585194711,0.1286507355008541,-0.029036368098336107,-0.012815535822581037,-0.013157914286596609,-0.01953732594996048
48,0,-0.0274306283839355,0.1334433557919888,-0.013829470198741065,-0.03139434937157338,-0.041612091259129264,-0.025856313317450627
48,1,0.0015059227296179293,-0.008189286287553497,0.0020136316548712376,0.0026232768493900122,-0.0035574154877719114,0.001410983356764824
48,2,0.013797219448980177,-0.01494849992311603,0.008763526909129665,0.005696324821423822,-0.005685241155130912,0.01075669121511216
48,3,0.012609402953951002,-0.012666649011702896,0.0048991294864126666,0.0011014172312514632,-0.002524054557268832,0.006484377339061075
48,4,0.004111893957423085,-0.0035657276799288423,0.004117878093956534,0.005748402753585432,-0.0025419017885319455,0.004760293126084448
48,5,0.012190494405273977,-0.014037301366445572,0.00633968194780739,0.0008652774330190867,-0.003012721005264859,0.008362601270344543
48,Aggregated,-0.02448261823497941,0.11066763671761497,-0.015520877913181498,-0.022354852294171574,-0.033437081924958034,-0.025507276273088127
48,Centralized,-0.02448261823497941,0.11066763671761497,-0.015520877913181498,-0.022354852294171574,-0.033437081924958034,-0.025507276273088127
49,0,-0.045341005511072306,0.1374662085165358,-0.017393740638687847,-0.017679250563423215,-0.024871396406771534,-0.036789716644881267
49,1,-0.0031706560694094994,-0.0016098645584414388,0.003864365474550371,0.00599421348138697,0.006426935559930418,0.001687099018635436
49,2,-0.01160335004625147,-0.004853096666926194,-0.0004979479414861525,0.007896899700631758,0.01055203151636136,-0.001490381721788405
49,3,-0.005382104382403732,-0.00759617047066497,0.001627315545643974,0.0058884987947225055,0.007517545405448484,0.0010111087285078531
49,4,-0.0038833217403028628,-0.007980624511014115,0.0018082466215863088,-0.0012455365815959353,0.0005001144830577392,0.004264762303367466
49,5,-0.00799599618792445,-0.0029024198000542544,0.004386888435283009,0.00807451278056326,0.009356742429057093,-0.0005068892252025522
49,Aggregated,-0.03468012133207619,0.11520778706786317,-0.012140884441041784,-0.01790207946547972,-0.019594768502586592,-0.03017600985306807
49,Centralized,-0.03468012133207619,0.11520778706786317,-0.012140884441041784,-0.01790207946547972,-0.019594768502586592,-0.03017600985306807
50,0,-0.014329194321912181,0.1440289261929927,-0.010593129571735896,-0.03457204246035953,-0.03516011350057151,-0.037856459177484994
50,1,-0.003392245412123619,-0.000684798654262897,-0.0007332571375555159,0.0029880959745640793,-0.0036924376649787477,-0.007815468854617678
50,2,0.011203971152509226,-0.0012854528288898084,0.0073491488649393664,-0.003900965523988699,-0.01106497720166343,-0.012932010710372548
50,3,0.004802134050007512,-0.005460958492144287,0.002853140243463971,-0.007640905641305815,-0.005468067027960487,-0.004544497324893282
50,4,-0.00019504178510926045,0.0010694458698989313,0.0027375943361622333,-0.0019572480789977094,-0.0026682566910067192,-0.004614884201340374
50,5,0.008738718792349052,-0.007394333322477426,0.002962498610852682,-0.005400233284409074,-0.004697928473305006,-0.005111831566837433
50,Aggregated,-0.01774633708040871,0.11991363975862177,-0.011015276007872958,-0.025113557085017897,-0.02924634768346888,-0.033195916698549856
50,Centralized,-0.01774633708040871,0.11991363975862177,-0.011015276007872958,-0.025113557085017897,-0.02924634768346888,-0.033195916698549856
