Round,Evaluator,2,0,4,3,5,1
0,0,,,,,,
0,1,,,,,,
0,2,,,,,,
0,3,,,,,,
0,4,,,,,,
0,5,,,,,,
0,Aggregated,,,,,,
0,Centralized,,,,,,
1,0,0.0800577754479216,0.032151369287461415,0.08188495238347532,0.0460089863048671,0.04431930944445786,0.059463439815547026
1,1,0.07320284548865093,0.010895553592217494,0.08946186956917214,0.07195182580796207,0.06441809089811747,0.08685784975272721
1,2,0.07886923971151917,0.018869986869281277,0.08586228787915247,0.09903363916659277,0.0847412720898393,0.08790120214251299
1,3,0.08453317207991799,0.016633528869219726,0.0860587112604262,0.07512915018706778,0.06478867845482227,0.07953197193504402
1,4,0.0852934452402931,0.02748686094395866,0.08381503739130125,0.07221205968469535,0.0547873965358986,0.0785667267527364
1,5,0.09668662811811328,0.01965219503370838,0.08537189666981598,0.09285122161786594,0.07850793979505656,0.08051631944972551
1,Aggregated,0.08228405200231166,0.020803047901125787,0.08491129439265603,0.07513327398772493,0.06447538186863493,0.07802430351465048
1,Centralized,0.08228405200231166,0.020803047901125787,0.08491129439265603,0.07513327398772493,0.06447538186863493,0.07802430351465048
2,0,0.03293758728933703,0.09293880111640972,0.024542621338332488,-0.016758042657300895,-0.00976844222894152,-0.0047976063476850225
2,1,0.030640759767624877,0.04886519769078094,0.029290185116638875,-0.03114274254889691,-0.00913864743152357,0.009135785250441583
2,2,0.018218986756565265,0.07750636066889707,0.016194603501141762,-0.03446958972646247,-0.016536603440131314,-0.023538916950801566
2,3,0.03942006305045844,0.06091318205998581,0.02692479941742795,-0.02058055966770859,-0.01117661464292534,0.018673952117129525
2,4,0.04581349181591164,0.08646542399973203,0.02249221647665631,-0.032508815911809874,-0.025977058563246933,0.011401975114192352
2,5,0.04082808119085301,0.07030573280579085,0.04056837690274699,-0.031142627327806545,-0.009202316923258682,0.004178733092152927
2,Aggregated,0.03447987969444222,0.07261902897614853,0.026682011788452534,-0.027481515312182316,-0.013406109520359368,0.002377057223193874
2,Centralized,0.03447987969444222,0.07261902897614853,0.026682011788452534,-0.027481515312182316,-0.013406109520359368,0.002377057223193874
3,0,0.016349863569606434,0.018442212181217138,0.010482926115587961,0.030071265913313074,-0.005184301796946506,0.011017392790335628
3,1,0.01983656908953713,0.025210917275094422,0.022736482157628846,0.029916771211836293,0.012789111810732553,0.03458546724115871
3,2,0.028987349846266306,0.021992553424565197,0.02883733547047655,0.03209623615640961,0.010451616718066874,0.04150877932164231
3,3,0.025567261582745443,0.013212308299462351,0.02237998202121743,0.031091755367218546,0.015906301060098826,0.019874958626470256
3,4,0.030100154888283884,0.01886579771257604,0.020578498979639724,0.03674796058399015,0.02256189525725871,0.03399268811260422
3,5,0.0176169392101372,0.023453643206947566,0.022578541735382655,0.017890663084264874,0.018532353246821245,0.02223533513064309
3,Aggregated,0.023047808715473118,0.019780068790898418,0.02108002996645917,0.029596967257315775,0.012279474993845962,0.026944077430065546
3,Centralized,0.023047808715473118,0.019780068790898418,0.02108002996645917,0.029596967257315775,0.012279474993845962,0.026944077430065546
4,0,-0.01062003338768757,0.03057680442142916,0.008862133926887065,-0.013567466079206014,-0.002180617793918454,0.021835076602161052
4,1,0.005024183545675166,-0.011985984108197881,0.02405966526258942,0.009821550873781075,-0.004514237050974833,0.03188743085002783
4,2,-0.019580514021088898,0.03911803229329868,0.01176262814067001,-0.023585213219885152,-0.013607030965194297,0.017871525218996927
4,3,0.0042055225297301345,-0.008950484052730662,0.020941137161973506,-0.0033845242809175257,-0.004168975230339612,0.028906552518193233
4,4,0.0027677137863114463,-0.01526099729306,0.025221376090579246,0.005362747636698913,-0.014774032192977852,0.015132984794595222
4,5,0.003214276831672522,-0.002742513441829137,0.018834603597106567,0.002361435924391711,-0.007888321754920944,0.031617402323326105
4,Aggregated,-0.002865872479270737,0.005866192605409811,0.01787811472538312,-0.004181064458155824,-0.007863811785283023,0.02428327166315677
4,Centralized,-0.002865872479270737,0.005866192605409811,0.01787811472538312,-0.004181064458155824,-0.007863811785283023,0.02428327166315677
5,0,-0.0037159477234258702,-0.02009772094751242,0.0075688400866602955,0.01768986994752196,0.015725883508103566,-0.0030344535528843883
5,1,0.011370165647758064,-0.11185849745431894,0.012371206971165805,0.038333101854074354,0.03268409802513602,0.015534318664130133
5,2,-0.014418851061515968,-0.08650905954507454,0.004801093599812224,0.051348738589647384,0.04082096504761099,-0.0014073448485427912
5,3,-0.0020804595922718524,-0.09825011690298786,-0.0013028375668865514,0.031054108939790527,0.04019548595072935,0.01487205758919324
5,4,0.0036664424387797016,-0.10845183213448159,0.00703227546625427,0.03990209226079922,0.04027322356336689,0.01650924538689056
5,5,0.0013511708047841261,-0.11270259068748965,0.002223277445263177,0.04008486047469316,0.04335099047039902,0.015070300244317459
5,Aggregated,-0.0007356087104738612,-0.08750332274388878,0.005301857718901759,0.035914905298840546,0.03489334203221784,0.009126632618982134
5,Centralized,-0.0007356087104738612,-0.08750332274388878,0.005301857718901759,0.035914905298840546,0.03489334203221784,0.009126632618982134
6,0,-0.0016711992896848277,0.005247126445021907,0.012483865232326178,-0.01170763345235211,-0.006230738946660635,0.010055007828889625
6,1,0.004415273636161566,-0.037380260499456336,0.022661691635988884,0.0022435878822253336,-0.0023954623783778457,0.03029987459199553
6,2,-0.007046240482906242,-0.009522806294610662,0.02064028964677102,-9.455429985731654e-05,-0.004711316879098791,0.026824564614345427
6,3,-0.014888999327155143,-0.029444664235385477,0.02188095658109982,0.005179788756878478,0.0006301482804183939,0.03344837759771185
6,4,-0.005054310786903573,-0.031460416061705465,0.024882032300114255,0.006592057997862064,0.004490473316073575,0.03180486972040013
6,5,-0.0036592810618573737,-0.03919108119570725,0.025417978285461607,-0.004075280181166994,-0.0059277474655521824,0.03325615990796754
6,Aggregated,-0.004573074457017358,-0.022166837560554122,0.020935161395351724,-0.0008200710102974228,-0.0025939331847579807,0.02698384971311546
6,Centralized,-0.004573074457017358,-0.022166837560554122,0.020935161395351724,-0.0008200710102974228,-0.0025939331847579807,0.02698384971311546
7,0,0.004163923047464272,0.008484860934862153,-0.00885961092281762,0.008423569127362834,0.011186460134103356,0.006681638405154263
7,1,0.019298026382186226,-0.0398196646690481,-0.011112300723426704,0.024865479957138347,0.02271264375199504,0.03374955000356957
7,2,0.02191345001502857,-0.050413036216391066,-0.014914658081372538,0.03477433881315302,0.032875428753499,0.03414195177484465
7,3,0.013876564222354369,-0.04953636478656724,-0.023324677847820087,0.04178238812092605,0.03809665365412341,0.0326224992831925
7,4,0.01818411098090378,-0.06390433103273938,-0.0210546393702121,0.03196564634545617,0.023037341921932096,0.028918522955671478
7,5,0.0096392145248089,-0.05863223434289796,-0.02266508203162968,0.03582341808405056,0.04151142664751142,0.03414014392222607
7,Aggregated,0.01428316499620177,-0.04040575419204379,-0.016760530037571112,0.02892402406475174,0.027710980863410943,0.0278392958955353
7,Centralized,0.01428316499620177,-0.04040575419204379,-0.016760530037571112,0.02892402406475174,0.027710980863410943,0.0278392958955353
8,0,-0.0019089513213189722,-0.03204961633355134,0.009525645991693091,-0.00256290826136465,0.015992051162895534,0.009166774101845191
8,1,0.010988414408750063,-0.06796416426982188,0.020527163589413512,0.0201762907350899,0.03125965737806656,0.019942347472726857
8,2,0.014036015295106804,-0.0762185110918441,0.01678045058122627,0.017032515082181898,0.03156458789670351,0.022951900270262192
8,3,0.00646518668947954,-0.06601824792619544,0.023347653672985993,0.029094337098720432,0.03639945331936759,0.03745317124402802
8,4,0.010738765796743776,-0.06289334872448027,0.02230754140679225,0.026023780178601266,0.04543773199209701,0.04494214308687207
8,5,0.007920036602840354,-0.07822060047619021,0.019640765531181242,0.026342002503746756,0.045743580675177614,0.03736772701676726
8,Aggregated,0.007558104234571162,-0.061898337788667636,0.01802371128325366,0.0186447518167978,0.03359314660045289,0.027730641065969088
8,Centralized,0.007558104234571162,-0.061898337788667636,0.01802371128325366,0.0186447518167978,0.03359314660045289,0.027730641065969088
9,0,0.017271036397535564,-0.022152789397630986,-0.0044472567347554615,0.02951460548614156,-0.0019162040377936063,0.007677497870278849
9,1,0.027616443667473158,-0.052868965048022895,0.003816973753233009,0.03784229085445817,0.002048291769084783,0.010507034363992772
9,2,0.019526926110361675,-0.06564885424892014,0.008622447234432276,0.04946054190988572,-8.104428150949706e-06,0.024575438152647004
9,3,0.015961768476372092,-0.05660536772975369,-0.004500526178348984,0.04188500570659527,0.010691050788851702,0.010232596069562457
9,4,0.013334624932993429,-0.06627673598295719,-0.002644156649783689,0.041107925372673985,0.0037741435932448658,0.0178621818728818
9,5,0.021605587424205284,-0.07194476883479642,-0.0014389700942349752,0.04909164318581325,0.009229785885947014,0.014976362447717448
9,Aggregated,0.018959373591677025,-0.0541269946985691,-0.0003535153813549892,0.04078650248182186,0.0033816228000620565,0.013789685578204626
9,Centralized,0.018959373591677025,-0.0541269946985691,-0.0003535153813549892,0.04078650248182186,0.0033816228000620565,0.013789685578204626
10,0,0.008194354346812623,0.0016308090405642674,0.006517581630769483,0.0018052629433355995,0.016382644041638195,-0.010695843536418762
10,1,0.008490888340063441,-0.03455068961379684,0.010886387215722788,0.00838288672570883,0.019456919583372718,-0.013048056853723322
10,2,0.00808452927182229,-0.02592737380934765,0.010997472327140061,0.009930790089765594,0.030751389039450905,-0.011575757315513809
10,3,0.0070190022083491295,-0.03513892901863633,0.016610746524899928,0.02459667645234927,0.03353012499687829,-0.006790389289017157
10,4,0.015478026771690639,-0.041853632106916915,0.01588385793929709,0.014876657462399679,0.022475899252529893,0.004646983266034925
10,5,0.013376380319904716,-0.036359177401215394,0.014634846175312823,0.018572068168751375,0.030957601480203885,-0.010973353582608338
10,Aggregated,0.009959832732205869,-0.027341924721405682,0.012241469466219327,0.012588849393456093,0.025137400266679964,-0.007856266384709933
10,Centralized,0.009959832732205869,-0.027341924721405682,0.012241469466219327,0.012588849393456093,0.025137400266679964,-0.007856266384709933
11,0,-0.006473469709399752,-0.01707694871259881,-0.023016520307098103,0.02253367647510082,0.006235300645693767,-0.03348046684353359
11,1,0.010317386263049923,-0.05106003429521962,-0.0102447478443011,0.026148690168113102,0.0184483952997307,-0.0284426520550884
11,2,0.000790158529572666,-0.0528986304519982,-0.013603124112139596,0.02616063287811357,0.02030146409938516,-0.024376689442374304
11,3,0.00971665057814141,-0.05825867822794477,-0.02139520362072496,0.03193957383403234,0.026289472464898198,-0.03674550327717483
11,4,0.015870927136509783,-0.06860147710588903,-0.020967215422292115,0.029523056670489344,0.019904702491970443,-0.03193538782455325
11,5,0.012752695415831811,-0.06400935002472755,-0.0310336898043945,0.035655440489089744,0.019532061970199393,-0.04661073668344404
11,Aggregated,0.0065668355684244195,-0.0508071850751457,-0.020305952123538105,0.028234961980506432,0.017746133434999253,-0.03369206441090813
11,Centralized,0.0065668355684244195,-0.0508071850751457,-0.020305952123538105,0.028234961980506432,0.017746133434999253,-0.03369206441090813
12,0,0.021607556636906784,0.015545572879032384,0.012180329834970631,0.0019303607198251774,0.02298684023463051,-0.002609174634809007
12,1,0.026752390498650917,-0.024593009201880737,0.015646785141398823,0.008657007722305288,0.02977427291546689,-0.00020466163650060358
12,2,0.03948217754876298,-0.02255196347983221,0.003484773377145535,0.005798921257846047,0.031787713436997087,-0.0017948330720908901
12,3,0.03564422080074776,-0.03215658775008909,0.0069649160565081435,0.02138503489317831,0.026106256573071463,0.001143604383150332
12,4,0.03367099217284068,-0.02939098393397199,0.013649462469582166,0.011204026465540445,0.03306984642040186,0.0033154106963384495
12,5,0.04347734706625706,-0.03006822528071418,0.012935381691580787,0.016796494959403167,0.031627882501179705,0.015314125711159362
12,Aggregated,0.03280874030747743,-0.018854406590766468,0.011107162530283331,0.010191259892790218,0.029205319798762005,0.002362332667050048
12,Centralized,0.03280874030747743,-0.018854406590766468,0.011107162530283331,0.010191259892790218,0.029205319798762005,0.002362332667050048
13,0,-0.011877003422060071,0.0005310391864099151,-0.005228510031939271,0.002413221612664953,-0.019259491571105253,0.016144331287714954
13,1,-0.0008180782895799205,-0.032297688861115476,0.014759932268270501,0.002895045779334182,-0.007734873621180007,0.014759310704310608
13,2,-0.004417411333974246,-0.024437204160671393,0.010883052677596722,0.014917612398438852,-0.01248154657262364,0.020335730806753348
13,3,0.0008317118256000403,-0.03596229321954165,0.0081588713772499,0.017437438762328707,-0.0031101153903571846,0.014945319544131024
13,4,-0.0011167625664973008,-0.03472727063240098,0.005237481997149041,0.01318111596437298,-0.01154872676614394,0.014242602618058178
13,5,-0.01372097723443922,-0.04705193626819298,0.004081091206865529,0.019017015625589443,0.0030937428369986054,0.029097799898395307
13,Aggregated,-0.005664045123143155,-0.027750429274964544,0.0059049680198389395,0.011328372573753232,-0.009058915258729143,0.018471668497365715
13,Centralized,-0.005664045123143155,-0.027750429274964544,0.0059049680198389395,0.011328372573753232,-0.009058915258729143,0.018471668497365715
14,0,0.01920527739854132,-0.012295261760012121,0.009725780885399571,-0.002181931536287901,0.008893829983898002,-0.019806891531339032
14,1,0.015900265270323108,-0.04891185133711079,0.002612706492582168,0.0028271344519216956,0.020933484784716894,-0.008663751889167402
14,2,0.024151454625769207,-0.05209983610144165,0.00770327849049974,0.004914728037615641,0.01792804291237983,-0.006578131522413592
14,3,0.01949735594476702,-0.050783149610407176,0.0044868745809131345,0.00999765253184613,0.017165202528543363,-0.012109878492655083
14,4,0.024025509922942282,-0.04739235483349199,0.010201179618724908,0.003021738213742879,0.01661354300064983,-0.013522891309939784
14,5,0.026239331453036474,-0.05416027357131966,0.013806674490283975,0.006219287254303447,0.022204110444477086,-0.02339368509203401
14,Aggregated,0.021216068383815005,-0.04280928700579319,0.008095395628681598,0.0037753962196283033,0.01705947804603642,-0.014476362399439053
14,Centralized,0.021216068383815005,-0.04280928700579319,0.008095395628681598,0.0037753962196283033,0.01705947804603642,-0.014476362399439053
15,0,0.0017105046756710732,0.009331358372899497,-0.00171073640879087,0.01902015309034412,-0.0260916747997467,0.027961054953130046
15,1,0.016558397824088016,-0.01959113341749944,0.004592937671102356,0.01686473387966674,-0.020967874423902445,0.03154671005836211
15,2,0.005467300610159381,-0.02108480345705303,0.008468644381685243,0.020312197668291527,-0.013075554603316565,0.03219272819977512
15,3,0.01204369079929837,-0.022729757664347625,0.009976866679999648,0.02643056735430065,-0.013734392343179367,0.026816454709134796
15,4,0.012460627996046724,-0.01986772793273957,0.004237504427598032,0.021840115765335986,-0.020865985506730817,0.04121533379301061
15,5,0.008713673583635324,-0.020841905586866327,0.016315387649799545,0.03373553830420567,-0.017671110246802194,0.035933249663515014
15,Aggregated,0.009072591971587328,-0.01430629228320604,0.006664403373561747,0.022736315108520724,-0.019295514824309985,0.032524813597168564
15,Centralized,0.009072591971587328,-0.01430629228320604,0.006664403373561747,0.022736315108520724,-0.019295514824309985,0.032524813597168564
16,0,0.00614278081517689,-0.0077164494070833195,-0.0024124963795853875,0.0003936217742233165,-0.001385506959895488,0.0028049863397414344
16,1,0.009605039725882348,-0.03152936844436469,0.00463554518836744,0.005354481517163907,0.0018304278968131623,0.011762345015061935
16,2,0.013728127434463845,-0.029381826536203488,0.0014978132687118609,0.008618705200889743,0.00268615233626861,0.010650158158730572
16,3,-0.0005469614086114498,-0.031321228167819154,0.007373810679363451,0.003429698173291013,-0.01366078250523579,0.010677931816771383
16,4,0.01074287592845709,-0.04048830081154612,0.0039589003962303615,0.013976420946977444,0.005704800987894195,0.013545130734086867
16,5,0.0050308251338487785,-0.02912686870220682,0.011811820756132787,0.002030979421305008,-0.012100116739052563,0.011604222315456086
16,Aggregated,0.007366611301834705,-0.02707020243228879,0.004004560132240998,0.00546012805660458,-0.002679889982634951,0.009758010504530687
16,Centralized,0.007366611301834705,-0.02707020243228879,0.004004560132240998,0.00546012805660458,-0.002679889982634951,0.009758010504530687
17,0,0.009779108422901306,-0.008844442882934756,0.016683197759360665,0.00939400702668638,-0.002254285583932401,-0.020782954743474698
17,1,0.011729997681929902,-0.04397315187844415,0.01804750681287095,0.014277638271264959,0.009707085501975242,-0.01009538454309852
17,2,0.01867794034742793,-0.04484873753494671,0.014152956544726772,0.013307974511186349,0.00015238160424771316,-0.01963555529138061
17,3,0.017914534054262087,-0.03428864921179614,0.021508941002923106,0.021883543408804117,0.011683614365308546,-0.00374338269968881
17,4,0.02152356864738047,-0.044155744183453007,0.02661671901752709,0.017776625707263922,0.0051387815822296744,-0.016712021788818462
17,5,0.00922722575822749,-0.047551217799403925,0.020364784045756496,0.02084678828130584,0.0076689587094707894,-0.007157444960575554
17,Aggregated,0.014564512192313339,-0.035954633146470814,0.01951537358850745,0.01588162317116898,0.0048955056873370316,-0.013471836065895814
17,Centralized,0.014564512192313339,-0.035954633146470814,0.01951537358850745,0.01588162317116898,0.0048955056873370316,-0.013471836065895814
18,0,0.01115219566853765,-0.02598281085271762,-0.01697655063118359,0.009047587434721824,0.0015913888817004837,0.0070605027959825695
18,1,0.008669391010994534,-0.0524844640246602,-0.012743835626010856,0.010957604875794955,0.009789354574706415,0.0199101859935681
18,2,0.01854653023780869,-0.060339077762429964,-0.0116276928069532,0.018647377860305896,0.008680961152864531,0.019272236597279717
18,3,0.0024975269647399016,-0.06401788274380989,-0.013353847993756104,0.008440837367606178,0.012968491841160088,0.013171984270402283
18,4,0.015334202047302906,-0.07162769621397348,-0.017795624651564892,0.013572843932571929,0.00921012363222124,0.015460907535461624
18,5,0.013466514754303324,-0.07779605669083949,-0.015892628878755775,0.01788496270222619,0.010997502147961821,0.022908717776148092
18,Aggregated,0.011456471414594398,-0.05717702651198531,-0.015150900977833524,0.012830985832675015,0.008523364600440283,0.016043490171481975
18,Centralized,0.011456471414594398,-0.05717702651198531,-0.015150900977833524,0.012830985832675015,0.008523364600440283,0.016043490171481975
19,0,-0.0086209088271684,0.007961100354487164,0.008920209035740468,-0.013224311323635553,0.010475938820992545,0.014185771501064261
19,1,0.0024183391411557254,-0.02634039131622039,0.016564537910675293,-0.0034883994946834536,0.02065467860962257,0.026795128207095096
19,2,0.004266210472559982,-0.029500040251928046,0.015906528710044887,-0.002365660991914421,0.018123629598191415,0.023975408381590867
19,3,0.016362916243141113,-0.03128062006583022,0.006242589891952096,0.009429280470628097,0.021750002027767598,0.025918164734190095
19,4,0.010056048452233088,-0.02009496313115991,0.012951660524240374,-0.004685047183741732,0.02447003849877893,0.03090867374826544
19,5,0.003978468858248268,-0.021883065224017527,0.01305475002465746,0.002956462001800506,0.03408622902941543,0.029294998344975776
19,Aggregated,0.004203431553530557,-0.01869262741329335,0.012338821300058549,-0.00251658287960284,0.021272190690969608,0.024956010947865613
19,Centralized,0.004203431553530557,-0.01869262741329335,0.012338821300058549,-0.00251658287960284,0.021272190690969608,0.024956010947865613
20,0,-0.001295247563930337,0.00445653664846097,-0.008874806287407564,0.003253196731432377,0.005369230190765295,0.005215983728530621
20,1,0.0039051805644320994,-0.025238097795541196,0.0047430690121801344,0.0043341754922693885,0.017576637404992986,0.014063933352794194
20,2,0.002847671764528028,-0.02246557499767029,0.003674638236439799,0.009347296231904322,0.011471228523510317,0.01367772008795986
20,3,-0.0054444593938668745,-0.02035796805133891,0.0144334015865225,0.0022540486980685373,0.007143667637204185,0.01401987394486167
20,4,-0.007337161552161368,-0.03076229617091487,0.006826406684096644,-0.00036213186509480115,0.018286115755427185,0.01623548803720482
20,5,-0.0057948728546333,-0.033819508429686514,0.0015465644734064395,0.0006200987201427227,0.01092277340546189,0.0053880691178798
20,Aggregated,-0.0021563031824173395,-0.020264644766773154,0.003023996402391177,0.0031267686304212302,0.01157684139938899,0.011045143168067447
20,Centralized,-0.0021563031824173395,-0.020264644766773154,0.003023996402391177,0.0031267686304212302,0.01157684139938899,0.011045143168067447
21,0,-0.03890966986092584,-0.0023303514672496184,0.004373373538267164,-0.010709685257071876,0.018619768728957767,-0.011343759386890584
21,1,-0.03708306973540646,-0.04489323784833318,0.011247167841650633,-0.0074769988239134855,0.022802413636293206,-0.0001347329259146379
21,2,-0.03964142815301118,-0.042551545507607216,0.015574820597408333,-0.008024174300196928,0.03307940373027766,-0.004860294976774995
21,3,-0.03674463430587477,-0.046188798546965566,0.009290927861861344,0.0012634377689858338,0.02889591351413885,0.0005315788169226053
21,4,-0.03616294619108313,-0.04356501171067598,0.013153797720323664,-0.0021116020084382525,0.029310256158648962,0.0002910720467056575
21,5,-0.044549221151186535,-0.04850664542790213,0.013242059684432374,0.005007667043184608,0.04067578944867251,0.002921970156370347
21,Aggregated,-0.03924982181948211,-0.035931402312349224,0.010938837409248583,-0.0040859157304935076,0.028685152251671654,-0.0025268038228759555
21,Centralized,-0.03924982181948211,-0.035931402312349224,0.010938837409248583,-0.0040859157304935076,0.028685152251671654,-0.0025268038228759555
22,0,0.01638637946224371,0.013096211554485463,0.001255000751995317,0.015173468591724923,-0.029810908752961218,0.007206223236625588
22,1,0.02196137922160767,-0.03616028122326912,0.01534519097877219,0.02418953194608555,-0.013883692498696306,0.022662381862715
22,2,0.03404659685839881,-0.03835385091055333,0.009729242637303643,0.02597676363079905,-0.02122770266210709,0.02420220209379005
22,3,0.02883116245915814,-0.04036964399200474,0.015005182750071884,0.018056072103973586,-0.012952640007328011,0.02267058578981989
22,4,0.02697815642011609,-0.03799718073273719,0.011350966116082755,0.016852733455589075,-0.023096322707049474,0.024539609653503987
22,5,0.028871997686205207,-0.03922847574209823,0.019529725849015373,0.03489745400196811,-0.013091698529696336,0.024574834223660736
22,Aggregated,0.025697171852972843,-0.027534681971073973,0.011602809225231048,0.02225309817526838,-0.019591121150397555,0.02044749548446539
22,Centralized,0.025697171852972843,-0.027534681971073973,0.011602809225231048,0.02225309817526838,-0.019591121150397555,0.02044749548446539
23,0,0.0013304924832075592,0.024763684891349537,0.009725857654038671,-0.008128342443552409,-0.027327474430022737,-0.018387286260200406
23,1,0.00898311986028044,-0.018861057761906733,0.018753969112386918,-0.00849524124867472,-0.015024643554365823,-0.006128017360472166
23,2,0.010280335193146303,-0.011509644774232063,0.012867946831378707,-0.013034611219554387,-0.024759183904073067,-0.01494995254416222
23,3,0.011508337963610348,-0.02119293603932789,0.016611229878502838,-0.007441605932657782,-0.019305147595706645,-0.007997899453288819
23,4,0.013210679154305514,-0.011758595459996865,0.019993738017247784,-0.010163855018384325,-0.021938411123001864,-0.0086196562588608
23,5,0.00730801919209874,-0.014064233890509264,0.015916088172966452,-0.012128246560329388,-0.03274348730659225,-0.018721139753331586
23,Aggregated,0.008396259276001707,-0.006656909127300355,0.015322704780975385,-0.010229022814950736,-0.0241172217639929,-0.012975775730046924
23,Centralized,0.008396259276001707,-0.006656909127300355,0.015322704780975385,-0.010229022814950736,-0.0241172217639929,-0.012975775730046924
24,0,0.006641232509225107,0.022354490622714485,0.016544675981501004,0.01721722414307912,-0.023276302311703048,0.004215966289062889
24,1,0.008070099888689154,-0.018534510216512298,0.028662368370588585,0.024340103719280907,-0.020940881071699186,0.022342928287362594
24,2,0.016525547349263512,-0.019219557304091636,0.03195502863158295,0.03128622536303519,-0.01981466500513662,0.022210412841114854
24,3,0.002735231436057991,-0.018031774336186843,0.039541362522222574,0.028740529445241088,-0.03868401114846001,0.02907446479525143
24,4,0.006838782299549581,-0.009950362517888405,0.033231671722566206,0.03043263049059717,-0.029667711248010407,0.028441264618827546
24,5,0.0029105973303916633,-0.02039880083597788,0.04021203532228968,0.027756432452432856,-0.022826444601071687,0.026510347546955724
24,Aggregated,0.007081668809282994,-0.008621463729901656,0.03102171908493084,0.02602861073761038,-0.025654288157698574,0.021356749439506256
24,Centralized,0.007081668809282994,-0.008621463729901656,0.03102171908493084,0.02602861073761038,-0.025654288157698574,0.021356749439506256
25,0,0.002546138150305647,0.008454886948898992,0.005795383324987005,0.000975787500137646,-0.0043354343716936125,-0.007147319509484702
25,1,0.013878905580424651,-0.03709177245500566,0.009204320804517723,0.009532966785955967,0.008538771090766591,-0.002039550350016352
25,2,0.011449977479529992,-0.0358296514408476,0.013055800872515769,0.014783752734913653,0.006713592977448747,0.004699724505290807
25,3,0.014683131632474108,-0.03396970114203558,0.008713161655830257,0.01246223031257891,0.010813196880004193,-0.0007958534701018838
25,4,0.014412063212916559,-0.031503280284327445,0.00904504137015846,0.01426796261855933,0.010043875686569913,-0.004200446343513662
25,5,0.009062191349760206,-0.035896687043421985,0.015478133141767795,0.007291693966378491,0.009660373248383508,0.0033352800380905476
25,Aggregated,0.010470565134704195,-0.025459859391257497,0.009833748596287625,0.009385495907089491,0.006311257156952964,-0.0012786115534393074
25,Centralized,0.010470565134704195,-0.025459859391257497,0.009833748596287625,0.009385495907089491,0.006311257156952964,-0.0012786115534393074
26,0,0.007222736982312577,-0.013019305979011141,-0.004015854986531182,-0.0022658572071424313,0.0045947301427489064,-4.8460584135399786e-05
26,1,0.0076342512585045996,-0.05153191091816512,0.0039422617872359724,0.011707278953878469,0.012792584286278963,0.00838622377235106
26,2,0.013041415648064643,-0.06422759674518187,-0.008118492369317935,0.003907307583556276,0.012239141111604127,0.006595587804651152
26,3,0.01199372802991851,-0.055316102506652635,0.00013501067252991562,0.002752986360420206,0.012192155079805657,0.007091128063352451
26,4,0.010465476892976363,-0.06273089018524,0.002780647315204669,0.0017799554592987843,0.006876647121048074,0.0037053494295631612
26,5,0.011882768819049485,-0.05663043567245656,0.002674725376042248,0.011207505396375248,0.01706144685462228,0.011246616162563457
26,Aggregated,0.009902928096022893,-0.04820154020741526,-0.0008447041961490876,0.004426452441909306,0.010507705831752498,0.0056979896688087684
26,Centralized,0.009902928096022893,-0.04820154020741526,-0.0008447041961490876,0.004426452441909306,0.010507705831752498,0.0056979896688087684
27,0,0.00638624807246876,0.012894285296079612,0.01590526689737603,-0.02297002477574273,-0.03829739745567263,-0.028484379701825265
27,1,0.017858564512731764,-0.031911151819814104,0.02509097094794456,-0.008874489954319385,-0.0287262318205105,-0.016934213481059352
27,2,0.02298168376617595,-0.025812119921931685,0.03167173597558782,-0.009920868821713601,-0.03568361612605199,-0.01803325745485424
27,3,0.019381798853076577,-0.02918863782897172,0.028490947153327763,-0.008986654258188237,-0.031003211007038876,-0.01562229666589589
27,4,0.025533204128111293,-0.025634191116372794,0.034942649426529075,-0.010019220415236623,-0.03561524289192733,-0.019832114768893058
27,5,0.01808163786606327,-0.03848226929339866,0.037167701683375236,-0.014155009765432346,-0.03827117613243994,-0.02167743419929021
27,Aggregated,0.017960232799716938,-0.020860295934711337,0.028577175116325453,-0.012964069992389141,-0.0352105868684934,-0.020589479525616718
27,Centralized,0.017960232799716938,-0.020860295934711337,0.028577175116325453,-0.012964069992389141,-0.0352105868684934,-0.020589479525616718
28,0,-0.0060420864970421985,0.025810094656498982,-0.03118134421306336,0.0220275985401486,0.02818103066580855,-0.02343897939833262
28,1,-0.0043753807946381815,-0.0112030336916318,-0.02853456791046489,0.0305315663882112,0.03937226186756373,-0.015755790618060508
28,2,-0.005088658834879259,-0.007754290175088135,-0.030076602406549195,0.033263024981019955,0.047554468661265066,-0.016789268113775787
28,3,0.004964279828833632,-0.021407174250581095,-0.021499950927108866,0.0310538749407445,0.030558059759478083,-0.010146591088710051
28,4,0.00018362663573170894,-0.010238473530422603,-0.029634241654142843,0.03811631721739044,0.04038837116695379,-0.016871547027752783
28,5,-0.004598641963611497,-0.01820927494034092,-0.028963757086445035,0.039922355533507786,0.04515263825602829,-0.013993082274069717
28,Aggregated,-0.002927970337616152,-0.00524101817866444,-0.028747571398990503,0.03206364887797827,0.038330665090475335,-0.01658802327108942
28,Centralized,-0.002927970337616152,-0.00524101817866444,-0.028747571398990503,0.03206364887797827,0.038330665090475335,-0.01658802327108942
29,0,0.00486757016320845,0.02012153793181281,0.015129989473975416,0.014846826647447218,0.005633603414886406,-0.02116048831363606
29,1,0.014035277392398088,-0.029945079729610413,0.025029603687929388,0.019210048482271706,0.018333267694112636,-0.013341065725781245
29,2,0.014753588260161873,-0.024841049796617706,0.022121337782770492,0.02582626659769863,0.015027771817352598,-0.015757874315749563
29,3,0.009443397306333716,-0.037889970195426226,0.023529399224501486,0.02053155808745543,0.008159931975568685,-0.03283990594628044
29,4,0.0012287383430859148,-0.03035101867880314,0.022580362399333396,0.0176436484792341,0.01721062585177147,-0.03279152043355281
29,5,0.011256281479547017,-0.03061985356610618,0.024182678475432824,0.022452324501080662,0.0153230441044097,-0.015932311449541225
29,Aggregated,0.009028598539340037,-0.01994295665250461,0.02157183235329681,0.01958817442024281,0.012671089722855827,-0.021795675064424924
29,Centralized,0.009028598539340037,-0.01994295665250461,0.02157183235329681,0.01958817442024281,0.012671089722855827,-0.021795675064424924
30,0,0.0018572166129163631,0.011988619666097908,-0.004913348863641214,0.005137400020782169,0.0017352959857585113,0.001861363108504761
30,1,0.006802238841093876,-0.030632517825463834,0.0032860333470452257,0.014903584424774335,0.010866481982039041,0.010815245743997646
30,2,0.014827179799573556,-0.03405119811589131,0.0051898772897313325,0.010380920410197527,0.01713433940030029,0.012013765708032188
30,3,0.020407792658092744,-0.03081798642255445,0.005964609154722236,0.022640287323317517,0.01896778005863555,0.01636430217429369
30,4,0.019038598367164247,-0.028876596484553017,0.00917995842093141,0.014713991886349429,0.013849351084849876,0.015921146135824987
30,5,0.009282373935062023,-0.03592480118135612,0.0023911705871633385,0.01404818464590303,0.010444144697737991,0.010483396339965683
30,Aggregated,0.011415884240676731,-0.022511496239868926,0.003153348891515385,0.013067650289455219,0.011571929411689864,0.010545211889009483
30,Centralized,0.011415884240676731,-0.022511496239868926,0.003153348891515385,0.013067650289455219,0.011571929411689864,0.010545211889009483
31,0,0.01959834665387137,0.01021200543191187,-0.046887885159147616,-0.02259410676089774,-0.013937061736244158,-0.003257716413080457
31,1,0.03299701598884095,-0.039220584529538985,-0.04611433797727125,-0.006174334819185737,0.002792362814271528,0.012544557262323683
31,2,0.035535010831006866,-0.05444222610993005,-0.04594668216857127,-0.02064254395724827,0.0009640056169446625,0.009518179283213647
31,3,0.028006618535627806,-0.053319483364722135,-0.02998507479032966,-0.00579911104171734,-0.0015880133728011518,0.008846959589433184
31,4,0.03160180177388144,-0.040741237868131996,-0.04322539124116178,-0.01115910145915165,0.00665375219437434,0.01469651485137728
31,5,0.031502229688041374,-0.049520072372914274,-0.04758657522092039,-0.002265796060911782,0.004878152605729771,0.013895899647124474
31,Aggregated,0.029455421059450367,-0.03525884944581569,-0.043899785437115986,-0.011982777823716453,-0.0005472559051478451,0.008804509474526807
31,Centralized,0.029455421059450367,-0.03525884944581569,-0.043899785437115986,-0.011982777823716453,-0.0005472559051478451,0.008804509474526807
32,0,-0.028957126355228825,0.02848842857688147,0.018667493435328534,-0.004661211945092198,0.0028416924368104115,-0.013114822936430707
32,1,-0.02884012365566552,-0.029265201206335634,0.03315863244796754,0.00829886167460466,0.021204921380371906,0.00419960725426442
32,2,-0.02102967590263249,-0.028453268124381977,0.03870496339965181,0.014995066277259977,0.021639532674765947,0.00022092318475439807
32,3,-0.009769209085164389,-0.03228783626493614,0.031187318525510346,0.005664036768264765,0.00903947266580425,0.005299456573353926
32,4,-0.026832851306712147,-0.028351420301926444,0.03340333658153178,0.00980610711324597,0.021789960300245718,0.00140482568310668
32,5,-0.02540396379956717,-0.03288665111103649,0.03670840157561473,0.010787034180162282,0.014474032973171007,0.004821976034421487
32,Aggregated,-0.024022901029814362,-0.01777364641662376,0.03145509428350676,0.006919718534811101,0.014709049135668378,-0.00012080218599075746
32,Centralized,-0.024022901029814362,-0.01777364641662376,0.03145509428350676,0.006919718534811101,0.014709049135668378,-0.00012080218599075746
33,0,0.007502269568911132,0.043263677938194044,0.0006673484963878204,0.007935078617681925,-0.009404623994063003,0.0046083292714164895
33,1,-0.001752897653305296,-0.02432326092949142,0.014181889367543277,0.015652346844475126,0.011778090669825096,0.018991322991439113
33,2,0.0037745933027186645,-0.0170405151287629,0.005194307762052215,0.0194437580751097,-0.002310200123514947,0.015542206785847891
33,3,0.0016952506242765243,-0.020604555216708294,0.0036249416001174644,0.015912445871035723,0.01629272944055151,0.015279167575659431
33,4,-0.004423745859022645,-0.02295372158679648,0.014605802130987167,0.015440806270324672,0.0015424999443957132,0.017324313034377408
33,5,0.002496456408961622,-0.018854059534713325,0.011250751234764336,0.019806188480936564,0.0024240787503799826,0.017984499029172443
33,Aggregated,0.0014143062054594972,-0.0075244937106683,0.007731669628581251,0.015133403998461208,0.0026967758377985794,0.014317649274875806
33,Centralized,0.0014143062054594972,-0.0075244937106683,0.007731669628581251,0.015133403998461208,0.0026967758377985794,0.014317649274875806
34,0,-0.004930093101738063,0.049922319201601575,-0.022618164255202425,-0.0002055562196992023,-0.021014307670669835,-0.0044078156958829795
34,1,0.017601227105256384,-0.012817927196556647,-0.020292460171559504,0.01231711548916553,-0.010358902030920911,0.0025735991316910025
34,2,0.01667008800313528,-0.007737404748060059,-0.017332782650082545,0.021957603857623516,-0.0065472639691578575,0.011862464662555128
34,3,0.025086974340734515,-0.008061281262048562,-0.023124023168944755,0.018262866352368012,-0.01106358131256189,-0.0036990274620085357
34,4,0.027860729543370835,-0.006097794844527127,-0.026363366327579234,0.01094903800628033,-0.011075741713102895,0.0029453659708032387
34,5,0.022223784528164644,-0.007607568258960453,-0.020133925840613628,0.02546007411712971,-0.005591591398032202,0.0009592943782299058
34,Aggregated,0.016337806107401993,0.003951704765909986,-0.021611909853943487,0.014144246673368659,-0.011248278354834147,0.0011980648812127308
34,Centralized,0.016337806107401993,0.003951704765909986,-0.021611909853943487,0.014144246673368659,-0.011248278354834147,0.0011980648812127308
35,0,0.0005333172598270209,0.04922627485434055,0.008004657082443616,-0.017367388689449856,-0.05105475404186162,-0.018177660259275814
35,1,0.019937801820452194,-0.02027346845810964,0.023828608343191733,0.0022719349047835044,-0.020167826472617528,-0.0007485074245074719
35,2,0.017835838307880353,-0.016637892084465648,0.023242601437797817,0.0009444158669441612,-0.037524557300489945,-0.006762067844590125
35,3,0.015602324765180904,-0.028082467186541955,0.01787617183640664,-0.001194047782253125,-0.02257013635089003,-0.0025534075284682307
35,4,0.01754774290000667,-0.022615843703660286,0.021181902074062398,0.0011329200302908269,-0.02472082220324941,0.004468734976763696
35,5,0.016498084276575155,-0.018018749886387235,0.02246932105403651,-0.001171491687747594,-0.02981985230529273,-0.004803719531697258
35,Aggregated,0.013995886594435106,-0.006270848760057742,0.018864128933219697,-0.003257261253355533,-0.03161675484424263,-0.005424158810350769
35,Centralized,0.013995886594435106,-0.006270848760057742,0.018864128933219697,-0.003257261253355533,-0.03161675484424263,-0.005424158810350769
36,0,-0.0024515554261187256,0.04105239249765765,-0.022144418878823017,-0.03084392162721985,0.00632668453141347,-0.005247690772817073
36,1,0.010319762658536215,-0.02768626883329495,-0.01269199566072716,-0.02101918175838505,0.019143272638189966,0.014723333612484861
36,2,0.011101075095163155,-0.032608746050428086,-0.01713356902459463,-0.025859054605643594,0.030291470497253434,0.01775887451449664
36,3,0.009701583836992675,-0.025478343880282618,-0.005524400544140002,-0.011846643894247633,0.019977511463560634,0.010240555279301171
36,4,0.012879164048157412,-0.03040850972553159,-0.012422597247064616,-0.02309019902686744,0.02104318381937477,0.013871458189554738
36,5,0.009767988123815463,-0.030370414120172166,-0.012560820804125274,-0.023018724292561604,0.023451769247243088,0.012223651107258843
36,Aggregated,0.008007706076787418,-0.014336724756902732,-0.014326009611733167,-0.02332333106757631,0.01942924266938982,0.009912013016358832
36,Centralized,0.008007706076787418,-0.014336724756902732,-0.014326009611733167,-0.02332333106757631,0.01942924266938982,0.009912013016358832
37,0,0.0014888044792878764,0.0561685634408338,-0.003677022616440906,-0.003576223396931392,-0.002675202140152574,-0.005001546717136975
37,1,0.010927528845606124,-0.021794936735092873,-0.0005608392167879894,0.0023500875813767695,0.006994723512332173,0.010891609749352228
37,2,0.01643425443803026,-0.015398011204136553,0.010078436960368769,0.011820302851079139,0.0165091849770577,0.005272545521815511
37,3,0.017087352018206894,-0.025618946042644423,0.00582365826233143,0.011174653631836801,0.015933453855258475,0.005895564958676569
37,4,0.01339199229345529,-0.02173970204161134,-0.0002620832556778684,-0.00046277624875808567,0.00873048654300298,0.018132090210237803
37,5,0.01570653992557503,-0.023291721632451204,0.011998870063724005,0.010588710459645694,0.015756932742818624,0.004600852713882078
37,Aggregated,0.01179059776570232,-0.0050414724080486235,0.0034531165004264897,0.00467156842178424,0.009401303872000685,0.005615994318246445
37,Centralized,0.01179059776570232,-0.0050414724080486235,0.0034531165004264897,0.00467156842178424,0.009401303872000685,0.005615994318246445
38,0,-0.00835842538462082,0.06751000220141544,-0.00547170371704238,-0.011867820355590022,-0.026839987239124067,-0.011754075099532454
38,1,0.007158889970742301,-0.01204154482943816,0.006553379806394871,0.013209840916165743,0.002944319278926453,0.008793721363883048
38,2,0.005325958460889736,-0.01004162050889971,0.0015071757678097985,-0.0032537608801109317,-0.008056917951409158,0.0013946398434327217
38,3,0.009037944974573803,-0.015486682993805505,0.00745901636397951,0.002433955486136461,-0.005068621606002706,0.007182482507349248
38,4,0.005716465735452234,-0.011637351002162764,0.006336199757043,0.0022240870040897715,0.0023388631117000377,0.0032922793083823756
38,5,0.007212143778880151,-0.018399104632560573,0.005094733669665976,0.004127198308574396,-0.003953583485222615,0.005572946490417022
38,Aggregated,0.003632552300272856,0.0037602958383477713,0.003023692047548617,0.00034818822750216823,-0.007425075962180415,0.001561997049071672
38,Centralized,0.003632552300272856,0.0037602958383477713,0.003023692047548617,0.00034818822750216823,-0.007425075962180415,0.001561997049071672
39,0,-0.04668125230870209,0.05816967893581488,-0.006714007937367332,-0.0067966258287837185,-0.0010530129490523455,-0.059005250802977874
39,1,-0.04156727913966031,-0.020140308132908645,0.012798470413379628,0.02309970092876437,0.02458580593326003,-0.04398287739640716
39,2,-0.039887254516149766,-0.035808462540106584,0.01321584836730386,0.01332165850174321,0.022260333792808125,-0.0453226412777177
39,3,-0.026852804272778454,-0.02866477647211797,0.011516221341832058,0.012331697455928234,0.01453465841057297,-0.029360571065537647
39,4,-0.03328828855480639,-0.026126194585498266,0.01792623912992194,0.013035406157671235,0.018320782981205746,-0.04342683165695662
39,5,-0.038853064772078214,-0.027443686969517437,0.013753819682276777,0.01896752638098611,0.02380021177473003,-0.03927251154266173
39,Aggregated,-0.03849750434317844,-0.00925351117618242,0.009685874412417035,0.011487715481556669,0.016180078015882175,-0.04429468560712165
39,Centralized,-0.03849750434317844,-0.00925351117618242,0.009685874412417035,0.011487715481556669,0.016180078015882175,-0.04429468560712165
40,0,0.017591613532112024,0.08337579712819487,-0.03710110401994621,0.0003650565512445664,-0.009941605487383915,-0.011808725473029224
40,1,0.011142640030400133,-0.0013145774133413366,-0.016404669128580646,0.011291473480377167,0.010502833637548972,0.008286998617266752
40,2,0.03846528382038608,-0.004456124564920737,-0.015127423636514892,0.01286523090096844,0.016578527837939776,0.017882687683799327
40,3,0.02441572100346723,-0.009206146344162692,-0.011223483848214987,0.008326445454781771,0.007071408214753669,0.006075510111159204
40,4,0.024083733137653197,-0.0035392340460866254,-0.009929525870458889,0.016584563116991396,0.01379959790710203,0.016587496231352458
40,5,0.025664056176983814,-0.007914694362137027,-0.015260659105156869,0.009828643662518474,0.007988584655945777,0.007864429008317641
40,Aggregated,0.0230242502389166,0.01384312287400699,-0.018214657043697575,0.009106476002258949,0.006718722146616626,0.006575651957012099
40,Centralized,0.0230242502389166,0.01384312287400699,-0.018214657043697575,0.009106476002258949,0.006718722146616626,0.006575651957012099
41,0,0.0015836486693944956,0.08444013727397506,-0.025640145109077455,-0.01555431729169983,-0.006962358349883107,-0.0026768156312022913
41,1,0.011272205940676693,-0.013894809600004976,-0.0270826204984658,0.015621046705219833,0.014930205478402337,0.0087920096207667
41,2,0.012412115654503496,-0.0036069427575241317,-0.017548160898633435,0.005009011964385053,0.008205299258914731,0.005511094448398141
41,3,0.017936772209056328,-0.011667522418437666,-0.022516149250630467,0.00409064294157114,0.012295529944830536,0.00851898554380606
41,4,0.006235991815929245,-0.01872565787039077,-0.034282759897445655,0.007188173322191359,0.008545397107558111,0.005677888424870167
41,5,0.014820625656418791,-0.0028679451327643453,-0.013079239082804839,0.003196857448920594,0.01266361851787898,0.006358826636174655
41,Aggregated,0.009955136838643372,0.010072645824844881,-0.02355071528276355,0.0022543932687612025,0.007323460235366846,0.004484007637896327
41,Centralized,0.009955136838643372,0.010072645824844881,-0.02355071528276355,0.0022543932687612025,0.007323460235366846,0.004484007637896327
42,0,-0.010638592648456414,0.07548361702792297,-0.038278760390645386,-0.0035244678070580075,-0.007676012157565243,-0.01359850682863561
42,1,0.0028307664397061597,-0.004809644297227742,-0.014656324984014975,0.008388536301418203,0.006269993427131368,-0.0014477827436625373
42,2,0.007869736928507464,-0.017031591097148895,-0.019976198997905564,0.013744817364997563,0.013432349164180195,0.004197392339243744
42,3,0.003081247866552138,-0.01721350288334297,-0.012873556239157247,0.019210343111083054,0.013242683467743904,-0.0053164532687531825
42,4,0.014569804685094183,-0.004243121763115522,-0.0011096778377125889,0.007238359237267146,0.0069146192053112735,0.010436792448471755
42,5,0.002048364858304879,-0.02211537028050023,-0.018833882385440454,0.016193315953535882,0.01258030319881897,-0.005416951459669898
42,Aggregated,0.0023380156881611966,0.006084781685769796,-0.018529431110492253,0.009383493637063117,0.006485115187929004,-0.002935838904267841
42,Centralized,0.0023380156881611966,0.006084781685769796,-0.018529431110492253,0.009383493637063117,0.006485115187929004,-0.002935838904267841
43,0,-0.00999770634750161,0.09988242891605474,-0.005968954610484698,-0.052838425294682585,-0.04084487932694976,-0.01574183875244112
43,1,0.007702193551972974,0.0046330107083678495,0.01167308138493507,-0.02869543378176746,-0.012390192840212167,0.0032485096760027396
43,2,0.012986294861525461,0.009100173637826996,0.012462032605202377,-0.04734122132988953,-0.02885839039217078,0.005735825885209466
43,3,0.009623081997416074,-0.001148969684650062,0.00858352540103677,-0.02375843993154692,-0.011174858626504743,0.0010767351981265994
43,4,0.01735254429459158,0.00249351843954277,0.01611776963474492,-0.0456167098996749,-0.021614748982255714,0.005796510194122852
43,5,0.009257035864509376,0.0023161034373015213,0.013704479822719216,-0.03017731191540516,-0.012808724023878322,0.0010739133892298405
43,Aggregated,0.00705431129089712,0.024139938323713223,0.008660369423987922,-0.03879021787833574,-0.022204883751825878,-0.0006692214191663132
43,Centralized,0.00705431129089712,0.024139938323713223,0.008660369423987922,-0.03879021787833574,-0.022204883751825878,-0.0006692214191663132
44,0,-0.011863068595711321,0.09590771377198505,-0.00499549728648815,-0.004515911385096496,-0.007956677277870378,-0.017700812679184642
44,1,0.004231218655068232,0.004155943141978726,0.003172534028764324,0.0104553690838947,0.011072844714513981,0.0025105689630732513
44,2,-0.0002742768921641584,0.0038682486360433416,0.006810764654653096,0.012590581797858241,0.01017206916058399,-0.0029760366535024796
44,3,0.002442256971847612,-0.001114721800833813,0.005988695008354012,0.011964417940976406,0.008614190978624453,-0.005200870660263722
44,4,0.01033395457296898,-0.0026144032540343417,-0.009107559744276881,-0.003784582787926177,0.00248109802092304,0.006261657286509053
44,5,-0.00094486238132143,-0.003213968529466712,0.009911282332904458,0.0111098406632772,0.010317262854591613,-0.007503161926915057
44,Aggregated,-0.00021577511015188528,0.020916415159204654,0.0014071829305719787,0.0056280092201631314,0.004942420736394256,-0.005036638913716434
44,Centralized,-0.00021577511015188528,0.020916415159204654,0.0014071829305719787,0.0056280092201631314,0.004942420736394256,-0.005036638913716434
45,0,-0.021107881459404183,0.10748596288697043,-0.016989092499162802,-0.009811148683449036,-0.024441796807951627,-0.020012160202241218
45,1,-0.017239160348903142,0.0033285502555696843,-0.0015130180130117138,0.0059588152229729215,0.004207215548038637,-0.006700428985424156
45,2,-0.007081321326827224,0.01003897117222256,-0.004781792222456437,0.009564928933098087,-0.0045102477766074765,0.005733080732056282
45,3,-0.006039303392894767,-0.00026333284880899105,-0.006306933134150413,0.012937381211282616,0.00491440221099169,-0.008015003151410321
45,4,-0.02262452249414374,0.006614539166732526,0.006976597016524244,0.004481297965624021,0.00930216149886818,-0.0016069701068389748
45,5,-0.008768969597409802,0.005826008320907934,-0.008632244413129386,0.017080843465324524,-0.00021622193556302435,-0.005301603393472742
45,Aggregated,-0.014334663291433718,0.027121884113490324,-0.006033075355807297,0.00590456396743274,-0.0029454313669014477,-0.006990061233885505
45,Centralized,-0.014334663291433718,0.027121884113490324,-0.006033075355807297,0.00590456396743274,-0.0029454313669014477,-0.006990061233885505
46,0,-0.02327971720335584,0.11374229206431562,-0.016353071652016812,-0.02082729267879881,-0.02464020740675724,-0.0202636830904906
46,1,-0.0070884271534664796,0.0035476717698456014,-0.011289575616926386,0.008884548149300833,0.006859529602403438,0.005127158428270796
46,2,-0.007784481254300336,-0.0007974954762221061,0.002059288596258325,-0.0045140006155962795,0.0021196897970082616,0.009237623508781448
46,3,-0.0029618428712725052,-0.0011797210120832993,-0.0005352408800438172,0.0016192106894220468,0.0018361240638469529,0.010338517100816822
46,4,-0.011175482167645202,-0.0013719460490535826,-0.007146637002614487,0.005880620068634047,0.0023191763244201193,0.0022309593597534217
46,5,0.0031357043545427554,-0.0006955359454393098,-0.002576093448331086,0.002989992821097885,0.005825458959240055,0.009996299179538586
46,Aggregated,-0.008998235337104686,0.02429309696487371,-0.006701274912631239,-0.001995548101574476,-0.002069479703697372,0.0016827629799535285
46,Centralized,-0.008998235337104686,0.02429309696487371,-0.006701274912631239,-0.001995548101574476,-0.002069479703697372,0.0016827629799535285
47,0,-0.04234403882352899,0.1292161534999038,-0.03577835437506961,-0.016208560610960796,-0.013977156685914522,-0.01775493855576667
47,1,-0.022545703739400465,-0.0018371584835777427,-0.012892014910325371,0.011475734370822405,0.013115759571030979,0.0008398020135040512
47,2,-0.028115730318538902,-0.0012732455836010276,-0.032021942167593506,0.007307340090260502,0.02325098224469415,0.0036173051977444236
47,3,-0.012973065773783578,-0.008566985806859748,-0.011839029473595317,0.002765128810644598,0.010738115607816408,-0.0006871353149371303
47,4,-0.011008769045173807,-0.0008643612053762203,-0.012046456059434267,0.009892598107060434,0.015080408147023104,0.0124614095293116
47,5,-0.02398158543361896,-0.008568214581819649,-0.02228473386691848,0.0009146697185155212,0.00922810232771253,-0.00038677226100391945
47,Aggregated,-0.02426197700760473,0.02392455245075664,-0.021802658119647583,0.0018422575987753409,0.008445046496108145,-0.0012715639693359634
47,Centralized,-0.02426197700760473,0.02392455245075664,-0.021802658119647583,0.0018422575987753409,0.008445046496108145,-0.0012715639693359634
48,0,-0.015407596846293968,0.10214639337583882,-0.005912980331602156,-0.026809487955597493,-0.03709131185363937,-0.014202744246000959
48,1,0.0013381201359964068,-0.012167066016078719,0.0028348979062692205,0.003771030987796482,-0.004704119763029282,0.0018046571333909332
48,2,0.01979776958035232,-0.021606884290597678,0.012413034059365755,0.007858883129541003,-0.0068313298857974585,0.015295653800797964
48,3,0.017869904069176226,-0.018499580193880996,0.0072735960360668294,0.0013771016749209455,-0.003366285013275275,0.009906953244093006
48,4,0.004846628425562405,-0.004246969842780442,0.005297055613121803,0.008651713053356313,-0.0024944825811802187,0.005783533246979085
48,5,0.016842808732455757,-0.02036363954261143,0.009264946453763145,0.0007123447333171829,-0.004332078947469039,0.012032816845782281
48,Aggregated,0.006052956640060889,0.009599938225415992,0.004226150707560645,-0.0019533455827860976,-0.01119769110980982,0.00370916387370463
48,Centralized,0.006052956640060889,0.009599938225415992,0.004226150707560645,-0.0019533455827860976,-0.01119769110980982,0.00370916387370463
49,0,-0.043626787066844655,0.10714068778210495,-0.014215550463794817,-0.007761034254498247,-0.015725424252387495,-0.030265927327688694
49,1,-0.004685988521539545,-0.0022706202303528593,0.005137971005821941,0.008470563549129704,0.009380632236852265,0.0023638439213533413
49,2,-0.01458975164046223,-0.0074193794702755245,-0.001318134035268681,0.011111330566742057,0.014903603088911505,-0.002569922188934485
49,3,-0.007666077906762576,-0.011651467422024525,0.0020406962726725827,0.008137150279175295,0.01075777217645772,0.001242000405448107
49,4,-0.0033172201159505786,-0.011951895515588538,0.002413223902775937,-0.0030393721438419286,3.7544754227125353e-05,0.006282523094441238
49,5,-0.011703395314040533,-0.00420240319359154,0.006327240843826649,0.011543589652525237,0.013912686858831926,-0.00063684488782621
49,Aggregated,-0.015502088774532234,0.01684869519555055,-0.0006206160325377038,0.003757653758974716,0.004378270182717599,-0.0052695599969981586
49,Centralized,-0.015502088774532234,0.01684869519555055,-0.0006206160325377038,0.003757653758974716,0.004378270182717599,-0.0052695599969981586
50,0,-0.0033583313686526835,0.11495267728005848,-0.0046074561653688595,-0.03154983727793354,-0.03300175983714573,-0.03520151566295211
50,1,-0.005039568877699802,-0.001069604555677156,-0.0005965749751593477,0.0035552140226691176,-0.004788172070598475,-0.010488712866496115
50,2,0.015764051650688858,-0.002864604807222735,0.01019885931191594,-0.005886320308708979,-0.014752878866160928,-0.017715853987521603
50,3,0.00680517432096314,-0.008204285491236843,0.004330252321358437,-0.01146656036881733,-0.007150389068841658,-0.005737083408987951
50,4,-0.0018680366788451387,0.0014054251979036955,0.002700448455018669,-0.002965944838309267,-0.002913828065587017,-0.005597260183382643
50,5,0.01249601124722591,-0.010629354855432796,0.0044488008704869735,-0.00817385633675824,-0.00627176074072377,-0.006901321894918729
50,Aggregated,0.003282732224464329,0.02108103039504956,0.002118107866945864,-0.010354374424370595,-0.012511912727781002,-0.014697715000976866
50,Centralized,0.003282732224464329,0.02108103039504956,0.002118107866945864,-0.010354374424370595,-0.012511912727781002,-0.014697715000976866
