,BeforeEvaluation,AfterEvaluation
0,1789141035.7747416,
1,1789141037.318471,1789141037.4068549
2,1789141037.5204794,1789141037.6084967
3,1789141037.7302206,1789141037.8177674
4,1789141037.9349892,1789141038.0240297
5,1789141038.252502,1789141038.3398902
6,1789141038.5426495,1789141038.6318946
7,1789141038.8185353,1789141038.9072902
8,1789141039.032221,1789141039.1202667
9,1789141039.2403867,1789141039.4015784
10,1789141039.5218544,1789141039.6087983
11,1789141039.7243092,1789141039.8130567
12,1789141039.9308093,1789141040.0203996
13,1789141040.1353667,1789141040.222383
14,1789141040.3396115,1789141040.4263928
15,1789141040.5428123,1789141040.6323612
16,1789141040.7554822,1789141040.84381
17,1789141040.9546723,1789141041.0427225
18,1789141041.1542547,1789141041.2423108
19,1789141041.3637462,1789141041.451039
20,1789141041.5616004,1789141041.7226548
21,1789141041.8349936,1789141041.9254336
22,1789141042.0406876,1789141042.130025
23,1789141042.2499816,1789141042.3385003
24,1789141042.454409,1789141042.5441537
25,1789141042.6542375,1789141042.7431717
26,1789141042.8566496,1789141042.94503
