,BeforeLocalTraining,AfterLocalTraining,BeforeLocalPartialEvaluations,AfterLocalPartialEvaluations,BeforeEvaluation,AfterEvaluation
1,1784810317.0905545,1784810317.1145935,1784810318.256008,1784810318.4654367,1784810318.497927,1784810318.5023322
2,1784810318.6667647,1784810318.6873088,1784810319.7473936,1784810320.06451,1784810320.090752,1784810320.0942512
3,1784810320.1463757,1784810320.1714015,1784810321.3124275,1784810321.5430784,1784810321.5696034,1784810321.5736604
4,1784810321.6271894,1784810321.6471786,1784810322.7008736,1784810322.9101486,1784810322.937108,1784810322.9411285
5,1784810322.9991765,1784810323.0197144,1784810324.1570432,1784810324.3749168,1784810324.4040155,1784810324.4079337
6,1784810324.572913,1784810324.593048,1784810325.6454973,1784810325.8600543,1784810325.8870797,1784810325.8911211
7,1784810325.9453628,1784810325.9699304,1784810327.0979207,1784810327.3113494,1784810327.3384693,1784810327.3426445
8,1784810327.501533,1784810327.5220551,1784810328.6248965,1784810328.8382618,1784810328.865279,1784810328.8700392
9,1784810329.0334063,1784810329.053201,1784810330.198605,1784810330.4157505,1784810330.4425273,1784810330.4466062
10,1784810330.6119263,1784810330.6314762,1784810331.6854246,1784810331.8973923,1784810331.9238777,1784810331.9276698
11,1784810331.9866593,1784810332.0151339,1784810333.1455572,1784810333.3756807,1784810333.4027832,1784810333.4066987
12,1784810333.4611683,1784810333.4813867,1784810334.5417814,1784810334.7558777,1784810334.7826095,1784810334.7867599
13,1784810334.8402026,1784810334.8604672,1784810336.0002084,1784810336.2132022,1784810336.2404037,1784810336.2444255
14,1784810336.310953,1784810336.3341913,1784810337.3818064,1784810337.593294,1784810337.6215112,1784810337.6257703
15,1784810337.6877162,1784810337.7121835,1784810338.8438628,1784810339.0552256,1784810339.082043,1784810339.0859835
16,1784810339.146964,1784810339.1673422,1784810340.214426,1784810340.4261417,1784810340.4529934,1784810340.4569378
17,1784810340.5142176,1784810340.5333617,1784810341.6638055,1784810341.8749425,1784810341.9020069,1784810341.9060426
18,1784810341.9767437,1784810341.9959683,1784810343.0576644,1784810343.301853,1784810343.331437,1784810343.3361511
19,1784810343.4260547,1784810343.4472156,1784810344.7241423,1784810344.9354203,1784810344.9624035,1784810344.9662976
20,1784810345.0250707,1784810345.047103,1784810346.1823199,1784810346.3923085,1784810346.4189422,1784810346.4230907
21,1784810346.4894485,1784810346.5092337,1784810347.5677965,1784810347.784792,1784810347.8112938,1784810347.8151882
22,1784810347.8682158,1784810347.8874457,1784810348.940313,1784810349.1546748,1784810349.1819568,1784810349.1858938
23,1784810349.3354623,1784810349.3552783,1784810350.4885814,1784810350.799328,1784810350.8256245,1784810350.8291907
24,1784810350.8815026,1784810350.9003005,1784810351.9583955,1784810352.168665,1784810352.1958065,1784810352.19992
25,1784810352.2672403,1784810352.2971594,1784810353.4233541,1784810353.635708,1784810353.6626544,1784810353.6665874
26,1784810353.7277806,1784810353.748559,1784810354.808728,1784810355.0264468,1784810355.053236,1784810355.0572639
27,1784810355.2050126,1784810355.2262185,1784810356.360218,1784810356.5743978,1784810356.6015024,1784810356.6053905
28,1784810356.6711733,1784810356.6914964,1784810357.7467046,1784810357.959972,1784810357.9874115,1784810357.9923022
29,1784810358.128946,1784810358.150412,1784810359.3830976,1784810359.5972295,1784810359.624404,1784810359.628291
30,1784810359.6880555,1784810359.7167227,1784810360.7676938,1784810360.9781861,1784810361.0109918,1784810361.0156174
31,1784810361.173344,1784810361.1930695,1784810362.3290288,1784810362.5428898,1784810362.5693948,1784810362.5732918
32,1784810362.6349547,1784810362.6553812,1784810363.7914383,1784810364.0029204,1784810364.0303195,1784810364.034462
33,1784810364.0891767,1784810364.109734,1784810365.175303,1784810365.38826,1784810365.4154012,1784810365.419251
34,1784810365.4858117,1784810365.5065897,1784810366.5561748,1784810366.7695003,1784810366.7967048,1784810366.8005967
35,1784810366.862561,1784810366.8828998,1784810368.0273876,1784810368.2526724,1784810368.2798073,1784810368.283883
36,1784810368.3378649,1784810368.3582764,1784810369.4218397,1784810369.6417642,1784810369.668878,1784810369.6727595
37,1784810369.729326,1784810369.7500446,1784810370.8857007,1784810371.0993328,1784810371.126782,1784810371.1309185
38,1784810371.1949322,1784810371.2144492,1784810372.2745733,1784810372.4885716,1784810372.5151708,1784810372.5190365
39,1784810372.579047,1784810372.6060553,1784810373.8026805,1784810374.0163524,1784810374.0478861,1784810374.052404
40,1784810374.1099784,1784810374.1292,1784810375.1908321,1784810375.41186,1784810375.4387932,1784810375.4427483
41,1784810375.50938,1784810375.5285988,1784810376.668434,1784810376.8808208,1784810376.9079401,1784810376.9119327
42,1784810376.9849076,1784810377.007929,1784810378.0567865,1784810378.268975,1784810378.2984176,1784810378.303364
43,1784810378.3598597,1784810378.3790562,1784810379.5221741,1784810379.7332685,1784810379.7604847,1784810379.7645242
44,1784810379.9270544,1784810379.9514215,1784810381.0016894,1784810381.2197213,1784810381.24713,1784810381.2510777
45,1784810381.3083289,1784810381.3290992,1784810382.4782338,1784810382.7966838,1784810382.8231282,1784810382.8267014
46,1784810382.8801873,1784810382.9068472,1784810383.9538548,1784810384.1783168,1784810384.2054403,1784810384.209345
47,1784810384.2628164,1784810384.2820442,1784810385.4228084,1784810385.6334443,1784810385.6608694,1784810385.6649241
48,1784810385.8238494,1784810385.8433006,1784810386.8987508,1784810387.1137245,1784810387.140866,1784810387.1448944
49,1784810387.1995895,1784810387.22125,,,,
