Round,Evaluator,3,2,5,4,1,0
0,0,,,,,,
0,1,,,,,,
0,2,,,,,,
0,3,,,,,,
0,4,,,,,,
0,5,,,,,,
0,Aggregated,,,,,,
0,Centralized,,,,,,
1,0,0.04185693859422343,0.17708901871178426,-0.22735064795663024,0.13314419935509053,0.2628275489058037,0.22033337799783692
1,1,0.03415881814789918,0.1720743992456597,-0.23237022231843577,0.12784135395390914,0.2583970178956588,0.2161231083976831
1,2,0.0408919266613921,0.1731255706933862,-0.23270738853926964,0.129779370052562,0.26062405759875357,0.21678830314752662
1,3,0.04197151426119665,0.1741459635474013,-0.23242395951610323,0.12885323692568046,0.2619879719397291,0.2183930088774727
1,4,0.04035584630086308,0.17183703242267065,-0.22619648416334245,0.13109690623209497,0.2600767322869839,0.2160421121737198
1,5,-0.8077959654618798,-0.5818567819662255,2.732410950663598,-0.6753513025968764,-0.5476966212901244,-0.6650738305844439
1,Aggregated,-0.21493752219243645,-0.05343715838201125,0.6602948070665945,-0.11197247366595647,0.0177699561175167,-0.04775888140609253
1,Centralized,-0.21493751960625632,-0.053437157614998454,0.6602948074693108,-0.11197247323893858,0.01776995602957128,-0.04775888046867128
2,0,0.1091346321975694,0.12227364363911296,-0.08201809212473406,0.10496365956983657,0.1444911747173909,0.16277623255903276
2,1,0.1084750792655027,0.1232133849714216,-0.07923308480076921,0.10500592462478756,0.14955636325393354,0.16475407045053198
2,2,0.10945382107729268,0.12161125482271046,-0.08043628915556955,0.1068163790678177,0.14771825036585284,0.16278715548965292
2,3,0.11378363423159467,0.12694629328877055,-0.080535499959815,0.10795990618888036,0.14952488592118862,0.16512850275748941
2,4,0.11095722862270403,0.12376081703092288,-0.07476447577874765,0.10726853645149548,0.14435080655308447,0.15948897659909955
2,5,-0.5046469137322446,-0.343954653275344,2.2755256317864574,-0.3298313632973149,-0.21881633106849663,-0.3814896792460988
2,Aggregated,-0.07449816748082452,-0.016964803171911753,0.628445319159952,-0.02472041100128999,0.037132657612196876,-0.0006718126560669354
2,Centralized,-0.07449816741937894,-0.016964804085875803,0.6284453179524123,-0.024720411815955076,0.037132657461353996,-0.0006718146495937219
3,0,0.0655917717106917,0.1110940924151594,-0.336416025572935,0.05159443114383188,0.05758738180399849,0.05511000338353562
3,1,0.06386539623118585,0.11290048236578072,-0.33696393985074335,0.05329653969112927,0.059155525679915916,0.05738848689720615
3,2,0.06286241525910119,0.10851326347878665,-0.3335996748447528,0.05092534037390679,0.056641982369711734,0.05452268289262316
3,3,0.06480239108150727,0.10912116901819988,-0.3399580467083979,0.04971292039935678,0.05311449889996989,0.053085249062335096
3,4,0.060536015493194144,0.1050399622582457,-0.3290484365444488,0.046111718855618725,0.05449836403421108,0.05073319150236888
3,5,-0.3729075985809806,-0.3766845289289375,2.4721659849599495,-0.336206437303915,-0.35277105390242136,-0.4695782152778122
3,Aggregated,-0.06765329871778099,-0.03675359688726149,0.5086400280129602,-0.0658563908476883,-0.06672883652167598,-0.10325969499390703
3,Centralized,-0.06765329937010356,-0.03675359872639187,0.5086400278923746,-0.06585639187018698,-0.06672883670091657,-0.1032596949732161
4,0,0.04773566082275644,0.0937802535305851,-0.38595259365356005,0.06252914071966632,0.08946465659925928,0.10645666509734444
4,1,0.04622937560920271,0.09660221113459364,-0.39032172649558977,0.06243093403055679,0.09225079871543297,0.10900573947162512
4,2,0.04757242556161093,0.09428502976238956,-0.3897277606226202,0.06172883121170079,0.09063503220905227,0.10569863129258725
4,3,0.051494195744994524,0.09661016339105354,-0.3939061739588653,0.06516230824843097,0.09228017369279296,0.10777144837399824
4,4,0.0466624355448157,0.08723094225553413,-0.38190581693523723,0.058430397941620194,0.08701133311877557,0.10148526192364656
4,5,-0.24228383159734307,-0.2793252727683765,1.753586888225005,-0.21244578913176235,-0.21488063554786968,-0.20578292678742838
4,Aggregated,-0.039296307537043086,-0.018422736021335456,0.2554644418775911,-0.020453524136053582,-0.0014113347800050382,0.012342721741913788
4,Centralized,-0.03929630700587531,-0.018422736984946297,0.25546444087494063,-0.02045352319174701,-0.0014113351862944847,0.012342720423460688
5,0,0.07518104390484123,0.07990766303305295,-0.21697748103227843,0.08395434413005119,0.0779974062121834,0.10040189613473047
5,1,0.07559958422673804,0.08184816138664976,-0.21648028396184626,0.08454179315448655,0.07707085016941373,0.10363165602739487
5,2,0.07393739263536435,0.0759204892199472,-0.20887618381004563,0.08278954109273666,0.07516409591318851,0.09925024299811411
5,3,0.0725118248564712,0.07363702998066518,-0.2150391927137074,0.08314036072719404,0.07487323511470267,0.09811977442519851
5,4,0.07513706439695544,0.07581817417327391,-0.20312083634043254,0.08073014342425526,0.07585276166386902,0.10007813390851127
5,5,-0.5466283431836629,-0.5404703293757709,2.0574128368766917,-0.5083992520718987,-0.47703763588094955,-0.4730921001598745
5,Aggregated,-0.11221737879101296,-0.10830107058501513,0.4700710263959233,-0.09474094378661546,-0.0900979986663393,-0.07205276076708646
5,Centralized,-0.11221737901722967,-0.10830107049838511,0.4700710256430526,-0.09474094377672952,-0.09009799989661725,-0.07205276019440468
6,0,0.07960714753405193,0.09755501025741815,-0.27037831345337554,0.07950795566611879,0.09299007150109682,0.082323345527864
6,1,0.08269929066843258,0.10276530841393086,-0.27185978179676956,0.07733747334421873,0.09323146912884159,0.08482693276810423
6,2,0.07620414829539308,0.09846582121832545,-0.26115323685228037,0.07245517868752252,0.088294211320311,0.08048553899888579
6,3,0.07572279442398094,0.10208924525915104,-0.26176439701214993,0.08339681717646756,0.09300767082264691,0.07527910467085709
6,4,0.07515143343388364,0.08365201234311999,-0.25119124758408523,0.0679262973679081,0.08639786594165416,0.08077693270130602
6,5,-0.6075606349619757,-0.44897078970647825,2.6495510028178955,-0.4918279294167079,-0.4571712465060304,-0.59471881450211
6,Aggregated,-0.12815187496269076,-0.06717401322405626,0.6122661798144367,-0.09459047413742938,-0.07392021146327218,-0.12229055447386011
6,Centralized,-0.12815187415771903,-0.0671740141191213,0.6122661793071059,-0.09459047331441936,-0.073920212126064,-0.12229055479160371
7,0,0.07048479480859723,0.09405915110470633,-0.29976429350319594,0.06909025911949523,0.07758703524892016,0.08804025122449498
7,1,0.0708218027979006,0.09155031755246748,-0.30066409706540836,0.06444249312244649,0.07652277799923336,0.08394528589483086
7,2,0.0676226158180118,0.0864873806645498,-0.28370920241582065,0.0649329675532178,0.07607625597606649,0.07865291200284422
7,3,0.0734908000691797,0.09513329371382787,-0.3009469416605181,0.07080778147121573,0.07796334391276441,0.08395109593377897
7,4,0.06513277662962079,0.08823025205205783,-0.27145237595750143,0.06214214163160702,0.07637782292806478,0.079414554126716
7,5,-0.5105034525462381,-0.4061146515461389,2.6176072044505356,-0.47455106188685325,-0.429279969720888,-0.5015820040995651
7,Aggregated,-0.10483005723052885,-0.05835832344804797,0.583054184160327,-0.09628081608125125,-0.07524376886299351,-0.0928529733697793
7,Centralized,-0.10483005790973923,-0.058358323268685106,0.5830541838397533,-0.09628081689239865,-0.07524376963842942,-0.09285297299495109
8,0,0.0820477036542175,0.07647596918745074,-0.2849442238788374,0.030468245856865913,0.05381149151068491,0.09624687452363384
8,1,0.08077897314729768,0.07683903786364847,-0.28679574176578815,0.0270880053941731,0.05347190768389471,0.09673932751944794
8,2,0.07360273871415536,0.06836334014613268,-0.2750455643667263,0.022004657887666472,0.05144443864574415,0.0940908542609077
8,3,0.08224578502664938,0.07342159304750528,-0.2888181307973876,0.022642323682276297,0.05117850856128979,0.09812647063302452
8,4,0.07330983273050234,0.07178187008988081,-0.2622400094013366,0.028885521917708594,0.05300873949625386,0.08853786658877826
8,5,-0.4479268065103009,-0.4271867922411165,2.3272433981801237,-0.5252298365659736,-0.4198839296898656,-0.35451046472263126
8,Aggregated,-0.07980540869795943,-0.07708291427063457,0.5039868744491838,-0.13953636866999602,-0.08943110093437344,-0.04028991745993261
8,Centralized,-0.07980540836362701,-0.07708291349148796,0.503986874319665,-0.1395363678661614,-0.08943110093067158,-0.040289916665564286
9,0,0.08562112525393187,0.04880395813854713,-0.26697144522973837,0.03835213017716878,0.05150778388244027,0.0750270145367025
9,1,0.08966088588297985,0.05041007994084415,-0.27883115221937055,0.04424195321360646,0.05362798001773777,0.07109017428566598
9,2,0.09086166843546087,0.04623834616485392,-0.26519898808835124,0.04801196868669171,0.05131484921927065,0.06481879945178368
9,3,0.09337051178813706,0.04939405588212687,-0.27259711870021813,0.04859784329907803,0.050624470037099016,0.07183216743003171
9,4,0.08522490711341386,0.04770331852740456,-0.2621431034064996,0.03984298761548833,0.05359159680811714,0.06992102532055036
9,5,-0.34246363784805045,-0.40522345848020636,1.9474331919534924,-0.3438568553862902,-0.3691679783576247,-0.34487386200961595
9,Aggregated,-0.04072583915722425,-0.08787323980655486,0.39711173694196883,-0.07271534205683686,-0.07450141594935356,-0.054326614878993776
9,Centralized,-0.04072583946448016,-0.087873240956614,0.3971117363877451,-0.07271534213662037,-0.07450141629014528,-0.054326616016613295
10,0,0.0804713693706832,0.07987170351765353,-0.2719642229947491,0.08075510764217694,0.06983208732608615,0.0646045250886156
10,1,0.0791681948093902,0.07817341835344235,-0.2835019270820641,0.08111725547514957,0.07428770522544025,0.06454948073178063
10,2,0.07383084239500175,0.07461720385477329,-0.27870598275776926,0.08944801796658496,0.07927154833157402,0.055876793480987196
10,3,0.0789620143705612,0.08027066483552403,-0.286844351643181,0.09213933664731108,0.07616491814133054,0.06082643791908714
10,4,0.08163089757218055,0.07490186036000922,-0.264750975317822,0.0805290776687056,0.07333878848217547,0.053661303329749575
10,5,-0.3599662504721991,-0.3996711132426785,1.9110036496193084,-0.3020690485567833,-0.3817912452209594,-0.4446509317312312
10,Aggregated,-0.05307550531344404,-0.0658812561886811,0.38056279658765546,-0.03148666859930259,-0.06259676477719424,-0.09175532897633067
10,Centralized,-0.05307550498302561,-0.065881255878971,0.38056279675871724,-0.03148666949708187,-0.06259676539518232,-0.0917553282707166
11,0,0.061138253598876625,0.044412194618061104,-0.2533639556451305,0.06717095868281153,0.06045032913719449,0.04712488572772115
11,1,0.06303137054175746,0.0367907857178481,-0.2523413575144105,0.06560241688619088,0.0675557473828836,0.04739223628512301
11,2,0.06501368245239508,0.03385265457935036,-0.2391287890443399,0.06765684665846516,0.06740815526456903,0.035964798159635415
11,3,0.06408190849459953,0.043215432621422134,-0.25665040108319986,0.07140361959884935,0.06726950461461877,0.042003016168027214
11,4,0.0652390114598121,0.04252530221620273,-0.2383063049102883,0.06734260104464031,0.05935074874053136,0.04350400790595987
11,5,-0.3967740466154377,-0.3594687818802113,1.9515335703701107,-0.331897369310805,-0.45872927822733617,-0.39836441552015617
11,Aggregated,-0.07470870084740668,-0.07996092979794749,0.4131650781764406,-0.052316356460500354,-0.09283737809995407,-0.0895269815531241
11,Centralized,-0.07470869982863812,-0.07996092893855208,0.4131650779990387,-0.05231635587171162,-0.09283737729879295,-0.08952698168090784
12,0,0.04527377964636611,0.030309379826867787,-0.2631996448279922,0.029223807997619918,0.08928458233943858,0.08124594923193806
12,1,0.04040162514684479,0.028216439524192383,-0.2616500835564083,0.031177264776383194,0.0900028456331072,0.08133284438147861
12,2,0.0447251051082791,0.026728666884869235,-0.27479969125490783,0.031041421623560942,0.09567270633411,0.08462914632590687
12,3,0.044455394022530646,0.0310750347441285,-0.2790023481566295,0.03380767528583591,0.09426794899017625,0.08418039969005706
12,4,0.049263413614882484,0.03347674313563202,-0.26058960077339755,0.03167046536977622,0.08650973306515314,0.07581356334466269
12,5,-0.3744837065691715,-0.41695120636369154,1.8640730245073838,-0.49554897235619727,-0.3548953807489068,-0.20227892078208795
12,Aggregated,-0.08121160876714088,-0.10437169720879552,0.3729646446528742,-0.12700142759263258,-0.04292402788514937,-0.0038399689490489206
12,Centralized,-0.08121160812912327,-0.10437169661286486,0.37296464516826766,-0.12700142768691153,-0.04292402757661937,-0.0038399684299058596
13,0,0.044190464227439115,0.051416865058956894,-0.25256734795084157,0.05103811275012356,0.08071229934008216,0.06696524436498669
13,1,0.03895340026318129,0.05597739381793116,-0.2422996161797606,0.0449828048548582,0.07823105703561727,0.06700862066700598
13,2,0.03732306674252076,0.047365339256442145,-0.2378449677916647,0.046273639632849965,0.08639464296663396,0.06653235266505045
13,3,0.040693279273470974,0.048215552840515666,-0.24623183155353448,0.05288673429976514,0.08585905267011451,0.06605732300754313
13,4,0.04917221451738951,0.04632407528452942,-0.24688018625392388,0.05198384345990435,0.07911751353382356,0.05785648724089662
13,5,-0.4003301714682899,-0.31352450865175696,1.7015803917517547,-0.3644565201687386,-0.32590729369150623,-0.23322351423689502
13,Aggregated,-0.09090910501662441,-0.059366226324211305,0.33998789005257685,-0.07497389591254935,-0.04056477443474724,-0.02472115475436952
13,Centralized,-0.09090910468885005,-0.059366226062502414,0.33998789081630887,-0.07497389537641509,-0.040564774525223134,-0.02472115422277144
14,0,0.049027516991995736,0.0576374621146414,-0.22262529587509627,0.05231579729188437,0.05967303139854535,0.052600683221759335
14,1,0.057974363891308854,0.05017921350730973,-0.225103170861608,0.043927937936277,0.06452024019015884,0.054920912420002035
14,2,0.05622996985023059,0.05344559386136466,-0.21799479686467732,0.04531103265572874,0.06689871928146215,0.05387599509544412
14,3,0.05359943593126887,0.05184623726332504,-0.2188358940438155,0.04570752528824165,0.06506938374088657,0.05615968897973916
14,4,0.05360179054044937,0.05319879483866345,-0.21575186706065191,0.04679955423591462,0.060015585089364935,0.04879927224883843
14,5,-0.33054923722173063,-0.26168755426269974,1.5152981062728776,-0.25021584952833853,-0.24374919128567427,-0.21734644013434112
14,Aggregated,-0.06152723177693299,-0.04140591663441241,0.3015524092449701,-0.042468374615205556,-0.02903803618065768,-0.028070974906988535
14,Centralized,-0.06152723172552254,-0.04140591741107478,0.30155240955625867,-0.04246837585524253,-0.029038037028776467,-0.02807097492736643
15,0,0.03826188004781917,0.03106745202537626,-0.1413428044593482,0.052047623447224536,0.03469030087453332,0.005744503149196769
15,1,0.02804205001388518,0.026554839561761603,-0.126000857176495,0.04468142713796985,0.027352305258237317,-0.0034832625513753065
15,2,0.04244335627933613,0.035898856496848944,-0.13784188086549928,0.045913187555831785,0.03749716673558139,0.007829072691682239
15,3,0.0422565632390468,0.03973423089063816,-0.14809687811151248,0.043983563111241505,0.037514047432025986,0.01606007221398738
15,4,0.04399623017135012,0.03747920558475139,-0.14774953123391005,0.0467781359591022,0.037858307069541394,0.0070520484596829965
15,5,-0.331575419162301,-0.24733885429222688,1.5074557788315066,-0.22920241612371994,-0.3187960458679259,-0.3116997731950153
15,Aggregated,-0.07238755086451641,-0.050462078117402824,0.3550479156920462,-0.03624418776811212,-0.07135630985601343,-0.08904623072668263
15,Centralized,-0.07238755125785207,-0.050462077707521064,0.3550479150927059,-0.0362441884616636,-0.07135631068555316,-0.08904622998626341
16,0,-0.02711401984151112,0.05666345215428292,-0.2001018832696621,0.05558401225403872,0.05178933462442669,0.039481903036514415
16,1,-0.04101178941997341,0.05639860060350895,-0.19146670520574205,0.047654873900428295,0.05830939943770324,0.04294308704365249
16,2,-0.0251432703966497,0.05540313868349501,-0.20746342634975612,0.05864267883029951,0.051990710518485826,0.0326158636480079
16,3,-0.02000753162687969,0.05265547374196634,-0.2019705545785244,0.05912361422987677,0.046890405012213546,0.03445339859477207
16,4,-0.012372552211778413,0.05244627585670717,-0.19701078406657316,0.05532395455619677,0.04907175416497951,0.031387164364627455
16,5,-0.45943608995367424,-0.21192319136408702,1.4217203918171293,-0.2568673067102876,-0.2550695844088566,-0.335032442518441
16,Aggregated,-0.15567361046839662,-0.025432236699207512,0.2877346264988338,-0.038555152632452815,-0.0405715272342212,-0.07540163801325203
16,Centralized,-0.15567360972624844,-0.02543223625367487,0.28773462735736366,-0.038555152211943694,-0.040571526609210366,-0.07540163772457444
17,0,0.06478640435313371,0.06703892567894815,-0.1957027857802824,0.05405621900180153,-0.0052065051552216595,0.018730892616900235
17,1,0.0684495519870184,0.060989561462841776,-0.1716571683586744,0.04236086438612272,-0.009852360634298537,0.023577085318776413
17,2,0.06171515656825568,0.06887430463920188,-0.19604169039996952,0.0556242041480423,0.0003681652086087255,0.027225850206601315
17,3,0.06392800054750362,0.06535400368663091,-0.1973734535353532,0.05587554505298805,0.002767029523399643,0.02961190616569049
17,4,0.054824737713413424,0.06086153663125665,-0.19207035657400723,0.05218454132982935,0.008159111640155139,0.027622415357881364
17,5,-0.25668118151600805,-0.15412024683915085,1.273162715197018,-0.2004710879694042,-0.31947937656592257,-0.23225184324388115
17,Aggregated,-0.033271082202723054,-0.0011263805202153545,0.24939942534383358,-0.023873580755491276,-0.0965557148125872,-0.052077424952186833
17,Centralized,-0.033271081478677696,-0.0011263802885331205,0.24939942474126103,-0.023873580162404515,-0.09655571476754944,-0.052077425185486366
18,0,0.026284910792656976,0.049342119103827416,-0.17622092280610632,0.054964762031070064,0.01660177852199488,0.029725540060350584
18,1,0.018315178427801865,0.04375595418508208,-0.16651940560010958,0.05229133197213098,0.034698737913594915,0.03253463549045761
18,2,0.01551777193965835,0.04994973827076547,-0.175195512559907,0.05185348978986055,0.01380698855457544,0.03535141570633493
18,3,0.014575381524225299,0.04853573978436229,-0.17672106238157342,0.048802632125753496,0.023047211321985644,0.032717518721657436
18,4,0.01636238426302473,0.04964106860247738,-0.1787618176360419,0.046214816999380244,0.024242721228143718,0.029881121656183174
18,5,-0.23455232884422644,-0.15429321479295968,1.1159431072227686,-0.14866401346025596,-0.3766714114658813,-0.134805465880908
18,Aggregated,-0.05776451540885161,-0.012633991147911031,0.21325288360966538,-0.009137124654392887,-0.09749729242917814,-0.01810898003095767
18,Centralized,-0.057764515538492725,-0.012633990878710645,0.2132528830225409,-0.009137125028980904,-0.0974972926945135,-0.018108980318571312
19,0,0.026785174987936984,0.05146816567222066,-0.12161197332488584,0.06375582107395708,-0.09413231043471457,0.07922721563298361
19,1,0.008579912950508065,0.05791954929035753,-0.13231860116923114,0.05317387378983097,-0.08185858984452485,0.07249842564749988
19,2,0.009977863378130314,0.06210358507933926,-0.11864744184233637,0.05958656861564516,-0.0973929574613753,0.08663205204066665
19,3,0.011338090082846468,0.050998262082828136,-0.11659658504192895,0.059474714268358035,-0.08059288088772293,0.07723211560807436
19,4,0.027389809219104094,0.04348626699149221,-0.13102162276849016,0.06119639405042098,-0.06273115463553688,0.072993202991219
19,5,-0.22482547529159258,-0.09613043087843308,1.1216707082922945,-0.18826386090619265,-0.5736337686227606,-0.030262285750315015
19,Aggregated,-0.05581787614407889,0.008310876947716674,0.2503962613801753,-0.015016594684779724,-0.23071360845951508,0.04526030745184373
19,Centralized,-0.05581787588456592,0.00831087673020073,0.250396262074195,-0.015016594955150083,-0.23071360792392756,0.04526030754121175
20,0,0.05068656423453932,0.005569822511651995,-0.101292076366837,0.03202261248511213,0.03840227291328919,0.05641131538949216
20,1,0.045039043124546575,0.0225605353399974,-0.09867104067109468,0.019384273090568227,0.04571739941019871,0.0539336220776547
20,2,0.055914400964417785,0.01212104380166483,-0.09587289971591151,0.021326939460474273,0.03819176640540916,0.06054708911671416
20,3,0.0527665551005435,0.004250009496337142,-0.08923051598008996,0.01945205330540017,0.033320760619073804,0.054028183355665275
20,4,0.05206664500912077,0.004109903538523804,-0.11268671783147319,0.029530195427094192,0.043761968291305894,0.05568027149749124
20,5,-0.26523154912382274,-0.09686937185791177,1.1224518858273644,-0.2069184735755424,-0.2969964113926889,-0.12419580497478414
20,Aggregated,-0.04384680290702428,-0.02231705137655033,0.2677588804783658,-0.04516942510232208,-0.061379129889066984,0.0019207414556097777
20,Centralized,-0.04384680338652663,-0.02231705177863682,0.26775888008604687,-0.04516942547339566,-0.061379130650394555,0.0019207408546071411
21,0,0.04914586883379357,-0.00835077298185751,-0.16173952154873203,0.04061594408789794,0.02592301516050538,0.015082701344664613
21,1,0.04789849162622815,-0.0125182858747019,-0.15626945351342855,0.03654961361215644,0.025603958214717604,0.0024608199841918833
21,2,0.05491068641969401,-0.006409335956160871,-0.16097248420304366,0.02876634118897619,0.026254395659893293,0.01222050058269506
21,3,0.053415583009337866,-0.007979510450181004,-0.14880763924729334,0.029617125564763536,0.02711006219553489,0.013692035686775515
21,4,0.04921350185280879,-0.0020397095665761244,-0.17290911777014556,0.040089561793020666,0.03598876836759707,0.018147869640555023
21,5,-0.23637909049518488,-0.16181389642336644,1.1399198564639916,-0.253460451690534,-0.33643358977890264,-0.1772986705483757
21,Aggregated,-0.03543858229685899,-0.053855361592995976,0.23063225004056515,-0.051616116539804045,-0.08141832506309508,-0.04467503192943601
21,Centralized,-0.03543858181909313,-0.05385536212609705,0.23063225080099875,-0.0516161156899111,-0.08141832432168901,-0.044675031690656127
22,0,0.06136752109983527,0.04490719860146451,-0.18644876292025458,0.013152176787862091,0.05818689121811516,0.016652472352557218
22,1,0.06376861561518454,0.049382671107415246,-0.18046104316387412,0.008705210027002482,0.07314783822506528,0.008140542283594333
22,2,0.06276823409485172,0.04515617008269258,-0.1802402200352839,0.01594139855737619,0.05205403444948469,0.021798179697042168
22,3,0.055893414357589384,0.04408891401456515,-0.16057717376292321,0.02481742710311501,0.046280357581286215,0.02262886797927311
22,4,0.05985484644143902,0.04614174344138085,-0.19238760061832824,0.025174702111088236,0.055520267247237715,0.024242472487483752
22,5,-0.173600597380082,-0.13788696535197623,0.9746007147232529,-0.3701856102373959,-0.21416324565565092,-0.12309249196793282
22,Aggregated,-0.009704724439509843,-0.00931797018205661,0.167033831956982,-0.09898984907495956,-0.024479757777871383,-0.02392522898525049
22,Centralized,-0.009704724275666016,-0.00931797066392778,0.16703383135940125,-0.09898984932084355,-0.024479757556992353,-0.02392523001282159
23,0,0.05600799390960012,-0.03844900398856042,-0.08409312202827939,0.066627883747071,-0.020408589574260585,0.05350857399491778
23,1,0.043723656878369405,-0.0497783309910794,-0.07471766066386665,0.06822652873886333,-0.02694454542065238,0.0629303142031362
23,2,0.05240373897937529,-0.03166717952134526,-0.0863029312659599,0.060574913205508944,-0.014531770953442493,0.04986177190043879
23,3,0.04920448238715478,-0.026416391291505862,-0.08664082352175317,0.05113182339552669,-0.0123920149971008,0.043646760823234196
23,4,0.05259185101067899,-0.021253429323942422,-0.11074355539675272,0.05813886496521402,-0.003483439903584507,0.051590951381720346
23,5,-0.2131994721399914,-0.16529369004727706,1.0843064985872248,-0.25388286183635206,-0.2968318696248665,-0.05775837382762134
23,Aggregated,-0.028562513973937376,-0.0731235477070587,0.2640224521241681,-0.033689455993323444,-0.10009915560819344,0.019224020915141356
23,Centralized,-0.028562514300991902,-0.07312354742122905,0.2640224520625015,-0.03368945613662552,-0.10009915610880853,0.019224020366419087
24,0,0.06323534391233267,0.01602015412429814,-0.18173885657378142,0.021455177834624896,0.009536640488825255,0.01964297467028051
24,1,0.05595763914498206,0.013671759955546429,-0.17218153666473177,0.010760356455220967,0.020126789374137137,0.013714347971686434
24,2,0.062402289050457305,0.012757304264957938,-0.18329204746125333,0.01962604417516593,0.0067069909599032215,0.01757707321789811
24,3,0.060705123601272296,0.00787469716558801,-0.1766150009989222,0.022508111334663638,0.008340879968837799,0.01750579793434381
24,4,0.05822742101147149,0.017182741110872705,-0.19012244751121282,0.02430002240111425,0.018429651344061045,0.022631242309042
24,5,-0.2051966044899341,-0.1135158809425625,0.9885444828619738,-0.22764459430867992,-0.3387992289982053,-0.16146502837583637
24,Aggregated,-0.019638964073770093,-0.024677503205622457,0.17068858233549572,-0.05462589750379512,-0.09300386570172484,-0.03579372268740312
24,Centralized,-0.019638964244592723,-0.024677503051741507,0.17068858239582937,-0.05462589728958346,-0.09300386501002826,-0.03579372249233577
25,0,0.06289817805316947,0.03490155453803729,-0.15542782630935623,0.05719141340030698,0.03535435471435959,0.032162641250478456
25,1,0.06193447085622956,0.036194488698424676,-0.13895815597421052,0.05465468225223155,0.04246687479230424,0.03774922013580542
25,2,0.06369334031637079,0.0337688178151786,-0.14388255375598366,0.0556248393082048,0.03731314439716276,0.029208300674777622
25,3,0.05318406126620064,0.033036038876726445,-0.13083938773424422,0.04603043516308754,0.039937680350211356,0.030780595061184676
25,4,0.06038669764916597,0.03223682049727309,-0.1505385204396039,0.04869046209959459,0.044608904037161924,0.024455455969134808
25,5,-0.1662829238139577,-0.07519331078745164,0.9469048463292855,-0.10719467641829937,-0.27415092762468973,-0.27294426876089034
25,Aggregated,-0.0077228212699524115,0.0011979387822475256,0.18395364295073466,0.0044558653316556195,-0.05447211679903111,-0.06044962586519203
25,Centralized,-0.007722820928879151,0.001197939061632534,0.18395364286091664,0.0044558652600163035,-0.05447211713476433,-0.06044962551572081
26,0,0.054237835758823454,0.029232510560879194,-0.10281016956483707,-0.010358326194790594,0.0412482217145629,-0.026318228931339997
26,1,0.04943190043763214,0.026214088683514478,-0.10115774439032846,-0.030246020792078623,0.039153554602398714,-0.03385552055899406
26,2,0.051856046632456555,0.029791203264439108,-0.09581897685931236,-0.010548418081629372,0.0394222051061329,-0.0260710769797306
26,3,0.0457102842526429,0.02599249408321304,-0.0945334894476866,-0.007464530356801321,0.03226609187149603,-0.015336859142614862
26,4,0.05448933917833639,0.031920575099619646,-0.1193868305429931,-0.00276556995083388,0.04353418205940748,-0.0161424520744227
26,5,-0.2359138159756377,-0.06535169326127331,1.1055024252548376,-0.17508960992095757,-0.40126021508469506,-0.20901825639441485
26,Aggregated,-0.03513908403547697,0.0003811039339478498,0.26043250775141524,-0.06121491680128857,-0.09324609511923482,-0.07929443204885424
26,Centralized,-0.03513908498984522,0.00038110358635537033,0.2604325079486184,-0.061214917322218246,-0.09324609434543737,-0.07929443239702114
27,0,0.05565657232588742,0.0632092868695039,-0.28946947095234865,0.06573603888460507,0.0633853560552987,0.04443164219724394
27,1,0.05474462561096154,0.06710244694084096,-0.2660324346635045,0.06324066650968756,0.0689064417401915,0.039276140563693634
27,2,0.04718023870651926,0.05880759546558,-0.26039185750158417,0.0576775565812368,0.05961664355351824,0.04374373380193765
27,3,0.043210867825091974,0.0490196218171176,-0.2404236305292615,0.05333672432258611,0.05404559037965452,0.04539002887033342
27,4,0.050526474784633506,0.05092664235338723,-0.26091061307461955,0.056709278217568125,0.06061200469244228,0.043719763007376414
27,5,-0.2687540326720566,-0.08958474871048958,0.9056219599229514,-0.159973806514632,-0.33932057224183443,-0.04732746173291533
27,Aggregated,-0.04562661320037976,0.013508266700475918,0.08795273419869648,-0.006581308457168268,-0.05910929689948936,0.016067773003733004
27,Centralized,-0.04562661343122363,0.013508267490105301,0.08795273453564499,-0.006581308237001339,-0.05910929742063882,0.016067772953145112
28,0,0.059762469116922755,0.05770023115904315,-0.1806100604085327,0.006586751083055549,0.04305123647561016,0.039173262952183784
28,1,0.06299311307574493,0.059868838662539677,-0.17933557808485545,-0.011754997622914863,0.04552751354066467,0.03647598934042513
28,2,0.05655219202967432,0.05666344830408697,-0.1802963885430027,0.0008955460155137216,0.04290466203892113,0.03966325334867778
28,3,0.03862311604162453,0.04698778272368397,-0.14852697936032158,0.00879673929308009,0.03795652902773644,0.03514713358998166
28,4,0.04654017455603114,0.05695961984103399,-0.1761838999039437,0.013579312350092618,0.047478715124661265,0.04035894199009799
28,5,-0.213925130888095,-0.11080181186028479,0.8716811914799956,-0.1974622610107983,-0.2620220457773498,-0.044951431367700044
28,Aggregated,-0.02730634723173413,0.005608110281183342,0.1410168673185283,-0.056820838618830916,-0.048415139298782356,0.013180964607921005
28,Centralized,-0.027306347302923407,0.00560810975474038,0.1410168668227164,-0.05682083890916569,-0.048415139746299185,0.013180964218695064
29,0,0.04323034975472567,0.04223524985007651,-0.13647509526695056,0.017558271345282556,0.038699792862626876,0.03322175539946863
29,1,0.040372631235492694,0.04526582032423106,-0.13103275232941616,0.02030352966593611,0.045013609842934274,0.02363977431005751
29,2,0.04506415657359436,0.04545621412322226,-0.13983477102182093,0.016520859257052562,0.03962889159976698,0.02971414169354874
29,3,0.032597630536087836,0.03671603502926521,-0.1290449463544868,0.007279953304456456,0.028002144776656766,0.03381263697835635
29,4,0.04034524767636064,0.044860474709559985,-0.16374733868407412,0.010289765390562044,0.03972944543324457,0.03936629919855776
29,5,-0.28276359514076455,-0.11786251974587664,0.9299530602928987,-0.15534930375414535,-0.2349292699784711,-0.05183628089358293
29,Aggregated,-0.056791068185174216,-0.005417272037260893,0.18158762730084518,-0.03662990830175835,-0.043886862572428714,0.006766163643994885
29,Centralized,-0.05679106876079677,-0.005417271942152354,0.18158762759644348,-0.036629908124272914,-0.04388686250872095,0.006766163683296643
30,0,0.01698449486826163,0.04115859679629753,-0.16881778940304878,0.036945400743379514,0.031246411479564362,0.007824721032166032
30,1,0.010106947901719983,0.041376307838871064,-0.1587721641438331,0.04256373573386823,0.03600823884318451,-0.0023530746280566333
30,2,0.014679020751198887,0.042382213005009065,-0.1702841197177272,0.03835420227757302,0.031891118058827536,1.8307393272582137e-06
30,3,0.005051613652131418,0.049291531569517225,-0.15842555722671567,0.041437673283478284,0.0310386130591502,-0.004297142182506777
30,4,0.00863528232293828,0.05836151919724869,-0.20199502514771364,0.047310186098347314,0.03796047411131885,-0.0013445417978155238
30,5,-0.18642164603598926,-0.18927807766090005,0.717907167826511,-0.2244288699825675,-0.25086765851154547,-0.057239238789127816
30,Aggregated,-0.04827702243747635,-0.02436036075482968,0.09572685296593338,-0.038557230712595196,-0.05188502776265225,-0.017228500230755596
30,Centralized,-0.04827702225631252,-0.024360360912616966,0.0957268518757098,-0.0385572303561878,-0.05188502798540354,-0.01722850030425686
31,0,-0.005321613063616585,0.023836593581372325,-0.04141679750151162,0.03700956619255551,0.004554203317764048,0.0023523257230856067
31,1,-0.026410614506401843,0.0249335491791002,-0.033356677849676754,0.041975060690877565,-0.0036660885257123236,0.0001723396820122701
31,2,-0.00724615978632095,0.025078844593692307,-0.045230376209243556,0.03875178402375809,0.005507637129360876,0.0011006251853527408
31,3,0.0009185021699451444,0.026534308335160923,-0.03659975202162274,0.033891477967261024,0.009825228511523253,0.006754930982495059
31,4,0.009702826490250139,0.035571367305791315,-0.07062090680427115,0.042703613408152444,0.01768833764168208,0.011259386819862686
31,5,-0.23771514053045487,-0.17021411423262003,0.9316628560975527,-0.13841440127978602,-0.2798836865470407,-0.04555591642893634
31,Aggregated,-0.07541911732267133,-0.032145077724647,0.2482541545423235,-0.014420734081072355,-0.07938406940885305,-0.010666162720177985
31,Centralized,-0.07541911728183243,-0.03214507639948293,0.24825415456068917,-0.014420733529969691,-0.07938406919343781,-0.010666162344228965
32,0,0.07690685433357512,-0.0706593770734915,-0.17255508518137783,0.05774217209454528,0.018175689072106174,0.06109977444786357
32,1,0.08049482982026741,-0.07611234551535587,-0.18497414477275034,0.05830795675638741,0.01246432323784201,0.06933509507689022
32,2,0.07498155175753163,-0.06873832947234752,-0.17812093782100283,0.05646282873119151,0.020340132150808904,0.06037995630702315
32,3,0.05651981477373285,-0.05606947654745438,-0.14542307330016604,0.04968635007320424,0.017793304733456194,0.050075078507721825
32,4,0.05670269552486979,-0.04558738271320579,-0.17466901228026302,0.056371498258821144,0.02721661125769911,0.05322110870888411
32,5,-0.14786905085574314,-0.25428909811671585,0.7899159166436609,-0.09578464416341384,-0.20917423638756938,-0.0009447881461695553
32,Aggregated,0.0038982334159607256,-0.12080079463759393,0.11772828341429072,0.010176649238087214,-0.04944611991544294,0.04085744012045768
32,Centralized,0.0038982338157182044,-0.12080079387855733,0.11772828362778426,0.010176649170925534,-0.04944611998686129,0.0408574403330284
33,0,0.02307157401239202,-0.04147646301759665,-0.11976818239022725,0.047670541206559246,-0.0025416746613498298,0.0774460139718343
33,1,0.011240082480388658,-0.024388300520141327,-0.11589193319978265,0.042165386321669815,-0.00813919031321256,0.08725120936778719
33,2,0.019234385724037413,-0.034266372596638145,-0.12141584753103513,0.0449203080948428,-0.0019584973525526043,0.0765519750333741
33,3,0.017692580428313773,-0.02618104004860711,-0.09923123995654723,0.039914438282919934,0.0001541517161142078,0.06016031000638158
33,4,0.024176838421531507,-0.02235514690762234,-0.13146865217455608,0.04718312300981428,0.008446162482711928,0.060138344177703563
33,5,-0.11746982661766009,-0.31109944004690987,0.7181833779542132,-0.0911634256519863,-0.26664074837745755,0.036466907765092475
33,Aggregated,-0.021961985060671072,-0.11430645143243783,0.13365112771214036,0.00363189312046419,-0.08071187616961424,0.06153598269854997
33,Centralized,-0.021961985298876347,-0.1143064514923916,0.13365112768062598,0.003631893890363511,-0.08071187615925135,0.06153598323461183
34,0,0.026999990596995132,0.034182596054741526,-0.08714123079138981,0.04283551166461366,0.03674968701461333,0.01608995223360438
34,1,0.03032000237988085,0.03177336769908196,-0.08747481937814422,0.044779462653439656,0.042112392851933605,0.01227060208165127
34,2,0.027971002980066415,0.03877989457424359,-0.08732625078749567,0.042514136164050226,0.04112793781181544,0.013167785370514254
34,3,0.02105563059976486,0.025283501120983855,-0.059765519389142076,0.031920671712196765,0.02613380722698189,-0.00021125693775975667
34,4,0.028012119523946097,0.02978147767346153,-0.08630624075766714,0.037023262215278366,0.03443829280329757,0.011566601627887871
34,5,-0.18087425996682452,-0.09642662637160328,0.7037523227686331,-0.15219832662519375,-0.11184614031049345,-0.06285117519570504
34,Aggregated,-0.03557254764165936,-0.00663033593079246,0.15445923961330418,-0.01790064058303239,-0.008360962590584125,-0.011494225436130363
34,Centralized,-0.0355725481768709,-0.0066303354113063295,0.1544592393940471,-0.017900640582536043,-0.008360962264712828,-0.011494225303736916
35,0,0.01597513280604493,-0.05145763350487022,-0.10188626215808144,0.04334861864339216,0.005453090022371482,0.05777720538619447
35,1,0.009049751447734898,-0.020462400664798236,-0.08382314088691879,0.03296761668209033,-0.006243845541778561,0.056339894357309316
35,2,0.014745149460808786,-0.04062754013786922,-0.09712578572083926,0.03742968393218302,0.002438610433332923,0.054197608514736095
35,3,0.020695988281755034,-0.029057855153214098,-0.0908060686785902,0.0397108488380315,0.008116101162428118,0.043548984786379225
35,4,0.028911533928994274,-0.02288904257534865,-0.1287446156005727,0.045515742843955646,0.018024701846692835,0.043449655303797255
35,5,-0.07858289477289866,-0.6486210432470861,0.8935065734877243,-0.17791636699306512,-0.13225959684742444,0.028675966892471347
35,Aggregated,-0.011117957135972288,-0.21797266210695496,0.1982944671764705,-0.025645032356067354,-0.035867401935902835,0.04433367439615083
35,Centralized,-0.011117957508095657,-0.21797266170447493,0.1982944671399764,-0.02564503249022957,-0.03586740226885614,0.04433367398905924
36,0,0.007317652751145671,-0.13825985498010193,0.013485052510834228,0.06941940915484954,0.056728922876454625,-0.02002399841453836
36,1,-0.00903759153201645,-0.09510479314225875,0.004706286350817815,0.06590654502093689,0.06269554351334994,-0.031239572839162143
36,2,0.007065156030543756,-0.12489734761687525,0.0111953787142602,0.06724807796730209,0.05647787839866541,-0.021055238520784995
36,3,0.011241297714384499,-0.11123684453814281,0.00960559477264254,0.046133192990332916,0.05139336416643754,-0.00876265866320671
36,4,0.02218929644500033,-0.08865590820054377,-0.03777635063011656,0.04258328675730733,0.055240144720455464,0.0023801204658084863
36,5,0.025166116836249912,-0.7466082114469682,0.9454872407700154,-0.05762496411383556,-0.1538487993416689,-0.04543960724407756
36,Aggregated,0.012988547120590124,-0.3024924193656528,0.28436465486964996,0.023425969461245255,-0.0067216281859813825,-0.02466729670778042
36,Centralized,0.01298854725607109,-0.30249241984003006,0.2843646549126342,0.023425969579626487,-0.0067216285899968755,-0.02466729694435864
37,0,0.040200334764806035,0.029987269475474504,-0.028051825430524983,-0.016328404782785865,0.020053830131904274,-0.01830577595505524
37,1,0.03976064295043019,0.029931508981917026,-0.025577354466556863,-0.03201486745054409,0.016626907834815373,-0.02672717174427796
37,2,0.04317445717143716,0.03326222402971547,-0.024860610881213673,-0.01966657890610349,0.0157843093105902,-0.025007967676736388
37,3,0.03049503972032913,0.0284368147745209,-0.0211979900331711,-0.029452531961139325,0.013716803372031553,-0.02092079290296697
37,4,0.035425375473579095,0.029325399433385673,-0.05663283260629221,-0.01305973769045159,0.02553296142982537,-0.005486436606764944
37,5,-0.07001900012714618,-0.08930888020705419,0.6708442404329458,-0.10116139525576623,-0.16679860207813238,-0.09020180593518518
37,Aggregated,0.00539957673866349,-0.005729923103875603,0.17977561389291913,-0.04586736907016346,-0.03730689030309663,-0.040604411611080436
37,Centralized,0.005399576279009429,-0.0057299235717452705,0.17977561364008096,-0.04586736928369141,-0.037306890471226324,-0.04060441119659639
38,0,0.03354208036946919,0.01003770695054489,-0.12473116133556496,0.02951910204965395,0.027428785084577568,0.03246707848853224
38,1,0.03712326826420366,0.002962563329493029,-0.13843914281249928,0.042541433977336375,0.03253579682788545,0.03749550462914281
38,2,0.03695652205878979,0.010069669371642238,-0.13455592305430342,0.030488674404208237,0.027105997288230235,0.034190912128808856
38,3,0.027633643202749327,0.00953330675577144,-0.10309699139432398,0.028610692220898543,0.023545053295942173,0.024469788981497823
38,4,0.03363953554537236,0.019974051990995965,-0.145080121352121,0.03854459075958114,0.03158103207546835,0.030756656902663382
38,5,-0.09943772653623506,-0.2037553369480418,0.6433591319645864,-0.13978785147820133,-0.15427665187633993,-0.036646377157336645
38,Aggregated,-0.006263277655333737,-0.053890057832774,0.1030293503520262,-0.018278490226375736,-0.026481439040768603,0.011279535171597042
38,Centralized,-0.0062632778929652775,-0.053890057948017024,0.10302935105570711,-0.018278489712692168,-0.026481438319732205,0.01127953525998462
39,0,0.03307202437345052,0.029578446287589974,-0.09009006613016592,-0.03223179816141133,-0.0077917901443438735,0.04011860925766423
39,1,0.03353759943461659,0.03907635312939591,-0.09414510702201692,-0.03585189577654472,-0.006511117050333034,0.046721207066359544
39,2,0.033015601539054605,0.032086505421502654,-0.09726839530102448,-0.033095056719164566,-0.006454811958192788,0.04052459829028367
39,3,0.02727036690332351,0.029651696139101198,-0.06862442709874172,-0.021531825586736688,-0.00012920065731436862,0.025641746930465528
39,4,0.03691298774802117,0.03447185778846984,-0.1120333871244716,-0.007179443132987813,0.009256172856944628,0.02225629091606833
39,5,-0.09577494836795657,-0.2124130325436621,0.6117257882461318,-0.24128122634689098,-0.21643636351793918,-0.015431962485771944
39,Aggregated,-0.005873835453018926,-0.0407851550927607,0.11922355938161304,-0.09069384795500418,-0.06668339901403394,0.019877873271572775
39,Centralized,-0.005873835579008133,-0.04078515543018671,0.11922355916589142,-0.09069384834995482,-0.06668339856805484,0.01987787326830929
40,0,0.014515335095221762,0.019531662712714434,-0.04451263393478458,0.0007687770045201511,0.03241911679887704,0.012806668767260413
40,1,0.0031289084223636646,0.022619875788789087,-0.046224313000932306,-0.007636162104977608,0.038239393175365725,0.015500640503796816
40,2,0.011321118691305846,0.02196413419465177,-0.050889530636400615,0.001066864721877548,0.035820830217322394,0.014369792730670359
40,3,0.005062733108165878,0.02001723607900604,-0.044355715683627,-0.004778430798221518,0.01769621654372194,0.012304171078250338
40,4,0.018763306429222876,0.03428986425524026,-0.09761476844918254,0.01143444438329897,0.025888771055503964,0.022613275923626046
40,5,-0.10153700022444252,-0.17053685586489425,0.7550023387683424,-0.1725785445483415,-0.08816012234447654,-0.0729029162574636
40,Aggregated,-0.023135319850480323,-0.03469451827857632,0.18726793113472884,-0.05175399028741938,-0.0055075719519820255,-0.011058923279204335
40,Centralized,-0.023135320269338712,-0.03469451859788996,0.18726793089522537,-0.05175399080575614,-0.0055075721337810805,-0.01105892355867516
41,0,-0.0027779030670477965,-0.012131233386896688,-0.05570144300537874,0.03392796948883837,0.030300266899139956,0.020679221153397438
41,1,-0.009494613395135193,-0.02027271890231654,-0.04945652382829054,0.031180921273380385,0.03800473827690603,0.023237504632148312
41,2,-7.42771701186201e-06,-0.017994037687871858,-0.05832813558105759,0.03365308532584951,0.03664166295948469,0.019455522947061543
41,3,-0.0035589555127169418,-0.030330533301654153,-0.05117978482987416,0.03168898250957139,0.03612315713602189,0.011675725305558302
41,4,-0.007516902480431487,-0.02876738345343995,-0.09555877674611203,0.043543041995682,0.05574446852316908,0.017545999390489137
41,5,-0.14144678290670284,-0.15218341725135204,0.6001788538851742,-0.17607086175213285,-0.08565002417950401,-0.0078538178391461
41,Aggregated,-0.04578317797047639,-0.06106001786374397,0.13700629752188578,-0.028584404285352305,0.0017864855522664788,0.010591714633046988
41,Centralized,-0.04578317780293746,-0.06106001732578399,0.1370062979919556,-0.02858440402274275,0.0017864864900015043,0.01059171445371349
42,0,0.012426172657206377,0.02261939414871324,-0.028332864841234512,0.0590787800814348,-0.09340179883698657,0.0056082551851593795
42,1,0.01190224040722274,0.020591620172345514,-0.024271564456442584,0.06142739390708008,-0.09563847687286589,0.0018781472175564658
42,2,0.019076209426683033,0.024637386706524926,-0.03341288247256208,0.05714661025694539,-0.08718028029710435,0.004231442529042862
42,3,0.022639040058665568,0.025054317612992014,-0.02623183250207282,0.04795201570006527,-0.07254271246630416,0.007400420407850403
42,4,0.0377128322472288,0.041331217171351804,-0.09055497715554588,0.05628819728988168,-0.048565922212472835,0.02091434141944258
42,5,-0.13030775759723795,-0.10084856926087857,0.6067392457796326,-0.16251055538926282,-0.22832595559675287,0.013060931832491077
42,Aggregated,-0.02465403329116113,-0.011535883942662488,0.1540046351915505,-0.009415104207241239,-0.12421021325891829,0.009525776088582663
42,Centralized,-0.024654033479871506,-0.011535884123692636,0.15400463574986284,-0.009415104228758629,-0.12421021250673397,0.009525776195087229
43,0,0.029101952048899676,0.044154085344088344,-0.13269769793278777,0.017731986558258358,0.027308989510513658,0.011272733981336151
43,1,0.0304143251740488,0.049526029894423396,-0.1378426636927353,0.014127729497130466,0.03339295036874908,0.010998458332099753
43,2,0.03629768572233259,0.04894279972185258,-0.14647109404400802,0.018588846398151875,0.028877318404535765,0.009202131748993593
43,3,0.031604499661973165,0.035934750271429464,-0.10048823530575143,0.017124218184240494,0.02021539331084363,-0.006146603687296068
43,4,0.04503419468583202,0.04379222416854989,-0.13615086892892783,0.03181993908105423,0.024934734312391252,-0.019105896197070774
43,5,-0.10758526953013911,-0.06665499531767997,0.4530581253812365,-0.15932856976456947,-0.14574777779977283,0.00025032710515544073
43,Aggregated,-0.008214613772052891,0.011068032678015897,0.04474496038899465,-0.03398753151752426,-0.02496238281123027,0.000945437083810217
43,Centralized,-0.008214613963617178,0.011068033035680967,0.044744959986977445,-0.033987531605078176,-0.02496238317713442,0.0009454376347536432
44,0,0.03566806301220549,0.019989862616476124,-0.07544156455117061,-0.0307564186377533,0.020397901355926295,0.019772147044446197
44,1,0.03965943418391762,0.02471278919111943,-0.08823345713618831,-0.04592322624649475,0.023877809963547176,0.024596415213782658
44,2,0.040711980764175225,0.024370483395588415,-0.08855042478503153,-0.034390028813050526,0.021328916225749475,0.022965995615050094
44,3,0.031408055648587715,0.01732025826238048,-0.062133805237803104,-0.031330108506681324,0.015339902807090924,0.016924695778242516
44,4,0.0405355705135809,0.030594117894528153,-0.10502713624490438,-0.014955020802215101,0.023033980653183614,0.019277357509058513
44,5,-0.07224380953177058,-0.11972043440614796,0.5263080295328552,-0.10996484944897694,-0.16180275143902273,-0.024677468243763108
44,Aggregated,0.0045807835184993135,-0.019620888111285806,0.09953222618794094,-0.05506465424670358,-0.034089742240029114,0.0070655616011882
44,Centralized,0.004580783826883722,-0.019620887600365764,0.0995322266363415,-0.05506465391208644,-0.0340897418519556,0.007065561509728946
45,0,0.030385960249117754,0.024102403340993245,-0.05208512659564429,0.007638500259558151,0.023764511026984562,-0.007729661911158201
45,1,0.03303409067646838,0.032367345644617726,-0.05446599970378086,0.004377832805445573,0.03114168490131133,-0.010939736039832289
45,2,0.033960413816099176,0.02805690537292686,-0.05956355380886851,0.006581573941285919,0.02863837354496017,-0.005457231221299447
45,3,0.020133132977629812,0.020759810435910766,-0.04213093693638226,0.005812549076118635,0.02116806408821548,-0.0044967910547375894
45,4,0.024703930217113482,0.03381867866199033,-0.09489212296602177,0.01641324358466849,0.029889116816110686,0.005033516848698035
45,5,-0.06125883675377999,-0.1649013781588777,0.4928783349067709,-0.11161651806494732,-0.13048564918953529,0.008168533160771128
45,Aggregated,0.0014807749143142855,-0.030107473674797467,0.1057452540595286,-0.027839111413072774,-0.020392746257650123,-0.0008445522587771337
45,Centralized,0.0014807741884002767,-0.030107473457193314,0.10574525408912605,-0.02783911123231778,-0.020392746022906097,-0.0008445523231491972
46,0,0.01959569462711911,0.032154411048381425,-0.055187150257741055,-0.008901147138998767,-0.024989569655037642,0.01029062681251088
46,1,0.023299354297620322,0.04328555976981939,-0.0661554430819992,-0.015126553754065745,-0.03323892351121935,0.012644479541350475
46,2,0.025880478785920057,0.03914953193803013,-0.06378374736527834,-0.01388733472567918,-0.03012614323065042,0.012972710877701892
46,3,0.02080519827565123,0.030399810178859284,-0.04273723604746401,-0.012455298304600602,-0.025055405780134654,0.009426893678785388
46,4,0.03214514022717812,0.03858806278618003,-0.08378782350717728,0.0014060383400895666,-0.010239311571136212,0.01483038838033038
46,5,-0.08873234888193009,-0.17082778107102226,0.5540908707239053,-0.17554364121191515,-0.19037733846044394,0.008026526049740143
46,Aggregated,-0.009643669129119712,-0.025667878225127862,0.12295359365448627,-0.059614230329863765,-0.07452018772446406,0.010828747921869481
46,Centralized,-0.009643669179597253,-0.025667878564967366,0.12295359325252136,-0.05961423070637898,-0.07452018783831717,0.010828748039405275
47,0,0.01622752599037112,0.0178362978353585,-0.09046413209520957,0.024482786657677034,0.024718016286342886,0.01731011562245468
47,1,0.024932890597353655,0.022338588577604214,-0.10723277504648507,0.026456304769175005,0.03506242315436192,0.024474953449475187
47,2,0.024299774908879662,0.022067258828168665,-0.10989714575039747,0.027319896437370067,0.03292434887154414,0.021763842111501043
47,3,0.018967485251530917,0.016321340233478213,-0.07648702951184537,0.019306296758046,0.022248900069127917,0.017046976237338387
47,4,0.023721509814245905,0.025585904605075007,-0.09856268587123738,0.024065369169290605,0.02170388893460967,0.016668243784944865
47,5,-0.09582682455644696,-0.16139220446162167,0.4688553042781919,-0.14517705324596875,-0.10645231994290326,-0.04012906580371074
47,Aggregated,-0.013675286913562826,-0.03394243677858014,0.07341439033649405,-0.026623137446318258,-0.012881230696057061,0.00154370072373712
47,Centralized,-0.013675286483355439,-0.033942436789758085,0.07341439011200297,-0.02662313673821393,-0.012881230278429828,0.0015437009627259307
48,0,0.02416767628101593,0.02690002691781007,-0.060602142199104994,0.011295007915054224,0.0070674402703714626,0.01708346593725309
48,1,0.02802423332753908,0.030344963186604422,-0.06398630026840488,0.009188054713247292,0.010223053183079284,0.020909000860815704
48,2,0.028635807742513637,0.02951036946507577,-0.07364827152746603,0.013918798806013204,0.011872215707713673,0.01882178683449712
48,3,0.016739321463079535,0.018815508455591927,-0.051046297392098934,0.01045988247470716,0.008998874018374802,0.011498008757851676
48,4,0.021338032260648107,0.026566166589894493,-0.08168203573403025,0.01995604801567428,0.017245029443542975,0.009828163953989702
48,5,-0.053851370535991275,-0.12632498522639868,0.5352464660078924,-0.12100484049986221,-0.15034792064169242,-0.0164865273801325
48,Aggregated,0.0004462714767855459,-0.01948690815159224,0.11458767220515184,-0.027304663866002606,-0.037441080487842865,0.0059750747797032745
48,Centralized,0.00044627130400266634,-0.019486908273461973,0.1145876719433762,-0.02730466403261251,-0.03744108055036624,0.005975074842485202
49,0,-0.011603180001380697,0.011942417718387877,-0.03568481611771991,0.005072242594784663,0.02175963185922011,0.0069556568481274565
49,1,-0.016607454610207417,0.012815786609823753,-0.046264768836109416,-0.0004483378236393677,0.0304723916848233,0.011086762712205357
49,2,-0.010686469193572972,0.015175461757341108,-0.046435490059124174,0.0073617202146969655,0.02208403878141253,0.011809294832187825
49,3,-0.007729039935915341,0.013133301642343715,-0.03402460363238898,0.008896837806192031,0.008909398476141459,0.008441476491272547
49,4,0.007750535677276132,0.02472356895975465,-0.06805783102831561,0.016929886145458196,0.010293538009052739,0.015453405930806902
49,5,-0.08803626702072466,-0.12964042061615622,0.5290567729243965,-0.09589882197159608,-0.14820989648655242,0.0040223837435513
49,Aggregated,-0.03190001724715709,-0.02808566718556685,0.12678517160702626,-0.02353592599542952,-0.03146712019525314,0.008727337008548136
49,Centralized,-0.0319000176786999,-0.028085666700446335,0.12678517202207062,-0.023535925898415768,-0.03146712039625994,0.008727336620380492
50,0,0.018694661008239768,0.009212449926744049,-0.07971273382034537,0.021189357786991155,0.020883100405782187,0.012109964540853118
50,1,0.02166358347599558,0.00734900227054893,-0.09033650364762084,0.023602757796702397,0.02723176370976584,0.015597491379586291
50,2,0.020271581180777865,0.01217757524686579,-0.09369491605358007,0.019756401767822528,0.02119460914311643,0.01732940083375308
50,3,0.014871587522370182,0.011607218391790543,-0.06422653334007289,0.008082203387981416,0.012118430563873425,0.015338762459833321
50,4,0.023449328714776754,0.026442991512181234,-0.10077759744572631,0.0055993226055099585,0.012800079130962962,0.022315535991885065
50,5,-0.03976542075434971,-0.10892156926522595,0.3583428443821346,-0.06701796657444933,-0.128575365554771,-0.008567764841744405
50,Aggregated,0.001888935003515328,-0.023396900446922587,0.04773567019264732,-0.009201129573741609,-0.02546619721692843,0.00899187062737861
50,Centralized,0.0018889343847570477,-0.023396900958423315,0.047735670184302206,-0.009201129361180747,-0.025466197401505367,0.008991870301891889
