Round,Evaluator,0,4,1,2,3
0,0,,,,,
0,1,,,,,
0,2,,,,,
0,3,,,,,
0,4,,,,,
0,Aggregated,,,,,
0,Centralized,,,,,
1,0,0.20575702721070901,0.1564564493280109,0.2055318167131186,0.16264521037086585,0.1625464857732571
1,1,0.2090580180420223,0.17512987538830074,0.21288988024060915,0.18349190058606515,0.17943357203553958
1,2,0.1536471485848847,0.14443111515462642,0.16450655276670031,0.1533573182405689,0.14463717645939844
1,3,0.18604487393323546,0.19158858950365146,0.19382107461481984,0.17617111391372783,0.19276065127701222
1,4,0.16244083682613078,0.18814638466272154,0.1783440725183442,0.15487865493159567,0.17172840272657447
1,Aggregated,0.18518464068284027,0.17243934164595007,0.1908366608309864,0.16776244299045964,0.171159266049458
1,Centralized,0.18518464068284027,0.17243934164595007,0.1908366608309864,0.16776244299045964,0.171159266049458
2,0,0.0294552686629448,-0.018073376025830378,0.01462775039627406,-0.006499703587556592,-0.018301239167245444
2,1,0.012869996602238646,-0.00816378101580547,0.01606631943219591,-0.0003540904497570311,-0.019955063857828723
2,2,0.006280933377635421,-0.008258383795964747,0.006408052202894319,0.004999756963908697,-0.008729523775019057
2,3,0.0033741353769006686,4.4516199156324765e-05,0.0026613058893889263,-0.009459763877455089,0.003433631395525207
2,4,-0.008610771006394602,0.019886503118822296,0.0062518879197023015,-0.017834918714472996,0.00020069768937832264
2,Aggregated,0.008186699939621693,-0.0020644064422931504,0.009124134229409402,-0.005782739127202946,-0.008944890253094912
2,Centralized,0.008186699939621693,-0.0020644064422931504,0.009124134229409402,-0.005782739127202946,-0.008944890253094912
3,0,0.04069116093018898,-0.023180146805708398,0.015285737026238647,-0.02693462797825182,-0.029046589189034817
3,1,0.022727691937445917,-0.008805211570271167,0.022196346389528828,-0.013497559873773246,-0.022189118987868024
3,2,0.012020192058060594,-0.009782481527783889,0.010657317623891705,-0.0008637676350880752,-0.014105856918529265
3,3,0.0035580264166790738,0.003427515224993462,0.0021859299602675648,-0.01223723116863868,0.003533429159794989
3,4,-0.011050498261610394,0.058091371383913314,0.01488350057446658,-0.019318801761776434,0.008832696011001595
3,Aggregated,0.014793420119581395,0.005032891778901296,0.013799480182500979,-0.013320536460845321,-0.010580714884682764
3,Centralized,0.014793420119581395,0.005032891778901296,0.013799480182500979,-0.013320536460845321,-0.010580714884682764
4,0,0.03560491709550959,-0.0271617897945711,0.036016173044961,-0.02270694335815487,-0.017219912311343528
4,1,0.009772959293031276,-0.0174207275858838,0.032624938849957416,-0.011239740809180025,-0.013478789427324323
4,2,0.0016216350500898628,-0.012248822111388311,0.016760140556039412,0.0004460671454542579,-0.006663715359113916
4,3,0.002299975687596904,-0.0031466322604763934,0.0037806007819597216,-0.008249861235950404,0.005024283147398776
4,4,-0.03702050238696696,0.03315406638591661,-0.013041274944382553,-0.009872305631192834,0.00855775552772293
4,Aggregated,0.002200023942706438,-0.003953816274630306,0.013465562612648347,-0.009662029747658377,-0.005632262543571009
4,Centralized,0.002200023942706438,-0.003953816274630306,0.013465562612648347,-0.009662029747658377,-0.005632262543571009
5,0,0.043639157366940164,-0.026004466963730155,0.024245881071808768,-0.01857344204305989,-0.028297340897316073
5,1,0.016402185332497387,-0.014684497979109111,0.028052771614348656,-0.007253005223604677,-0.022717600019876518
5,2,0.006730929094146778,-0.011924253878393262,0.014840902811999845,0.0025511624895518652,-0.012451970565739805
5,3,0.0010230817994189493,0.0020879800012414333,0.004238246319560825,-0.009299070320318013,0.002058578802044975
5,4,-0.034283029414142706,0.04880257178278934,0.01613516352211775,-0.013830417107614425,0.003331837461647517
5,Aggregated,0.0074288914827893866,-3.7236998322002594e-05,0.017476436833644946,-0.009023100321354853,-0.01205318252947047
5,Centralized,0.0074288914827893866,-3.7236998322002594e-05,0.017476436833644946,-0.009023100321354853,-0.01205318252947047
6,0,0.043633096642403536,-0.023865783814973278,0.03050326569045119,-0.02461169501026501,-0.017666270511568462
6,1,0.013343446723157753,-0.01336880816603565,0.030929283752438464,-0.015246892856483856,-0.015350437983846634
6,2,0.004474925259472356,-0.010854476819879355,0.016667513422887862,-0.0008087297465368441,-0.010308699536033607
6,3,0.0034875945356407684,1.8862547961484567e-05,0.0031525490767601158,-0.011296904282962523,0.004134918363014462
6,4,-0.048825433457871256,0.031036341086798407,-0.002112436562452045,-0.02226060216031577,0.00204584124824783
6,Aggregated,0.003201560256801983,-0.0029590984234540577,0.015074485232939104,-0.014215531684345984,-0.008474898540507274
6,Centralized,0.003201560256801983,-0.0029590984234540577,0.015074485232939104,-0.014215531684345984,-0.008474898540507274
7,0,0.037794485438802795,-0.02908701624508713,0.022071413765835643,-0.01374835537997245,-0.023830789918825212
7,1,0.008969184428148397,-0.013549533597368907,0.027481105588840874,-0.004683938664904952,-0.01838017757924806
7,2,0.004206967128700386,-0.009133778142776139,0.012612023448553748,0.0037064843754073874,-0.010197324629346855
7,3,0.0028093713237733815,0.001622724005550652,0.00043444635902536814,-0.008343198546507037,0.004194295406415979
7,4,-0.031951736084537864,0.052669689477546314,0.0064607070023332365,-0.0067675014174324736,0.015470007545246574
7,Aggregated,0.005049403836539279,0.0006378975677984437,0.013382211338225165,-0.005348502439421599,-0.0069788978012594515
7,Centralized,0.005049403836539279,0.0006378975677984437,0.013382211338225165,-0.005348502439421599,-0.0069788978012594515
8,0,0.03885732460800751,-0.024613347645542023,0.032527898377054144,-0.03068923097854036,-0.017095094639508993
8,1,0.013198921734061725,-0.013093180409052415,0.03231447085390264,-0.01696072697828239,-0.015124228526545287
8,2,0.007155106482793961,-0.010679145971672846,0.018240705983118985,-0.005891941482879957,-0.008833147083429775
8,3,0.003149036281655323,-2.3608497813585687e-05,0.004488435349410624,-0.011601586060104752,0.003953731392026862
8,4,-0.043359663448818885,0.047867031469734395,-0.0016742152149348674,-0.009389794460964211,0.010009973307875801
8,Aggregated,0.0043733752666387776,0.0007324851499508881,0.01622253707099326,-0.014683092574430684,-0.005999270231989948
8,Centralized,0.0043733752666387776,0.0007324851499508881,0.01622253707099326,-0.014683092574430684,-0.005999270231989948
9,0,0.03530919085094868,-0.02643160578190789,0.02705618072045168,-0.015271129869982114,-0.020728044737891478
9,1,0.007607225659769995,-0.013186153609441333,0.02820231844249103,-0.00669683147564267,-0.015924747823394512
9,2,0.0015564775083067417,-0.009161964719915443,0.013638636692785993,0.0027721274309189083,-0.0091407624494415
9,3,0.0019398005445934563,0.003057142239939148,0.0015892953899255102,-0.010936749890920831,0.004222224209669234
9,4,-0.03260129847858525,0.054726073938270746,-0.0056486597736051395,-0.018590262594479004,0.002275326242857702
9,Aggregated,0.0034842857160456947,0.002155920725818176,0.012441495046207837,-0.009321807644877243,-0.00883346431091085
9,Centralized,0.0034842857160456947,0.002155920725818176,0.012441495046207837,-0.009321807644877243,-0.00883346431091085
10,0,0.038825198220993326,-0.02594126059190074,0.02609302918060902,-0.020312497141460426,-0.018714231671755645
10,1,0.009723346743841555,-0.014482258361951269,0.028527631199769945,-0.00781690720391783,-0.01652288679642402
10,2,0.004595805536477787,-0.011310621416105487,0.01490948365473923,0.0020358540946100547,-0.010207711690690078
10,3,0.0020640605729258686,0.00041686090674663927,0.002367437357071861,-0.00867850119976633,0.0037740237689903107
10,4,-0.05425899603104612,0.04199106116666851,0.004052313182134568,-0.01217339809835618,0.020279725293233953
10,Aggregated,0.0008180129366699207,-0.001564384560979241,0.014629359422558382,-0.00944571711969029,-0.00462461537545974
10,Centralized,0.0008180129366699207,-0.001564384560979241,0.014629359422558382,-0.00944571711969029,-0.00462461537545974
11,0,0.035432029224306105,-0.029416359311028914,0.028029775310449756,-0.014201878469246016,-0.020257458182299796
11,1,0.010116120972057675,-0.01449406970515692,0.0297375324731455,-0.008541762742666369,-0.017151217851672472
11,2,0.003616353497469649,-0.011764372322017167,0.014954698708319116,0.00277717812683758,-0.009950930817468505
11,3,0.0034351786133669073,-1.1509141399688542e-05,0.0024026565124423897,-0.01030497801163905,0.004205450855764877
11,4,-0.028861365861208643,0.042690169902641587,-0.00044833380822419854,-0.016626056997930988,0.0033047528488262296
11,Aggregated,0.00520650396075261,-0.0025396939683935676,0.014512857904987382,-0.008888702970027954,-0.008381975537442316
11,Centralized,0.00520650396075261,-0.0025396939683935676,0.014512857904987382,-0.008888702970027954,-0.008381975537442316
12,0,0.04438066322393454,-0.025075189724375856,0.024932877836277328,-0.023438804108987785,-0.02074878532720256
12,1,0.012077768564578883,-0.011933333281862187,0.029446854633641228,-0.01312442616733703,-0.015626919830846776
12,2,0.0036243631526993946,-0.011202143369018447,0.01616950344534472,-0.0001306808736709038,-0.008878318421512921
12,3,0.0017189556589396063,-0.0005252953708097104,0.0035239980318112264,-0.008854027730590582,0.004300231025956591
12,4,-0.053228878438276804,0.040656528996869556,0.021335083621762292,-0.014167012676913091,0.00599500499364706
12,Aggregated,0.002198381899118923,-0.00147208828145504,0.01871268636160456,-0.011834164816297916,-0.007586848344044331
12,Centralized,0.002198381899118923,-0.00147208828145504,0.01871268636160456,-0.011834164816297916,-0.007586848344044331
13,0,0.034434365125775766,-0.030129803061739225,0.026059450109015357,-0.006939280995782454,-0.023308300819372442
13,1,0.005205749264555328,-0.014167667911797653,0.027469082464484606,-0.0007228892125950515,-0.018078610289325205
13,2,0.0024479226780994307,-0.009840035659051866,0.016719754721569842,0.0020517613528624485,-0.010628229182221085
13,3,0.0009113805773345233,-0.0026652729182809363,0.0007184082653037753,-0.0011007530641253705,0.0023951001736094916
13,4,-0.04323160123842563,0.03690582521261763,-0.0012024538078466577,-0.00038576463963958715,0.008061944869026259
13,Aggregated,0.0007253626787280309,-0.003757695686935351,0.013156695994150026,-0.0010736167274040752,-0.0087635218930957
13,Centralized,0.0007253626787280309,-0.003757695686935351,0.013156695994150026,-0.0010736167274040752,-0.0087635218930957
14,0,0.0387124647647295,-0.022088562675720423,0.023176795666718812,-0.01936440178133932,-0.020274071842991164
14,1,0.012771563177128333,-0.013613771484838437,0.02657092380215596,-0.008030232398906333,-0.018092544450798644
14,2,0.004900438656530533,-0.01199667786022725,0.014756920632994556,0.0028567080100478297,-0.01195579242370006
14,3,0.00632110952735136,0.0027509145468074462,0.0002904771198157722,-0.013577770843566834,0.003932626147468552
14,4,-0.04473491649872345,0.031685363126879654,0.011448433037565231,-0.017766118754421138,0.01702530379291032
14,Aggregated,0.003512327629412437,-0.0019163352710528585,0.01541840424409131,-0.01128191733911648,-0.006484140989217663
14,Centralized,0.003512327629412437,-0.0019163352710528585,0.01541840424409131,-0.01128191733911648,-0.006484140989217663
