Round,Evaluator,0,4,1,2,3
0,0,,,,,
0,1,,,,,
0,2,,,,,
0,3,,,,,
0,4,,,,,
0,Aggregated,,,,,
0,Centralized,,,,,
1,0,0.23821380905910375,0.030365210465509315,0.19614504975469696,0.13362128271491983,0.05800935228939135
1,1,0.22524892156207935,0.1367521349457473,0.2348925317246488,0.18483606921412424,0.14850345650981076
1,2,0.10704725701681123,0.09407852965410948,0.1261559693483786,0.12834644969937584,0.09938572641041434
1,3,0.14893458935151782,0.16749116755079058,0.1688923294106212,0.13981336446870643,0.17009812446916994
1,4,0.10064005115212356,0.172923408390732,0.10498082789186393,0.1155589707192896,0.1351005262145831
1,Aggregated,0.15530205472241163,0.12274057212450781,0.16337852355342053,0.14078544551887825,0.12286893263097204
1,Centralized,0.15530205472241163,0.12274057212450781,0.16337852355342053,0.14078544551887825,0.12286893263097204
2,0,0.07559305850005685,-0.033007490303188544,0.038128759377035186,-0.004687301551862102,-0.07025491787165498
2,1,0.02662615143305831,-0.01609611789181041,0.0337673955959917,0.006682521548524969,-0.04962453031844276
2,2,0.0013250222393100437,-0.012583814454206366,0.005090436643215374,0.01928267930206484,-0.011229142128571828
2,3,0.00325667295704406,0.0015270816740062699,0.0024492813815745825,-0.015144876473366164,0.008264544760082341
2,4,-0.07088394511924832,0.08974555784117093,0.006377918482824382,-0.028040722544170126,0.00277123640566245
2,Aggregated,0.004240705594037912,0.004392195151697751,0.015554482664661539,-0.00044988705214386583,-0.02211964777427005
2,Centralized,0.004240705594037912,0.004392195151697751,0.015554482664661539,-0.00044988705214386583,-0.02211964777427005
3,0,0.14674141387593168,-0.057085122857677,0.06093726226172069,-0.03704755935918702,-0.08792184598374977
3,1,0.047968287699272354,-0.022596985611731,0.04888227035286487,-0.01795402212839312,-0.0547006917506674
3,2,0.010086671969608453,-0.020807561733014665,0.011457603481273707,0.019234965681972204,-0.020467642882115927
3,3,0.0024802454955487143,0.00848790015289413,-0.0031230748406598043,-0.017167461443416788,0.013921594853571537
3,4,-0.02025157971721606,0.15677861885947042,0.0440128710224451,0.01984857942199491,0.05512692726604492
3,Aggregated,0.028007238625126114,0.011484466845284019,0.02845855148724483,-0.0028499042332589025,-0.018221188905166805
3,Centralized,0.028007238625126114,0.011484466845284019,0.02845855148724483,-0.0028499042332589025,-0.018221188905166805
4,0,0.09586396834640697,-0.059417000611266944,0.08693479560152953,-0.0441980175729917,-0.08643029518961196
4,1,0.016883292949030092,-0.03431839468203247,0.07056740094033562,-0.01627853182054835,-0.03629521294554591
4,2,-0.005110907798883343,-0.01991445808792932,0.018085259084023253,0.01659176470498506,-0.009881548627295457
4,3,-0.0010043351148347423,-0.0013829985888010635,-0.0008365690632009759,-0.011466803428134593,0.013629442204985518
4,4,-0.12083846730108037,0.13289514844526723,-0.08815694947513521,0.012928776330153982,0.01486584803051579
4,Aggregated,-0.007832015622232225,0.0025987126178358224,0.017037164405042958,-0.003915834038027899,-0.017282321069026312
4,Centralized,-0.007832015622232225,0.0025987126178358224,0.017037164405042958,-0.003915834038027899,-0.017282321069026312
5,0,0.14820931992568012,-0.08071815514040495,0.07699096806424095,-0.03774148403570306,-0.09872698002595424
5,1,0.03664509185717606,-0.034189880207144994,0.05990741081539928,-0.009548625860090849,-0.053216984425442725
5,2,0.003936121740245881,-0.021873469397319326,0.013070117448372574,0.019591513412471236,-0.01180269754055634
5,3,-0.0009087215855325514,0.008251832597084847,-0.002860925648938086,-0.01373563705138449,0.010425327885653915
5,4,-0.09208050556248562,0.11915542484171927,0.011838169947882098,-0.0028269115760999794,0.01773909356259995
5,Aggregated,0.01064158554453435,-0.00021784254853132918,0.0282171144734688,-0.003751754278350942,-0.023614619333876184
5,Centralized,0.01064158554453435,-0.00021784254853132918,0.0282171144734688,-0.003751754278350942,-0.023614619333876184
6,0,0.11704392759295607,-0.07297327626330795,0.09418462627011727,-0.0613147735536917,-0.08458186349576761
6,1,0.02448174396050519,-0.02778791509969401,0.06849910462065908,-0.026382065323298627,-0.03817033172703258
6,2,-0.004652983225199799,-0.021040321244985515,0.018208640629157526,0.0148143194043722,-0.011599617441865653
6,3,-0.002694292892018816,0.004420360288785961,-0.0032722433559998674,-0.017387024293222465,0.016583582115366296
6,4,-0.15978043242149856,0.0903744457186817,-0.019695937825405827,-0.02445059402168647,0.004552024706655213
6,Aggregated,-0.011443064976432623,-0.003574214875105451,0.028557072763034923,-0.01664762836830453,-0.019056402907664794
6,Centralized,-0.011443064976432623,-0.003574214875105451,0.028557072763034923,-0.01664762836830453,-0.019056402907664794
7,0,0.1305314565392508,-0.09246847197724023,0.07700187178907614,-0.017330704294930284,-0.09207845805389174
7,1,0.016953753494791186,-0.030546796762403558,0.06271285425146243,-0.00457322289563177,-0.044864106963239586
7,2,-0.0032775625343829016,-0.01791782765675724,0.015072106382124023,0.019811242497820257,-0.01203496159797146
7,3,-0.0021168332667798845,0.006599844206744091,-0.008785951565428345,-0.010997904168180897,0.017772729179958778
7,4,-0.09941752733706227,0.1318459135831472,0.005348916267527596,0.014377603560892172,0.04602283719742232
7,Aggregated,2.6776995475280562e-05,0.0022699329875134604,0.027570178230451943,0.0038229080765073403,-0.014318123942463764
7,Centralized,2.6776995475280562e-05,0.0022699329875134604,0.027570178230451943,0.0038229080765073403,-0.014318123942463764
8,0,0.13026527533229582,-0.07249319625200211,0.09166074473843265,-0.07545833738580568,-0.0722909920838362
8,1,0.025253814860119923,-0.02785214085893086,0.06977374052809274,-0.027917598917171698,-0.0385375248114062
8,2,0.0022671579821181066,-0.022401232184519386,0.020315777509360467,0.012582302412327596,-0.012641075184914495
8,3,0.001090081856207816,0.0048679788998571335,-0.0007618934940432679,-0.01836992794400942,0.013746850772573675
8,4,-0.12488850078130004,0.14583291090333997,-0.03323855579232312,-0.0001325547711502941,0.02241976414248447
8,Aggregated,-0.0009585383392490265,0.006892137317376025,0.02686758504091354,-0.0149301801028931,-0.015663677375406942
8,Centralized,-0.0009585383392490265,0.006892137317376025,0.02686758504091354,-0.0149301801028931,-0.015663677375406942
9,0,0.11307249343849815,-0.08489366917545538,0.08259690119943648,-0.02945987442904524,-0.08120609020645224
9,1,0.013692417293565826,-0.02964511543636495,0.06392807626053446,-0.007553345293223417,-0.04034340765226671
9,2,-0.004024949046872584,-0.020079827607495902,0.016479840335854857,0.02032085407238935,-0.012627876925128382
9,3,-2.753408340105956e-05,0.00774761915530936,-0.003994488232708426,-0.015720955355624094,0.011411174753673954
9,4,-0.09459646497892964,0.13036917608204762,-0.021131114387513153,-0.013481023247071535,-0.0006150586459719396
9,Aggregated,-0.0016042613024507657,0.0027241412299638668,0.02520620395668216,-0.004325994319842561,-0.02194335214817673
9,Centralized,-0.0016042613024507657,0.0027241412299638668,0.02520620395668216,-0.004325994319842561,-0.02194335214817673
10,0,0.1332340631247653,-0.08246535886153113,0.07794032566992223,-0.047789990455926405,-0.08104132941284671
10,1,0.01836170167323774,-0.032008823045440254,0.0634771815614978,-0.009035245577886602,-0.042072638055103494
10,2,0.000807138041309737,-0.024374572252118122,0.01593909300641418,0.020656943456353216,-0.013107349464445691
10,3,-0.00031444596393431963,0.00348899240081717,-0.005984093140857092,-0.013215484410797675,0.016362674990115435
10,4,-0.1417159665599194,0.120873777772211,-0.009668431012435549,-0.015691416473310252,0.04645364460373373
10,Aggregated,-0.005809365597221985,-0.0008326645665243641,0.0256055574579875,-0.006805901153775751,-0.012363561811336297
10,Centralized,-0.005809365597221985,-0.0008326645665243641,0.0256055574579875,-0.006805901153775751,-0.012363561811336297
11,0,0.11229416547474178,-0.08935396321359305,0.08293860174144331,-0.028233329523448623,-0.07795510805953404
11,1,0.018319825089936313,-0.029924050122162513,0.06516443218008613,-0.011968766266601611,-0.04198967024732537
11,2,-0.00593847270987023,-0.021918001173901976,0.020861288417103767,0.018794914931326314,-0.010051292208130273
11,3,0.001056080648391631,0.0050799843812492805,-0.0033359684499656263,-0.01334471149554302,0.017393433345539635
11,4,-0.0941652698695781,0.11225217664454032,-0.01153423729618465,-0.005537770809332819,0.018848988185282644
11,Aggregated,-0.001346092622681013,-0.0020974286112263986,0.028499275762562216,-0.0034468170738683117,-0.01628778239274915
11,Centralized,-0.001346092622681013,-0.0020974286112263986,0.028499275762562216,-0.0034468170738683117,-0.01628778239274915
12,0,0.14740333279441187,-0.08045412707536907,0.07250975350738699,-0.056026026482640344,-0.08354159366653763
12,1,0.023059594028899448,-0.02752993241641748,0.06577253057516844,-0.02003063216841521,-0.03967471088312638
12,2,-0.0050746581296195175,-0.0240893160933135,0.021657154516144736,0.01727464543241642,-0.010056280185270243
12,3,-0.0069847974702666755,-0.0002371382477241927,-0.0026624651749271237,-0.01414075188200539,0.016480406254980744
12,4,-0.1530759689566223,0.1111627951374861,0.022279843262060076,-0.016900669606365125,0.018626739093035843
12,Aggregated,-0.007842825792044684,-0.0019496328839083087,0.03390843062450252,-0.01156403788131855,-0.016981692775289162
12,Centralized,-0.007842825792044684,-0.0019496328839083087,0.03390843062450252,-0.01156403788131855,-0.016981692775289162
13,0,0.12299436325246749,-0.08736325175863598,0.07453399926209509,-0.022843996961705946,-0.08689951117886927
13,1,0.010254380056520256,-0.029923673414035037,0.062490497208730414,-0.0005937907060849753,-0.04294579048369662
13,2,-0.0036273794256629077,-0.017992294430667348,0.01623493647248632,0.01628263889225129,-0.011493256073949406
13,3,-0.0006184395558752054,-0.0020562845600224735,-0.012063799377591961,0.0004274239096959583,0.01513504864761889
13,4,-0.11238278694410382,0.09992924070247802,-0.03554087330374831,0.014287296307260711,0.03307706529088721
13,Aggregated,-0.0042510182890816185,-0.004480881223943064,0.020010091636000628,0.004051469413840913,-0.015604702697544376
13,Centralized,-0.0042510182890816185,-0.004480881223943064,0.020010091636000628,0.004051469413840913,-0.015604702697544376
14,0,0.11569711735487156,-0.063892820359787,0.0831934144661968,-0.04684392175219054,-0.08883868565733256
14,1,0.02240928898684811,-0.031023874263149197,0.06074568351680778,-0.008210990857554203,-0.04432103003818561
14,2,-0.002305477382944926,-0.023347487261330378,0.02285326345928493,0.021690939879916542,-0.018096379400117556
14,3,0.008091460139005488,0.012551710778245191,-0.009119071796477559,-0.022002185351682375,0.01825801698386005
14,4,-0.13037026907773858,0.10629043976063426,0.014181813242074967,-0.01759759322193443,0.04279098661560781
14,Aggregated,-0.004378878611363724,2.269558441306089e-05,0.03201534816691282,-0.007659852309662968,-0.01556174158331202
14,Centralized,-0.004378878611363724,2.269558441306089e-05,0.03201534816691282,-0.007659852309662968,-0.01556174158331202
