Round,Evaluator,0,2,4,3,1
0,0,,,,,
0,1,,,,,
0,2,,,,,
0,3,,,,,
0,4,,,,,
0,Aggregated,,,,,
0,Centralized,,,,,
1,0,1.2717481152709176,1.2717999338325021,-1.1813691115212654,1.2296857650688244,1.2660633901178313
1,1,0.29593005787717924,0.2167261321642633,-0.6047985214027815,0.35307724603032115,2.069153184189003
1,2,1.2728288511896477,1.2729206321437212,-1.1823770155153397,1.229742823711024,1.2669146852156343
1,3,0.45531272361928193,0.43589072738464035,-0.6614579483959602,1.3785074765094534,0.4397361883909966
1,4,-2.5789452523468204,-2.727708306640592,3.9502076973101152,-1.03832409822969,-2.346206466548835
1,Aggregated,0.14389000113674183,0.09446055677321598,0.06329649950557664,0.6308763087341476,0.5396568632691382
1,Centralized,0.14389000113926184,0.094460556769464,0.06329649950460653,0.6308763087361668,0.5396568632700582
2,0,0.58464278809481,0.5879138880025399,-2.9438694541284742,0.7439145229395031,0.9506443462121434
2,1,0.45462640781974994,0.35284428915181176,-1.9448842138597837,0.3043898640220271,2.029680523992514
2,2,0.5855868357788184,0.5888913135444962,-2.948533625052233,0.7434439771527945,0.9521261163699358
2,3,0.2958080449600382,0.28391660596840324,-1.4770210514721565,1.3015358060636262,0.5780710121350812
2,4,-0.42133270212040214,-0.5870371678633116,6.237200152842633,0.4545412654952671,-0.6698798139747922
2,Aggregated,0.29999898701435884,0.2454608643087856,-0.616717824460694,0.7096364336450195,0.7683827515183801
2,Centralized,0.29999898701387284,0.24546086430824657,-0.6167178244638113,0.7096364336483986,0.7683827515171711
3,0,0.7901607166245236,0.8016899160098914,-2.9070939886272615,0.6749859393330818,0.7148083460661572
3,1,0.3639555167145671,0.02170920732788075,-2.012304929198896,0.2980483147054368,1.4080473082308618
3,2,0.7915040208042713,0.8032070392135364,-2.9095775089246967,0.6743727450342847,0.7159140405581763
3,3,0.022687948164251244,-0.05701724698154089,-1.5755251555985574,1.0207740642686098,0.09838514473507592
3,4,-1.8977055432722132,-2.2499521715115334,5.3092801021096445,-0.4723799939605953,-2.460145644789529
3,Aggregated,0.014473327733924398,-0.13567909908169637,-0.8202029783760266,0.4393517154681142,0.09587016955753533
3,Centralized,0.014473327734118384,-0.1356790990828225,-0.8202029783744165,0.43935171546434276,0.09587016955689963
4,0,0.9904230607063788,1.0047966266657107,-4.597223987031734,1.3532643404510503,1.089756038205423
4,1,0.7954273798166703,0.5998514271498373,-3.617198905928503,0.7654038863991944,1.4941665983417225
4,2,0.9910336089246884,1.005661180747637,-4.599410249874364,1.3516180643728595,1.0905171956835595
4,3,0.5066591291867324,0.43251642985907435,-2.7696381057332577,1.7672613711586365,0.6716339531026781
4,4,-0.7819437899088657,-0.9552574604333763,5.871938289569676,-0.06973866565286382,-1.638138279131799
4,Aggregated,0.500556319116504,0.41776754644434877,-1.9437782556619438,1.0337950970512646,0.5419920435364636
4,Centralized,0.5005563191161821,0.4177675464461435,-1.9437782556612047,1.0337950970537575,0.5419920435365043
