Round,Evaluator,1,0,2,3
0,0,,,,
0,1,,,,
0,2,,,,
0,3,,,,
0,Aggregated,,,,
0,Centralized,,,,
1,0,-0.0005585188754059218,-0.0004298266764673031,0.0007447077829885514,0.0031540352515263236
1,1,0.003521189380731161,-0.00040814624872954593,0.01776391642375191,-0.00039804690598658305
1,2,-0.00686798359593168,-0.007141587871204221,0.1265409804208473,0.03741538146837791
1,3,0.0,0.0,0.0,0.0
1,Aggregated,-0.0009762663901506582,-0.0019948505187846063,0.0362617211093317,0.01004262427777047
1,Centralized,0.004706457268379199,0.0020095144387535235,0.12149965989396751,0.04560741671766311
2,0,-0.0018421842986587162,-0.0013614354046081244,0.0008248289493674598,0.0033645578369274863
2,1,-0.003094530055894451,-0.0010966888679152633,0.01924146977963081,0.0037889270161045514
2,2,-0.05717647286935537,-0.06271252711791724,0.1310790665052904,0.056582745393314836
2,3,0.0,0.0,0.0,0.0
2,Aggregated,-0.015527967964490828,-0.016292283555133475,0.03778564249976078,0.015933746411765867
2,Centralized,-0.046088735428636396,-0.05041833623879179,0.12294074927009313,0.06385440773177045
3,0,-0.0027221063285122666,-0.0021978319120220646,0.00476387739561844,0.0003155135230752413
3,1,-0.011731558689697734,-0.009834501020316364,0.01356491980077805,0.002844596259234011
3,2,-0.08224794686349803,-0.09136600072820529,0.1355515734342797,0.07759512658775847
3,3,0.0,0.0,0.0,0.0
3,Aggregated,-0.02417497621553688,-0.025849084021532784,0.03846935475778086,0.02018834053519095
3,Centralized,-0.07444048645169238,-0.08137873829722896,0.11712524366476583,0.08352927562747452
4,0,-0.0033215694937968284,-0.0026510905282873497,0.005068878154689707,0.0008436747074789338
4,1,-0.007032269684057356,-0.005494311549484353,0.007868119716125837,0.013475116739500454
4,2,-0.0946721782751077,-0.10743824219405208,0.1344177856392785,0.08723679987230819
4,3,0.0,0.0,0.0,0.0
4,Aggregated,-0.026255973591875134,-0.028895286034340713,0.03683793117408798,0.025388438821837347
4,Centralized,-0.08555266755844064,-0.09546877097480728,0.1163047454226546,0.09350796544767198
5,0,-0.0037688816189676024,-0.003047812397055953,0.005320641159806023,0.001336871619452437
5,1,-0.0029701553180206237,-0.010371147662097466,0.012411134349039628,0.015674090846049798
5,2,-0.09360820033365586,-0.11148090953762986,0.14331295964165877,0.09317146592049382
5,3,0.0,0.0,0.0,0.0
5,Aggregated,-0.025086262489237274,-0.03122435011385352,0.04026039327280719,0.027545127677491996
5,Centralized,-0.08986963226299739,-0.10227091221100798,0.1214843716881056,0.10071829837344266
6,0,-0.0040620330332223,-0.003333453018027021,0.005545190685523907,0.0018046382938051216
6,1,-0.009707777164349798,-0.014420726455056397,0.008738206806339034,0.01279567983872273
6,2,-0.10286012705151283,-0.11893868832060095,0.13472890174065247,0.10318615466559679
6,3,0.0,0.0,0.0,0.0
6,Aggregated,-0.029156923502017842,-0.03417258000703341,0.03725231662164863,0.029446060564906125
6,Centralized,-0.09513587025285684,-0.10882224265713884,0.11541943735113717,0.1065926298504894
7,0,-0.004366152201254143,-0.003628689236380629,0.005745253990058925,0.0021416318542067186
7,1,-0.012020754178988164,-0.010253603652182546,0.005794663001001714,0.013160897426134693
7,2,-0.1093359620159667,-0.12401251036249007,0.13482828727964644,0.11111252755365651
7,3,0.0,0.0,0.0,0.0
7,Aggregated,-0.03143013199861391,-0.03447300755947442,0.036591274985778945,0.031603161098854055
7,Centralized,-0.09926890641868406,-0.11219941082141578,0.11820172872301617,0.10958465040212773
8,0,0.0015031438004292491,-0.006026888432632577,0.0038928002399308656,0.0005297214625286211
8,1,-0.011388261994858736,-0.010538382094393686,0.009455344845477333,0.018046387006221323
8,2,-0.11627421870596721,-0.1289417509981125,0.13840345760890962,0.11940306030469848
8,3,0.0,0.0,0.0,0.0
8,Aggregated,-0.03153916452158343,-0.03637604798810534,0.03793711346904387,0.03449415750274247
8,Centralized,-0.10714891852243615,-0.11592230520976103,0.12125264029239757,0.115368035016072
9,0,0.0013543716796618904,-0.006302093420838907,0.003932400899381379,0.0009084055369692172
9,1,-0.012841638930410867,-0.011741624837676606,0.013328707462183296,0.017147764952243738
9,2,-0.12142251178870218,-0.13456369299020246,0.13974929023072843,0.12574976002319135
9,3,0.0,0.0,0.0,0.0
9,Aggregated,-0.033226752733899446,-0.03815111933632193,0.039251828603242174,0.03595080471302155
9,Centralized,-0.10894596845083376,-0.1209034733479611,0.12398752581392099,0.12078073988246123
10,0,0.0012168529985736752,-0.0066562451291428465,0.00410562262038603,0.0012671812971875
10,1,-0.013608014720533012,-0.008451900161070029,0.012145596221420635,0.00856166920653697
10,2,-0.12416570967921144,-0.13467729633477218,0.14043942075972046,0.13166808176101374
10,3,0.0,0.0,0.0,0.0
10,Aggregated,-0.034138514246188724,-0.03744560773627872,0.039171878154178094,0.03537346610640074
10,Centralized,-0.11264053911768378,-0.12232880439085238,0.12514895974370288,0.12318837716921029
11,0,0.0010798405730172462,-0.00690208499097343,0.003997028815723638,0.0016652755054569317
11,1,-0.007601394346021757,-0.004902335133196944,0.011443492143459535,0.012583360117236589
11,2,-0.1281390719807017,-0.13579407421747983,0.14216495167404222,0.13769853547265237
11,3,0.0,0.0,0.0,0.0
11,Aggregated,-0.03366439087429331,-0.0368988430890378,0.03940057044692076,0.037986015675134155
11,Centralized,-0.11388839760394191,-0.12108947253894393,0.12770888818543993,0.12477872653428113
12,0,0.0008710685233571029,-0.007241605073987207,0.004093866533340234,0.0021362764771862383
12,1,-0.00871097492147121,-0.0068011126538159855,0.002724598290771868,0.016623884367335223
12,2,-0.13229343528542234,-0.14069002533504057,0.13999126708198129,0.1409509093368209
12,3,0.0,0.0,0.0,0.0
12,Aggregated,-0.03503255200448674,-0.03868238853980381,0.03670159467360091,0.039926998372803224
12,Centralized,-0.11746322408169414,-0.12412710066795923,0.1254444907251325,0.12316199579450128
13,0,0.000678280197745734,-0.00758609285916649,0.0041489820131534174,0.0025921553163562416
13,1,-0.011774939311225094,-0.010314567759456718,0.00021294881649036126,0.017833782966055967
13,2,-0.12844730362530074,-0.13689990512677638,0.1371273117135254,0.14128138373132773
13,3,0.0,0.0,0.0,0.0
13,Aggregated,-0.03488525197989513,-0.038699392353858976,0.035371474897526636,0.04042606973643607
13,Centralized,-0.11136819511026001,-0.12003060724871722,0.12174319089755205,0.12014915612013526
14,0,0.000495267511564345,-0.007920027647312733,0.00419278326436436,0.0030611623520080855
14,1,-0.005041729906270181,-0.0029234771724190693,0.013401740446207776,0.0038999650449993554
14,2,-0.12458979129062471,-0.12955343168352942,0.13223413082490967,0.13599404989081074
14,3,0.0,0.0,0.0,0.0
14,Aggregated,-0.03228330776648626,-0.035098486864535795,0.03745644199464652,0.03573798207895761
14,Centralized,-0.10614304714661509,-0.11054556144261767,0.11481892967887077,0.114763354119079
15,0,0.00025705854933502577,-0.008283770892697174,0.004330817467028964,0.0035473479876388784
15,1,-0.008951370400643742,-0.008859130192765945,0.012898119023557435,0.008146102747636145
15,2,-0.1220247431886707,-0.12446055974882525,0.12753700453213204,0.12752039530311768
15,3,0.0,0.0,0.0,0.0
15,Aggregated,-0.032679050361837124,-0.03540018965992131,0.03619079088284793,0.03480273239626211
15,Centralized,-0.10232909861823591,-0.10589941699952848,0.10847840320244995,0.10864027259349827
16,0,-0.006394594423608557,-0.006317973424244449,0.006319360767876027,0.006157709352799103
16,1,-0.010806922894686296,-0.01004954282959916,0.007673212784020045,0.0057846273696304205
16,2,-0.11362810029608439,-0.11712525103561187,0.12318580215967219,0.12101209000722098
16,3,0.0,0.0,0.0,0.0
16,Aggregated,-0.032706797412640654,-0.03337255756745526,0.03429390657280829,0.03323792010458759
16,Centralized,-0.0921145104223385,-0.09536225906348501,0.10131423737361483,0.09824349089266267
17,0,-0.006631316630889485,-0.006557551465382882,0.006416436161575257,0.006569816492691783
17,1,0.002825927964532482,0.003734421161050213,-0.0057182781232647355,-0.0066245684994836835
17,2,-0.10651311057906461,-0.10787863369134933,0.11679986589529624,0.1124867049716922
17,3,0.0,0.0,0.0,0.0
17,Aggregated,-0.02757897828156872,-0.027674779690199696,0.029373775140471712,0.028107279809543233
17,Centralized,-0.08060360261251616,-0.08222058029060286,0.08970755753608363,0.08591518615522376
18,0,-0.006889184572525737,-0.006867854799102575,0.006559601654464842,0.006980547316213123
18,1,0.0007232974623356562,0.0010722220872909577,-0.0007959653473899054,0.0005849485222811963
18,2,-0.09491724938099831,-0.09604958642515522,0.10597734798407997,0.09656757773638582
18,3,0.0,0.0,0.0,0.0
18,Aggregated,-0.025270225446212238,-0.025460736649067887,0.0279346152424244,0.026032708138892524
18,Centralized,-0.06943333826682856,-0.07048953202476038,0.07615221210904695,0.07472832401071579
19,0,-0.007176839666321222,-0.007140631790237929,0.006741430329446143,0.0073432026715876475
19,1,0.014306164910363614,0.015172292059546252,-0.011381318532611597,-0.011698243855463959
19,2,-0.08154728547776387,-0.0835799216526411,0.09690273538443685,0.08450925844623847
19,3,0.0,0.0,0.0,0.0
19,Aggregated,-0.01860393185239536,-0.01888648866459234,0.023065072599651303,0.02003799492808185
19,Centralized,-0.05719372565760735,-0.05832001209294663,0.06341045968843566,0.06028457568610435
20,0,-0.007450678952500858,-0.007445487958603679,0.0069739542632543845,0.007702985987331462
20,1,0.008969473108010675,0.00900035111666038,-0.012317150675480162,-0.010684314483644564
20,2,-0.071201233367035,-0.07143057280781707,0.08167095344724377,0.07331248883319283
20,3,0.0,0.0,0.0,0.0
20,Aggregated,-0.017420152041157,-0.01746846798000924,0.019081391517662596,0.01758230982602196
20,Centralized,-0.04730281404752768,-0.04744087925447426,0.05191633374115919,0.0500356900151381
21,0,-0.007755652518226142,-0.007734828686328298,0.0072422546688541934,0.007998098856512861
21,1,0.008988089449258748,0.009125424652801329,-0.013377681513437148,-0.008886044877471636
21,2,-0.06182285225761976,-0.06206935906287586,0.06840433970551828,0.0590760033962879
21,3,0.0,0.0,0.0,0.0
21,Aggregated,-0.015147206908008437,-0.01516929130315126,0.015566758998523837,0.0145466368797166
21,Centralized,-0.03779710661501886,-0.037761457966553835,0.039789549603487406,0.03741573690695096
22,0,-0.007974800329099934,-0.007958023137877246,0.0075297462494452,0.008262382271995864
22,1,0.011075465413695104,0.01121262879647142,-0.009699787990825999,-0.011128184889545797
22,2,-0.05130998709616369,-0.05140375969277459,0.05990538611928442,0.05038825901716515
22,3,0.0,0.0,0.0,0.0
22,Aggregated,-0.012051987995954068,-0.012036944442289588,0.014433445338918431,0.01188027887353068
22,Centralized,-0.026535727004109902,-0.026667715363378974,0.030366764671606417,0.02914165748923277
23,0,-0.008234106075899849,-0.008218861894910159,0.007745543846448036,0.00850755309610755
23,1,0.0087840883465923,0.008951257542707883,-0.010089385856946366,-0.0061807283421402666
23,2,-0.0413070643756692,-0.04154324369181268,0.04993621725439951,0.03915922118061478
23,3,0.0,0.0,0.0,0.0
23,Aggregated,-0.010189007042380117,-0.010202445892161113,0.01189776471580178,0.01037127962920496
23,Centralized,-0.021017606130692628,-0.02111402468516602,0.022007854081516846,0.02108340092041378
24,0,-0.008455576543689745,-0.00844963262224217,0.012471483709387143,0.004287595172751911
24,1,0.0057973255859358405,0.005823343735448387,-0.00899410480085761,-0.005912910001395
24,2,-0.033719756176839644,-0.0338158516390783,0.03981215434943384,0.032923860351180244
24,3,0.0,0.0,0.0,0.0
24,Aggregated,-0.009094306256107037,-0.009110338797823601,0.010822154592500154,0.007824418898730853
24,Centralized,-0.014434882129954632,-0.014529304263875728,0.01620442147096036,0.015598524831834873
25,0,-0.0019864740875227003,-0.0019833199149991965,0.01934364910598417,0.011191510913951777
25,1,0.007459992161613973,0.007495790218315338,-0.006198149027425243,-0.005635761361387992
25,2,-0.027979592746974508,-0.02774860716006418,0.031735643099136415,0.026761784380183857
25,3,0.0,0.0,0.0,0.0
25,Aggregated,-0.005626308085878991,-0.005558824840666531,0.011220168772246948,0.008079249994361356
25,Centralized,-0.010119419882188757,-0.010045285574794718,0.011284575537734801,0.010727932241434738
26,0,-0.00892498327062796,-0.008916027648143764,0.008267603639469427,0.009055961905828079
26,1,0.005538931474675914,0.005702279993376798,-0.007851240014966171,-0.005864999534036568
26,2,-0.02136836652829041,-0.021849561097279018,0.026813111719543776,0.02020752026478283
26,3,0.0,0.0,0.0,0.0
26,Aggregated,-0.006188491385072119,-0.006265709878346115,0.006807202672420578,0.0058495135424503145
26,Centralized,-0.005910328544599793,-0.005966450623963809,0.006238978772533192,0.0064672489799570505
27,0,-0.00904489847303212,-0.00904782288458522,0.008525528616534746,0.009199944368069242
27,1,0.006893366655965784,0.006881500494645147,-0.008461621649307124,-0.00720774090140591
27,2,-0.01716250814096973,-0.01690517976385325,0.019647610118739972,0.014969064133278753
27,3,0.0,0.0,0.0,0.0
27,Aggregated,-0.004828415497652515,-0.004767782759540023,0.004927755995002213,0.004240235212583617
27,Centralized,-0.0034367313581760983,-0.0033717158357922197,0.0035664459466894505,0.0033323360225718337
28,0,-0.006952932718671727,-0.006958512922312095,0.010933119332597227,0.002651341518768466
28,1,0.005604218524223557,0.005527090295061432,-0.006412227280715457,-0.006186440600987061
28,2,-0.012187325872010454,-0.012110885274235336,0.01553676056201598,0.011460608981954029
28,3,0.0,0.0,0.0,0.0
28,Aggregated,-0.003383941789171137,-0.003385509749747385,0.005014343810225601,0.001981283079188774
28,Centralized,-0.001562479861175294,-0.0016379854058241883,0.0016926159676722656,0.0020589208801507866
29,0,-0.004904917315265246,-0.004897510169663852,0.0043446845971506975,0.0050641401889501185
29,1,0.004350965987871145,0.004429810236995266,-0.006118873153940468,-0.004255289560420056
29,2,-0.010003718354473634,-0.00991993509254901,0.011900492762989984,0.00935188539270656
29,3,0.0,0.0,0.0,0.0
29,Aggregated,-0.00263935793559329,-0.0025968492558942277,0.0025314899714712433,0.0025401302281798334
29,Centralized,-0.001039053693257112,-0.0009021196475789325,-1.3872064635267467e-05,0.0008730438720931932
30,0,-0.0050531113675518395,-0.0050512878645589425,0.0045879354294578924,0.005181841834907339
30,1,0.004113641887515019,0.004096786837755029,-0.0053935144825665365,-0.004081057826476176
30,2,-0.007666074163171342,-0.007783487741742173,0.009177346544592948,0.00847094644744644
30,3,0.0,0.0,0.0,0.0
30,Aggregated,-0.002151343567829089,-0.002184454204683954,0.0020928790318437713,0.0023928862198963866
30,Centralized,2.2531593548387924e-05,-3.154161170448866e-05,3.81593416855693e-05,0.000835028138817325
31,0,-0.0051683971430328225,-0.0051683971430328225,0.004782538352254368,0.005303282688355614
31,1,0.004460456753962827,0.004460456753962827,-0.006116112897593974,-0.0038461855752536345
31,2,-0.005859047415448913,-0.005715088242494966,0.0071951193542026575,0.006520964080550261
31,3,0.0,0.0,0.0,0.0
31,Aggregated,-0.0016417145256794794,-0.0016057256386425092,0.0014653325153600439,0.0019944834221259683
31,Centralized,0.0005449790664023846,0.0005408343030306092,-0.0010642725247759037,-0.00018767914995408233
32,0,0.001431151094722712,0.001425965074696181,-0.0017797142971890114,-0.0013159744259090037
32,1,0.0050797551829274415,0.005052884124775327,-0.005707053124987367,-0.005338058698812356
32,2,-0.005585267836587286,-0.005582239539268684,0.0056880927628849,0.005399084447546711
32,3,0.0,0.0,0.0,0.0
32,Aggregated,0.00023148575387716233,0.00022422833780494714,-0.000449751598602204,-0.0003138130418705997
32,Centralized,0.0004103775954280853,0.00039224419661434046,-0.0006088930883442664,-0.000374419768585349
33,0,0.0011917057054794632,0.0011926869405263069,-0.0014828259308783756,-0.001099694378256421
33,1,0.004130755326965189,0.004130633346496703,-0.004551713910675736,-0.004526418867361365
33,2,-0.004955314881018201,-0.0048168600849296155,0.0057040090605574205,0.0046239255419926
33,3,0.0,0.0,0.0,0.0
33,Aggregated,9.185123492266769e-05,0.000126678881445997,-8.270658766326125e-05,-0.00025061144837128214
33,Centralized,0.000471262219346652,0.0005053723815343266,-0.0009737047557543399,-0.0009170003779895667
34,0,0.001022002878441291,0.0010248563526134896,-0.0012603687154354706,-0.0009522317893765911
34,1,0.0038106771461918656,0.0038192268158027142,-0.003821683380590192,-0.004146542870978798
34,2,-0.004662875782560749,-0.004681627677675206,0.005247196551885991,0.003767314845456828
34,3,0.0,0.0,0.0,0.0
34,Aggregated,4.251083362528561e-05,4.067383561390432e-05,4.1221092885843145e-05,-0.0003329207644353656
34,Centralized,0.0004241111786330483,0.0003608562381966958,-0.00036468122325534574,-0.0003373015547334657
35,0,0.0008840457900444257,0.0008831741443962095,-0.0010874143565117282,-0.0007980167002458414
35,1,0.0031508589964616743,0.003173486327532541,-0.003240459539229913,-0.003574022561254864
35,2,-0.0032926185589089254,-0.003238702884228654,0.004583043283625123,0.003278896376736201
35,3,0.0,0.0,0.0,0.0
35,Aggregated,0.00018561768256557482,0.00020453532014897086,6.37362540766279e-05,-0.0002733338826895412
35,Centralized,0.00024373932736740378,0.0002878682729274921,-0.0005055269321894799,-0.0002451234672825875
36,0,0.0007416872763208434,0.0007399077433171555,-0.0009309866327082639,-0.0006838982656436369
36,1,0.002941043085680502,0.0029601104251777356,-0.0036398702630206533,-0.0027463775620232543
36,2,-0.0030766530800991156,-0.0031911174089107965,0.0034797550860128736,0.002865750693852235
36,3,0.0,0.0,0.0,0.0
36,Aggregated,0.00015156186978590696,0.00012726856856640895,-0.0002728261298303816,-0.0001411709160013256
36,Centralized,0.00024925682154181933,0.00021573049915425227,-0.00036288377667171673,-0.00044902865990998725
37,0,0.0006283746814174079,0.0006334459172480106,-0.0007734869995922213,-0.000570682003296088
37,1,0.002465096931344826,0.002492763892693549,-0.0030234695527086067,-0.002288668991686675
37,2,-0.0025564313465768393,-0.002579697581461843,0.0029856456029660563,0.0021823760344926815
37,3,0.0,0.0,0.0,0.0
37,Aggregated,0.00013429563184258012,0.00013666397495570542,-0.00020287043280237764,-0.00016927547704200584
37,Centralized,0.00037600268129549713,0.000343632522678855,-9.215422444979378e-05,-0.00032364406241855437
38,0,0.0005320125555042382,0.0005288941416577327,-0.0006428531036999589,-0.000467115283688287
38,1,0.002047951726747319,0.0020396161209999633,-0.002639084094718624,-0.0019001227003457761
38,2,-0.0019151382467934251,-0.0019589050824760416,0.0028147642326165393,0.002130433819628958
38,3,0.0,0.0,0.0,0.0
38,Aggregated,0.00016623480486433818,0.00015242979444957537,-0.00011683161927646474,-5.922935327428176e-05
38,Centralized,0.000170274557484279,0.00015414811902665174,-6.686633793465124e-05,0.00012457805777831474
39,0,0.0004352087684836867,0.00043786504771834426,-0.0005332734831314526,-0.0003777813775406652
39,1,0.0017353815960078095,0.001765243158275466,-0.0021886686487775048,-0.0016354860107921268
39,2,-0.0021588584818179185,-0.002060243650762253,0.002784922258389088,0.0017470088805704397
39,3,0.0,0.0,0.0,0.0
39,Aggregated,2.9602239029802345e-06,3.574297597178685e-05,1.5710366730253638e-05,-6.658829731871286e-05
39,Centralized,-0.00010601626783261302,-5.0394810321448734e-05,0.00026987688264033344,9.222430330753835e-05
40,0,0.0003673980579137675,0.0003693218766792879,-0.0004472369271838891,-0.0003327008336443142
40,1,0.0014820980951484625,0.0014820980951484625,-0.0018143104241164238,-0.0013478916369573074
40,2,-0.0018290899884867613,-0.0017480730879174445,0.002508349758281861,0.0015818826771399712
40,3,0.0,0.0,0.0,0.0
40,Aggregated,5.124697294827416e-06,2.585937924938649e-05,6.167057595469344e-05,-2.469798515974562e-05
40,Centralized,-0.0003233218035325336,-0.00023784324707495919,0.000313633939916171,0.00027315886780844106
41,0,0.00031188656300106264,0.00031085587424808876,-0.0003711875970700366,-0.00028920632634756374
41,1,0.0013455822076833025,0.00134149007425169,-0.0016534072853403893,-0.0011570014191849356
41,2,-0.0015771896848986583,-0.0016400846233238832,0.0024530103873697112,0.001730000426731775
41,3,0.0,0.0,0.0,0.0
41,Aggregated,2.0090133138832484e-05,3.08605665323247e-06,0.00010707569038265283,7.092817654322654e-05
41,Centralized,-0.00017432026964052846,-0.00020283987235922285,0.0004522856558309511,0.0003955230047445006
42,0,0.00026900248043382115,0.00027075380599340514,-0.00031144365711259476,-0.0002390422385399694
42,1,0.001093736477467121,0.001093736477467121,-0.0014050126153590046,-0.0009545963102599268
42,2,-0.0016657432427777397,-0.0017289267350688031,0.0011227744379807558,0.0014997459804104163
42,3,0.0,0.0,0.0,0.0
42,Aggregated,-7.573200737555916e-05,-9.108964030343814e-05,-0.00014843833115645412,7.65099034488392e-05
42,Centralized,-0.0003169194362917423,-0.0003791102028066669,0.00023833732458601134,0.0005220804780778632
43,0,0.00022456117190613675,0.00022366781157894498,-0.0002878766592581533,-0.00020848280560216022
43,1,0.0008885282988775906,0.0008804438493193659,-0.0011628778376818409,-0.0007776106863793547
43,2,-0.0016872304560674085,-0.0016872304560674085,0.001293137711799841,0.0011810437632984543
43,3,0.0,0.0,0.0,0.0
43,Aggregated,-0.00014351761872475477,-0.00014576212771008276,-3.9421468677136584e-05,4.8723926023523623e-05
43,Centralized,-0.0005646024462927687,-0.0005901244758592661,0.0002467879392971846,0.0005639374211226511
44,0,0.00018635251206160883,0.00018554046626674566,-0.00024872173087948896,-0.0001763586222206483
44,1,0.0007824790626610994,0.0007824790626610994,-0.0009188490711112407,-0.0006705611084125955
44,2,-0.0012607466364303783,-0.001366683556869484,0.0016480575075527026,0.0014984536218200506
44,3,0.0,0.0,0.0,0.0
44,Aggregated,-7.296473056470456e-05,-9.965131037779424e-05,0.0001201039524303425,0.00016286870902134954
44,Centralized,-0.000443115406709003,-0.0005023003172899184,0.0004402723536016025,0.0005884533599686085
45,0,0.00017417764267810536,0.00016981363083188542,-0.0002187304959827763,-0.00015702753482145474
45,1,0.0006067719699114118,0.0006067719699114118,-0.0007763756973923423,-0.0004860347829593198
45,2,-0.001009862140013154,-0.0008807476765484388,0.000999533752357104,0.0015398348929585258
45,3,0.0,0.0,0.0,0.0
45,Aggregated,-5.7216858963094136e-05,-2.6030086285559013e-05,1.094333784614301e-06,0.00022417940278215824
45,Centralized,-0.0004070971142217661,-0.0003816785831650497,0.00033041128624515065,0.0006788780753119728
46,0,0.00015678959549408523,0.00015498308415820184,-0.00019341390742452116,-0.0001447482487123902
46,1,0.0004796826387619476,0.0004796826387619476,-0.0006373306637063736,-0.0004196178300940514
46,2,-0.0012881370502794882,-0.0013417129234073548,0.0012752665257566669,0.0014888862640955642
46,3,0.0,0.0,0.0,0.0
46,Aggregated,-0.00016290408887754626,-0.00017674935911307464,0.00011111723163077965,0.00023111712140510264
46,Centralized,-0.0004229953955039352,-0.00044861756705423067,0.0003375446534903681,0.0005850633907658331
47,0,0.0001358770638237901,0.0001358770638237901,-0.0001646171839754084,-0.00011767175155259363
47,1,0.0003914516590957362,0.0003914516590957362,-0.000512605872190029,-0.0003676816140424123
47,2,-0.0009071299876010445,-0.0009071299876010445,0.0012241323627085743,0.0009791710920613224
47,3,0.0,0.0,0.0,0.0
47,Aggregated,-9.49412864668008e-05,-9.49412864668008e-05,0.0001367153578870817,0.00012344521265360758
47,Centralized,-0.00042819164807788207,-0.0004168390242324978,0.00041916186430510094,0.0004601687223225274
48,0,0.00011503503217541369,0.00011503503217541369,-0.00014548272706717646,-0.00010562112546101474
48,1,0.00034875862025365276,0.00034875862025365276,-0.0004375962918261982,-0.0003328290034777294
48,2,-0.001001770227000968,-0.001001770227000968,0.0012231299182012545,0.0008482520165856618
48,3,0.0,0.0,0.0,0.0
48,Aggregated,-0.0001344849181369989,-0.0001344849181369989,0.00016000135501117557,0.00010244237231368382
48,Centralized,-0.00037212718273040474,-0.00039485835919285855,0.000456733449254972,0.00031090307545474555
49,0,9.961442423692326e-05,0.00010139600522877906,-0.00012222798334879758,-8.928147808300527e-05
49,1,0.000279331209976327,0.000279331209976327,-0.00035613319903451203,-0.0002510728669505551
49,2,-0.0009127705337292716,-0.0009663196291337753,0.0011684842226128238,0.001100111057148671
49,3,0.0,0.0,0.0,0.0
49,Aggregated,-0.00013344809371843667,-0.00014638962402324537,0.0001725203934112436,0.00018993011051397101
49,Centralized,-0.00028494067698558073,-0.0002763736212601786,0.0004944096156209258,0.000337753239714277
50,0,7.845288307572797e-05,8.112046415609774e-05,-0.00010195207561410878,-7.33386781834617e-05
50,1,0.00023652520204815093,0.0002324911612464822,-0.0003011686523220706,-0.00021634211106981265
50,2,-0.0011952634840928604,-0.0011627329022944426,0.0010454334119168833,0.0009332814390435965
50,3,0.0,0.0,0.0,0.0
50,Aggregated,-0.00022006184299687705,-0.00021227102585441666,0.0001605690525629725,0.00016089246408280467
50,Centralized,-0.0004381566447804371,-0.0004232148345327859,0.0005356463912073542,0.0003270091249126389
