,BeforeLocalTraining,AfterLocalTraining,BeforeLocalPartialEvaluations,AfterLocalPartialEvaluations,BeforeEvaluation,AfterEvaluation
1,1786837372.0138958,1786837372.776611,1786837398.9269452,1786837403.4511588,1786837403.459051,1786837403.5922394
2,1786837404.7840765,1786837405.4438214,1786837430.7663765,1786837435.2274387,1786837435.2351096,1786837435.3648236
3,1786837436.5466352,1786837437.2034965,1786837462.4436803,1786837466.5416176,1786837466.5493135,1786837466.6784184
4,1786837467.928901,1786837468.5862644,1786837493.9404547,1786837498.0394466,1786837498.0468388,1786837498.175336
5,1786837499.4172697,1786837500.0769277,1786837525.4395192,1786837529.5692706,1786837529.5766199,1786837529.7070558
6,1786837530.922605,1786837531.5784085,1786837556.9218357,1786837561.0654242,1786837561.0727537,1786837561.2035284
7,1786837562.410321,1786837563.069156,1786837588.2649589,1786837592.3621852,1786837592.3695385,1786837592.4990034
8,1786837593.7523897,1786837594.4068224,1786837619.8643281,1786837623.9897718,1786837623.9972365,1786837624.126748
9,1786837625.3147295,1786837625.9674563,1786837651.1562817,1786837655.2905555,1786837655.2979312,1786837655.4281845
10,1786837656.666711,1786837657.483187,1786837682.8955016,1786837687.3039265,1786837687.3130977,1786837687.4465814
11,1786837688.6467478,1786837689.2986834,1786837714.5366464,1786837718.9600453,1786837718.9672825,1786837719.0997176
12,1786837720.4016628,1786837720.9570284,1786837746.3762372,1786837750.6471868,1786837750.6545444,1786837750.785131
13,1786837751.8526044,1786837752.5119123,1786837777.8376915,1786837782.001405,1786837782.0088418,1786837782.1396608
14,1786837783.3159134,1786837783.9741,1786837809.2204082,1786837813.3884885,1786837813.3958528,1786837813.5262446
15,1786837814.7087204,1786837815.3622518,1786837840.877833,1786837845.0178955,1786837845.0253155,1786837845.155104
16,1786837846.3573418,1786837846.910737,1786837872.2479618,1786837876.4873195,1786837876.4948378,1786837876.6247518
17,1786837877.8499908,1786837878.5089278,1786837903.6959295,1786837907.8221376,1786837907.8295062,1786837907.9586585
18,1786837909.1934266,1786837909.8608644,1786837935.4181678,1786837939.5409865,1786837939.548232,1786837939.6800654
19,1786837940.8799007,1786837941.536048,1786837966.7427177,1786837970.8691437,1786837970.876614,1786837971.0064309
20,1786837972.3942313,1786837972.9528291,1786837998.525008,1786838002.9376462,1786838002.9451153,1786838003.0765076
21,1786838004.305901,1786838004.9628243,1786838030.4432979,1786838034.8840005,1786838034.8926878,1786838035.0250015
22,1786838036.152094,1786838036.8093848,1786838062.0227222,1786838066.1611915,1786838066.1685078,1786838066.298691
23,1786838067.5024543,1786838068.1609678,1786838093.420864,1786838097.556182,1786838097.563546,1786838097.6938546
24,1786838098.942863,1786838099.4900427,1786838124.9669263,1786838129.2419426,1786838129.2492764,1786838129.3800602
25,1786838130.504287,1786838131.16192,1786838156.311002,1786838160.43912,1786838160.4466162,1786838160.57536
26,1786838161.8169222,1786838162.474231,1786838187.9153776,1786838192.0479429,1786838192.055261,1786838192.1844072
27,1786838193.425667,1786838193.9734483,1786838219.33791,1786838223.47199,1786838223.4792778,1786838223.608362
28,1786838224.8231819,1786838225.3751657,1786838250.835268,1786838255.057302,1786838255.0647504,1786838255.1935527
29,1786838256.3089013,1786838256.9586916,1786838282.4473083,1786838286.5912082,1786838286.5986555,1786838286.7294602
30,1786838288.151513,1786838288.8077974,1786838314.0878644,1786838318.6315694,1786838318.6390254,1786838318.7688239
31,1786838319.8740234,1786838320.4257817,1786838345.9716117,1786838350.3330348,1786838350.3404431,1786838350.4685266
32,1786838351.8516767,1786838352.5127156,1786838377.657056,1786838381.8107185,1786838381.8180354,1786838381.946958
33,1786838383.1783342,1786838383.832869,1786838409.083686,1786838413.2144015,1786838413.2219396,1786838413.3509238
34,1786838414.5507836,1786838415.2147,1786838440.4826226,1786838444.6380064,1786838444.6454508,1786838444.775833
35,1786838445.9169683,1786838446.46918,1786838471.975344,1786838476.2036645,1786838476.2110891,1786838476.340202
36,1786838477.4566367,1786838478.1149542,1786838503.4937692,1786838507.6461983,1786838507.6538663,1786838507.7848983
37,1786838508.9681273,1786838509.6281428,1786838534.922218,1786838539.0701807,1786838539.0775452,1786838539.206662
38,1786838540.4617107,1786838541.1193745,1786838566.3002305,1786838570.4305215,1786838570.4378843,1786838570.5675561
39,1786838571.7742474,1786838572.6274133,1786838598.0403247,1786838602.643904,1786838602.6512773,1786838602.7833958
40,1786838603.7783065,1786838604.436534,1786838629.6199322,1786838634.091668,1786838634.0990355,1786838634.2285068
41,1786838635.2546766,1786838635.9159367,1786838661.358013,1786838665.4985738,1786838665.5059233,1786838665.6343746
42,1786838666.8371542,1786838667.396288,1786838692.8908985,1786838697.0367248,1786838697.0440466,1786838697.1738994
43,1786838698.3772604,1786838698.9265413,1786838724.331865,1786838728.5593045,1786838728.5666955,1786838728.6985571
44,1786838729.826771,1786838730.3771615,1786838755.8612092,1786838760.0114362,1786838760.01867,1786838760.1489933
45,1786838761.3687873,1786838762.0296206,1786838787.2282255,1786838791.3410566,1786838791.3485749,1786838791.4769564
46,1786838792.7799075,1786838793.331097,1786838818.845867,1786838823.100791,1786838823.1083002,1786838823.2392132
47,1786838824.3279092,1786838824.989471,,,,
