,Global,0,1,2,3,4,5
0,0.5468096106010852,0.0,0.5700204775607923,0.7283545002542497,0.9465752884825669,0.8196064404602339,0.8615968627747158
1,0.5850576592720957,0.5700204775607923,0.0,0.8219138567121427,0.910819112540563,0.9053830223420187,0.9336354596194861
2,0.5459109931578588,0.7283545002542497,0.8219138567121427,0.0,0.6729001373328279,0.9081832275460155,0.8687899798197567
3,0.607997227980706,0.9465752884825669,0.910819112540563,0.6729001373328279,0.0,0.6686980252813223,0.9656291210457263
4,0.5326836050672419,0.8196064404602339,0.9053830223420187,0.9081832275460155,0.6686980252813223,0.0,0.519941219524349
5,0.6548840108339353,0.8615968627747158,0.9336354596194861,0.8687899798197567,0.9656291210457263,0.519941219524349,0.0
