,Global,0,1,2,3,4,5
0,35.88230895996094,0.0,104.7830810546875,52.65521240234375,67.23455810546875,78.46861267089844,36.35394287109375
1,58.96782684326172,104.7830810546875,0.0,156.1452178955078,44.61161422729492,39.12604904174805,109.35514068603516
2,70.66984558105469,52.65521240234375,156.1452178955078,0.0,96.80804443359375,109.2654800415039,41.690982818603516
3,28.641368865966797,67.23455810546875,44.61161422729492,96.80804443359375,0.0,23.29227066040039,58.41707992553711
4,37.24909210205078,78.46861267089844,39.12604904174805,109.2654800415039,23.29227066040039,0.0,65.3826904296875
5,36.80535888671875,36.35394287109375,109.35514068603516,41.690982818603516,58.41707992553711,65.3826904296875,0.0
