,BeforeLocalTraining,AfterLocalTraining,BeforeLocalPartialEvaluations,AfterLocalPartialEvaluations,BeforeEvaluation,AfterEvaluation
1,1786161103.8690798,1786161104.1002262,1786161109.9077897,1786161111.8165462,1786161111.8303714,1786161111.8605218
2,1786161111.9105344,1786161112.1206884,1786161118.1457782,1786161120.0318155,1786161120.0448494,1786161120.074515
3,1786161120.1508949,1786161120.3621356,1786161126.2876568,1786161128.2589943,1786161128.2719164,1786161128.301441
4,1786161128.3540685,1786161128.5634623,1786161134.336295,1786161136.215991,1786161136.2294025,1786161136.2591374
5,1786161136.3092318,1786161136.5182493,1786161142.480799,1786161144.382499,1786161144.3956785,1786161144.4251387
6,1786161144.4971335,1786161144.7054896,1786161150.6863708,1786161152.5685587,1786161152.5816371,1786161152.6110332
7,1786161152.6922014,1786161152.9020803,1786161158.9863286,1786161160.8592546,1786161160.8723226,1786161160.901823
8,1786161160.9540017,1786161161.1678374,1786161167.114275,1786161169.0023167,1786161169.0158927,1786161169.045886
9,1786161169.1012144,1786161169.3151298,1786161175.0888608,1786161176.974085,1786161176.9870808,1786161177.0166185
10,1786161177.0636199,1786161177.2733765,1786161182.9830701,1786161184.8921044,1786161184.9050803,1786161184.9345996
11,1786161184.9617267,1786161185.1781526,1786161190.9944255,1786161192.8786116,1786161192.89161,1786161192.9207275
12,1786161192.9653957,1786161193.172125,1786161198.9046738,1786161200.771321,1786161200.7843976,1786161200.8133461
13,1786161200.9074333,1786161201.1184995,1786161207.1603727,1786161209.0172338,1786161209.030141,1786161209.0594618
14,1786161209.1781642,1786161209.3833656,1786161215.3336875,1786161217.1978383,1786161217.210721,1786161217.2398598
15,1786161217.3357863,1786161217.550946,1786161223.6810722,1786161225.5455554,1786161225.5585651,1786161225.5877602
16,1786161225.664289,1786161225.8691528,1786161231.5823073,1786161233.4829705,1786161233.4959347,1786161233.5249522
17,1786161233.6407034,1786161233.84821,1786161239.808665,1786161241.6692643,1786161241.6822903,1786161241.7124743
18,1786161241.7851768,1786161241.9913902,1786161247.9623356,1786161249.844863,1786161249.857914,1786161249.887237
19,1786161249.960277,1786161250.167343,1786161256.1914978,1786161258.0561936,1786161258.0692766,1786161258.0995746
20,1786161258.1549752,1786161258.3640072,1786161264.3665593,1786161266.2359836,1786161266.2490203,1786161266.2784607
21,1786161266.3657832,1786161266.5730355,,,,
