,BeforeEvaluation,AfterEvaluation
0,1784807759.090278,
1,1784807763.840509,1784807763.854778
2,1784807763.9031124,1784807763.918617
3,1784807763.9675212,1784807763.9832551
4,1784807764.0324306,1784807764.0482938
5,1784807764.099533,1784807764.1160126
6,1784807764.1701822,1784807764.1859317
7,1784807764.2387037,1784807764.254411
8,1784807764.3080792,1784807764.3244958
9,1784807764.3725128,1784807764.388182
10,1784807764.434997,1784807764.4495034
11,1784807764.4946804,1784807764.5090191
12,1784807764.5586603,1784807764.5731816
13,1784807764.6188796,1784807764.634911
14,1784807764.6816845,1784807764.6963303
15,1784807764.7386332,1784807764.7535088
16,1784807764.8039432,1784807764.818482
17,1784807764.8676045,1784807764.8823667
18,1784807764.9260423,1784807764.94077
19,1784807764.9902244,1784807765.004525
20,1784807765.050696,1784807765.0652258
21,1784807765.106721,1784807765.121277
22,1784807765.1700785,1784807765.1874683
23,1784807765.2325807,1784807765.2495184
