,BeforeLocalTraining,AfterLocalTraining,BeforeLocalPartialEvaluations,AfterLocalPartialEvaluations,BeforeEvaluation,AfterEvaluation
1,1791299017.7579553,1791299018.9080446,1791299045.1480398,1791299052.318072,1791299052.3310235,1791299052.563195
2,1791299052.7370698,1791299053.903153,1791299079.3930104,1791299086.8004642,1791299086.8080173,1791299087.0130453
3,1791299087.0752017,1791299088.2316768,1791299113.9307883,1791299120.6907012,1791299120.6981795,1791299120.9139993
4,1791299120.9611404,1791299122.1948278,1791299148.1293442,1791299154.8748894,1791299154.883025,1791299155.096745
5,1791299155.1625206,1791299156.3452735,1791299182.4328544,1791299190.0297103,1791299190.0369008,1791299190.2443964
6,1791299190.3599052,1791299191.5508606,1791299217.8618996,1791299224.5335763,1791299224.540874,1791299224.7559044
7,1791299224.8221095,1791299226.000035,1791299252.1247814,1791299258.8658178,1791299258.873221,1791299259.0876744
8,1791299259.1336653,1791299260.3173342,1791299286.6442027,1791299294.1800284,1791299294.1873586,1791299294.4022803
9,1791299294.5419014,1791299295.717673,1791299321.959697,1791299328.7330854,1791299328.7405343,1791299328.9535537
10,1791299329.107164,1791299330.3055375,1791299356.6893609,1791299364.7156978,1791299364.7233608,1791299364.9370708
11,1791299364.9789443,1791299366.187612,1791299392.37939,1791299399.355384,1791299399.3627067,1791299399.583645
12,1791299399.655199,1791299400.8347743,1791299427.3444214,1791299434.0837355,1791299434.0911996,1791299434.3142786
13,1791299434.3625455,1791299435.550351,1791299461.8487,1791299469.3804064,1791299469.3879862,1791299469.6085804
14,1791299469.7159936,1791299470.9135618,1791299496.7789028,1791299504.4164588,1791299504.4236495,1791299504.629459
15,1791299504.6784005,1791299505.8631701,1791299532.4597259,1791299539.3467958,1791299539.35419,1791299539.5700204
16,1791299539.6152103,1791299540.8151188,1791299566.8811886,1791299574.1343782,1791299574.1416233,1791299574.3594687
17,1791299574.5890923,1791299575.7720916,1791299602.2042408,1791299609.701996,1791299609.7091959,1791299609.9215543
18,1791299610.1133614,1791299611.3179185,1791299637.2602236,1791299643.960326,1791299643.967596,1791299644.183952
19,1791299644.275807,1791299645.4650428,1791299671.6376343,1791299679.3372982,1791299679.3447006,1791299679.5598998
20,1791299679.6300902,1791299680.8216927,1791299706.8423977,1791299714.2779117,1791299714.2852552,1791299714.5029435
21,1791299714.6235232,1791299715.800032,1791299741.9615805,1791299748.7013886,1791299748.7089772,1791299748.9233582
22,1791299748.996621,1791299750.2044914,1791299776.4497383,1791299783.883028,1791299783.8903549,1791299784.1098826
23,1791299784.277668,1791299785.4901175,1791299811.6353781,1791299819.3957815,1791299819.4033346,1791299819.613518
24,1791299819.658626,1791299820.8366284,1791299846.5351381,1791299853.03064,1791299853.037955,1791299853.2484124
25,1791299853.4160388,1791299854.5840962,1791299880.372079,1791299887.0446568,1791299887.051905,1791299887.2637594
26,1791299887.3072617,1791299888.477248,1791299913.9766183,1791299921.1858275,1791299921.1929908,1791299921.4018347
27,1791299921.537221,1791299922.7246659,1791299948.4520242,1791299954.99672,1791299955.0040267,1791299955.214403
28,1791299955.2590523,1791299956.4143052,1791299982.1776469,1791299988.903587,1791299988.9108174,1791299989.126016
29,1791299989.2779856,1791299990.4430587,1791300016.3551273,1791300023.0403926,1791300023.0530648,1791300023.4533868
30,1791300023.8302243,1791300025.053901,1791300051.0037053,1791300058.5391574,1791300058.5465379,1791300058.7646902
31,1791300058.8811746,1791300060.0748367,1791300085.7009492,1791300092.1585913,1791300092.1659758,1791300092.378055
32,1791300092.530832,1791300093.741909,1791300119.6648583,1791300126.2024744,1791300126.2100194,1791300126.4187083
33,1791300126.536681,1791300127.8218355,1791300153.872072,1791300161.3684354,1791300161.3758082,1791300161.5840473
34,1791300161.7555118,1791300162.9307325,1791300188.8824642,1791300195.5854046,1791300195.5927062,1791300195.8043494
35,1791300195.9141495,1791300197.1023686,1791300223.5448503,1791300230.2233021,1791300230.2307465,1791300230.4409297
36,1791300230.5196953,1791300231.7171514,1791300258.283062,1791300265.7608259,1791300265.7681816,1791300265.97777
37,1791300266.0573654,1791300267.2200832,1791300293.3000941,1791300300.046617,1791300300.0542529,1791300300.2774737
38,1791300300.421577,1791300301.5919619,1791300327.246807,1791300333.9534614,1791300333.9607277,1791300334.1693819
39,1791300334.3076305,1791300335.4883351,1791300361.5425792,1791300369.0310595,1791300369.0384467,1791300369.2585433
40,1791300369.3763976,1791300370.566484,1791300396.3873994,1791300403.7518249,1791300403.7591329,1791300403.969874
41,1791300404.1850512,1791300405.3565898,1791300431.289108,1791300438.0388944,1791300438.046105,1791300438.2621002
42,1791300438.447819,1791300439.724426,1791300465.8706808,1791300472.674212,1791300472.6821332,1791300472.9030654
43,1791300472.9489493,1791300474.7583132,1791300501.1078584,1791300508.6022797,1791300508.610355,1791300508.8254287
44,1791300508.8705482,1791300510.0460684,1791300536.1422706,1791300542.596466,1791300542.6038413,1791300542.811143
45,1791300542.8960948,1791300544.0564766,1791300569.478577,1791300575.9201777,1791300575.9274848,1791300576.1352427
46,1791300576.1918378,1791300577.3604815,1791300603.3596606,1791300610.5207705,1791300610.528144,1791300610.736626
47,1791300610.8749301,1791300612.0244176,1791300637.457724,1791300644.8224106,1791300644.8295758,1791300645.037885
48,1791300645.0859225,1791300646.2460463,1791300671.6162784,1791300678.123612,1791300678.13103,1791300678.342443
49,1791300678.4151251,1791300679.5737948,1791300704.9475138,1791300711.3914378,1791300711.398711,1791300711.681716
50,1791300711.830323,1791300712.9779499,1791300738.5934873,1791300745.7303505,1791300745.7376544,1791300745.9458833
