,BeforeLocalTraining,AfterLocalTraining,BeforeLocalPartialEvaluations,AfterLocalPartialEvaluations,BeforeEvaluation,AfterEvaluation
1,1786792345.5049984,1786792345.526551,1786792346.678025,1786792346.9041653,1786792346.938085,1786792346.9436529
2,1786792346.999006,1786792347.0201132,1786792348.4662795,1786792348.9087415,1786792348.935599,1786792348.9396377
3,1786792349.0230224,1786792349.043298,1786792350.2498207,1786792350.4861424,1786792350.5128055,1786792350.5172265
4,1786792350.5795612,1786792350.599533,1786792351.7063231,1786792351.933246,1786792351.9596214,1786792351.9642212
5,1786792352.1393476,1786792352.1597602,1786792353.4726155,1786792353.7034693,1786792353.7301154,1786792353.8108053
6,1786792353.8630655,1786792353.8836708,1786792355.0674675,1786792355.2924414,1786792355.3194091,1786792355.3237233
7,1786792355.3773613,1786792355.4033883,1786792356.5871696,1786792356.8137612,1786792356.8406372,1786792356.8449874
8,1786792356.897114,1786792356.9190311,1786792358.0874097,1786792358.3102198,1786792358.336335,1786792358.340356
9,1786792358.3946052,1786792358.4155583,1786792359.521877,1786792359.743895,1786792359.7702527,1786792359.7743573
10,1786792359.8292673,1786792359.8493044,1786792361.0397692,1786792361.262556,1786792361.2896132,1786792361.293946
11,1786792361.347209,1786792361.3675585,1786792362.4643228,1786792362.7026536,1786792362.7296941,1786792362.7336898
12,1786792362.7995272,1786792362.8200037,1786792364.4050837,1786792364.639157,1786792364.6664672,1786792364.6708555
13,1786792364.7263908,1786792364.7479286,1786792365.9281676,1786792366.1563156,1786792366.1837878,1786792366.1881406
14,1786792366.2491927,1786792366.273403,1786792367.3864372,1786792367.615794,1786792367.6426237,1786792367.6469398
15,1786792367.7008827,1786792367.7258782,1786792369.0202606,1786792369.2516623,1786792369.2787976,1786792369.2828796
16,1786792369.3366659,1786792369.3572586,1786792370.4559612,1786792370.6802528,1786792370.7117262,1786792370.7162883
17,1786792370.7694976,1786792370.791126,1786792371.9565382,1786792372.1781857,1786792372.2045035,1786792372.2086577
18,1786792372.2648787,1786792372.2854276,1786792373.465514,1786792373.6875281,1786792373.7138553,1786792373.717685
19,1786792373.780852,1786792373.8031843,1786792374.904841,1786792375.1247787,1786792375.1514375,1786792375.1555927
20,1786792375.2118125,1786792375.232645,1786792376.4035425,1786792376.6260185,1786792376.6522565,1786792376.6562414
21,1786792376.711036,1786792376.7313554,1786792377.8307576,1786792378.3910446,1786792378.4230924,1786792378.4297142
22,1786792378.5152209,1786792378.548698,1786792379.7716796,1786792380.1068308,1786792380.1330235,1786792380.1368341
23,1786792380.1897006,1786792380.2097163,1786792381.4030247,1786792381.6302903,1786792381.6571138,1786792381.6622338
24,1786792381.8343594,1786792381.8557103,1786792383.0059333,1786792383.4055927,1786792383.4320726,1786792383.4358373
25,1786792383.4885347,1786792383.5080626,1786792384.6818066,1786792384.9046266,1786792384.931013,1786792384.935292
26,1786792385.0747256,1786792385.094714,1786792386.2635193,1786792386.4886565,1786792386.5157893,1786792386.5201027
27,1786792386.5737696,1786792386.5953803,1786792387.6907787,1786792387.9253376,1786792387.952898,1786792387.9568942
28,1786792388.010816,1786792388.0317485,1786792389.2015188,1786792389.4271455,1786792389.4540534,1786792389.4582412
29,1786792389.5112448,1786792389.5315447,1786792390.6248496,1786792390.8552969,1786792390.8823006,1786792390.8863673
30,1786792390.9402263,1786792390.9604807,1786792392.1334586,1786792392.36068,1786792392.38763,1786792392.3918247
31,1786792392.4452536,1786792392.4657447,1786792394.0464454,1786792394.2764618,1786792394.3039973,1786792394.308794
32,1786792394.3884516,1786792394.4119177,1786792395.510505,1786792395.7460847,1786792395.7727559,1786792395.7771254
33,1786792395.8472056,1786792395.867754,1786792397.0659673,1786792397.2975893,1786792397.3247838,1786792397.3293977
34,1786792397.3845913,1786792397.4074223,1786792398.629551,1786792398.8544111,1786792398.880963,1786792398.8849633
35,1786792398.946525,1786792398.9691987,1786792400.1454687,1786792400.3675847,1786792400.3943493,1786792400.398567
36,1786792400.454838,1786792400.4810014,1786792401.6474204,1786792401.8705301,1786792401.8971012,1786792401.9012449
37,1786792401.957853,1786792401.9790478,1786792403.0858197,1786792403.3086848,1786792403.3357515,1786792403.3397841
38,1786792403.4000547,1786792403.4201236,1786792404.5819216,1786792404.8041532,1786792404.831846,1786792404.836054
39,1786792404.889913,1786792404.9110007,,,,
