Round,Evaluator,5,4,2,3,1,0
0,0,,,,,,
0,1,,,,,,
0,2,,,,,,
0,3,,,,,,
0,4,,,,,,
0,5,,,,,,
0,Aggregated,,,,,,
0,Centralized,,,,,,
1,0,0.10772357723577244,0.07621951219512237,0.08524390243902435,0.10215447154471523,0.08439024390243917,0.08085365853658535
1,1,0.1041869918699194,0.08004065040650471,0.08829268292682964,0.09861788617886193,0.08500000000000002,0.08044715447154464
1,2,0.1004065040650401,0.07520325203252035,0.0876016260162605,0.0949186991869917,0.07853658536585369,0.07308943089430897
1,3,0.09939024390243917,0.07617886178861753,0.09073170731707361,0.09691056910569154,0.08121951219512195,0.08727642276422766
1,4,0.11483739837398302,0.07069105691056891,0.08398373983739862,0.0982113821138213,0.08756097560975602,0.08861788617886182
1,5,0.06242905788876239,-0.07351494513810078,-0.06857737419598946,-0.06475595913734375,-0.07234203556564525,-0.0692773363601966
1,Aggregated,0.09242010690321845,0.03082565677243263,0.04035596497213689,0.04919253952007263,0.03654611622881833,0.03656886159445024
1,Centralized,0.09242010690321845,0.03082565677243263,0.04035596497213689,0.04919253952007263,0.03654611622881833,0.03656886159445024
2,0,-0.007682926829268307,0.0327235772357723,-0.004959349593495945,0.028292682926829318,0.056422764227642294,0.019593495934959362
2,1,-0.005284552845528356,0.028658536585365813,0.002439024390243894,0.02780487804878036,0.05756097560975648,0.027845528455284485
2,2,-0.008536585365853618,0.03495934959349599,0.0020325203252032804,0.02589430894308938,0.05264227642276399,0.024715447154471566
2,3,-0.009512195121951119,0.03345528455284573,-0.004268292682926809,0.03695121951219527,0.062154471544715297,0.022682926829268344
2,4,-0.017398373983739758,0.03268292682926826,-0.004186991869918656,0.031138211382113923,0.05841463414634133,0.02130081300813009
2,5,0.09392735527809305,-0.002118804388951927,-0.019144911085887242,-0.0004729474082481672,0.006318577374196034,-0.006999621642073402
2,Aggregated,0.021460252473558688,0.02209143636983961,-0.007005572614579774,0.020851813942909248,0.04207324007733426,0.014141931081542075
2,Centralized,0.021460252473558688,0.02209143636983961,-0.007005572614579774,0.020851813942909248,0.04207324007733426,0.014141931081542075
3,0,-0.019634146341463307,0.01247967479674799,0.03707317073170743,0.01784552845528458,0.04121951219512193,0.025650406504065058
3,1,-0.022276422764227564,0.014593495934959328,0.03520325203252054,0.019918699186992017,0.03788617886178859,0.03418699186991873
3,2,-0.01012195121951221,0.017804878048780483,0.03528455284552849,0.019065040650406578,0.03955284552845531,0.025243902439024395
3,3,0.00016260162601625938,0.020284552845528426,0.02361788617886175,0.026626016260162585,0.0336585365853657,0.041991869918699215
3,4,0.006829268292682986,0.00971544715447159,0.026869918699187013,0.0286585365853658,0.02922764227642273,0.03284552845528456
3,5,0.1381384790011346,-0.022644721906924046,-0.02154748391978803,-0.0078698448732501,-0.029776768823306776,-0.002951191827468818
3,Aggregated,0.035221198680768596,0.0036676902081201053,0.015631752530421917,0.013317411577391115,0.016444899351757095,0.021482997839190332
3,Centralized,0.035221198680768596,0.0036676902081201053,0.015631752530421917,0.013317411577391115,0.016444899351757095,0.021482997839190332
4,0,-0.08861788617886154,0.025772357723577236,-0.005040650406504068,0.030040650406503982,0.03166666666666674,0.03544715447154459
4,1,-0.08154471544715444,0.01910569105691056,0.0034552845528455266,0.033414634146341535,0.028821138211382158,0.03333333333333322
4,2,-0.0554471544715447,0.016300813008130074,-0.006097560975609758,0.02317073170731706,0.02434959349593492,0.0318699186991869
4,3,-0.09162601626016251,0.023048780487804843,-0.006016260162601609,0.012804878048780497,0.030772357723577295,0.02126016260162603
4,4,-0.08353658536585355,0.02199186991869916,-0.00695121951219512,0.016300813008130105,0.030406504065040578,0.021788617886178804
4,5,0.299602724177071,-0.06341278849791906,-0.04031403707907672,-0.030268634127885018,-0.03793038214150585,-0.027790389708664376
4,Aggregated,0.03399294893665416,-0.00420220630046629,-0.015006254975548701,0.007090867735698842,0.009024223814397806,0.01174798134880022
4,Centralized,0.03399294893665416,-0.00420220630046629,-0.015006254975548701,0.007090867735698842,0.009024223814397806,0.01174798134880022
5,0,0.0427642276422765,0.019227642276422735,-0.010650406504065029,0.020609756097560956,-0.02418699186991867,0.001016260162601617
5,1,0.05443089430894326,0.00890243902439024,-0.011341463414634172,0.008780487804878029,-0.02264227642276419,0.0033333333333333314
5,2,0.055650406504064935,0.0061788617886178844,-0.014430894308943064,0.01174796747967481,-0.020569105691056876,0.0028861788617886206
5,3,0.037764227642276556,0.011422764227642265,-0.005650406504065029,0.01995934959349594,-0.011585365853658517,0.006626016260162603
5,4,0.04727642276422776,0.011382113821138207,-0.005365853658536589,0.018495934959349557,-0.008170731707317061,0.007113821138211363
5,5,0.1728717366628828,-0.04593265228906546,-0.058626560726447265,-0.032292849035187386,-0.055391600454029466,-0.04532727960650767
5,Aggregated,0.08523825770499233,-0.005817127260320669,-0.02425793244626405,0.0014272716933924777,-0.028841123621062233,-0.010690321846923728
5,Centralized,0.08523825770499233,-0.005817127260320669,-0.02425793244626405,0.0014272716933924777,-0.028841123621062233,-0.010690321846923728
6,0,-0.061138211382113776,0.013252032520325205,0.011056910569105696,0.0069105691056910645,0.016341463414634102,0.02089430894308946
6,1,-0.04817073170731715,0.014471544715447236,0.0012195121951219517,0.006544715447154476,0.01016260162601626,0.008455284552845515
6,2,-0.06447154471544728,0.024227642276422785,0.007967479674796751,0.007804878048780497,0.013170731707317054,0.013739837398373997
6,3,-0.07154471544715438,0.017032520325203256,0.016056910569105663,0.00044715447154472076,0.016138211382113788,0.01211382113821139
6,4,-0.062520325203252,0.008536585365853663,0.011951219512195122,-0.0005284552845528386,0.01707317073170731,0.010853658536585369
6,5,0.2611804767309881,-0.002553916004540302,-0.044948921679909146,-0.04354899735149457,-0.02586076428301177,-0.020544835414301913
6,Aggregated,0.03544296599567845,0.010076196974866412,-0.00676105993403843,-0.010127374047537831,0.0024223814397816307,0.0030649380188786436
6,Centralized,0.03544296599567845,0.010076196974866412,-0.00676105993403843,-0.010127374047537831,0.0024223814397816307,0.0030649380188786436
7,0,-0.006300813008130087,0.01467479674796749,0.016300813008130084,0.01760162601626021,0.01861788617886178,-0.009674796747967515
7,1,0.016504065040650367,0.0026016260162601648,0.009593495934959353,0.0023983739837398397,0.016951219512195127,-0.013902439024390232
7,2,0.011747967479674819,0.00813008130081302,0.0037398373983739833,0.011666666666666686,0.01585365853658537,-0.014552845528455226
7,3,0.014593495934959384,0.012479674796747978,0.011219512195121939,0.012154471544715464,0.016463414634146373,-0.005934959349593491
7,4,0.007439024390243909,0.01077235772357724,0.010772357723577198,0.010975609756097569,0.018902439024390236,-0.007642276422764233
7,5,0.3304388951948541,-0.04909194097616354,-0.05548618993567935,-0.051343170639424854,-0.0443813847900113,-0.06430192962542551
7,Aggregated,0.1054759467758446,-0.007949505288297501,-0.009456385761401138,-0.007767542363243502,-0.0011998180370749378,-0.02656090071647904
7,Centralized,0.1054759467758446,-0.007949505288297501,-0.009456385761401138,-0.007767542363243502,-0.0011998180370749378,-0.02656090071647904
8,0,0.004552845528455281,-0.008089430894308953,-0.007723577235772365,0.018495934959349668,0.014593495934959318,-0.03158536585365851
8,1,0.012804878048780492,-0.014390243902439022,-0.014512195121951201,0.018292682926829295,0.010447154471544744,-0.029715447154471417
8,2,0.009756097560975615,-0.012479674796747988,-0.008170731707317096,0.015487804878048772,0.0031300813008130054,-0.02479674796747969
8,3,-0.006056910569105705,-0.01004065040650407,-0.010203252032520324,0.016382113821138203,0.008211382113821131,-0.027560975609756004
8,4,-0.007479674796747941,-0.011097560975609773,-0.011056910569105701,0.010528455284552811,0.009186991869918698,-0.021788617886178897
8,5,0.19500567536889982,-0.0747824441922058,-0.07124479757850939,-0.05088914112750659,-0.06430192962542582,-0.07113129020053006
8,Aggregated,0.06051404526327774,-0.03032525872853404,-0.028642101671784343,-0.004219265324690059,-0.012953485727283078,-0.04032753326509714
8,Centralized,0.06051404526327774,-0.03032525872853404,-0.028642101671784343,-0.004219265324690059,-0.012953485727283078,-0.04032753326509714
9,0,-0.002886178861788622,0.0028455284552845552,0.0015040650406503992,0.008861788617886184,-0.015243902439024352,0.004918699186991875
9,1,0.0035365853658536617,0.0093089430894309,-0.009024390243902477,0.012276422764227697,0.0019105691056910585,0.011260162601626026
9,2,0.00483739837398374,0.003455284552845528,-0.00191056910569105,0.016463414634146276,-0.006544715447154458,0.0032113821138211374
9,3,0.006747967479674793,0.00658536585365855,0.004146341463414638,0.013048780487804895,-0.009227642276422792,0.007967479674796763
9,4,0.002195121951219513,0.011788617886178873,0.00504065040650407,0.014837398373983715,-0.006707317073170738,0.014308943089430898
9,5,0.2628452516080202,-0.03639803253878178,-0.05794551645856978,-0.030911842603102514,-0.04073023079833534,-0.03783579265985627
9,Aggregated,0.08102467872171039,-0.0061867394518367105,-0.017451381780962092,-0.00013078585238256879,-0.017252359831684282,-0.005544182872739682
9,Centralized,0.08102467872171039,-0.0061867394518367105,-0.017451381780962092,-0.00013078585238256879,-0.017252359831684282,-0.005544182872739682
10,0,-0.024024390243902467,0.016747967479674757,0.0018699186991869834,0.019390243902439024,-0.0031300813008130306,0.015975609756097527
10,1,-0.028333333333333335,0.00878048780487805,-0.008739837398374077,0.007804878048780492,0.005162601626016246,0.015325203252032552
10,2,-0.025121951219512217,0.010731707317073187,-0.0039024390243902448,0.01536585365853663,0.002398373983739849,0.012723577235772334
10,3,-0.016951219512195134,0.010487804878048776,-0.002479674796747971,0.013048780487804874,-0.0010975609756097805,0.011626016260162594
10,4,-0.031544715447154474,0.011544715447154477,0.000894308943089444,0.009756097560975613,-0.009634146341463421,0.011666666666666674
10,5,0.35671585319712434,-0.04750283768444952,-0.055334846765039636,-0.03499810821036711,-0.031744230041619345,-0.03390087022323117
10,Aggregated,0.08959968156488103,-0.006124189696349354,-0.01836119640623226,-0.001376094620721005,-0.010423063800750622,-0.0007733424314795851
10,Centralized,0.08959968156488103,-0.006124189696349354,-0.01836119640623226,-0.001376094620721005,-0.010423063800750622,-0.0007733424314795851
