,BeforeLocalTraining,AfterLocalTraining,BeforeLocalPartialEvaluations,AfterLocalPartialEvaluations,BeforeEvaluation,AfterEvaluation
1,1791223247.1616437,1791223247.951021,1791223274.25811,1791223279.1743913,1791223279.182284,1791223279.332999
2,1791223279.3951542,1791223280.067139,1791223305.5288808,1791223310.549631,1791223310.5572975,1791223310.7082841
3,1791223310.8059313,1791223311.4770555,1791223336.9665484,1791223342.0106008,1791223342.0184004,1791223342.1761253
4,1791223342.240858,1791223343.1532862,1791223368.7742863,1791223374.0435605,1791223374.0509279,1791223374.3055346
5,1791223374.3550434,1791223375.021757,1791223399.9480107,1791223405.1713839,1791223405.1787074,1791223405.330276
6,1791223405.3917494,1791223406.061317,1791223431.7858999,1791223436.7181125,1791223436.7253385,1791223436.878252
7,1791223436.9219668,1791223437.5902565,1791223462.7731562,1791223467.8420792,1791223467.8494248,1791223468.0025728
8,1791223468.0449035,1791223468.7111351,1791223493.580519,1791223498.611109,1791223498.6184223,1791223498.769939
9,1791223498.825359,1791223499.4954488,1791223524.3190153,1791223529.2597535,1791223529.2670794,1791223529.4189608
10,1791223529.466841,1791223530.2413301,1791223555.7171953,1791223560.6271644,1791223560.634364,1791223560.7853065
11,1791223560.8706973,1791223561.5361257,1791223587.219491,1791223592.2324104,1791223592.2397065,1791223592.3902137
12,1791223592.4727576,1791223593.1447036,1791223618.6368594,1791223623.6461875,1791223623.6534297,1791223623.8045352
13,1791223623.8853712,1791223624.5508215,1791223649.3836515,1791223654.307101,1791223654.3144753,1791223654.5712929
14,1791223654.6306326,1791223655.3016007,1791223680.2049367,1791223685.1140828,1791223685.1212995,1791223685.273544
15,1791223685.3587513,1791223686.126749,1791223711.0027761,1791223715.9242787,1791223715.931578,1791223716.0822768
16,1791223716.1486785,1791223716.8201487,1791223741.6155367,1791223746.6830873,1791223746.690292,1791223746.8439882
17,1791223746.8914182,1791223747.5608163,1791223772.3908145,1791223777.5932298,1791223777.6178622,1791223777.8828006
18,1791223777.943044,1791223778.6236658,1791223804.1944573,1791223809.4452076,1791223809.4524636,1791223809.6037598
19,1791223809.6494722,1791223810.4180775,1791223835.9496284,1791223841.1413918,1791223841.148709,1791223841.3003
20,1791223841.50946,1791223842.177657,1791223867.6918087,1791223872.691191,1791223872.6984463,1791223872.8500123
21,1791223872.9711285,1791223873.648616,1791223899.1284146,1791223904.1718254,1791223904.179147,1791223904.3308005
22,1791223904.4116056,1791223905.0760884,1791223930.64996,1791223935.563658,1791223935.5709715,1791223935.7223938
23,1791223935.8197079,1791223936.5892994,1791223961.74511,1791223966.6651127,1791223966.6724987,1791223966.824161
24,1791223966.8876135,1791223967.5531054,1791223992.4732552,1791223997.494595,1791223997.5019536,1791223997.6533296
25,1791223997.730249,1791223998.4165642,1791224023.316976,1791224028.3471847,1791224028.3546195,1791224028.5046487
26,1791224028.5905235,1791224029.2601123,1791224054.1276839,1791224059.0658743,1791224059.0731957,1791224059.3328953
27,1791224059.3912911,1791224060.057825,1791224084.896493,1791224089.8517842,1791224089.8593292,1791224090.0143092
28,1791224090.062348,1791224090.8491428,1791224115.990406,1791224120.9240122,1791224120.9313061,1791224121.0825608
29,1791224121.1722748,1791224121.8418536,1791224146.6693223,1791224151.7202494,1791224151.7274804,1791224151.8790393
30,1791224151.95734,1791224152.6392481,1791224177.485485,1791224182.6306138,1791224182.6412077,1791224182.982363
31,1791224183.094891,1791224183.7732384,1791224208.6978214,1791224213.892956,1791224213.9001741,1791224214.0532086
32,1791224214.189896,1791224214.9541564,1791224240.491946,1791224245.750415,1791224245.7577562,1791224245.9113002
33,1791224246.0264263,1791224246.6928804,1791224272.250896,1791224277.2760327,1791224277.2832062,1791224277.4351637
34,1791224277.516715,1791224278.1932218,1791224303.78015,1791224308.8142638,1791224308.8214734,1791224308.9727824
35,1791224309.0525522,1791224309.7194602,1791224335.240133,1791224340.1953585,1791224340.2025812,1791224340.3553426
36,1791224340.4515917,1791224341.229776,1791224366.2557235,1791224371.160116,1791224371.1673863,1791224371.3179245
37,1791224371.432936,1791224372.103841,1791224397.6124249,1791224402.6509812,1791224402.6584086,1791224402.8098063
38,1791224402.9167457,1791224403.5959754,1791224429.3587003,1791224434.385321,1791224434.392554,1791224434.5443294
39,1791224434.6692948,1791224435.3369048,1791224460.8458216,1791224465.7627523,1791224465.7700872,1791224466.0314484
40,1791224466.0936053,1791224466.7570643,1791224491.6479857,1791224496.5694757,1791224496.5767806,1791224496.7289777
41,1791224496.7806375,1791224497.4466448,1791224522.8453033,1791224528.023593,1791224528.0364876,1791224528.206968
42,1791224528.337079,1791224529.0086243,1791224553.8582864,1791224559.1127899,1791224559.1201372,1791224559.27083
43,1791224559.411769,1791224560.078208,1791224584.9736228,1791224590.3682828,1791224590.3755891,1791224590.621981
44,1791224590.6900833,1791224591.3573365,1791224616.3170877,1791224621.5288801,1791224621.5362563,1791224621.6883368
45,1791224621.7799323,1791224622.5476696,1791224647.5108197,1791224652.398724,1791224652.4061055,1791224652.5577679
46,1791224652.6464992,1791224653.3139246,1791224678.2147617,1791224683.1948068,1791224683.202378,1791224683.3534403
47,1791224683.4481187,1791224684.1172035,1791224709.0012383,1791224713.9870448,1791224713.994261,1791224714.14528
48,1791224714.2473116,1791224714.9238775,1791224740.479723,1791224745.373309,1791224745.3805294,1791224745.5324824
49,1791224745.6171122,1791224746.382343,1791224771.9171543,1791224776.761435,1791224776.768669,1791224776.9208531
50,1791224777.0991223,1791224777.7687962,1791224803.5713477,1791224808.5489137,1791224808.5562,1791224808.7070482
