Round,Evaluator,3,2,1,4,0
0,0,,,,,
0,1,,,,,
0,2,,,,,
0,3,,,,,
0,4,,,,,
0,Aggregated,,,,,
0,Centralized,,,,,
1,0,0.2976726457235965,0.20521657360792048,0.33367549157103815,0.2961144035144912,0.4582022863631016
1,1,0.4395998000095974,0.4394083078654059,0.5127185066352543,0.478961633592238,-0.056703758924848885
1,2,0.4378663309021019,0.435726818143308,0.5051658747482709,0.47945298978587725,-0.05578205466047222
1,3,0.43460214404586267,0.4390568276707279,0.5064105631647201,0.48023679112023565,-0.046319724602525356
1,4,0.4385882828421783,0.4391230911495562,0.5157846839429953,0.4861629131726511,-0.05491075305567881
1,Aggregated,2.048329203523337,1.958531618436919,2.3737551200622775,2.2209287311854937,0.24448599511957597
1,Centralized,0.41428638586728883,0.3994003980573597,0.4805714285087449,0.450294778353418,0.032010348090398766
2,0,0.05353146714256064,-0.023021080151379027,0.0878638331359225,0.04859823983053658,0.11370571399408004
2,1,0.17083739973776116,0.11849874245385492,0.16626465623779743,0.12011658652112904,-0.2918378934451116
2,2,0.1681851758977677,0.11685428931489052,0.16556470854668323,0.11882103232575952,-0.28652976839400607
2,3,0.16358972436515426,0.12007517559250576,0.15942409985383868,0.11479849317482486,-0.2839280357276301
2,4,0.1662226036690439,0.1135526238655188,0.16899277722906075,0.12237775233447343,-0.30000399050006155
2,Aggregated,0.7223663708122875,0.44595975107539126,0.7481100750033021,0.5247121041867235,-1.0485939740727295
2,Centralized,0.14822529393610337,0.09382156562765258,0.15216999617942478,0.10726703346217059,-0.22306243612912244
3,0,0.05751139773745273,0.03544363134615659,0.042024215329669413,0.03410078419793819,0.03613586089943242
3,1,0.10921287080028731,0.1588712859009669,0.13880243767382242,0.13562753608377615,-0.35690336904028447
3,2,0.10574672049670486,0.16325759006409987,0.13927169812602963,0.1300559820563139,-0.35809154141850996
3,3,0.10505275782807996,0.16236338291261393,0.13868849531961006,0.13515642172735806,-0.3672373484590006
3,4,0.11304014853610234,0.16036441785691108,0.14554116190053926,0.13813503135360639,-0.35525839613351395
3,Aggregated,0.4905638953986271,0.6803003080807486,0.6043280083496707,0.5730757554189925,-1.4013547941518767
3,Centralized,0.09978788542264154,0.14021123147359757,0.12411838954669104,0.11793696034044862,-0.2933250723654199
4,0,0.027840567704840044,0.0009293559106876348,0.02378305269682174,0.030737683817562957,0.0314168585637318
4,1,0.07553688659089225,0.05192389158900036,0.1216988997168546,0.12716953338644724,-0.28626673108998485
4,2,0.07569137959050333,0.05183252974342926,0.12345656607332305,0.12672878821876069,-0.27748010740504886
4,3,0.07802975312977736,0.05651134568789355,0.12462906453925429,0.13406112065809475,-0.2868957812228294
4,4,0.07997863460736435,0.051230900161868355,0.12272402272934671,0.12723305312151062,-0.29773918088503315
4,Aggregated,0.33707722162337783,0.21242802309287914,0.5162916057556,0.5459301792023764,-1.1169649420391647
4,Centralized,0.06904819993779866,0.04420010703038881,0.10653726167546833,0.11242261033923281,-0.23390577146358463
5,0,0.028065533324290275,0.0034222511817844333,0.004895644815452133,0.032811945658719685,-0.02356617535082446
5,1,0.06820027511913893,0.07358523470061312,0.12368610402880321,0.01184191533730778,-0.23057784277168017
5,2,0.06390985859171894,0.07150168269591893,0.11568304210134094,0.004133979544590387,-0.21682762725189433
5,3,0.07013916797948602,0.07462619035589142,0.1240069210987297,0.013078237988366612,-0.23277164612477738
5,4,0.070660397123355,0.07858876087650155,0.1251387735657081,0.018910172191688,-0.24105112747467064
5,Aggregated,0.30097523213798943,0.3017241198107095,0.4934104856100346,0.08077625072067243,-0.9447944189738472
5,Centralized,0.061520624936134326,0.06269329875490273,0.10255147877607312,0.01546803898578414,-0.19578255254471733
6,0,9.634177809370777e-05,0.007634125703218575,0.016105367345250303,0.017947441045190506,0.0031510455155922294
6,1,0.06640507994030818,0.041180108400935216,0.0714611126514562,0.10106280657272973,-0.25057960315988437
6,2,0.0655459404265356,0.034727903072227236,0.06157020883130661,0.08934902163462295,-0.2239118850185249
6,3,0.07182583920799299,0.042450925555446675,0.06517266082076238,0.09881929952757784,-0.24212709078655428
6,4,0.07711164176813828,0.04373467529422979,0.06854498506053543,0.10343318787468762,-0.25069466403195934
6,Aggregated,0.2809848431210688,0.1697277380260576,0.28285433470931093,0.4106117566548086,-0.9641621974813304
6,Centralized,0.05851153310014355,0.0350310883533514,0.05824036638713865,0.08477003831602635,-0.20091820223773474
7,0,-0.049710965512245985,0.010278731325473911,-0.014831051764316318,0.004872750376252457,0.05193787801469294
7,1,0.008972119817944319,0.10086918918722736,0.07502870340823972,0.06390162133830285,-0.12348350091828972
7,2,-0.0008229566262271856,0.11040372139509338,0.08323226569255719,0.06745933922763402,-0.12554288902006
7,3,0.0007912389343748119,0.11227477715256651,0.07401479393067291,0.06649995835936928,-0.12396435354029459
7,4,0.004972505656159731,0.10531063980375781,0.08301481545473949,0.07083458917099535,-0.13959287214953023
7,Aggregated,-0.03579805772999424,0.4391370588641189,0.3004595267218927,0.2735682584725542,-0.4606457376134816
7,Centralized,-0.00540405357518452,0.0910268650420924,0.06318303050746027,0.05676995551120041,-0.09807297325117803
8,0,0.006003099537911201,-0.004083267811630494,0.026497379734593804,0.004466280525394683,0.002567414801658163
8,1,0.04674632027750585,0.04864674210946342,0.07471504598286802,0.06602573700612109,-0.15011801535953634
8,2,0.059058063189421035,0.04811153380703191,0.06932927620987744,0.0654204636798695,-0.16410420941542467
8,3,0.057293920788437896,0.04902626711915402,0.0761461983722199,0.06409518785965805,-0.16366277865956824
8,4,0.057873856085052265,0.04946281634255556,0.06937679217381411,0.06764738859564573,-0.17116816854147002
8,Aggregated,0.2269752598783282,0.1911640915665745,0.316064692473373,0.26765505766668907,-0.6464857571743412
8,Centralized,0.04702026313207993,0.03997866795365979,0.06472772647365874,0.05555529307377995,-0.1347375347003883
9,0,-0.020963004850658436,0.021876896075432785,0.02808948134096519,-0.03466623363703018,0.043137675981839506
9,1,-0.04797875488872956,0.06517926891899668,0.07326708950043628,0.03646790463832593,-0.09032058733273472
9,2,-0.04030419758508928,0.07902232599713756,0.06676038902343202,0.019316312018064313,-0.09875158701587022
9,3,-0.034871996888061724,0.07423179625152519,0.07081907914624107,0.01993858895198668,-0.09789753558900549
9,4,-0.04351912578976829,0.07371099964332295,0.07226647900677524,0.03130341758995391,-0.10794581605944337
9,Aggregated,-0.1876370800023071,0.3140212868864154,0.31120251801784987,0.0723599895613007,-0.35177785001521417
9,Centralized,-0.038210821378021786,0.06449281281564757,0.06364948436287592,0.016499311721947726,-0.07503800258028878
10,0,0.02305895385275437,-0.03502366298553065,0.002785982460596363,-0.00689836411779417,-0.006638621265896754
10,1,0.05862068746898424,-0.0019213885704143867,0.05050396795818061,0.032844682439285657,-0.18608007959308048
10,2,0.051114962180838476,0.004631826001664996,0.04835638105915998,0.03211471726040137,-0.16904811809395578
10,3,0.05358648319990624,0.007095855572647231,0.04939797989661775,0.034579479734497626,-0.17179825060328266
10,4,0.06110667800526802,0.0022227372824839713,0.0505273237122628,0.038698250382576065,-0.1897927602738366
10,Aggregated,0.2474877647077513,-0.02299463269914884,0.2015716350868177,0.1313387656989665,-0.7233578298300526
10,Centralized,0.050588341649649135,-0.003343681944366354,0.04186264839248066,0.027636099555100244,-0.15036644187218834
11,0,0.020156245164199414,0.02666812684497865,-0.021831830521358737,0.040645058359363856,-0.06403537687275411
11,1,0.07630719378344904,0.08467689342107107,0.013819219940438103,0.07699750956657657,-0.27883571737718654
11,2,0.06691185363276732,0.08221879472040308,0.021566437322436776,0.06623659000784157,-0.2536189397782232
11,3,0.07184600647319493,0.08386452836267748,0.01570795649625304,0.06791687142701612,-0.2648149361543439
11,4,0.0733870111981676,0.09092825692594088,0.027044343680828635,0.0847449233488917,-0.28336395876053366
11,Aggregated,0.3086083102517778,0.3683566002750713,0.05630612691859791,0.33654095270969,-1.1446689289430412
11,Centralized,0.06343654176635259,0.07561054707270766,0.012626558458714014,0.06840824081612439,-0.23573705937419553
12,0,0.013793235964964302,0.022842917906002864,0.03715741553137179,-0.04732906660701571,-0.016345245154756088
12,1,0.07243982447627513,0.0474523802897124,0.0757311547820116,0.02697143707610828,-0.17088934928219934
12,2,0.062363115873379414,0.042620315942646265,0.06127203749708044,0.025165322094695144,-0.17339167688308244
12,3,0.06375243348445,0.04505681033451517,0.0662371130204785,0.026211086327074806,-0.1714693632457402
12,4,0.06818944748126096,0.0426090428075817,0.0701861724003389,0.03148943937091525,-0.19001391862102812
12,Aggregated,0.2805380572803297,0.2005814672804584,0.31058389323128127,0.06250821826177791,-0.7221095531868058
12,Centralized,0.05785339202876848,0.0408289480350956,0.06314653569486499,0.014970101576959521,-0.14970601556971996
13,0,0.02521339546093054,0.014046083191002985,-0.04257375372560991,0.016870854792436673,0.02818109543804593
13,1,0.05035902971890948,0.04596240379979117,0.015010359758467129,0.0535893243835669,-0.12758974850189483
13,2,0.04740490622408118,0.052048094830041795,0.03651141190914645,0.050934155084323765,-0.1397243786032055
13,3,0.04410571942409471,0.04801262454226853,0.03147793093071102,0.04851888372561872,-0.12711478993335124
13,4,0.05194329703867506,0.05354437038285374,0.030533585347322773,0.05977808894513797,-0.1488959459779969
13,Aggregated,0.219026347866691,0.2136135767459583,0.07095953422003758,0.22969130693108422,-0.5151437675784026
13,Centralized,0.04457232038140368,0.043905836932825695,0.016533908694717922,0.047137506285807394,-0.10844212656252977
14,0,0.04257925878397705,-0.03040512198871525,0.03832570929826725,-0.007845327902835573,-0.04309781467202941
14,1,0.0692069134291598,0.016799346429401993,0.06796228921769641,0.016642967547621082,-0.18051870579249923
14,2,0.05658747697750502,0.025069502338788345,0.05781756783764891,0.012920773312115285,-0.16662017068096288
14,3,0.05693684264007981,0.02282810034653075,0.056781971242824573,0.014988432972266116,-0.1643184120828096
14,4,0.06740702446925592,0.02126376820615252,0.06639663331599979,0.01665449960089155,-0.1857771485239646
14,Aggregated,0.29271751629997755,0.0555555953321583,0.2872841709124369,0.05336134553005842,-0.7403322517522657
14,Centralized,0.05920214628243136,0.012823969622858594,0.058246134056950186,0.011436256383488464,-0.1523971798192042
15,0,0.008576016501609584,-0.02028602137853351,-0.0012193973494058878,-0.009863983673295025,0.03342333647247364
15,1,0.02794892369065744,0.013650591841872952,0.03612753532104465,0.019996845439420485,-0.07602791591325093
15,2,0.02656459824688451,0.024294873062906855,0.040739832063109736,0.02916517110142624,-0.09056102147471666
15,3,0.02506506341065801,0.014874922664830974,0.03829012581446487,0.023324408862048826,-0.07944847219186355
15,4,0.02991791976199978,0.01771739034748517,0.04505835186140196,0.027107826336519723,-0.09075489216585013
15,Aggregated,0.1180725216118093,0.050251756538562425,0.15899644771061527,0.08973026806612032,-0.30336896527320756
15,Centralized,0.024234951964526814,0.011301950294825126,0.033161553069281396,0.01909342166563064,-0.06455599294039677
16,0,0.02948889512876855,-0.02359852657431467,0.027921510377301013,-0.05051442781952877,-0.006544847736996292
16,1,0.0428521933590525,0.028693757639802798,0.050096174805286366,0.0016278459187431353,-0.11799187240601615
16,2,0.03239611294783224,0.03777747718423639,0.05958293616602488,0.0022411916957798105,-0.14004707826149776
16,3,0.03335270728487453,0.030858746041841145,0.056686771862110526,0.0031438597595109382,-0.12931653439221438
16,4,0.03567631545034698,0.03747704114719916,0.06002785657898542,0.008907841251792543,-0.14567411202487296
16,Aggregated,0.17376622417087467,0.11120849543876478,0.25431524978970815,-0.034593689193702294,-0.539574444821598
16,Centralized,0.03497043681270994,0.024132945770634007,0.051809558001918755,-0.005120093408361162,-0.1120971502951114
17,0,0.030647297149611005,-0.006453618353256335,0.009955831290862254,-0.06094659517738316,0.03295820612578939
17,1,0.04880895498326989,0.04775198814933376,0.05749290889981308,-0.02066755951203466,-0.1555820907100575
17,2,0.03907193831312174,0.0626887507986833,0.0653260304760609,-0.010894190709738414,-0.16642141840926186
17,3,0.04136791133856337,0.05787039969417944,0.06005821012885263,-0.01466148432165811,-0.15071738889874128
17,4,0.04840132734057413,0.06037983121865149,0.06939744841729024,-0.01651283079330784,-0.17466082124431173
17,Aggregated,0.20829742912514027,0.22223735150759164,0.262230429212879,-0.12368266051412205,-0.6144235131365822
17,Centralized,0.042113820102879215,0.04654751474449031,0.05419912233077326,-0.023242601010674515,-0.12931437074921043
18,0,0.01064627808549875,-0.0018925771772769836,0.005457548649762155,0.009089406426661572,0.0044558351675318165
18,1,0.030281812059302696,0.02718909034262355,0.037260869802930856,0.03376939087320691,-0.10169535948153927
18,2,0.014605722571462039,0.03785463664215429,0.04382121897662934,0.034360362103508006,-0.1082599580784487
18,3,0.01746699049282386,0.02917772373826445,0.03583954835483116,0.03099676584071618,-0.0973671939548547
18,4,0.02484399674428558,0.03342781280441839,0.044219209335484205,0.038649053130150005,-0.11457281697753788
18,Aggregated,0.09784479995337292,0.12575668635018367,0.16659839511963764,0.1468649783742426,-0.4174394933248487
18,Centralized,0.019937086034098717,0.02626709763511159,0.034469196605899664,0.03020984260761391,-0.08711622579799609
19,0,0.019589835377557065,0.02277912138584719,-0.010078592948983018,-0.01337846047272436,-0.04252361973758764
19,1,0.0417277895585692,0.02374671430358128,0.029850751499214376,0.024556245857961137,-0.143879446774992
19,2,0.038607911316742245,0.012136980032341982,0.04053637563815309,0.029419824360923445,-0.14642792619087536
19,3,0.03940856254756173,0.017502334809268393,0.02961260127402276,0.027280231601397364,-0.1341484543607833
19,4,0.04563719803719304,0.01599997819128348,0.03673893323441072,0.03292656568691211,-0.15499875971413188
19,Aggregated,0.18497129683762328,0.0921651287223224,0.1266600686968179,0.1008044070344697,-0.6219782067783697
19,Centralized,0.03771232086854669,0.01825371758217031,0.026792962590777118,0.021544627123161294,-0.1277734649449441
20,0,0.014765622403616481,0.033927482640004655,-0.04187292970535938,-0.016193139429705544,0.014101224710828643
20,1,0.026560366271296397,0.05348048260021173,0.0008255920753618195,-0.004773773100031587,-0.06588175052466541
20,2,0.023398702887325092,0.05310962132084338,0.013496990559488034,-0.003544241342733499,-0.07047578203456216
20,3,0.022187313863139557,0.047562349509224236,0.006762820230311315,-0.0014717261378750879,-0.06336188039526951
20,4,0.026254366721947822,0.05429745046998918,0.009387405331454771,-0.0006435526528250559,-0.07750242221392631
20,Aggregated,0.11316637214732525,0.24237738654027322,-0.011400121508743474,-0.02662643266317075,-0.26312061045759466
20,Centralized,0.02295787232658428,0.04907568840900698,-0.0006465260557813305,-0.004876907266986058,-0.055377034302474225
21,0,0.011019984567235134,-0.012797598664383738,-0.011371875282977732,0.0015150474559684273,0.024008733823251468
21,1,0.0294314368257309,0.01396156297242513,0.02632200916808564,0.027619273039084437,-0.07620282501049305
21,2,0.02811561748702694,0.028413715485872206,0.03917751247985191,0.03173940796024582,-0.0981183178103732
21,3,0.02491830232134159,0.023550171745929615,0.0284294275571904,0.031019807955212066,-0.08279918900715062
21,4,0.03074292447737895,0.027684078731775304,0.03450062368561172,0.03418619430325384,-0.0969952530805367
21,Aggregated,0.12422826567871352,0.0808119302716185,0.11705769760776191,0.12607973071376458,-0.3301068510853023
21,Centralized,0.025416063679955903,0.01735719915956637,0.024846612130320078,0.026193783633329953,-0.06973577512531846
22,0,0.01607685967123036,0.01365998992151798,0.008553421786173169,0.012364337834616986,-0.038711386722782785
22,1,-0.009819144997479918,0.05320521728636378,0.036095150533426025,0.04403822217647021,-0.1342254241349804
22,2,-0.01884712340108067,0.058594484051559335,0.032542178149745464,0.049928565373457946,-0.1457599812027058
22,3,-0.013327437589158471,0.051523212192412654,0.024935982400552278,0.04311599396493261,-0.1273406131150512
22,4,-0.018115934396455802,0.060779577974423314,0.030295966239166115,0.05457285727548088,-0.14856060033046717
22,Aggregated,-0.04403278071294447,0.23776248142627712,0.1324226991090632,0.20401997662495844,-0.5945980055059868
22,Centralized,-0.00983318102256475,0.04895081151739187,0.027224329998676557,0.0419773400756851,-0.12222878103173827
23,0,-0.10381076876553748,-0.024959781103569237,0.03364439154093831,-0.007617332412239054,0.05110682509835537
23,1,-0.0485240799803363,0.01473070085719683,0.06508388716835915,0.022959853316612027,-0.08302520640419461
23,2,-0.025572371112423463,0.023623571021636355,0.07527714405108239,0.026747830310484576,-0.10430145777696682
23,3,-0.03346727159785073,0.02201349882599964,0.06706523717177187,0.023821491833947182,-0.09019494912353283
23,4,-0.03971263176373769,0.022939893194183582,0.08045138770403491,0.027780661888574296,-0.10897385330574826
23,Aggregated,-0.25108712321988563,0.05834788279544719,0.3215220476361866,0.093692504937379,-0.335388641512087
23,Centralized,-0.048006303998103315,0.013180808167525813,0.0655693604602757,0.019825873842329356,-0.07195371115007373
24,0,0.017661036842856068,-0.02285910319976932,0.01449312535311732,0.010827661707638641,0.01927634611755839
24,1,0.031067050642991534,0.006850509214159602,0.030064702547206744,0.025069572378725473,-0.05027194512586506
24,2,0.03004602341724548,0.017677957933403602,0.03250175664106522,0.03004555280296877,-0.06976039405346962
24,3,0.029967183069907272,0.014300721441605425,0.027566307939929535,0.0288625905725383,-0.06374260611657494
24,4,0.03271705035891349,0.019051764335978803,0.03645311197228857,0.03815426454854586,-0.07846442693997978
24,Aggregated,0.141458344331914,0.03502184972537815,0.14107900445360735,0.1329596420104169,-0.24296302611833098
24,Centralized,0.02873026039077401,0.008236458559136128,0.028781961557006523,0.027242320774290618,-0.051392698733368165
