,BeforeLocalTraining,AfterLocalTraining,BeforeLocalPartialEvaluations,AfterLocalPartialEvaluations,BeforeEvaluation,AfterEvaluation
1,1791237055.320617,1791237056.077386,1791237085.5049357,1791237090.2618995,1791237090.2700589,1791237090.41306
2,1791237090.5340824,1791237091.1744525,1791237119.602679,1791237124.5526335,1791237124.5604155,1791237124.7044964
3,1791237124.7644398,1791237125.4315822,1791237154.7357826,1791237160.5262063,1791237160.5337985,1791237160.6774592
4,1791237160.7240877,1791237161.3736565,1791237191.554424,1791237196.3921804,1791237196.400114,1791237196.5513923
5,1791237196.663572,1791237197.4179277,1791237226.2375689,1791237231.0792294,1791237231.0868518,1791237231.237626
6,1791237231.3266928,1791237232.0777032,1791237261.443615,1791237266.2595544,1791237266.2669191,1791237266.4180093
7,1791237266.492181,1791237267.7189033,1791237296.6091752,1791237301.3759506,1791237301.3832502,1791237301.527196
8,1791237301.6649487,1791237302.3031826,1791237331.7734056,1791237336.5845933,1791237336.5920014,1791237336.7362652
9,1791237336.8830144,1791237337.6278906,1791237366.1246395,1791237370.8149502,1791237370.8225355,1791237370.9663699
10,1791237371.1764696,1791237371.911691,1791237401.177755,1791237406.0298128,1791237406.037382,1791237406.1806016
11,1791237406.2732759,1791237406.9290378,1791237435.6623874,1791237440.482792,1791237440.4902673,1791237440.6371062
12,1791237440.7477627,1791237441.3987303,1791237470.8919034,1791237475.769746,1791237475.7770689,1791237475.9243407
13,1791237475.9685173,1791237476.7174275,1791237505.3174758,1791237510.8884654,1791237510.8958757,1791237511.0401165
14,1791237511.136388,1791237511.8829792,1791237541.3660984,1791237546.2542222,1791237546.261931,1791237546.4139829
15,1791237546.5335665,1791237547.1891425,1791237575.8220866,1791237580.7945306,1791237580.8022723,1791237580.9499514
16,1791237580.9973345,1791237581.6413887,1791237611.0545323,1791237615.8909545,1791237615.8990083,1791237616.0456939
