,BeforeLocalTraining,AfterLocalTraining,BeforeLocalPartialEvaluations,AfterLocalPartialEvaluations,BeforeEvaluation,AfterEvaluation
1,1786817497.7286935,1786817498.761155,1786817522.112499,1786817527.7170057,1786817527.7249198,1786817527.9065127
2,1786817528.1340368,1786817529.1701012,1786817551.574626,1786817557.227065,1786817557.2345061,1786817557.4152029
3,1786817557.502327,1786817558.5251937,1786817581.0023766,1786817586.6111798,1786817586.6189728,1786817586.7997003
4,1786817586.9766684,1786817587.999912,1786817609.7263882,1786817615.3182974,1786817615.3257148,1786817615.5072684
5,1786817615.6803024,1786817616.7060552,1786817638.6325855,1786817644.2674336,1786817644.2747736,1786817644.4588418
6,1786817644.6541858,1786817645.7859554,1786817668.2253733,1786817673.8136764,1786817673.8209336,1786817674.0029297
7,1786817674.2105017,1786817675.2374911,1786817697.1369145,1786817702.7620037,1786817702.7694678,1786817702.9518666
8,1786817703.114754,1786817704.1389759,1786817726.0755033,1786817731.7007248,1786817731.7080863,1786817731.890477
9,1786817732.0380163,1786817733.0647147,,,,
