,BeforeLocalTraining,AfterLocalTraining,BeforeLocalPartialEvaluations,AfterLocalPartialEvaluations,BeforeEvaluation,AfterEvaluation
1,1786794693.4004252,1786794693.4268942,1786794694.4477556,1786794694.6656637,1786794694.693971,1786794694.6987207
2,1786794694.957871,1786794694.9842792,1786794696.038951,1786794696.255113,1786794696.2811615,1786794696.2850544
3,1786794696.6258676,1786794696.66334,1786794697.7826443,1786794698.0128791,1786794698.0419872,1786794698.0468342
4,1786794698.3207436,1786794698.3495336,1786794699.4057012,1786794699.6294403,1786794699.6566186,1786794699.6609082
5,1786794699.9039958,1786794699.9273884,1786794700.9148471,1786794701.150601,1786794701.1783528,1786794701.183103
6,1786794701.441438,1786794701.4668093,1786794702.4765608,1786794702.7151887,1786794702.7464747,1786794702.7504778
7,1786794702.993551,1786794703.018233,1786794704.074001,1786794704.2928267,1786794704.3205442,1786794704.3246472
8,1786794704.5731752,1786794704.6008055,1786794705.5850887,1786794705.7989316,1786794705.8259392,1786794705.8302252
9,1786794706.0840316,1786794706.1086206,1786794708.080021,1786794708.3426783,1786794708.3693893,1786794708.3734388
10,1786794708.7377694,1786794708.9405842,1786794710.3534746,1786794710.866977,1786794710.9124985,1786794710.9196196
11,1786794711.1771529,1786794711.2062273,1786794712.4085388,1786794712.6606476,1786794712.688257,1786794712.692856
12,1786794713.0069203,1786794713.1059666,1786794714.2336075,1786794714.5036762,1786794714.5481553,1786794714.5545022
13,1786794714.855274,1786794714.8867707,1786794716.0758843,1786794716.3112946,1786794716.3505418,1786794716.3553371
14,1786794716.6385672,1786794716.6812646,1786794717.7453663,1786794717.9682038,1786794717.9999442,1786794718.0049887
15,1786794718.2806573,1786794718.304265,,,,
