,BeforeLocalTraining,AfterLocalTraining,BeforeLocalPartialEvaluations,AfterLocalPartialEvaluations,BeforeEvaluation,AfterEvaluation
1,1791242043.3027816,1791242044.416836,1791242068.0021203,1791242073.8706038,1791242073.8784587,1791242074.0685356
2,1791242074.242697,1791242075.3509943,1791242098.4355206,1791242104.304817,1791242104.3123462,1791242104.5005162
3,1791242104.5883799,1791242105.6777925,1791242127.9787104,1791242133.8717303,1791242133.879186,1791242134.0699682
4,1791242134.1153052,1791242135.2111187,1791242158.0888753,1791242163.9600186,1791242163.9674802,1791242164.1580048
5,1791242164.2345805,1791242165.3401737,1791242187.7799952,1791242193.6221006,1791242193.6292973,1791242193.8175468
6,1791242193.9192429,1791242195.0178611,1791242217.416581,1791242223.2684238,1791242223.2756567,1791242223.4655921
7,1791242223.5685298,1791242224.6735947,1791242247.604025,1791242253.4407501,1791242253.4480853,1791242253.6363926
8,1791242253.7620227,1791242254.8605952,1791242277.1785247,1791242283.045586,1791242283.0528173,1791242283.2408502
9,1791242283.34358,1791242284.4385884,1791242307.5368233,1791242313.3922458,1791242313.399553,1791242313.590498
10,1791242313.6759644,1791242314.783829,1791242337.0000165,1791242342.9833982,1791242342.9905736,1791242343.1834095
11,1791242343.226087,1791242344.3151083,1791242367.2648203,1791242373.1475341,1791242373.1549249,1791242373.3442569
12,1791242373.4456487,1791242374.543532,1791242396.765017,1791242402.6504192,1791242402.6576395,1791242402.8480856
13,1791242402.9453053,1791242404.0413694,1791242426.2485259,1791242432.2117054,1791242432.2190552,1791242432.4110847
14,1791242432.5299997,1791242433.6284251,1791242455.9853954,1791242461.8294222,1791242461.8365986,1791242462.025933
15,1791242462.1373699,1791242463.226394,1791242485.4602215,1791242491.608413,1791242491.6156704,1791242491.8061051
16,1791242492.0120208,1791242493.1223059,1791242516.2075996,1791242522.076794,1791242522.083983,1791242522.2735207
17,1791242522.3685656,1791242523.4683948,1791242546.5047696,1791242552.345263,1791242552.352596,1791242552.541582
18,1791242552.6745422,1791242553.7711227,1791242576.147431,1791242582.026357,1791242582.0336084,1791242582.2225065
19,1791242582.2655993,1791242583.3633327,1791242606.2141676,1791242612.081791,1791242612.089243,1791242612.2785394
20,1791242612.3803167,1791242613.4772918,1791242635.6895642,1791242641.555295,1791242641.56254,1791242641.7522
21,1791242641.8543847,1791242642.951468,1791242666.1456773,1791242671.990495,1791242671.9976707,1791242672.1867235
22,1791242672.330592,1791242673.4278512,1791242696.3989174,1791242702.3196387,1791242702.3268692,1791242702.5169196
23,1791242702.5719566,1791242703.6763177,1791242726.6593614,1791242732.5274599,1791242732.5347953,1791242732.7255416
24,1791242732.8658009,1791242733.970769,1791242756.2872255,1791242762.1558611,1791242762.1631856,1791242762.3525448
25,1791242762.4190495,1791242763.520205,1791242785.7439096,1791242791.7103422,1791242791.7177925,1791242791.9085526
26,1791242791.986049,1791242793.0842712,1791242816.1080756,1791242821.9582124,1791242821.9654183,1791242822.1539965
27,1791242822.2742856,1791242823.3738484,1791242845.578291,1791242851.6212065,1791242851.628461,1791242851.8176503
28,1791242851.974994,1791242853.06975,1791242875.9838643,1791242881.874266,1791242881.88143,1791242882.0729764
29,1791242882.1178405,1791242883.2176108,1791242905.5476267,1791242911.6548054,1791242911.6623402,1791242911.8511214
30,1791242911.96975,1791242913.0773594,1791242935.9887998,1791242941.8331153,1791242941.840468,1791242942.029809
31,1791242942.1834996,1791242943.284683,1791242965.5722823,1791242971.4715767,1791242971.4787512,1791242971.6693146
32,1791242971.7583508,1791242972.8575134,1791242995.9072394,1791243001.7659607,1791243001.773106,1791243001.9633703
33,1791243002.081565,1791243003.1787517,1791243025.7743475,1791243031.6235912,1791243031.6309187,1791243031.819438
34,1791243031.9194353,1791243033.0133917,1791243055.3285098,1791243061.5274088,1791243061.5348163,1791243061.7265975
35,1791243061.8032615,1791243062.918807,1791243085.8552506,1791243091.7036612,1791243091.7109025,1791243091.8987188
36,1791243092.0368268,1791243093.137593,1791243116.1407862,1791243121.9934263,1791243122.000747,1791243122.1908243
37,1791243122.3695304,1791243123.4637353,1791243145.7671633,1791243151.798196,1791243151.805426,1791243151.9973242
38,1791243152.0420485,1791243153.1401603,1791243175.414019,1791243181.5617192,1791243181.5689483,1791243181.7601461
39,1791243181.9033072,1791243182.995606,1791243205.9893448,1791243211.8453245,1791243211.852611,1791243212.0419638
40,1791243212.1629152,1791243213.254312,1791243235.4832442,1791243241.5980475,1791243241.6052208,1791243241.7965984
41,1791243242.019312,1791243243.118141,1791243266.2399685,1791243272.1355963,1791243272.1427655,1791243272.3338752
42,1791243272.3857641,1791243273.4781942,1791243295.7086039,1791243301.5421696,1791243301.5493345,1791243301.737122
43,1791243301.8867996,1791243302.9866233,1791243325.9152834,1791243331.7856457,1791243331.7929206,1791243331.9841816
44,1791243332.087082,1791243333.190264,1791243355.5952833,1791243361.7085898,1791243361.7157989,1791243361.9068599
45,1791243362.104735,1791243363.2084773,1791243385.4779356,1791243391.6741564,1791243391.6845958,1791243391.8741655
46,1791243392.02461,1791243393.127794,1791243415.3443155,1791243421.5455127,1791243421.5526812,1791243421.7410877
47,1791243421.8346722,1791243422.9397156,1791243445.2018907,1791243451.390015,1791243451.397286,1791243451.586856
48,1791243451.7453175,1791243452.8455868,1791243475.268603,1791243481.4155178,1791243481.4229093,1791243481.6126363
49,1791243481.80091,1791243482.9047968,1791243506.0063674,1791243511.8532774,1791243511.8606894,1791243512.0508838
50,1791243512.196434,1791243513.3025808,1791243535.849741,1791243542.0745046,1791243542.08186,1791243542.2730496
