,BeforeLocalTraining,AfterLocalTraining,BeforeLocalPartialEvaluations,AfterLocalPartialEvaluations,BeforeEvaluation,AfterEvaluation
1,1791274870.2998219,1791274871.1957695,1791274899.298507,1791274905.0201216,1791274905.0279727,1791274905.2088377
2,1791274905.3468456,1791274906.1371796,1791274933.4305284,1791274939.2320466,1791274939.2393966,1791274939.4217253
3,1791274939.5562901,1791274940.352823,1791274969.2736306,1791274975.8793232,1791274975.8869278,1791274976.0733707
4,1791274976.235432,1791274977.0557282,1791275006.7005525,1791275013.0120032,1791275013.0193214,1791275013.2056599
5,1791275013.2897165,1791275014.1038117,1791275042.6256394,1791275048.7326365,1791275048.740253,1791275048.9278164
6,1791275049.0378494,1791275050.0168972,1791275078.66191,1791275085.0328941,1791275085.040548,1791275085.229297
7,1791275085.379134,1791275086.2014375,1791275115.0748932,1791275121.2367287,1791275121.2440414,1791275121.4359627
8,1791275121.5871043,1791275122.418941,1791275152.1798136,1791275158.6958697,1791275158.7033243,1791275158.8879266
9,1791275159.1180534,1791275159.9328673,1791275188.1119905,1791275194.1651468,1791275194.1725745,1791275194.4923663
10,1791275194.6033623,1791275195.423447,1791275223.6970484,1791275229.7249308,1791275229.7325144,1791275229.9189177
11,1791275230.0883374,1791275231.3409593,1791275260.5092704,1791275266.5446887,1791275266.5526202,1791275266.7411072
12,1791275266.9017148,1791275267.7205126,1791275297.2601268,1791275303.4194245,1791275303.4270375,1791275303.6127503
13,1791275303.7511034,1791275304.5602167,1791275332.9900813,1791275339.270224,1791275339.2806654,1791275339.4788477
14,1791275339.6880257,1791275340.4926653,1791275369.9872644,1791275376.010308,1791275376.0175765,1791275376.2045338
15,1791275376.4668524,1791275377.3923485,1791275405.7692769,1791275412.0679502,1791275412.0754979,1791275412.2653265
16,1791275412.3818965,1791275413.1998117,1791275441.646725,1791275447.6398087,1791275447.647348,1791275447.8332925
17,1791275448.007013,1791275448.819283,1791275476.8609898,1791275482.756974,1791275482.7642944,1791275482.9441597
18,1791275483.0049493,1791275483.7898886,1791275511.237593,1791275517.2905493,1791275517.2978163,1791275517.572566
19,1791275517.688903,1791275518.473835,1791275546.525551,1791275552.3269343,1791275552.3340678,1791275552.518135
20,1791275552.6689417,1791275553.5529213,1791275580.8355598,1791275586.5789187,1791275586.5860293,1791275586.7746294
21,1791275586.9022167,1791275587.690711,1791275615.736676,1791275622.0041232,1791275622.0114558,1791275622.1900327
22,1791275622.2441974,1791275623.0255587,1791275650.459962,1791275656.333177,1791275656.340399,1791275656.5231147
23,1791275656.5929987,1791275657.3751569,1791275685.535787,1791275691.3023517,1791275691.3096786,1791275691.489256
24,1791275691.6361237,1791275692.5163362,1791275720.4356546,1791275726.589014,1791275726.5961251,1791275726.774243
25,1791275726.8172033,1791275727.6060367,1791275755.692701,1791275761.4412816,1791275761.4486966,1791275761.6305506
26,1791275761.765803,1791275762.5436954,1791275790.5397584,1791275796.465127,1791275796.472418,1791275796.6543348
27,1791275796.7084808,1791275797.4893727,1791275824.8883076,1791275830.9312038,1791275830.9385474,1791275831.2168002
28,1791275831.32166,1791275832.094404,1791275859.4166114,1791275865.5650017,1791275865.5727596,1791275865.7936902
29,1791275866.0255523,1791275866.9470966,1791275895.3905175,1791275901.583168,1791275901.5941844,1791275901.8029265
30,1791275901.9500973,1791275902.7973802,1791275931.0391562,1791275937.4661367,1791275937.4754276,1791275937.6618195
31,1791275937.7057545,1791275938.5247924,1791275967.2584367,1791275973.2795107,1791275973.2871294,1791275973.4814832
32,1791275973.5506961,1791275974.360474,1791276002.7179987,1791276008.5133905,1791276008.5207171,1791276008.8188763
33,1791276009.0068333,1791276009.8147995,1791276037.186268,1791276043.2223153,1791276043.2294312,1791276043.4072769
34,1791276043.5227473,1791276044.3979652,1791276071.560091,1791276077.267213,1791276077.2743587,1791276077.453775
35,1791276077.5445905,1791276078.322203,1791276106.133216,1791276111.9109938,1791276111.9181314,1791276112.0951574
36,1791276112.2250319,1791276112.993813,1791276140.30537,1791276146.3646169,1791276146.3717732,1791276146.549155
37,1791276146.7215395,1791276147.4930437,1791276174.8875113,1791276180.5446131,1791276180.5520017,1791276180.7297978
38,1791276180.9543278,1791276181.8303666,1791276209.7109327,1791276215.3971102,1791276215.4042988,1791276215.5801659
39,1791276215.700987,1791276216.4781816,1791276244.4234974,1791276250.7749026,1791276250.7824726,1791276250.9729586
40,1791276251.2038512,1791276252.0256698,1791276281.590115,1791276287.759709,1791276287.7678494,1791276287.9573357
41,1791276288.0346396,1791276288.8492377,1791276317.6619449,1791276323.5441554,1791276323.5519173,1791276323.8833935
42,1791276324.0261967,1791276324.8325784,1791276352.171678,1791276358.449982,1791276358.457244,1791276358.6426709
43,1791276358.805732,1791276359.7562466,1791276388.5888298,1791276394.3268268,1791276394.3342052,1791276394.5129137
44,1791276394.5871885,1791276395.3556638,1791276424.0860097,1791276430.4764874,1791276430.484018,1791276430.6745923
45,1791276430.8332896,1791276431.6638103,1791276459.2397358,1791276464.9945319,1791276465.0017524,1791276465.1784887
46,1791276465.3311574,1791276466.1033857,1791276493.979018,1791276499.6718128,1791276499.6790597,1791276499.9326887
47,1791276500.0701525,1791276500.8365734,1791276527.8653486,1791276533.5915463,1791276533.598873,1791276533.7759688
48,1791276533.8604317,1791276534.7270684,1791276562.6751704,1791276568.6349165,1791276568.6421359,1791276568.8207595
49,1791276569.0224326,1791276569.8001952,1791276596.9351463,1791276602.7645295,1791276602.7718756,1791276602.9500532
50,1791276603.0400352,1791276603.810846,1791276631.1556363,1791276636.9368265,1791276636.9441466,1791276637.121569
