Round,Evaluator,4,0,1,2,3
0,0,,,,,
0,1,,,,,
0,2,,,,,
0,3,,,,,
0,4,,,,,
0,Aggregated,,,,,
0,Centralized,,,,,
1,0,0.4632228443816921,0.4736483148331671,0.46832096989231814,0.4701247251037993,0.47099274992328416
1,1,0.46533501004580463,0.4680336382147706,0.4740531939495385,0.47439083620471617,0.4740342283191656
1,2,0.46588545356365746,0.47937690066979394,0.471570204545152,0.48015501674661304,0.47506890188081624
1,3,0.44144850509928807,0.4612056661516683,0.45311870008338,0.457250334403153,0.47006536214308475
1,4,0.49561778242073085,0.4710891775194557,0.4651737281258429,0.4630203097563352,0.46919970859734866
1,Aggregated,0.4662881742144932,0.47067060689909473,0.4664480570667252,0.46899115981770695,0.47187347161308657
1,Centralized,0.466288174214493,0.4706706068990946,0.4664480570667252,0.4689911598177068,0.47187347161308657
2,0,-0.003258189807786278,0.013221648855910272,0.0031719455078863617,0.0112316457971476,0.007458205333312604
2,1,-0.006606677244845488,0.011249980604459564,0.013439076086102763,0.00829510571537009,0.0019431449798249254
2,2,0.002047126947402808,0.008715378903397448,0.002195154107766863,0.017012198088946176,0.006086431984769666
2,3,-0.018462634623731166,0.010405755188868125,0.0052509177008310415,0.017430222315103112,0.026012996456574854
2,4,0.029101617832789035,0.009057912646723182,-0.0040519727455227824,0.0037004507082117064,0.003126216206077805
2,Aggregated,0.0005508326612111573,0.01053083508149533,0.004004838759302087,0.011537602487907599,0.008928032988956022
2,Centralized,0.0005508326612111435,0.010530835081495304,0.004004838759302087,0.011537602487907628,0.008928032988956038
3,0,-0.005836228293689521,0.00913629388910279,0.006174729834235856,0.002351581121653155,0.007377184804822887
3,1,-0.008603542065953424,0.0034712323195129876,0.008163689229130008,0.003915035189326891,0.004059091446002464
3,2,-0.0027813697494800016,8.103410866259209e-05,0.00422588545644805,0.007529097847612363,0.005889413975522603
3,3,-0.013036399532322319,0.00953156623835852,0.00399937093828422,0.005642214983727534,0.014228913698149338
3,4,0.02411518233049944,0.004504928039331889,-0.003800241959668975,-0.003467707620012413,0.0033492693748852953
3,Aggregated,-0.001240421530820777,0.005345380538200439,0.0037562709125005165,0.003197190038896481,0.006982448198342598
3,Centralized,-0.0012404215308207797,0.005345380538200492,0.003756270912500569,0.003197190038896529,0.006982448198342613
4,0,-0.009472280228643222,0.012790059474441218,0.00010212019672003469,0.0016235140466964902,0.0007196607698489399
4,1,-0.006841947096589968,0.008179695584069942,0.004925443853935726,0.0032879463353999577,-0.003335770602924485
4,2,-0.003907299440159666,0.006427851267049261,-0.0021287929623009017,0.007928388857651803,-0.0029294248227634922
4,3,-0.015988952980162306,0.00646373984956214,-0.0003915507378334367,0.00405330722110952,0.014725576525231836
4,4,0.019835894764244744,0.0029091810173304004,-0.0072767031117527015,-0.004359405770685657,-0.005030044785040784
4,Aggregated,-0.0032858006428327573,0.007356221990137834,-0.000950898573525688,0.0025099992132352087,0.0008326845957388871
4,Centralized,-0.0032858006428327802,0.007356221990137818,-0.0009508985735257482,0.0025099992132352087,0.0008326845957388733
5,0,-0.009546814499200803,0.00598656800017228,-4.865596466107162e-05,0.00528614919408393,0.003915885315865269
5,1,-0.0070250400566173096,0.0005030788575441055,0.006067587229336927,0.006323961310121807,-0.001435208457869457
5,2,-0.006288539992625204,-0.0026221857107938977,-0.0006024535298421572,0.009521315465725322,0.002297546603305359
5,3,-0.020332112273327946,0.007879510947467977,-0.0035856044171956843,0.003956386332199129,0.015761736147914197
5,4,0.018433424277001436,0.002010742463453871,-0.00918558648274832,-0.0017797875244415665,0.00040385968429661006
5,Aggregated,-0.004962811831574707,0.002751858821127447,-0.0014672651551649338,0.004664668085886012,0.0041904800311261935
5,Centralized,-0.004962811831574736,0.0027518588211274593,-0.00146726515516494,0.004664668085886056,0.004190480031126173
6,0,-0.007821505921427585,0.009652842053737136,-0.0035381212509440476,0.0011996495923615143,0.002316163712162109
6,1,-0.004908741947371541,0.0048760270683086806,0.004286669759188285,0.0023745273915511686,-0.0029603368196908547
6,2,-0.005775373972348198,0.003133076074793892,-0.0004764415771973396,0.006419685313332752,0.0028319867430097595
6,3,-0.02025341694243286,0.009930188912370519,-0.006195727862942939,0.004625317257878505,0.012013535696797863
6,4,0.020467083121703547,0.00573812252174136,-0.018640712972844142,-0.0078092905098357075,-0.0027863960532249718
6,Aggregated,-0.0036697294174874375,0.006666469092665122,-0.0049063401977709,0.001366309305477544,0.002285329531093017
6,Centralized,-0.003669729417487467,0.006666469092665063,-0.004906340197770901,0.001366309305477556,0.0022853295310930424
7,0,-0.011928595360615846,0.009123540893313993,0.004588583841694022,0.00056770909268547,0.0036877987960080563
7,1,-0.010673502841979673,0.002693310934666058,0.006989154370873754,0.0036373901076221754,-0.0017465893876498022
7,2,-0.008242291609981285,0.002887474445515024,0.001416079902574932,0.006484150166021288,0.0014500169617089377
7,3,-0.023769287344067656,0.008834592207430724,0.002824632748718224,0.006557950031754462,0.014926942527187969
7,4,0.021825988332274796,0.0040035593490262665,-0.010666395829590721,-0.006587978001218181,-0.0037513526319892187
7,Aggregated,-0.006570893356910474,0.005509186848062867,0.0010359518209739423,0.0021359533224889742,0.0029164436092797867
7,Centralized,-0.00657089335691046,0.005509186848062917,0.0010359518209739496,0.0021359533224890137,0.0029164436092797897
8,0,-0.014608208894616163,0.008796137526732013,0.001526448249792121,0.002326480226526742,0.0023975431036246542
8,1,-0.012311058934872787,0.005070713823031992,0.0092910100861764,0.001737064613519181,-0.002390309127456793
8,2,-0.01236739063477953,0.0037676485733200205,0.00012794828948596663,0.005146664218292811,0.0010051586774919305
8,3,-0.02368223950507891,0.004108005677373672,0.0005433796709679343,0.007266352716667757,0.014690921171359042
8,4,0.01701776279549283,0.0013653735007640583,-0.008051544592749222,-0.0010831975323793385,-0.005842001027396751
8,Aggregated,-0.009202568727591934,0.0046231253666106885,0.0006915983944131028,0.0030806195586620916,0.0019758837684201603
8,Centralized,-0.009202568727591953,0.004623125366610711,0.0006915983944130963,0.0030806195586621306,0.001975883768420177
9,0,-0.013853524743907292,0.0077604153383882,0.003689289182136671,0.0017159996777745602,0.002678159685941072
9,1,-0.008202478833921702,0.0013007474947762082,0.008934327720560112,0.0021177509451736094,-0.0011636971182996372
9,2,-0.015167944436354228,0.0021909381409161415,0.006668902629528697,0.004618488934478062,0.004201022983391335
9,3,-0.030506890688159052,0.007145694036251407,0.004108645648879829,0.0036830179157969923,0.014855216644536555
9,4,0.019279378462388096,0.005094225375368309,-0.009782811039518972,-0.004078324241881555,-0.00479901886654097
9,Aggregated,-0.009703900757275919,0.004698199064514972,0.002729598912549174,0.0016140735097507112,0.0031580310180617235
9,Centralized,-0.009703900757275919,0.0046981990645149135,0.002729598912549126,0.0016140735097506585,0.0031580310180616663
10,0,-0.01607499210414797,0.007017855241368413,0.0040440108834780865,0.0022390042246178354,0.005992980578448308
10,1,-0.0155579280758504,0.0028982893568001164,0.008233651557774111,0.004110362997735656,0.0010299755898922958
10,2,-0.011648242347821374,-0.00021489638390344106,0.0035375033709647546,0.0059197796015651675,0.0025599881537512626
10,3,-0.027111360197866568,0.004872928355436516,0.003591945903538547,0.005222788158573493,0.015043121948531439
10,4,0.015577446394990665,0.0007259797575131963,-0.006744149544885702,-0.008639193513330996,1.882538022751068e-05
10,Aggregated,-0.01097550324351772,0.003061126755126729,0.0025369893949290486,0.001775466466531477,0.004931238927107704
10,Centralized,-0.010975503243517742,0.0030611267551267337,0.002536989394929044,0.0017754664665314752,0.004931238927107728
11,0,-0.017910786723303755,0.010967854845872224,0.004991553444752548,-0.0029892707020953506,0.006105695143682002
11,1,-0.013991585614189174,0.0055781200609790384,0.009912205694924636,-0.0009566854250719172,0.0034200939947085043
11,2,-0.013465860041338939,0.00582352018094119,0.0033358487291566172,0.0034355789382014695,0.004095757740401842
11,3,-0.028884768094797408,0.01089801142497473,0.003929683667560401,0.003643862274012789,0.01757280685919778
11,4,0.01781277997179934,0.004076318204222236,-0.006859836880343052,-0.007920852087470256,-0.003215467896103774
11,Aggregated,-0.011301737559046038,0.007470351646453071,0.003066595452026615,-0.000954199494803859,0.005599876896322572
11,Centralized,-0.01130173755904603,0.007470351646453069,0.0030665954520266675,-0.0009541994948038063,0.005599876896322566
12,0,-0.017820381576297825,0.009121531834187293,0.0030269798348823607,0.002484456616732705,0.006318829567989554
12,1,-0.015892367262172503,0.004277401514379797,0.00856014749218023,0.001633252993247619,0.0024317653453368947
12,2,-0.01453756968289292,0.004357104083213848,0.0017734092441666239,0.006481444676342299,0.005146468065071308
12,3,-0.02830176257738332,0.006020652552443444,0.002125907104477887,0.002106894045791822,0.017490733858401646
12,4,0.016021466713244097,0.0003232079476822062,-0.008232018999783442,-0.003004316721765743,-0.0013549547858742147
12,Aggregated,-0.012119364051555165,0.004822106154172545,0.00145547741452094,0.0019426927573486547,0.006009983288851507
12,Centralized,-0.012119364051555233,0.004822106154172502,0.0014554774145209013,0.0019426927573486436,0.006009983288851498
13,0,-0.010269534647813909,0.00914037403895946,-0.00032683192011633645,0.0004785320694495082,0.005946242356085744
13,1,-0.00701529952070605,0.002836946945933246,0.004830854531556508,0.0030392424021835527,0.0012087577770671237
13,2,-0.006884223211415988,0.0021306294912563435,-0.00016432294492609207,0.006260613225357491,0.0009295051098698816
13,3,-0.024248988116755417,0.005952151236586993,0.001630635901167803,0.005497570593071743,0.015277702025750762
13,4,0.01850700211918644,-0.001715967114664052,-0.012203148331465566,-0.004871472581564471,0.0019633777272733575
13,Aggregated,-0.005993707981175906,0.0036713675384267286,-0.0012413807377615836,0.002084174091888255,0.005066518320795281
13,Centralized,-0.005993707981175856,0.003671367538426744,-0.00124138073776154,0.002084174091888308,0.005066518320795286
14,0,-0.014335921973522708,0.009991411958136364,0.0034848038801329677,0.007072985202630781,-0.003505987989592472
14,1,-0.009926486163279204,0.002427294735729931,0.00991788318782183,0.006452891138916924,-0.00449421667269144
14,2,-0.013360794624486126,0.007028190496328527,0.0022645048024500245,0.008204600705563215,-0.0047274177390669225
14,3,-0.02676934499329946,0.008523055964991885,0.005923616684155007,0.009121978002173394,0.005401564547808394
14,4,0.014083459874059009,0.0008885511303844407,-0.007289177257905289,0.0025618130891251934,-0.008441899870354992
14,Aggregated,-0.010073164477779914,0.005774000040407141,0.002865123593255961,0.006684793161232036,-0.003151140524643132
14,Centralized,-0.010073164477779955,0.005774000040407169,0.002865123593255958,0.006684793161231988,-0.003151140524643185
15,0,-0.01750227857902064,0.009714522782033599,-0.0017856661313472484,0.005748163588755716,0.004550463175822309
15,1,-0.012207568697179504,0.0006194131039814791,0.003954111826093616,0.005011808480525167,0.002279464226504277
15,2,-0.01528769471029457,0.003195609916933508,-0.00096876469973776,0.00950429073972859,0.005114357263897901
15,3,-0.030346545713805947,0.007692212175171823,-0.005544610165259111,0.012578173272561484,0.014958633827333664
15,4,0.015061740197836796,0.005867744087438411,-0.017441263583702068,-0.0011313225906769068,-0.00033375414815888606
15,Aggregated,-0.012069216824185929,0.0054176709597889205,-0.004351018303950895,0.006345727404929446,0.00531644685757505
15,Centralized,-0.012069216824185946,0.005417670959788913,-0.004351018303950891,0.006345727404929487,0.005316446857575089
16,0,-0.014201705421507057,0.00847785044266995,0.005198873227981127,0.005579404844738887,-0.0014722485418578763
16,1,-0.009015564340872315,0.0014689446618291588,0.007833118909694013,0.005139598986782843,-0.000621621283837051
16,2,-0.010436011636809846,0.001957695866814276,0.0042308984900065955,0.009312269981147087,-0.0015964443498534236
16,3,-0.030113028693274962,0.007412658863678328,0.004449287257426208,0.008874014248258393,0.012156320085535435
16,4,0.015464372132783144,0.004077009821947314,-0.007136979075726994,-0.0033904191562392568,-0.0039878271950508255
16,Aggregated,-0.009672173378177391,0.004679098573453543,0.002919801488332709,0.00510697989490616,0.000897875663081658
16,Centralized,-0.00967217337817742,0.0046790985734535785,0.0029198014883326934,0.005106979894906157,0.0008978756630816737
17,0,-0.015288245818902672,0.007960472931692934,0.00369451631009889,0.0024499803628305968,0.004405081280494045
17,1,-0.011146646706082149,0.002036243716884023,0.009445530215311542,0.0015695455935671278,-0.0013309445449607058
17,2,-0.011193697632655165,0.0020214680141237684,0.0037231382738944063,0.0033619173977664034,0.004410998613614949
17,3,-0.028738736152021403,0.0068493328887766864,0.006762818220192214,0.004543716221198243,0.01735014017462505
17,4,0.01805703493602217,0.0001252782340561263,-0.003193153939167324,-0.007272033628837009,-0.0011629236584640593
17,Aggregated,-0.00967508539033852,0.0038002818354544556,0.004090007355108788,0.0009344943730329338,0.004737182220941051
17,Centralized,-0.009675085390338537,0.003800281835454485,0.004090007355108791,0.0009344943730328801,0.004737182220941027
18,0,-0.01330987498758454,0.0076287533955773906,4.3313852980146154e-05,0.0023873273601403085,0.004638496451015433
18,1,-0.010568988176507175,0.0008648953927458615,0.0063030680519485785,0.0016913884869464554,0.001832330657041334
18,2,-0.009291928021994,0.0033662875591334174,-0.0016934072875009365,0.005834798262421332,0.0031854647717794284
18,3,-0.025548908736575077,0.005988309883298295,-0.0021851853831756185,0.006546931304172274,0.016866277373604587
18,4,0.016056009816894253,-0.000604314202315473,-0.011828860668025798,-0.004046323695661449,-0.001460930050812769
18,Aggregated,-0.00854429331615751,0.0034506929821325927,-0.0018674849434439978,0.0024858958387213802,0.005015318411979667
18,Centralized,-0.008544293316157489,0.003450692982132585,-0.0018674849434440375,0.0024858958387213776,0.005015318411979588
19,0,-0.013257452751859805,0.00993794457060975,7.137744197488286e-05,0.0011591486041756694,0.00394397893850158
19,1,-0.009833405867120509,0.0019978042737944725,0.006518812147885412,0.0025973381755484905,0.0008559142452501556
19,2,-0.009810766547751716,0.0035666227325277023,-0.0007589224741856572,0.006963358845080427,0.0027241070519446425
19,3,-0.02388381795430332,0.011227364174913752,-0.0013731263011517263,0.0035834687136798438,0.01447176687633828
19,4,0.01971315470987001,0.0027199996539483784,-0.01538622247844379,-0.006847679685325369,-0.0008826023048369936
19,Aggregated,-0.007427222182270697,0.005891414824501199,-0.002179354699226918,0.001495071371641827,0.00422498523591616
19,Centralized,-0.007427222182270653,0.0058914148245012045,-0.002179354699226854,0.001495071371641854,0.004224985235916192
20,0,-0.01378264941450875,0.00626666647096306,0.001881872246628291,-0.0022089816470919833,0.008463137140219349
20,1,-0.009557016693473652,-6.912800996311068e-05,0.004343920114924006,0.0007857152168526024,0.003731664458680913
20,2,-0.010536627333458925,-0.001272616316865429,0.0011122835775683995,0.0018541626354480136,0.0065080483598879075
20,3,-0.0238180666275204,0.0060975830846860075,0.0010726188525097852,-0.0023777722428369747,0.019431421931036714
20,4,0.01586430840515024,-0.0010857824261797284,-0.011529436821068285,-0.0066696622604880546,0.005626640248506741
20,Aggregated,-0.008377406375505093,0.001988774904156948,-0.0006185825111130601,-0.0017209546889514564,0.008753591792088162
20,Centralized,-0.008377406375505178,0.001988774904156882,-0.0006185825111130842,-0.0017209546889514853,0.00875359179208812
21,0,-0.013922007966421882,0.00045965479909839774,-0.008144243599998715,0.010041542901537864,0.00541122681010359
21,1,-0.00930753908153211,-0.002684348742616194,0.002412348931324975,0.008432666310994945,0.0010683070507372383
21,2,-0.009771955322326649,-0.002967961713100248,-0.003166504696851137,0.010886054495347278,0.004660709748518701
21,3,-0.024918513719155242,-0.0010889497495855272,-0.010485616844577163,0.013395757587374086,0.015286578066762101
21,4,0.01721713551937898,-0.0040626675223946074,-0.01695809324680716,-0.0004557849723531543,-0.00033811261200786903
21,Aggregated,-0.00815249815647204,-0.0020679148165795524,-0.007263799023696336,0.008464245810108175,0.005220309288453132
21,Centralized,-0.00815249815647197,-0.0020679148165795008,-0.00726379902369632,0.008464245810108207,0.005220309288453124
22,0,-0.015134320900030558,0.009292103225353681,0.005766764944081109,0.005154259817067448,0.003709588885232154
22,1,-0.00919014380112598,0.0019355672293451208,0.008738176634966425,0.0023530846751083725,0.0004196801242022606
22,2,-0.012571267731682184,0.0020573466960282514,0.004651174201263806,0.005637586898040966,0.005643231948503049
22,3,-0.026295810713709393,0.006727995386943122,0.006114551824744486,0.007559674393753493,0.01678706623048757
22,4,0.014737266061426436,0.0009340753637071162,-0.004723264981278203,-0.0015423365364597254,-0.0012502248156001706
22,Aggregated,-0.009702337321882682,0.004190945408274016,0.004113660084494054,0.0038349796375971375,0.005064783428176579
22,Centralized,-0.009702337321882632,0.004190945408274002,0.004113660084494008,0.0038349796375971423,0.005064783428176527
23,0,-0.012777696658082255,0.006654945665507863,0.0032075418204124463,0.00047590259252670944,0.003819093370508042
23,1,-0.009252877897691912,-0.00044265465184018714,0.007976922624049169,0.0035277201335264493,-0.0011827636021733913
23,2,-0.009494250770487196,2.341424728851312e-05,0.0010822118359750527,0.006153072352114851,0.0017712301525248154
23,3,-0.024847739332801214,0.005301501200554248,3.6240640597209886e-05,0.006050595227599971,0.014934092063777106
23,4,0.015117613618738606,0.000475483535721577,-0.0053434316293242586,-0.007859433079218252,-0.0005883607501620906
23,Aggregated,-0.008261969138643743,0.0024034326745775675,0.0013951042833372515,0.0016740649819854782,0.0037526402184502234
23,Centralized,-0.008261969138643743,0.002403432674577526,0.0013951042833372008,0.0016740649819854134,0.0037526402184502186
24,0,-0.014725715380159295,0.008455895824617064,-0.0007342631978835436,0.0047983606474691414,0.0034556073152413954
24,1,-0.009342796842878968,-0.0016622806382791547,0.006063989809400731,0.00512178103447398,0.0017200733663024206
24,2,-0.01183475819388167,-0.0002171062172156707,0.001082741029471354,0.007855633207581952,0.004308232731051169
24,3,-0.024896363821331913,0.005541050476907352,-0.0004140173092117334,0.006355657913497992,0.015547773255802236
24,4,0.015255079795116054,-0.0029709020860082453,-0.007874248820138012,-0.005070679299759775,-0.0025698734324225156
24,Aggregated,-0.009120368053622091,0.0018315845836106728,-0.00037159905283167726,0.0038163502798688113,0.00449563842563464
24,Centralized,-0.009120368053622038,0.0018315845836107015,-0.0003715990528316032,0.0038163502798688465,0.004495638425634672
25,0,-0.013626377779144497,0.00949907470795042,0.002242843270791321,-0.0014307050063067492,0.004487685567438835
25,1,-0.009189493344126066,0.0010875035598900953,0.00794631385903925,0.002179837953536831,-0.000995454197373528
25,2,-0.009667509765276083,0.0011495012456231302,0.0015575073734506683,0.005413461566834139,0.0033559619281111667
25,3,-0.025231675724998858,0.006806941008299163,0.0007266644217111058,0.0026564945994101436,0.014879195738804531
25,4,0.01575363552276727,0.0030330994389767374,-0.007814640366353093,-0.005882878387555084,-2.067669106089465e-05
25,Aggregated,-0.008403630504101488,0.0043158153146214805,0.0009358916976144817,0.00059029954358762,0.004343339868047518
25,Centralized,-0.008403630504101471,0.004315815314621477,0.0009358916976144872,0.0005902995435875885,0.004343339868047583
26,0,-0.013100252424070079,0.009179692357786394,0.0018527714680782708,-0.008468122600055753,0.005829485367356595
26,1,-0.007867646478049944,0.0018094111933180158,0.008012196224073814,-0.003601116846407399,0.0006367753062307135
26,2,-0.007843074710182252,0.0037725392338967046,0.001365977489061935,-0.000779541726942944,0.0028050880682929714
26,3,-0.025599667668847543,0.009227685071908142,0.0017961519064804477,-0.0068824536324680425,0.016969957636260705
26,4,0.014993955329774189,0.0033655839829076217,-0.010347793046626435,-0.012612822822279364,0.00024183038980758742
26,Aggregated,-0.007894075042067964,0.005471955727461525,0.0005410192862206277,-0.00646589161995522,0.005298945737565077
26,Centralized,-0.007894075042067985,0.005471955727461499,0.0005410192862205963,-0.006465891619955205,0.005298945737565031
27,0,-0.0076164055366399,0.005193031976665792,0.0026698796084430624,0.002891071325777694,0.0025191677197936996
27,1,-0.007590572236240141,-0.0015410552595552232,0.004958037285350734,0.004882155320469933,0.0007157092452137619
27,2,-0.007243838810525972,-0.001025600921870896,-0.00045316221373962556,0.007728277833921841,0.003054471776478144
27,3,-0.021875858115350397,0.006496016991155227,0.0018928488835053326,0.00582114057409396,0.014796760310049032
27,4,0.019036517221715194,-0.0007849347803439498,-0.006669195172989669,-0.006438719868952014,-0.0006652147285803665
27,Aggregated,-0.005069353542286223,0.0016686222371879742,0.0004830659132295634,0.002981235416030276,0.004086358958867652
27,Centralized,-0.005069353542286239,0.001668622237187989,0.0004830659132295967,0.002981235416030299,0.004086358958867704
28,0,-0.011632595565346791,0.009076867209677496,0.003871663410913968,0.002918939655008095,-0.0029786056308583747
28,1,-0.00788394670881703,0.004273946620883139,0.009126490241680333,0.0011210360582478587,-0.005378108524640082
28,2,-0.00704305661052453,0.0029119523443227593,0.003844076456340855,0.006061219134996669,-0.004914798627663605
28,3,-0.021339647405079563,0.007090767030175111,0.0033401038880059484,0.0055927432566985485,0.005815230718119252
28,4,0.019828903298347002,0.0030050434603834625,-0.006302725568729239,-0.0024222125542398085,-0.012653842381175773
28,Aggregated,-0.0056260384676526335,0.00527277878969295,0.002780228053418423,0.002656734812591749,-0.004017995409024725
28,Centralized,-0.005626038467652659,0.005272778789692972,0.0027802280534184255,0.0026567348125917213,-0.00401799540902475
29,0,-0.015451774576032222,0.009749554629603537,-0.0024813340835000797,0.004007482457649775,0.0021472635388132028
29,1,-0.011221095639860517,0.0021193750646567614,0.006936654333073389,0.0030580980329132255,-0.0006009636401050178
29,2,-0.012164379331915805,0.002649307838761082,0.0007200300659312884,0.008234504468627729,0.001480289181525382
29,3,-0.026736914770534023,0.007424357145996732,-0.001778720307338381,0.0073652460163150905,0.010683855934829874
29,4,0.01302232107447075,0.003941173937351688,-0.012971360818529136,-0.004222530205617773,-0.00015093085763603537
29,Aggregated,-0.01052142806783974,0.005177324651890416,-0.0019096978135130574,0.003692290464525899,0.0027132063709109765
29,Centralized,-0.010521428067839718,0.005177324651890439,-0.0019096978135130925,0.0036922904645259307,0.0027132063709109874
30,0,-0.017480265256043,0.008819923588469232,0.002188721312035305,0.0021770126517439564,0.005850364595578122
30,1,-0.013293275177994302,0.002489699620449623,0.00775662255563448,0.0027979190631124214,0.0006423835610031505
30,2,-0.013573499270642119,0.0038295021290087328,0.0010022962665446704,0.004467815341282919,0.0036395880902718634
30,3,-0.028190419414562375,0.008881415942002745,0.002464966070882771,0.004899447542425475,0.015243894235955657
30,4,0.012074810827417591,0.006224098627526514,-0.008658582612427034,-0.009049776850223734,0.00021531968314953594
30,Aggregated,-0.012103891291471103,0.0060488250386465416,0.0009553564352415621,0.001063255872732489,0.005120567149634206
30,Centralized,-0.012103891291471084,0.006048825038646549,0.0009553564352415482,0.0010632558727325353,0.005120567149634192
31,0,-0.013197585184749372,0.006705989781047572,0.004628194812937246,-3.791216115673346e-05,0.004522481329013778
31,1,-0.010232721492400803,0.0001689571850533626,0.00938926304184949,0.002084758802019118,-0.00030154521869677484
31,2,-0.006609753165239316,-0.0014442175060667343,0.001353522206895555,0.004668364569048731,0.0025407398810863456
31,3,-0.02288231126856801,0.004438900065681014,0.003760011212876559,0.0026464554800343858,0.013690239280556016
31,4,0.015205559086427175,0.00030920418460248325,-0.006322543441603303,-0.008574957561075196,0.0031203831535528137
31,Aggregated,-0.007554055908268205,0.0020365696906942373,0.002565899203967767,0.00016147031672297067,0.004715153842759225
31,Centralized,-0.007554055908268232,0.0020365696906942342,0.002565899203967746,0.00016147031672299103,0.004715153842759201
32,0,-0.012877473106595455,0.0076530741987406265,0.003626361594648882,0.0017192739592160908,-0.00020711384481246302
32,1,-0.008148638167130738,0.0017450841422254754,0.007555897223622332,0.001756782379097895,-0.0034739005286052913
32,2,-0.010815112958460214,0.0038918595186263217,0.004841267287081176,0.004522446456831199,-0.00043007988240447624
32,3,-0.023637942950161354,0.006295359300346082,0.0043466434538977005,0.004430932132533826,0.008250514005060269
32,4,0.014450437620545561,0.0022221766677530436,-0.006683903697072743,-0.0037490181013328746,-0.005371224200291254
32,Aggregated,-0.008216394735082563,0.004362512963952821,0.0027417148573030885,0.00173866873420337,-0.00024398706262213353
32,Centralized,-0.00821639473508256,0.004362512963952822,0.0027417148573030663,0.0017386687342033941,-0.00024398706262214188
33,0,-0.011797651186695516,0.0059845270935755,0.002923881711472052,0.002960180622693247,0.0026202138956833115
33,1,-0.00824028806200401,0.0013560052858468924,0.008065804626721726,0.0038594757787549293,-0.0014658809837643301
33,2,-0.010933488014334162,0.0010943728718659739,0.002868288507023989,0.007371132993722216,0.0014599898811797536
33,3,-0.021266031191305084,0.004451785878879801,0.0018772418932370592,0.0075531009820945525,0.013135938605643473
33,4,0.013531539199619847,0.00017279400858304003,-0.009328570492643315,-0.004259649097992757,4.311428926033385e-05
33,Aggregated,-0.007751189159477813,0.0026130422047184465,0.0012863623944696968,0.0035005025195169737,0.0031600846643220215
33,Centralized,-0.007751189159477799,0.0026130422047185037,0.0012863623944696526,0.003500502519517031,0.003160084664322042
34,0,-0.011158847504134733,0.006875353662295011,0.0011097596113999104,0.001495807487975126,0.0019450767172934748
34,1,-0.011182258006378624,0.0013379896458201978,0.007764017629010995,0.001123496731871354,-0.0008258669823824135
34,2,-0.007955045436620118,0.0005928572824182364,0.0009397139549173455,0.004953252681222249,0.0023779680199796484
34,3,-0.01991333207317926,0.004943156595320559,0.00044484576227511545,0.002029505163730135,0.011944689132418385
34,4,0.01638817314860914,0.0017550939087232376,-0.00981784799134087,-0.008852325991039682,-0.0005348781327768864
34,Aggregated,-0.0067751623452109565,0.0031015163055387834,9.279838927125546e-05,0.00015420813818784924,0.00298300460628682
34,Centralized,-0.006775162345210973,0.0031015163055388224,9.279838927126194e-05,0.00015420813818782335,0.0029830046062868172
35,0,-0.009325355870612947,0.005765577963670915,0.002004219477535138,-0.0002679404036584898,0.0026344287777007682
35,1,-0.007669927877800279,0.0003983079246761103,0.009378972749458099,0.0018957490546477802,-0.0014221195725354944
35,2,-0.00934611129938006,0.0013028671520259132,0.0007265385735664977,0.005691684308210338,0.0025214231704812295
35,3,-0.01652920951247137,0.00506072034787445,0.001168321203319836,0.0025414371191208205,0.009484164359346165
35,4,0.016085855250520052,0.0013711739661635062,-0.008422076218851495,-0.005370465069647197,-0.00045741144415189876
35,Aggregated,-0.005367052346749142,0.0027803822907852787,0.0009756534629522538,0.0009010576771758224,0.002553477495455079
35,Centralized,-0.0053670523467491725,0.002780382290785246,0.0009756534629522159,0.0009010576771758214,0.002553477495455069
36,0,-0.010181866664266152,0.005708401985465963,0.0015763529759685293,-0.0006864605190365701,0.0024892564827646594
36,1,-0.009092305511617039,-0.0008296195409529315,0.007795899073064826,-0.0005731483386670918,0.00021667586047052583
36,2,-0.007897828429428095,0.0006596275112254801,-0.00027797140191778704,0.004219952248256,0.0022267419267748933
36,3,-0.01978949208891305,0.004726357571762036,-0.0006891752461563649,0.0026183602094504007,0.010491756726341771
36,4,0.014027832076857082,0.0017688205579048646,-0.004962057838270816,-0.00912462272156888,-0.0022194601890271437
36,Aggregated,-0.006596427204015095,0.0024070042784419218,0.0006913019228864531,-0.0007052116244264939,0.0026432469656573893
36,Centralized,-0.006596427204015092,0.0024070042784419643,0.0006913019228865003,-0.0007052116244264651,0.0026432469656574365
37,0,-0.011187688998689112,0.008602439973121333,-0.0010491831399705794,0.0004895663435503443,0.003467192780959788
37,1,-0.008239117090973845,0.003074041156300823,0.0075817671505270055,0.0021552346474487294,-0.0010259584872678038
37,2,-0.008486941788614307,0.0014062430084275472,-0.0005809939695890498,0.007139201978532396,0.0016534857042316553
37,3,-0.01800627535832715,0.00542447690134004,-0.0010609934358851594,0.00215580343585105,0.012746063887164745
37,4,0.013450485122085333,0.003282773974383706,-0.010636623215615827,-0.006723167152128091,-0.0014779552738730661
37,Aggregated,-0.0065032963256457955,0.004358498043699086,-0.0011447015573931,0.0010470074143097252,0.003074658651805929
37,Centralized,-0.006503296325645822,0.004358498043699032,-0.0011447015573931075,0.0010470074143097085,0.003074658651805922
38,0,-0.007959867573854923,0.008903568257008063,0.002615737521707097,-0.002214449986392923,0.0011568734435037143
38,1,-0.00799971448044516,0.0021937618567431046,0.008563836920151313,-0.0008717459420802773,-0.001791769122734289
38,2,-0.008591428651070298,0.002531845970873638,0.0020061853505997716,0.003533783938666617,0.001905737962810523
38,3,-0.016215245279232092,0.007726149226416507,0.0020769313891143746,-0.0014599256951990148,0.010951175580318702
38,4,0.0144418354089853,0.0021579514865623485,-0.006881046393498974,-0.00820041716213864,-0.0005107608258092978
38,Aggregated,-0.005274163900682493,0.004703842409145052,0.0016803889810842244,-0.0018395350904974314,0.0023435458367557604
38,Centralized,-0.005274163900682426,0.004703842409145089,0.001680388981084215,-0.001839535090497473,0.00234354583675577
39,0,-0.0070273360237124985,0.0029943816727867113,0.001062753099151137,0.0021610319078556326,3.255140730269816e-05
39,1,-0.00558099944165722,-0.0027877034443716075,0.004973256838156682,0.004376578257842409,-0.003922617512193589
39,2,-0.005771552571752404,-0.00226208778862145,-0.0005531313519310743,0.006934831949126776,-0.0001617274891267756
39,3,-0.01348355203375855,0.000367267003832152,-0.0008673792805126007,0.0034146442645014937,0.0096793103275764
39,4,0.018034140741169366,-0.0032544793186878094,-0.008321597451625596,-0.00297589038682332,-0.0025766147409196334
39,Aggregated,-0.0027756603375683146,-0.0009874580243163548,-0.0007376197811992613,0.002784968594048458,0.0006116300860116266
39,Centralized,-0.0027756603375683323,-0.0009874580243163622,-0.0007376197811992965,0.0027849685940484416,0.0006116300860115915
40,0,-0.007623728869912052,0.00788052305798185,0.0033271511117685688,-0.002635239751529043,0.0011638864225628923
40,1,-0.005459115113792923,0.0015313291502310848,0.008377503913919405,-4.581532244750386e-05,0.0008322947783860937
40,2,-0.005199625008898209,0.001947273316022712,0.0026266386029177116,0.001666260960383271,0.002506841983540148
40,3,-0.014448558720511732,0.004699444715399651,0.002766856648408268,-0.0023343293273696015,0.0101252028294419
40,4,0.015605560963857871,0.004797915925105089,-0.005716704641167359,-0.010604426883747383,-0.002034002466018588
40,Aggregated,-0.0034340516467246296,0.0041709960430904545,0.002280080568728305,-0.0027870035007501867,0.0025209531762702465
40,Centralized,-0.003434051646724602,0.004170996043090482,0.0022800805687282822,-0.002787003500750196,0.0025209531762702786
41,0,-0.007738660283115526,0.005077534257760873,0.0005602852628461913,-0.0015476495957360845,0.0038602042311631345
41,1,-0.008853959485649831,0.0010060437432310675,0.006483506736764285,-0.0013223955427940036,0.002015771544215561
41,2,-0.00799838842000093,0.001329767412151034,0.0018918034150450726,0.0020355013906924206,0.004709310257284745
41,3,-0.016966303472236603,0.005003579069075159,0.0005096239615810229,0.0005120474000524779,0.012377122973044588
41,4,0.01817675574887679,0.0004625805932584844,-0.010502931294985224,-0.007075554923868144,-0.002092969007547485
41,Aggregated,-0.0046868753227282435,0.002576887414985213,-0.0002066613336637324,-0.0014769673502498988,0.0041768060664741325
41,Centralized,-0.004686875322728227,0.0025768874149852176,-0.00020666133366375092,-0.0014769673502498988,0.0041768060664741325
42,0,-0.012096435164799812,0.006005577823599044,0.0028705237438092068,0.002222424330742835,0.0024329192541036678
42,1,-0.009803069547591392,-0.0005930622216652442,0.007075553673599117,0.0017674534800774502,0.0017109285700413182
42,2,-0.009581771622885408,-0.0004418995119774181,-3.6198515914825925e-06,0.005437883293098726,0.0031633951946362054
42,3,-0.019659333469467154,0.004798529594615875,0.0023094303722975135,0.0028751874823460394,0.011061694688176223
42,4,0.012309263977775826,-0.001547459997519865,-0.003994130577982388,-0.006674729294206389,0.002281649748213353
42,Aggregated,-0.007775717472191468,0.0016458304976433682,0.0016542273025355334,0.0011293350585482782,0.004130946699622769
42,Centralized,-0.007775717472191455,0.0016458304976434126,0.0016542273025355178,0.0011293350585482253,0.0041309466996227815
43,0,-0.008181102378247516,0.007786082374024581,-0.00021482372783947304,0.0005257070984033958,0.0009148903626845357
43,1,-0.007582334308431749,0.001673603445790033,0.006908279117441097,0.0025371528774551446,-0.0010894143013948153
43,2,-0.008963763141368286,0.0036906757978643697,0.0003792424938054364,0.004283390573738243,0.002903607061632954
43,3,-0.01644540662927853,0.005880393466477108,-0.0013735146680172875,0.0030459577303696694,0.009563552545925969
43,4,0.014129944665515247,0.0030167055136383013,-0.008232794894940072,-0.004453051911219166,-0.0022317700292642296
43,Aggregated,-0.005417731662701842,0.004410143108819602,-0.0005030481445876209,0.0011904964457861063,0.0020141353188268493
43,Centralized,-0.005417731662701815,0.004410143108819683,-0.0005030481445876136,0.001190496445786123,0.0020141353188268245
44,0,-0.007711429705854241,0.004108343660416778,-0.0015650156257238821,0.004093404057612101,0.000545915553254192
44,1,-0.005369909141510378,-0.0005052288306184353,0.003724371679873912,0.0026629545709756885,0.00030274320402057795
44,2,-0.004690603817954486,-0.0021296376955753445,-0.0025390068830906747,0.007266391384143795,0.00038814495114022164
44,3,-0.013854495548673417,0.0035192082687250633,-0.0023801977608460282,0.005644333353508407,0.007683854283423636
44,4,0.012972292016308415,0.0008529328970226041,-0.01103593831557543,-0.004016535467004706,-0.00016654942217211958
44,Aggregated,-0.0037386887662923113,0.0011692573709633364,-0.0027552304254643187,0.003133485067812992,0.0017516906078819349
44,Centralized,-0.003738688766292344,0.0011692573709632577,-0.0027552304254643556,0.0031334850678130105,0.0017516906078819533
45,0,-0.009680466485405529,0.00685866458320254,0.0004474340212046096,-0.0007993344841541498,0.003168467465970674
45,1,-0.008403821444720617,-0.0006773831898798173,0.005641949369007028,0.0004601271399219231,0.0009819164861761423
45,2,-0.00845216956033753,0.0022255026398001272,0.0008222991522288143,0.0025290554289097555,0.0030941059681997866
45,3,-0.017474129227353283,0.004061788986745353,-0.0013894464097597653,0.00022975158557380268,0.011781199871686647
45,4,0.01358864029579009,0.003644975606283684,-0.009147579668071896,-0.006857997891717201,0.00044434819090723534
45,Aggregated,-0.006093650007119898,0.0032225033858843547,-0.0007210652780705863,-0.0008848528934965728,0.003895590337482288
45,Centralized,-0.006093650007119942,0.0032225033858843464,-0.0007210652780705854,-0.0008848528934965905,0.003895590337482298
46,0,-0.008749760829405201,0.007892658121055617,0.0016563962470937507,-0.0010597836942652253,0.003516436795638477
46,1,-0.00796793468756713,0.0023274945515799035,0.0062397895199277,0.0022257189020753717,0.0007546005529920463
46,2,-0.009197475968818074,0.0010497416704117071,0.0028174238334310988,0.005228618442192854,0.003346090927438087
46,3,-0.018073419361928626,0.006722400019844547,0.001977004758042273,0.0018265438986722069,0.012520127621478312
46,4,0.012355598934848954,0.0033608850417900793,-0.008220643065169045,-0.007048425211535943,0.0009902273753637132
46,Aggregated,-0.006335386190629888,0.004271050688952518,0.0008983140911503382,0.0002379811129303568,0.004226974763864118
46,Centralized,-0.006335386190629867,0.004271050688952532,0.000898314091150367,0.0002379811129303531,0.004226974763864115
47,0,-0.007234359620647846,0.004098098634189027,0.001718443454878832,0.0035745420644494067,-0.0013400946887153274
47,1,-0.008031017040763063,-4.939679705943112e-05,0.007932004529057849,0.003651148716430083,-0.004610708079258789
47,2,-0.006882796236850284,-0.001965731256092278,0.001507329927554879,0.007803005095165738,0.000640968500723461
47,3,-0.01570342339385526,0.001947591860328828,0.0016493964341218498,0.005981956848215086,0.0076246577561853105
47,4,0.01310718897917344,0.0013568300942353479,-0.009499213054304866,-0.0025823858640384462,-0.0035085856161738657
47,Aggregated,-0.004957378929864863,0.0010773398031051096,0.0006664094489748529,0.0036886132422116313,-0.00023725489534306236
47,Centralized,-0.004957378929864879,0.0010773398031050994,0.0006664094489748334,0.0036886132422116495,-0.00023725489534303553
48,0,-0.0130090874945054,0.0069083524964768895,0.001834743491500592,0.001658074554854072,0.0019504170307636025
48,1,-0.010667071073904834,0.0007605196819646295,0.008097247311325476,0.0037770590088451275,-0.0017090819070767205
48,2,-0.014681133659274892,0.00231888374633035,0.0011745611980414137,0.008059993357948086,0.0018511293562198726
48,3,-0.020521266057749874,0.003850833747222469,0.0011723583020256361,0.004002241268700618,0.009286350425903426
48,4,0.012284976701404897,-0.000558546877920348,-0.005767482721372631,-0.0028339377088255234,-0.0010977363873727914
48,Aggregated,-0.009328894975537681,0.0026575264043491743,0.0013056429665392305,0.0029354164725181246,0.0020576626379554697
48,Centralized,-0.00932889497553768,0.0026575264043492077,0.001305642966539273,0.0029354164725181532,0.0020576626379554845
49,0,-0.010511038032925654,0.007077890248096613,0.0021153980066833705,0.0034655880555623697,0.0005309171360905649
49,1,-0.009704641474541805,0.0011099098589258144,0.007834439284172443,0.003867194140330953,-0.00013040634734090746
49,2,-0.008903147681416193,0.0026801207034265677,-0.00017208293676534796,0.0072963061645789605,0.002670755915231357
49,3,-0.017229979747486503,0.004151976775276151,0.000984122215400494,0.00532673029708645,0.011223949886895363
49,4,0.011693585681311808,0.0010400555339778665,-0.005757147813540906,-0.003186857036566203,-0.002662322160634138
49,Aggregated,-0.006939814836658824,0.003213015239582761,0.0010041544366656552,0.0033568838803304892,0.0023288853660183803
49,Centralized,-0.006939814836658841,0.003213015239582746,0.001004154436665719,0.00335688388033047,0.0023288853660183703
50,0,-0.006652814250331466,0.0017224619972391155,0.0013967581520276857,0.0016930026311396404,0.0024875790627685635
50,1,-0.007455991371140789,-0.0011703874966190622,0.007120883000042451,0.0016221039098697839,-0.0001632309306119693
50,2,-0.0055513530145540725,-0.0008605039873917937,0.0012921032274217305,0.002310056773591194,0.004004050836441086
50,3,-0.012703591429917427,-0.0006887993652731757,0.0002005075672123315,0.0022698074272852393,0.010695971797632249
50,4,0.014274057644725958,-0.00039697808630538014,-0.009918167643963654,-0.0022685441335327694,0.0006189943347150506
50,Aggregated,-0.0036263697054172584,-0.0002787824371059862,2.3133222490779686e-05,0.001126888633086497,0.003530004418481452
50,Centralized,-0.0036263697054172376,-0.00027878243710601863,2.3133222490775058e-05,0.0011268886330864601,0.003530004418481452
