,BeforeLocalTraining,AfterLocalTraining,BeforeLocalPartialEvaluations,AfterLocalPartialEvaluations,BeforeEvaluation,AfterEvaluation
1,1791296128.8764222,1791296128.9780202,1791296134.7331345,1791296135.8024166,1791296135.8168588,1791296135.8339872
2,1791296136.1318276,1791296136.227075,1791296142.1193929,1791296143.262717,1791296143.2763853,1791296143.2935326
3,1791296143.5990837,1791296143.6978714,1791296149.523651,1791296150.6374605,1791296150.650996,1791296150.668777
4,1791296150.9396718,1791296151.0372903,1791296157.0950286,1791296158.1606925,1791296158.1743715,1791296158.1912916
5,1791296158.5106773,1791296158.608961,1791296164.2561908,1791296165.3945382,1791296165.4081464,1791296165.4286225
6,1791296165.7219164,1791296165.827105,1791296171.739163,1791296172.8059099,1791296172.819586,1791296172.8368845
7,1791296173.159768,1791296173.2561471,1791296178.9156435,1791296180.007725,1791296180.0213969,1791296180.038396
8,1791296180.3275537,1791296180.4236026,1791296185.8656542,1791296186.9403355,1791296186.9541996,1791296186.9714355
9,1791296187.274698,1791296187.3748665,1791296192.9475374,1791296194.0156474,1791296194.0292277,1791296194.0466282
10,1791296194.3665159,1791296194.4620936,1791296199.7995563,1791296201.2752798,1791296201.2888823,1791296201.3055918
11,1791296201.6855216,1791296201.7820075,1791296207.324091,1791296208.3851297,1791296208.3988912,1791296208.4155607
12,1791296208.7419536,1791296208.840847,1791296214.503134,1791296215.768985,1791296215.7829351,1791296215.8003776
13,1791296216.10608,1791296216.2036896,1791296221.7136016,1791296222.790112,1791296222.8036973,1791296222.8203943
14,1791296223.1112785,1791296223.2083972,1791296228.8253012,1791296229.8901484,1791296229.9040384,1791296229.9211009
15,1791296230.2382226,1791296230.3360085,1791296235.8583224,1791296236.916894,1791296236.9305158,1791296236.9474218
16,1791296237.2724743,1791296237.3733366,1791296242.7974198,1791296243.8928905,1791296243.906525,1791296243.9236867
17,1791296244.2147055,1791296244.3119009,1791296249.8498437,1791296250.9329395,1791296250.9468155,1791296250.9640262
18,1791296251.2594223,1791296251.3576539,1791296256.8899295,1791296257.9622445,1791296257.9759734,1791296257.9927723
19,1791296258.2923877,1791296258.392095,1791296264.1629398,1791296265.240061,1791296265.2538686,1791296265.2706757
20,1791296265.5987315,1791296265.6963112,1791296271.2604022,1791296272.3230596,1791296272.336737,1791296272.3533182
21,1791296272.6744387,1791296272.773128,1791296278.2860613,1791296279.3809257,1791296279.3947864,1791296279.4114196
22,1791296279.698293,1791296279.7941115,1791296285.3267348,1791296286.4099054,1791296286.423625,1791296286.440849
23,1791296286.7395642,1791296286.8387332,1791296292.2625418,1791296293.3228443,1791296293.3368018,1791296293.3538473
24,1791296293.6686006,1791296293.7652807,1791296299.1507475,1791296300.2311194,1791296300.2447724,1791296300.2619016
25,1791296300.5843744,1791296300.6924152,1791296306.308905,1791296307.365352,1791296307.3792355,1791296307.3968477
26,1791296307.716104,1791296307.8125913,1791296313.4241588,1791296314.488174,1791296314.501905,1791296314.5196817
27,1791296314.8252647,1791296314.9280384,1791296320.198665,1791296321.518,1791296321.5317721,1791296321.5489259
28,1791296321.8014164,1791296321.899594,1791296327.4175177,1791296328.5116103,1791296328.52541,1791296328.5429873
29,1791296328.8152046,1791296328.9134758,1791296334.180982,1791296335.2766635,1791296335.2907653,1791296335.3088045
30,1791296335.7396345,1791296336.000364,1791296341.2755427,1791296342.338465,1791296342.35212,1791296342.3691692
31,1791296342.7081625,1791296342.805611,1791296348.3912416,1791296349.4654398,1791296349.479219,1791296349.4963646
32,1791296349.8177671,1791296349.9144502,1791296355.3428075,1791296356.420002,1791296356.4336977,1791296356.4507427
33,1791296356.735876,1791296356.8344843,1791296362.3645833,1791296363.4341748,1791296363.447734,1791296363.4650538
34,1791296363.7622557,1791296363.864082,1791296369.6229076,1791296370.6764364,1791296370.6902664,1791296370.7076602
35,1791296371.0419438,1791296371.1377182,1791296376.4105575,1791296377.4733934,1791296377.4892404,1791296377.5118687
36,1791296377.8016906,1791296377.9086492,1791296383.5726714,1791296384.647629,1791296384.6614687,1791296384.6781917
37,1791296384.9929693,1791296385.0898964,1791296390.424268,1791296391.4902353,1791296391.5039551,1791296391.521935
38,1791296391.823265,1791296391.9197152,1791296397.5853772,1791296398.6456947,1791296398.6594195,1791296398.6766026
39,1791296399.0079827,1791296399.1056137,1791296404.484066,1791296405.563191,1791296405.5767987,1791296405.5934298
40,1791296405.9260435,1791296406.0212553,1791296411.7471647,1791296412.8042269,1791296412.8178651,1791296412.8352766
41,1791296413.1452174,1791296413.241822,1791296418.832205,1791296419.9114256,1791296419.9252088,1791296419.9421391
42,1791296420.2473462,1791296420.3543634,1791296425.8433473,1791296426.9198697,1791296426.9336214,1791296426.950871
43,1791296427.2868557,1791296427.3859994,1791296432.7967253,1791296433.9008563,1791296433.9146857,1791296433.9321594
44,1791296434.1939566,1791296434.2903492,1791296439.6115084,1791296441.093835,1791296441.1094227,1791296441.1297038
45,1791296441.3861868,1791296441.5306711,1791296447.7717981,1791296448.963411,1791296448.9777062,1791296448.9958382
46,1791296449.2862837,1791296449.385494,1791296455.3483644,1791296456.6764874,1791296456.690565,1791296456.7091877
47,1791296457.0568542,1791296457.1557565,1791296463.250655,1791296464.4732804,1791296464.4871764,1791296464.5061097
48,1791296464.8057995,1791296464.916262,1791296470.8566446,1791296472.0366364,1791296472.0509973,1791296472.0698369
49,1791296472.3673427,1791296472.4775221,1791296478.4780192,1791296479.6430807,1791296479.6568065,1791296479.675052
50,1791296479.99514,1791296480.0960326,1791296486.3212495,1791296487.4810734,1791296487.4973202,1791296487.5191588
