,BeforeLocalTraining,AfterLocalTraining,BeforeLocalPartialEvaluations,AfterLocalPartialEvaluations,BeforeEvaluation,AfterEvaluation
1,1791296128.8812299,1791296129.0131085,1791296134.7334285,1791296136.066332,1791296136.0802732,1791296136.1011066
2,1791296136.1315727,1791296136.256956,1791296142.1207354,1791296143.541048,1791296143.554351,1791296143.5755436
3,1791296143.5989017,1791296143.7340198,1791296149.5233753,1791296150.865469,1791296150.878928,1791296150.8998
4,1791296150.9398937,1791296151.071135,1791296157.0949123,1791296158.455402,1791296158.4686294,1791296158.4893565
5,1791296158.5108924,1791296158.639694,1791296164.255596,1791296165.6641212,1791296165.67749,1791296165.6996243
6,1791296165.721603,1791296165.8650918,1791296171.7400854,1791296173.0967534,1791296173.1100574,1791296173.130956
7,1791296173.1594818,1791296173.2869859,1791296178.9152431,1791296180.2431185,1791296180.2567463,1791296180.277431
8,1791296180.3278854,1791296180.4527688,1791296185.8652263,1791296187.2188091,1791296187.2322543,1791296187.252657
9,1791296187.2742512,1791296187.4069486,1791296192.9484546,1791296194.2741992,1791296194.2875905,1791296194.3082333
10,1791296194.3661468,1791296194.5001895,1791296199.7994323,1791296201.6103468,1791296201.6236317,1791296201.6452491
11,1791296201.6852682,1791296201.813751,1791296207.3231409,1791296208.6856594,1791296208.6989617,1791296208.720204
12,1791296208.7416,1791296208.8690393,1791296214.504378,1791296216.050743,1791296216.0641036,1791296216.0845857
13,1791296216.105644,1791296216.2300007,1791296221.7133148,1791296223.043955,1791296223.0570772,1791296223.0780733
14,1791296223.1113286,1791296223.2373092,1791296228.8254857,1791296230.1671116,1791296230.180551,1791296230.2017667
15,1791296230.2386162,1791296230.3634665,1791296235.8580198,1791296237.190856,1791296237.2041912,1791296237.2255008
16,1791296237.2723792,1791296237.3979416,1791296242.7979214,1791296244.122654,1791296244.1363351,1791296244.156868
17,1791296244.2142909,1791296244.340317,1791296249.8493288,1791296251.1889932,1791296251.2022197,1791296251.22288
18,1791296251.2587316,1791296251.3823404,1791296256.89014,1791296258.2235565,1791296258.2369514,1791296258.2574513
19,1791296258.2915564,1791296258.5211744,1791296264.16254,1791296265.5176525,1791296265.5311718,1791296265.5528243
20,1791296265.5986786,1791296265.7270508,1791296271.2597952,1791296272.579187,1791296272.5927072,1791296272.6136377
21,1791296272.674605,1791296272.8016374,1791296278.2858915,1791296279.6127324,1791296279.6261418,1791296279.6483011
22,1791296279.699156,1791296279.8281376,1791296285.3260815,1791296286.6598003,1791296286.6730053,1791296286.6935945
23,1791296286.739646,1791296286.8697677,1791296292.261645,1791296293.5864086,1791296293.5996354,1791296293.6202767
24,1791296293.6686676,1791296293.7950258,1791296299.1509268,1791296300.4699376,1791296300.4834461,1791296300.5037665
25,1791296300.5843482,1791296300.7188962,1791296306.3080046,1791296307.6443446,1791296307.6577578,1791296307.6779096
26,1791296307.7162786,1791296307.8454583,1791296313.4253647,1791296314.7687552,1791296314.78219,1791296314.8031456
27,1791296314.8242466,1791296314.9511313,1791296320.1987455,1791296321.7448668,1791296321.7582686,1791296321.7792413
28,1791296321.8013442,1791296321.9302564,1791296327.4179585,1791296328.7596834,1791296328.7730625,1791296328.7935643
29,1791296328.814709,1791296328.9415088,1791296334.18085,1791296335.5703535,1791296335.5915086,1791296335.6310246
30,1791296335.739814,1791296335.9480827,1791296341.275593,1791296342.614275,1791296342.6277187,1791296342.6486044
31,1791296342.708718,1791296342.8353295,1791296348.3909366,1791296349.713678,1791296349.7270157,1791296349.747078
32,1791296349.8179095,1791296349.948268,1791296355.3434253,1791296356.6740556,1791296356.6875134,1791296356.7094858
33,1791296356.7360668,1791296356.8605587,1791296362.364374,1791296363.6793408,1791296363.6927397,1791296363.7140703
34,1791296363.7622762,1791296363.8931782,1791296369.622244,1791296370.938179,1791296370.951507,1791296370.9716637
35,1791296371.0425825,1791296371.168227,1791296376.4100559,1791296377.7367,1791296377.7504284,1791296377.770992
36,1791296377.801006,1791296377.9389486,1791296383.572547,1791296384.9020066,1791296384.9160128,1791296384.9367077
37,1791296384.9922214,1791296385.1193278,1791296390.4236498,1791296391.7424757,1791296391.7559488,1791296391.7764642
38,1791296391.8229144,1791296391.9468517,1791296397.5861397,1791296398.8949344,1791296398.9080424,1791296398.9283612
39,1791296399.0078292,1791296399.1456692,1791296404.4837658,1791296405.7970614,1791296405.8101513,1791296405.8310704
40,1791296405.925025,1791296406.0521772,1791296411.74705,1791296413.078875,1791296413.0922558,1791296413.1130135
41,1791296413.1447651,1791296413.2745628,1791296418.8315296,1791296420.1480002,1791296420.1613297,1791296420.181703
42,1791296420.2468216,1791296420.3750288,1791296425.8429174,1791296427.1817582,1791296427.194837,1791296427.2156346
43,1791296427.2866662,1791296427.4358697,1791296432.797275,1791296434.1167967,1791296434.1302748,1791296434.1508372
44,1791296434.1937454,1791296434.3203058,1791296439.6125102,1791296441.3114462,1791296441.3282065,1791296441.3548956
45,1791296441.382782,1791296441.5427756,1791296447.771793,1791296449.1894267,1791296449.2029386,1791296449.226076
46,1791296449.2857006,1791296449.4169066,1791296455.3491182,1791296456.9550087,1791296456.9680932,1791296456.9889712
47,1791296457.0566993,1791296457.1839004,1791296463.2503939,1791296464.7341926,1791296464.7479115,1791296464.770561
48,1791296464.8053377,1791296464.939299,1791296470.8561866,1791296472.308866,1791296472.3223226,1791296472.3441172
49,1791296472.3671174,1791296472.5094612,1791296478.4785533,1791296479.9376788,1791296479.9510403,1791296479.972412
50,1791296479.994375,1791296480.130599,1791296486.3218343,1791296487.7973204,1791296487.811548,1791296487.8340483
