Round,Evaluator,2,0,1,4,5,3
0,0,,,,,,
0,1,,,,,,
0,2,,,,,,
0,3,,,,,,
0,4,,,,,,
0,5,,,,,,
0,Aggregated,,,,,,
0,Centralized,,,,,,
1,0,0.04458110976577402,0.06581277260703051,0.05756348334127644,0.038033640234028845,0.021810091771320157,0.024928187362186705
1,1,0.04542703776861094,0.07491631869560553,0.06874247311533375,0.0476661466732903,0.04095374510370787,0.03664539965049219
1,2,0.04857553206629889,0.056068654023778586,0.05931421036676648,0.04061836888690095,0.02584721134614866,0.041019503798244775
1,3,0.04726954955630169,0.06842995386061584,0.05064007477379279,0.061326286963559115,0.041080378692415556,0.043987733345532666
1,4,0.04246546902045912,0.05809923999917181,0.04975794248843028,0.03228002076438406,0.03943164540090682,0.045142362860980355
1,5,0.04835935944126743,0.07287992308244443,0.06723136494698267,0.052150306603665215,0.034505133845627214,0.01515321556910299
1,Aggregated,0.04628843270812516,0.06634522564904786,0.058886340177927196,0.04541905690717718,0.03415802776299312,0.03489327324891718
1,Centralized,0.04628843270812516,0.06634522564904786,0.058886340177927196,0.04541905690717718,0.03415802776299312,0.03489327324891718
2,0,0.06121587606981015,0.0671884295100528,0.033601196333095065,0.050028122445128366,-0.012116422935216963,0.06231181947551713
2,1,0.06353672135010513,0.07156260940383406,0.03160092366785552,0.051023985520156176,-0.017910169907478474,0.049657995780934654
2,2,0.058993212915005325,0.07080462305301886,0.027323379401970892,0.05458690370840995,-0.01132744881736859,0.05818063984086692
2,3,0.05570384352057306,0.06530311877714189,0.014060641957325166,0.05802603622890043,-0.018866388763722933,0.050082033396633426
2,4,0.0667431817951525,0.07313495201624763,0.036845923205853094,0.05887099307483725,-0.010375333189387333,0.07067011605294285
2,5,0.05810766943246483,0.06705618639201026,0.027557157865730226,0.055046587682992844,-0.012790852529840288,0.06537842827047816
2,Aggregated,0.060829770098213345,0.06895509111991253,0.02823301245000865,0.05454348504286444,-0.014094610972020694,0.05922351295443936
2,Centralized,0.060829770098213345,0.06895509111991253,0.02823301245000865,0.05454348504286444,-0.014094610972020694,0.05922351295443936
3,0,0.027290003607749115,0.030555723519770588,0.023558971614423555,0.043244503528525526,0.05219130541871624,0.00015895043687976027
3,1,0.0394841103845248,0.032065357018988286,0.018511582504623727,0.031974147159877724,0.03426798625051455,-0.004813390827569909
3,2,0.025961140453723452,0.03531364014627419,0.014438283456329828,0.05524426935208977,0.04743734378310196,-0.012270032635120347
3,3,0.02483143735583834,0.041602440924814216,0.021994074909251784,0.06171924754497837,0.054655399022988,-0.004718817727998082
3,4,0.02125100459062106,0.03068935120043175,0.010320758769892389,0.055199753617468234,0.04399905792344875,-0.016816879900989342
3,5,0.022139364802422914,0.03620142652333998,0.019665929142441634,0.05758784615648927,0.051994585366719734,-0.005663642968598402
3,Aggregated,0.02671723822129124,0.034207643250663375,0.01812753781237713,0.05077758233981651,0.04722364389118853,-0.007496142945759152
3,Centralized,0.02671723822129124,0.034207643250663375,0.01812753781237713,0.05077758233981651,0.04722364389118853,-0.007496142945759152
4,0,0.005747732416770298,0.042597165943911795,0.02057974215315834,0.020699135364484117,0.002327655293826153,-0.05433863348042287
4,1,-0.0021031782784139844,0.02823413966179406,0.0034702814987926833,-0.0017247966420428718,0.0034364182743599914,-0.028638528256090184
4,2,0.0031946241077487982,0.033564091508439343,0.008600733985721615,0.013284070172337644,0.005400297801002437,-0.03399060828532526
4,3,0.008878700282948267,0.036198186261869256,0.0036880374321821823,0.020957938730334,0.0019508966479536804,-0.045433004555675886
4,4,0.00815231655442018,0.03384386983715839,0.017271273066466045,0.01478276838248547,0.006144943533586937,-0.032798277460502845
4,5,0.0068610478308709245,0.03936067381406543,0.019317180538148536,0.01628945619125721,-0.005439384937284269,-0.05400463515965976
4,Aggregated,0.005175513134344971,0.035567133106812185,0.012320160338294164,0.014223159465266581,0.002292355720580106,-0.04149694036720168
4,Centralized,0.005175513134344971,0.035567133106812185,0.012320160338294164,0.014223159465266581,0.002292355720580106,-0.04149694036720168
5,0,0.030911395513749617,0.032012619024618216,0.00380679336457751,-0.029240661779629647,0.011002882585856046,0.020276147600401532
5,1,0.027624408109655687,0.026640788918748826,0.013108550020959895,-0.02588035654609564,0.026590503751831744,0.021659307252119786
5,2,0.02953844362162279,0.03891569301720154,-0.009341391964318047,-0.01847646617047086,0.010169867477197428,0.020639029768713003
5,3,0.024707049067786875,0.02743263519605409,0.004814896331968034,-0.020965617700700486,0.007785140060084104,0.023193407339616393
5,4,0.029522645577297432,0.02765666377485136,-0.005383876853698575,-0.02938392597063842,0.006278865820789687,0.019999188376439627
5,5,0.025416422122494786,0.026154026743785627,0.0029936366267770266,-0.01760037846969718,0.011502111077157866,0.02020603657875658
5,Aggregated,0.027873668222526293,0.029705784403097624,0.0017002662011500525,-0.02364155579554957,0.0123062708966416,0.0208859613180488
5,Centralized,0.027873668222526293,0.029705784403097624,0.0017002662011500525,-0.02364155579554957,0.0123062708966416,0.0208859613180488
6,0,-0.02036561764307319,-0.03935068387276666,-0.003872324343573569,0.017464414559494566,0.0062320676056860525,-0.007087875460846564
6,1,-0.018822350078123204,-0.03033230453678432,-0.007283588248187545,0.0016923556853761592,-0.013326277594054019,-0.012569364344461034
6,2,-0.02474887959788494,-0.03094438453127592,-0.007715971481250535,0.015073487807729598,-0.0014532218354664198,-0.011597974588048279
6,3,-0.015174674297031595,-0.028200702282261098,-0.006050916964896368,0.009279516256211068,0.005418988291839741,-0.009765281806755137
6,4,-0.021711517533841037,-0.0334558659911273,-0.006513417016951623,0.01187813685396393,0.005156322394457158,-0.0050163249004002135
6,5,-0.0235907438947534,-0.04635833756245227,-0.006024006400803735,0.009292103162636617,-0.0019803926968463073,-0.007656391103380847
6,Aggregated,-0.02060714574153579,-0.03476737057396653,-0.00615070940236013,0.01074117257195287,-2.0495596228901438e-05,-0.008910782341360715
6,Centralized,-0.02060714574153579,-0.03476737057396653,-0.00615070940236013,0.01074117257195287,-2.0495596228901438e-05,-0.008910782341360715
7,0,0.012486778715077335,0.031226926807840037,0.0003257845689285425,0.004087872058954941,0.012596102435984162,0.009320456125563736
7,1,0.006497716536130326,0.045804800361552586,-0.004512733800602336,0.015207622521371792,0.012309342553288648,0.014410344541964425
7,2,0.004161065692602764,0.03223314330844289,0.007731708647599481,-3.4417717554553596e-05,0.01872228889017182,0.013061858229536902
7,3,0.003976463217898924,0.02417275078431383,0.0020019897415116104,-0.008185646869155851,0.012030745427681956,0.005358927143771285
7,4,0.0014936853722832674,0.03589407686360005,-0.005112362482412486,0.008266355377591246,0.015478789380139876,0.006136852514624576
7,5,0.010588901179807387,0.03126285172418523,0.0005132336806579022,0.00546782856863319,0.014799840751400834,0.012263399343196823
7,Aggregated,0.00640099670267957,0.033311817978140756,0.0001038431589028502,0.004083455309080017,0.014243882543595146,0.010022003021366964
7,Centralized,0.00640099670267957,0.033311817978140756,0.0001038431589028502,0.004083455309080017,0.014243882543595146,0.010022003021366964
8,0,-0.051153989729445966,0.0021481911239220916,0.0032952672677267454,0.016530182194813156,0.005503520350824973,0.01722509057910089
8,1,-0.04837628761358411,-0.006884077264019729,-0.006305177085521138,0.016764012071212253,-0.005913402038957261,0.018305603252303994
8,2,-0.0384157912611007,0.00012389867567421417,-0.0048758250080045635,0.01830920633367996,0.0031617071024490615,0.013941488536218058
8,3,-0.03511288507096907,-0.0028879443424885427,-0.0014393447007998133,0.011750121605272683,0.002613654310179778,0.011201646399941565
8,4,-0.048978034213630416,-0.007004674286548432,-0.0011793568062365262,0.012076232479756551,0.003890406176917093,0.019516471270815627
8,5,-0.036198246083996695,-0.000965710514370968,-0.0023833303342270643,0.018723630075825178,0.0030628415061565327,0.0167180122051527
8,Aggregated,-0.04289613202088776,-0.0026034042565216946,-0.00210736175022494,0.01574955546717241,0.0020940355337464426,0.016259149831572096
8,Centralized,-0.04289613202088776,-0.0026034042565216946,-0.00210736175022494,0.01574955546717241,0.0020940355337464426,0.016259149831572096
9,0,0.01047637446278887,0.0005284308725599041,0.01271208899355735,0.004353985757339577,0.004737311851253629,0.005521411705332093
9,1,0.013937844428092093,-0.004979953535944484,0.014851400089162501,0.009414746231111215,0.008137189608706562,0.008016910207117579
9,2,0.001214939616648074,0.0016537918512236538,0.006870821627196508,0.007650713791098744,0.005911819354394203,0.00752578034581263
9,3,0.004027765764330755,-0.0012465421835212728,0.012718175611930164,0.007666826049693606,0.004938498217774465,0.009829300700327195
9,4,0.0055975398949084515,-0.006276158910529429,0.013146898863681407,0.005718861541467302,0.006434013675608288,0.011673673931785637
9,5,0.004026813055171403,0.001672480650790327,0.00834373543924805,0.006557034243102553,0.004845899440557772,0.002640072265772671
9,Aggregated,0.00652969035089228,-0.0014570538991153354,0.011433061917780717,0.006933111574720166,0.00584128469866294,0.007334586888612327
9,Centralized,0.00652969035089228,-0.0014570538991153354,0.011433061917780717,0.006933111574720166,0.00584128469866294,0.007334586888612327
10,0,-0.04363977656874946,0.010148149561826778,0.018734451064903016,0.007557566624003184,-0.021203676758196486,0.019688188878565625
10,1,-0.04345428849058875,0.01652260623025938,0.013548026605519679,0.0044244281348278435,-0.024463944908869367,0.01636230133885835
10,2,-0.03087673032582706,0.004021344561426195,0.015966822063546524,0.01070335892149904,-0.020890940817778706,0.01944905476279759
10,3,-0.026712313277835284,0.007972796933060088,0.015024654910739055,0.005553448251001589,-0.01689918365561221,0.008603510547020595
10,4,-0.032950143527460424,0.00782147612993594,0.015427286434857083,-0.00013555268241147012,-0.022675015188073872,0.010260537266607854
10,5,-0.03419447824973958,0.013141464691477958,0.013598845885593569,-0.002399745337532288,-0.02184912631763555,0.01223480907772776
10,Aggregated,-0.03530778899714381,0.009973867257844866,0.0153067638607752,0.004175525973962995,-0.02135804967692113,0.014427815209779135
10,Centralized,-0.03530778899714381,0.009973867257844866,0.0153067638607752,0.004175525973962995,-0.02135804967692113,0.014427815209779135
11,0,0.0011833924230357667,-0.004556620741431452,0.0063822338590069855,-0.0011436984676621187,0.0035824843243210014,0.008175972696393733
11,1,0.003828350971020258,0.008765189671750549,0.009741324347450765,-0.0007816326104326002,0.008287502772698302,0.004305341298295241
11,2,-0.001240177859132857,-0.004872145263753755,0.004961485389498068,0.0031569499945784557,0.0041023379595989465,0.0034136780750285774
11,3,-0.002526841754735708,0.002080659921136939,0.011084912275529024,0.0012679527643033254,0.004597978891881125,0.006333991491753299
11,4,-0.002049795193145179,0.0017894604075929096,0.016757581006971136,0.00045554171134335435,0.009885753160619343,0.007618632664738007
11,5,0.0024996122299999527,-0.003209168619636686,0.0031571123721365747,0.00012573925856275488,0.0028501881917279513,0.005570898520435779
11,Aggregated,0.0003640082832396989,3.786048540228077e-06,0.008671596811979272,0.0005099055200375822,0.0055350102470292485,0.0059066911072214
11,Centralized,0.0003640082832396989,3.786048540228077e-06,0.008671596811979272,0.0005099055200375822,0.0055350102470292485,0.0059066911072214
12,0,0.004377681744889276,-0.015222621993505863,0.007002426567757056,0.009343931433330966,-0.008868784209454235,-0.002548497766320961
12,1,0.006756698267130134,-0.030321535176500023,0.008976255929206835,0.012359772254150705,-0.013105940465784253,-0.010719419678810507
12,2,0.005174716624782432,-0.015880534690048673,0.008448259886011023,0.013791431936968577,-0.009709811033209576,-0.00039511015049246577
12,3,0.005980194994401137,-0.023121959039257286,0.00334844811571486,0.00779875494273548,-0.005140716805920718,-0.009156891241648937
12,4,0.008828059662554209,-0.028828763160655965,0.00797709064436721,0.012580650304433316,-0.00586640698581965,-0.011356297240557438
12,5,0.010760159832659382,-0.021754629977100967,0.006896317675980777,0.007118353923884379,0.0015444278160534532,-0.002456230122586377
12,Aggregated,0.006924299975432733,-0.022546551167612137,0.007103703939761133,0.01048869692158243,-0.006756599317804771,-0.006062752734189509
12,Centralized,0.006924299975432733,-0.022546551167612137,0.007103703939761133,0.01048869692158243,-0.006756599317804771,-0.006062752734189509
13,0,0.014219576338649354,0.002258497105836602,0.011016419195998326,-0.02878057773383861,0.005958477752091354,-0.0028297796103821968
13,1,0.01788423726173137,0.0118533209691174,0.011360028730630118,-0.016440746896607825,0.012529910470532365,-0.006629823796652121
13,2,0.010337221614719908,-8.096440037279638e-05,0.008890227414922701,-0.022443574340556962,0.008987982544050439,-0.005921627542067119
13,3,0.011569193971841616,0.00737843339653586,0.010652582358690689,-0.02678714414976217,0.0073443745360589185,-0.003180302542109216
13,4,0.013596857638399228,0.007622993378030367,0.012182311022538453,-0.021548204726943868,0.008221765105847862,-0.005494202966164359
13,5,0.010708847216400554,-0.0008768382648569415,0.010811495835230172,-0.023282173482922577,0.005388964795533034,-0.00022749645706537184
13,Aggregated,0.013005079730314196,0.004814581466755656,0.010874832977797198,-0.023090644862331318,0.00806999654877861,-0.004159929817598223
13,Centralized,0.013005079730314196,0.004814581466755656,0.010874832977797198,-0.023090644862331318,0.00806999654877861,-0.004159929817598223
14,0,0.0018119268834345947,0.006685918140505552,0.010181078053495328,0.0017489357418339867,0.0017222119943767753,-0.019792080610555145
14,1,0.004418708382000221,0.0007367416865451652,0.010192720737446951,0.007445727499403708,0.0013979253497538263,-0.023826032724763573
14,2,-0.0009004091989509657,0.00415714602079687,0.006839552030368243,0.0016458253815858186,0.003696382865566602,-0.012494294953735694
14,3,0.0015718137825609416,0.005542487105314243,0.009274408703296455,0.005097007376920433,0.004646241026779605,-0.01428188640543798
14,4,0.00011596665418736329,0.006456632709616436,0.007566882532231376,0.0032226959899831955,-0.002077958605031468,-0.014363621098333909
14,5,0.0016339060360083322,0.008741473391258135,0.009231378730832077,0.00027922582613755395,0.001624185626822908,-0.010044978353559903
14,Aggregated,0.0013615001690859012,0.005321845331550133,0.008923885957947604,0.0031612670003288304,0.0019391805207103429,-0.01583871674643145
14,Centralized,0.0013615001690859012,0.005321845331550133,0.008923885957947604,0.0031612670003288304,0.0019391805207103429,-0.01583871674643145
