Round,Evaluator,3,4,1,2,0
0,0,,,,,
0,1,,,,,
0,2,,,,,
0,3,,,,,
0,4,,,,,
0,Aggregated,,,,,
0,Centralized,,,,,
1,0,0.18326584972515897,0.1861361742968651,0.18058148517340386,0.18349536816227704,0.18542081258345794
1,1,0.18395881843295478,0.1865727167766262,0.1806665882815763,0.18269284788260245,0.18488454083803016
1,2,0.18272608613095334,0.1862262921152126,0.18152238804854476,0.18474994459585328,0.1863399750708201
1,3,0.18080882603552445,0.18353673797744913,0.17886007892872408,0.18119536681652015,0.18330424103000695
1,4,0.18575661185461873,0.18749493987304242,0.1789810676346441,0.17958978103385595,0.18352266694887553
1,Aggregated,0.18328637598090144,0.1859629782498434,0.1801808996186494,0.1823914089691801,0.18474495242837993
1,Centralized,0.18328637598090144,0.1859629782498434,0.1801808996186494,0.1823914089691801,0.18474495242837993
2,0,0.0004468768233298392,-0.0024679781532131223,0.0016762468281867763,0.003286755868736017,-0.0001571226783166661
2,1,0.00049240787739257,-0.0024507181958235203,0.0018430207058332203,0.003365858684624203,-8.31982826089391e-05
2,2,0.00040265007253310984,-0.0029922479674726,0.001714485538492235,0.0036936834867606684,-0.0002036775986545225
2,3,0.00037019706458031506,-0.00337089302302301,0.001473616002826633,0.0034368260912797507,-0.0006228327210593928
2,4,0.0013736608410274593,-0.0021212795970841545,0.0025385913297231075,0.0039149275618593675,0.0007706454976432372
2,Aggregated,0.0006263402253954535,-0.0026431188867228543,0.0018524045671830043,0.003549367181838031,-3.0461434683272855e-05
2,Centralized,0.0006263402253954535,-0.0026431188867228543,0.0018524045671830043,0.003549367181838031,-3.0461434683272855e-05
3,0,-0.002657124309392039,0.0004208462106630099,0.001738801808036966,-0.0009194311580056421,-0.00014258259227351762
3,1,-0.0027541019079185343,0.00047241343757254973,0.0020589142253071772,-0.0012616977461365364,0.00010203494257126448
3,2,-0.003125965856093523,0.00012157509669796414,0.0017531337213064916,0.00045582454741759185,-0.00019028667531707696
3,3,-0.002523177353511759,0.0004747421606305128,0.001684763704693822,-6.670273160439925e-06,-4.6854097395138127e-05
3,4,-0.0024923510706928646,0.0014193347782277433,0.0023894588673772994,-0.0037994863420607243,0.001117981166944576
3,Aggregated,-0.0027069238794034224,0.0005679584501050975,0.0018979629140060941,-0.001058791237478098,0.00014642839868949097
3,Centralized,-0.0027069238794034224,0.0005679584501050975,0.0018979629140060941,-0.001058791237478098,0.00014642839868949097
4,0,0.0024228073849528946,-0.014038052211951865,0.006247456327782565,0.0035793470273221754,-0.00046286660755184654
4,1,0.0028494235248762564,-0.015989440481218222,0.006777775419328682,0.0038345638744603913,-0.0008481036985931316
4,2,0.00216826276944731,-0.015448132096528767,0.006677917802044301,0.003586115024560978,-0.0007553646853153739
4,3,0.002668978855037198,-0.014857872860671698,0.006353019892750085,0.0035233194210132325,-0.0007859873538359652
4,4,0.0019695885248712983,-0.01396497706291423,0.006642531678654556,0.0037497440475677546,-0.001017939962885082
4,Aggregated,0.002453532369948693,-0.01485249209335626,0.006509407594925901,0.0036417571217072435,-0.0007576812511752462
4,Centralized,0.002453532369948693,-0.01485249209335626,0.006509407594925901,0.0036417571217072435,-0.0007576812511752462
5,0,-0.0032525664391064523,0.00227776601660174,0.0015840982880978073,0.0017942269464200874,0.0031755154027782043
5,1,-0.0035482011653536778,0.0023698219804224024,0.0013343738387991669,0.002111575234085605,0.003432319245207943
5,2,-0.0038203494880518643,0.002512907726311829,0.001527585199597766,0.0023507734571863114,0.003374294499244455
5,3,-0.0030745834459848815,0.002199126960604562,0.0011106627577192865,0.002046182330558059,0.00353040767157601
5,4,-0.00401788973354922,0.002451478766012601,0.0013491903919651623,0.001798349635023333,0.0036946627087950084
5,Aggregated,-0.0035089570152606053,0.002355198212239562,0.0013820136433400725,0.002008346944970929,0.0034221441810716644
5,Centralized,-0.0035089570152606053,0.002355198212239562,0.0013820136433400725,0.002008346944970929,0.0034221441810716644
6,0,-0.004236031868513316,-0.0007870429919717222,0.002389418917236848,-0.0046167415553314255,-0.00030923837961479943
6,1,-0.0036177322133726024,-0.000364059768102204,0.0027837033959853892,-0.005347074029823236,-0.0003428962377539942
6,2,-0.004705869664869228,-0.000696061352401589,0.0022942576195344993,-0.00345665930484369,-0.000535666539775707
6,3,-0.003901325674885679,-0.000902783025985604,0.0024018838906408584,-0.004481852241258144,-0.0007036068965390995
6,4,-0.0037312136856973597,0.00024192245167886834,0.0035907616002143596,-0.008175538955451329,0.00023396861986717902
6,Aggregated,-0.003999743018786526,-0.0005266497961744388,0.0026565697347505374,-0.005164798867429014,-0.0003520956587334423
6,Centralized,-0.003999743018786526,-0.0005266497961744388,0.0026565697347505374,-0.005164798867429014,-0.0003520956587334423
7,0,0.0036816458569843575,0.00221611584208136,-0.0019471376741306353,-0.0021769500183445017,0.0025802572925398394
7,1,0.003606071372404124,0.0017263832334734146,-0.002215769945987998,-0.0020378144141220598,0.002843290865152994
7,2,0.00358100155655221,0.0016087280916116922,-0.0017699407043694235,-0.0014602507346959503,0.0028521518094900816
7,3,0.003549857794034809,0.0017811651390669998,-0.0018774102921861695,-0.0017340759412685276,0.002508896595888682
7,4,0.003885937322315752,0.0018451404956724038,-0.002514370460469541,-0.002310229222266426,0.0028940489772998883
7,Aggregated,0.003648191644810859,0.001828368992994676,-0.0020460728675415004,-0.0019301470953499323,0.0027289579893321593
7,Centralized,0.003648191644810859,0.001828368992994676,-0.0020460728675415004,-0.0019301470953499323,0.0027289579893321593
8,0,0.0008012349834498685,0.0012135335378560615,0.0010851664293479058,-5.2622257384155044e-05,0.0005430480829710723
8,1,0.0003861844846396345,0.0011526185943123415,0.001234343019074674,-0.00022927301004100898,0.00020853731273440997
8,2,0.000625459846154558,0.0013232919699389296,0.0012058675950864979,-0.0004744649820572581,0.00015429057848181937
8,3,0.0007418819588196993,0.0011933370282072586,0.001249013790541903,-6.261791421125855e-05,6.801369756381792e-05
8,4,0.0008206702275707523,0.0016218644734709556,0.0012194646284224638,9.239621827433763e-06,0.0004983037736378149
8,Aggregated,0.0006795127125854154,0.0012919937351523803,0.0011912388295734452,-0.00015897107357307577,0.0002857337577551337
8,Centralized,0.0006795127125854154,0.0012919937351523803,0.0011912388295734452,-0.00015897107357307577,0.0002857337577551337
9,0,0.0006969745853100285,-7.438683541142743e-05,0.0018657960468522823,-0.0008372266532058119,-0.0028815482458359114
9,1,0.0005121753794444998,-0.00014218064704356602,0.0018036832303434873,-0.0007094370427236725,-0.002336789412045753
9,2,0.00047036887958085507,-0.0003243958431336939,0.0016729485301491208,-0.00046118766764818484,-0.002676895956674517
9,3,0.0007300204799564891,-0.00013018754891226206,0.0018417823778470084,-0.0007345421967120865,-0.0023818950748480303
9,4,0.0005200115222759298,-0.0001968652478607243,0.0019900635557969113,-0.0007521358548516137,-0.0030799365514166603
9,Aggregated,0.0005837462504450238,-0.00017550069687543023,0.0018322205256388817,-0.0007000644677363018,-0.0026614308896321087
9,Centralized,0.0005837462504450238,-0.00017550069687543023,0.0018322205256388817,-0.0007000644677363018,-0.0026614308896321087
10,0,-0.0026344989306753847,0.0004129867883814272,0.002273614825000869,-0.0025720743802121397,0.0028577721638040603
10,1,-0.0029687433329294503,0.0006815129249967578,0.0019714238022221294,-0.0020638475466790355,0.0026501547448081085
10,2,-0.0017075425465498154,0.0003096661304030875,0.0016762558768441368,-0.002375733808811568,0.002472075794502996
10,3,-0.002051978741393945,0.00024372687650699813,0.0018088757273456732,-0.0023173468071056376,0.00242627824227948
10,4,-0.0054245013888438946,0.0014304168993740521,0.0029760464823048783,-0.0024605749860201237,0.0036607371044327154
10,Aggregated,-0.0029073570152503597,0.0006064566589515893,0.002122322019912929,-0.0023595795662413083,0.0027928714270022653
10,Centralized,-0.0029073570152503597,0.0006064566589515893,0.002122322019912929,-0.0023595795662413083,0.0027928714270022653
11,0,0.0003377226907076684,-0.00017917966361513844,0.0004212456401200345,-0.00012947219202125344,0.0012551249306050041
11,1,3.922746590630337e-05,-0.00015423083823524014,0.0008293083386984645,-0.00022454142753844757,0.0013101758936747013
11,2,0.00013850175126940977,-0.00017217814613897746,0.0005796832509764483,-0.00017417680492370173,0.001380394826233818
11,3,6.726791835896344e-06,-0.00039752836822626314,0.0005906098782625102,-0.00028085226099558436,0.0012003127597616143
11,4,0.00017151164321043688,0.00031536386560189386,0.0006563022080244507,-0.00019223767284332616,0.0011363874810310407
11,Aggregated,0.0001353246926927269,-0.00010841900619434168,0.0006114983259260039,-0.00020598553864407677,0.0012550648972679804
11,Centralized,0.0001353246926927269,-0.00010841900619434168,0.0006114983259260039,-0.00020598553864407677,0.0012550648972679804
12,0,-0.0010646346141816273,0.001651303448164724,0.0016573305728738016,-0.0021844392347634745,-9.250478511925545e-05
12,1,-0.0017368033174745094,0.0019316229598219565,0.0019059291926043682,-0.0027731824372208467,0.0005986439095006421
12,2,0.000266487518583286,0.0007074621147797778,0.0009059096301418823,-0.0014261683549599855,-0.00011936896853092331
12,3,-0.000150960318384602,0.0008944104895257746,0.0010234948754935802,-0.0017274683485482278,0.00044330329810442676
12,4,-0.0041141259786021105,0.004270714038095426,0.0040003328293564235,-0.004853215720596529,0.0008533684263560474
12,Aggregated,-0.0013116786710561767,0.0018585392309450129,0.0018622238962997695,-0.002564969935470703,0.0003170368340979668
12,Centralized,-0.0013116786710561767,0.0018585392309450129,0.0018622238962997695,-0.002564969935470703,0.0003170368340979668
13,0,0.0012156866062929613,0.0011339219011454256,0.00041965190757111136,-0.0018849408917860004,0.0006622916691396031
13,1,0.0012787663279475337,0.0010604302033212388,0.0008495467056285418,-0.0015822346244364646,0.00035978857472725444
13,2,0.001282506748133248,0.0008384001922167131,0.00045221576833679816,-0.0014514775260561958,0.00040471306203162155
13,3,0.001458418746935336,0.0007820185582746627,0.000568952192448439,-0.001270429901321914,0.0004773557345678821
13,4,0.0015145606595619253,0.0016909790170806553,0.0010315886455573983,-0.003420707835830387,0.0008310682347919022
13,Aggregated,0.0013434723292386984,0.0010955707591114065,0.0006531370341124183,-0.001904167147974132,0.0005375405853571028
13,Centralized,0.0013434723292386984,0.0010955707591114065,0.0006531370341124183,-0.001904167147974132,0.0005375405853571028
14,0,0.0003957092048016494,0.0007879641136490904,0.0005914884366138647,-0.002426924934606715,0.00035910987218793676
14,1,0.0003899420336681188,0.0008272577445945043,0.0009248528189727453,-0.0025504130165010983,0.0002190848372227716
14,2,0.0005701970393939974,0.00041824810550747014,0.0008332945579694939,-0.002077388494993878,0.00036048533354515375
14,3,0.0003959088822139023,0.0005685599108243085,0.000831247595827587,-0.0023146179217659896,0.00021308295699424458
14,4,0.0006147839412678232,0.0014204090373331499,0.0009560374698720712,-0.003994589298570447,0.0005107858801610798
14,Aggregated,0.00047338141962132894,0.0007937722538109297,0.000815774307592652,-0.002645943859503956,0.0003305125638996875
14,Centralized,0.00047338141962132894,0.0007937722538109297,0.000815774307592652,-0.002645943859503956,0.0003305125638996875
15,0,0.0004728095604096168,0.0005299276998313637,0.0006662629300515829,-0.0015519655728386723,0.0004763054918101491
15,1,0.0004363564851507277,0.0006866223922076753,0.0005957095764131337,-0.0015644353856684408,0.00028506343718496066
15,2,0.00034243943498393585,0.000541248900330682,0.0004385357460650404,-0.0012356049411297884,0.00020587053492982695
15,3,0.00046581436614971016,0.00044296378322044954,0.0006278020377478877,-0.001087538742067066,0.00038548276403793473
15,4,0.0008379705946886639,0.001445887130666884,0.0009915123956153757,-0.003042674736913283,0.00037772128962746955
15,Aggregated,0.0005167535166929526,0.0007132167690481343,0.0006490403950443812,-0.0016747312706523409,0.00034367694582326433
15,Centralized,0.0005167535166929526,0.0007132167690481343,0.0006490403950443812,-0.0016747312706523409,0.00034367694582326433
16,0,-0.00028160145042001224,6.434446964886931e-06,0.00014117763189585759,-0.0003719832529736844,0.0003557387610033158
16,1,-0.00015339367556236884,0.00013462060273126316,-3.224152290421019e-05,-0.00038457150478274544,0.00042662419498083103
16,2,-3.162740084867906e-05,-3.4330292056141314e-05,-2.173593566093627e-05,-0.00010507051710638334,0.00017780460718851235
16,3,-8.116493649104791e-05,-0.00010790187014334171,-0.00013388943950009373,-0.0001640716787685126,0.0002717529357055067
16,4,-8.629548815427175e-05,0.0003384380787471349,-0.00016321173631811403,-0.00038002643852818224,0.00019543034052281935
16,Aggregated,-0.00012550927655302635,5.903812233959416e-05,-3.818297086475667e-05,-0.0002790401067276997,0.0002889397966992409
16,Centralized,-0.00012550927655302635,5.903812233959416e-05,-3.818297086475667e-05,-0.0002790401067276997,0.0002889397966992409
17,0,0.0002598955826453882,0.0013516500286493815,-0.0002511972618864544,-0.002222014660016108,0.0008547284224781275
17,1,0.0002501206049979184,0.0016603876674695965,-6.894503199893302e-05,-0.002668401919597141,0.0008976594449539891
17,2,9.406303820962784e-05,0.0011273901760708509,-0.000550844543792948,-0.001284690918554763,0.0005156452747674233
17,3,0.00019099755440364538,0.0009366251261975063,-0.00038550560690303235,-0.0014723938704552205,0.0006606649644839369
17,4,0.00054046398413146,0.0029457777949714954,0.0007723281303291603,-0.005217472460579484,0.0011409875683242384
17,Aggregated,0.0002597021683867625,0.001589720563351201,-0.00011415607109332611,-0.002531951670096211,0.0008083112777356775
17,Centralized,0.0002597021683867625,0.001589720563351201,-0.00011415607109332611,-0.002531951670096211,0.0008083112777356775
18,0,-0.0016897966601864842,0.00031705088054468554,0.0005341688593387018,0.00017201429230166986,0.0006358115988061741
18,1,-0.002628072517263656,0.0007259029063000004,0.0007402397484686351,0.00038500061201491854,0.0007343140659545721
18,2,-0.001678446996144591,0.00023552802036541827,0.0005770940774065555,0.0002968408122434892,0.0005576285011183753
18,3,-0.001569615365764023,-3.846835599723246e-05,0.0006010418203186466,0.00039238735635977275,0.0005267503073851691
18,4,-0.0033502226754527076,0.0011200040830696607,0.0009221988463097482,0.0004808636261864711,0.0008464692086264195
18,Aggregated,-0.0021643994475026352,0.00046995248203079434,0.0006654639253970732,0.00033848572770176313,0.0006626636517733412
18,Centralized,-0.0021643994475026352,0.00046995248203079434,0.0006654639253970732,0.00033848572770176313,0.0006626636517733412
19,0,9.703391542771703e-05,0.0002861574696655526,0.0006982415626645755,-0.0012527796181460104,0.0002660835835626855
19,1,-0.0003527700022027236,0.0004565733493885967,0.0007156246127015061,-0.0010948854413455815,0.0003518765637068488
19,2,-0.00021986578560367526,0.0001391421511083235,0.0006527921533326134,-0.0008127913384078977,0.00023992218824661998
19,3,-4.422037337437068e-05,0.00016073877936011635,0.000623612495199849,-0.0007353145351966794,7.247908463704304e-05
19,4,5.1609683129361096e-05,0.0009646662509924187,0.0009645640674325458,-0.0025026189184197004,0.0003322788124582717
19,Aggregated,-8.644626307907447e-05,0.0004002891413440198,0.0007165539763903957,-0.0012666831604299452,0.00024569500116617033
19,Centralized,-8.644626307907447e-05,0.0004002891413440198,0.0007165539763903957,-0.0012666831604299452,0.00024569500116617033
20,0,0.0008747979276483446,-0.0001506068314549247,0.0009338229333915834,-0.0018473277209871907,0.00027900521389945807
20,1,0.0008520465914313158,-0.0005892715824013054,0.0008330381860549944,-0.0015015458218804085,0.0003631666871644808
20,2,0.0008484943971034813,-0.000953967063904811,0.0011337947737527555,-0.0012784172215760984,0.000492877620325984
20,3,0.0008621727245079554,-0.0007409801221199016,0.0008083898077284768,-0.0012386774806906308,0.00043286569983726485
20,4,0.0011579402641659704,0.0012050496033139291,0.0012642323796203927,-0.0036194081037482246,0.00017843974422391458
20,Aggregated,0.0009118040172902076,-0.0002461628690528572,0.0009820992424767602,-0.001874295929461752,0.0003496416968087557
20,Centralized,0.0009118040172902076,-0.0002461628690528572,0.0009820992424767602,-0.001874295929461752,0.0003496416968087557
21,0,0.0007862309457169648,0.0006203534504986267,-0.000736802659489307,-0.0015667124468955295,0.0008421843679904099
21,1,0.0006936858075571446,0.0008111048405277044,-0.00051139151794893,-0.0016996958399356555,0.0006867486320316863
21,2,0.0006898042080376088,0.0003846626877841023,-0.0006848613636302126,-0.0010668828371583282,0.0007476433485991381
21,3,0.0009253928429571123,0.00026465658494616203,-0.0005677514979551139,-0.0014090264624605554,0.0007725941176989344
21,4,0.001005498266526587,0.0014548557954624749,-0.0004903731786230621,-0.002993443857077721,0.001055453798071839
21,Aggregated,0.0008103942824088976,0.0007110421158628366,-0.0006091285188179529,-0.001730548075166192,0.0008099983529260502
21,Centralized,0.0008103942824088976,0.0007110421158628366,-0.0006091285188179529,-0.001730548075166192,0.0008099983529260502
22,0,-0.0013185871878554078,0.0004366754739377661,0.0009501703052267793,-0.000904078285811997,0.0011538720170624073
22,1,-0.0016654432894852799,0.0002212801249118638,0.0010624905339927345,-0.0007036954772260629,0.0011264310917253385
22,2,-0.0009940674314638668,-8.267028948679885e-05,0.0008689317778874883,-0.0005946253953487839,0.001059170392602841
22,3,-0.0009997745696724272,-3.86216303466876e-05,0.000994728032080248,-0.0006187097041310153,0.00102440788649902
22,4,-0.0026325529988545943,0.0014757838661824654,0.0015931318626513165,-0.0019488411798555835,0.0015940146668700897
22,Aggregated,-0.0014975546061062235,0.00039403592543011773,0.0010800891099269443,-0.0009406198948256431,0.0011812276650363478
22,Centralized,-0.0014975546061062235,0.00039403592543011773,0.0010800891099269443,-0.0009406198948256431,0.0011812276650363478
23,0,0.0006379742407953711,2.3322502266037715e-05,0.00043286048484812435,-0.0016399062113978938,0.0005431465988448033
23,1,0.0005385477928525025,-6.0366994945626475e-05,0.0005769592516179145,-0.0015314810956322477,0.0004823482787437864
23,2,0.000595203106828505,-0.00020186694047859925,0.000297044312871834,-0.0011680369268206056,0.0004913083351072138
23,3,0.0007741337530829062,-0.00023877587787719904,0.0003917711623790806,-0.0012549337687157121,0.00047824277464981004
23,4,0.000756656885649043,0.0006112260856365959,0.0007573253774384484,-0.0028830033522483514,0.0007299892110010031
23,Aggregated,0.0006662493217887034,1.4995353101156702e-05,0.00048511682516809705,-0.0016785030926322905,0.0005443420891923401
23,Centralized,0.0006662493217887034,1.4995353101156702e-05,0.00048511682516809705,-0.0016785030926322905,0.0005443420891923401
24,0,0.0005227454957628663,0.0003611963682945511,0.00048369998273428694,-0.0017307269559989995,0.0003587113848562695
24,1,0.0003872013022792128,0.0004591781016335561,0.00035291261939480366,-0.00157063128291657,0.0003324268594665762
24,2,0.00038073665739812303,0.0003611843395699921,0.0004149777080568869,-0.0013010546386457767,0.00033760072919003883
24,3,0.0005208744025280191,0.00014183200295065184,0.0003310286170644975,-0.0013843876551579944,0.00033557484799272194
24,4,0.0007577406247779102,0.001035249771009807,0.0007021250683124536,-0.003087983088006019,0.0005908653122529213
24,Aggregated,0.0005152058043876898,0.00046068752798408277,0.00044848246305663383,-0.0017942581018480378,0.00038514565808531556
24,Centralized,0.0005152058043876898,0.00046068752798408277,0.00044848246305663383,-0.0017942581018480378,0.00038514565808531556
25,0,-0.0003914358826807296,0.0005509850488060278,0.0007489200278859761,-0.0013531953280488673,0.00046985957294123915
25,1,-0.00047939815433281445,0.0007160062291992175,0.0007222761609195512,-0.0011820697087011592,0.00038481180696224305
25,2,-0.0006289608404021374,0.0004583007339470942,0.0006644379340553063,-0.0010647884586477308,0.0004987823594166866
25,3,-0.00029352495803585305,0.0003626767301292688,0.0006628102435543385,-0.0011248592148138854,0.0002777337472926744
25,4,-0.00045984566217966425,0.0012506259762215014,0.0010371574313397284,-0.0026601966349391938,0.0007858972402842205
25,Aggregated,-0.0004170500376241948,0.0006469945400058093,0.0007510980157137766,-0.001465632007916201,0.00047379081500301866
25,Centralized,-0.0004170500376241948,0.0006469945400058093,0.0007510980157137766,-0.001465632007916201,0.00047379081500301866
26,0,-4.933825734226109e-05,0.00019653967842439373,-3.319066154031288e-05,-8.785999534172325e-05,-0.0001042950278796769
26,1,-6.34843765859594e-05,0.00016192610769943014,2.4893738015489366e-06,-0.00015549086976152093,-0.00014769295934011217
26,2,-7.941194255384754e-05,8.604961167643088e-05,3.059069830994761e-05,-0.00016409721996452631,-9.893819148298529e-05
26,3,-7.080213160462848e-05,0.0001804659950423504,8.585413086002839e-05,-0.00012929564072142557,-3.827238465824075e-05
26,4,-0.00012925726819405144,0.000522554919261714,-1.0298415494323458e-05,-0.0002655569061374041,-0.00013870677313725376
26,Aggregated,-7.001489367661762e-05,0.00022480493244108612,1.1969381379201005e-05,-0.00015708474263736633,-9.999313002424884e-05
26,Centralized,-7.001489367661762e-05,0.00022480493244108612,1.1969381379201005e-05,-0.00015708474263736633,-9.999313002424884e-05
27,0,0.0001972642475183565,-0.00033487361835840925,0.00015659447572126487,-9.170457484464582e-05,0.00016396218829670684
27,1,0.00015709982833760904,-0.00027048153301193476,0.0001879873753735421,-8.95550403943235e-05,7.500772631314953e-05
27,2,0.00020917347269807282,-0.00025904103031168524,0.00015835792671983762,-5.632800276706799e-05,0.0002127786150458074
27,3,0.0004178595144139226,-0.000648577869440788,0.0001594164378156145,-3.0657746734867135e-06,0.00024623734610651666
27,4,4.773914788770428e-05,-4.677627215184388e-05,0.00016265489610153098,-0.00012482734233436598,3.0545156528923496e-05
27,Aggregated,0.00021210891970543932,-0.0003166472789909354,0.00016108400755539728,-7.49741219511213e-05,0.0001453547092269969
27,Centralized,0.00021210891970543932,-0.0003166472789909354,0.00016108400755539728,-7.49741219511213e-05,0.0001453547092269969
28,0,0.00036433614257152337,0.00024364649516826488,0.0002404141753356126,-0.0013845107801403911,0.0004574795818025353
28,1,0.00031694986358029215,-0.00012570701709938015,0.0004986182904779072,-0.0011259080925673237,0.0004199241133461262
28,2,0.0002264686065778306,-0.0001274843848129999,0.0003150146422576272,-0.000932205193192807,0.00038920946854395326
28,3,0.0003856457254282815,-0.00013784478980423862,0.00027808376755446745,-0.0010073700730381108,0.0005142445191341863
28,4,0.0003020512589587632,0.0011464350572912693,0.0005617003172181519,-0.002712663561368045,0.0006789468264475758
28,Aggregated,0.0003170299391744865,0.0001965432530438312,0.00036853470535782397,-0.001411285077839893,0.00048692800147616123
28,Centralized,0.0003170299391744865,0.0001965432530438312,0.00036853470535782397,-0.001411285077839893,0.00048692800147616123
29,0,0.00018835474730849827,0.000412347393648634,0.00041102602787853606,-0.0014659217117731827,0.00048682465026483326
29,1,0.00011548612887098963,0.00034069026632984614,0.00041330859266828037,-0.0013591563447368838,0.0004330398259827913
29,2,3.749316957813812e-05,0.0003373251277284106,0.00043866794540395326,-0.0010679962837409074,0.0004038012125404851
29,3,0.00016330607146359624,0.00023519535439187056,0.0003789421725924891,-0.0012073795401480458,0.00038367483398864716
29,4,0.000350513040118768,0.0011621361369269982,0.0006762621050260468,-0.002915511961518567,0.0006991691564273261
29,Aggregated,0.0001711062181937395,0.0004894391690152673,0.00045655669995445605,-0.0015814328370139575,0.000474590220421367
29,Centralized,0.0001711062181937395,0.0004894391690152673,0.00045655669995445605,-0.0015814328370139575,0.000474590220421367
30,0,0.0003039693117994569,0.0005899863693767419,0.00025702039277537744,-0.0016497134836722994,0.0002716738877350744
30,1,0.00028729813317702004,0.0005302338819561973,0.00032435587156514625,-0.0015877812384850623,0.0003039019073762935
30,2,0.0002512927583893617,0.00036930328317086867,0.00030411901462580696,-0.0011853280254929303,0.00025059077316823367
30,3,0.00035246152871802144,0.00031884829727176395,0.0002831994463050602,-0.0013854589556699475,0.0003048256176616619
30,4,0.0004508306868773978,0.001443068763554874,0.0006084432367489734,-0.0030015645506864014,0.0004835487574960162
30,Aggregated,0.00033239450855306144,0.0006432866790920311,0.00034625238861786626,-0.001743696598353998,0.0003159473718394553
30,Centralized,0.00033239450855306144,0.0006432866790920311,0.00034625238861786626,-0.001743696598353998,0.0003159473718394553
31,0,0.0008741718742082238,-4.22200741705477e-05,0.00039152960907990104,-0.0017007402206490865,0.0004782577169562189
31,1,0.0007095604885193673,-0.00016684963960218643,0.0006309351160624421,-0.0017814029073740653,0.0005860484461764774
31,2,0.0006434056268397197,-0.0004572668362432567,0.0004572877596089468,-0.0012414055329409738,0.0005037394234233605
31,3,0.0008153920310392008,-0.0002859410959261825,0.0003848347032800681,-0.0014211721800738949,0.000481696357452834
31,4,0.0014143009189857632,0.0005499750585170216,0.0006240603537716586,-0.0033237203823373233,0.0006682580808139419
31,Aggregated,0.0008950577656466508,-8.00730207529706e-05,0.0004849789315070241,-0.0018759486946862524,0.0005340998941370597
31,Centralized,0.0008950577656466508,-8.00730207529706e-05,0.0004849789315070241,-0.0018759486946862524,0.0005340998941370597
32,0,0.00017258370135120698,0.00040601882066264213,0.00013525631486755268,-0.0008474580679304493,0.00016504835513674875
32,1,0.00016744337767370202,0.0003101728094639896,0.0002559450883351392,-0.0007627190662061504,0.00016800642741377492
32,2,0.00011128382611742167,0.00026823192468471423,0.00015139486681758723,-0.0006669820167375125,0.00015877006029855386
32,3,0.00032349418713656744,0.00025517733716731163,0.0001815008128833488,-0.0008982892204532319,0.00020821435746628535
32,4,0.00010717580391539175,0.0011221509795491043,0.0003377847622886824,-0.001619862082210342,0.0001864309654178331
32,Aggregated,0.00017599092347493904,0.00047028176326263476,0.00020847006768268857,-0.0009479868393586518,0.00017403950318651458
32,Centralized,0.00017599092347493904,0.00047028176326263476,0.00020847006768268857,-0.0009479868393586518,0.00017403950318651458
33,0,0.0003005950255496585,-0.0006298423463000931,0.0002829984815572432,-0.0001375510936350133,-0.000822068116712743
33,1,0.0001736045233078613,-0.00046288396555804,0.00036708522423694044,1.8218379206354682e-05,-0.000703982189409232
33,2,0.00028159763654918567,-0.0004533200370176201,0.00024135965841134792,-5.134061096197888e-05,-0.0009941041014339606
33,3,0.00033442527733169213,-0.0009328010202291829,0.00041949985659438526,-0.00019488381107785242,-0.0009169602309321308
33,4,0.00020312251508051345,3.9918798633703514e-05,9.218984961976336e-05,-0.00040116751051826695,-0.0007909917238091812
33,Aggregated,0.0002731116925045148,-0.0004932999585772239,0.00027595495785529554,-0.0001626630467578864,-0.0008366437429586593
33,Centralized,0.0002731116925045148,-0.0004932999585772239,0.00027595495785529554,-0.0001626630467578864,-0.0008366437429586593
34,0,0.0005999708462059161,0.0003706551763087984,0.0003971576979523994,-0.0009323881047195818,0.0005410597015113409
34,1,0.000535915775368793,0.0003214199185730756,0.0004909617457067379,-0.0011014738769986895,0.0003880270028736754
34,2,0.0005526639699157288,0.00027656528189761164,0.0004034948889494627,-0.0007302419751220701,0.0004845921430808475
34,3,0.0008205713867447506,0.00021635374318261237,0.0004167752123898749,-0.0007772379172137152,0.0005598583726798297
34,4,0.0008283491579125483,0.0008066437125664628,0.0006069950357568577,-0.0021770828879855357,0.0006664600446730396
34,Aggregated,0.0006651580334080272,0.0003878088998266952,0.00045515925451595774,-0.0011202722944768909,0.0005204139887122687
34,Centralized,0.0006651580334080272,0.0003878088998266952,0.00045515925451595774,-0.0011202722944768909,0.0005204139887122687
35,0,0.0002703322157692608,0.0016640630787633725,0.00042632937460912825,-0.0009000748667278069,0.0002193467361539192
35,1,0.000317445067737071,0.0009557014769199567,0.0005012033809288922,-0.0010784154239477965,0.00024704533330305865
35,2,0.0003500653623783823,0.0010088440481530957,0.00036563039741731215,-0.0006461445164558803,0.0003365295818985444
35,3,0.0003631137593410364,0.00113741648032461,0.0003747341587222027,-0.0006751831242392869,0.00019863250650569708
35,4,0.00030204975006828947,0.0031705272040761846,0.0007375681577251751,-0.001921233828301444,0.00037158079575197087
35,Aggregated,0.0003193412288761947,0.0015967777391725298,0.00046978205144156403,-0.0010232574090811223,0.0002682796230090138
35,Centralized,0.0003193412288761947,0.0015967777391725298,0.00046978205144156403,-0.0010232574090811223,0.0002682796230090138
36,0,0.0003990265010427374,0.00046963871603167837,-4.6783981609319994e-05,-0.0015351382344881278,0.0007043698250441876
36,1,0.0004112708817532747,0.00017783620284884672,0.00039353685514984156,-0.0012638392906247611,0.0006805879270219805
36,2,0.00027998869251663616,-6.51358999850989e-05,0.00040745756707829167,-0.0012133427667980294,0.0007046414473633004
36,3,0.0005103171576019176,0.00019392579288522634,2.3953380344012472e-05,-0.0012001859942078067,0.0007743770839656179
36,4,0.0006071341650401611,0.0011874808986849636,-0.00013431038693139847,-0.0024763515929144145,0.0009367787491417701
36,Aggregated,0.0004528412329326603,0.000396190717403605,0.00012009002133637204,-0.0015414050042868203,0.0007588480447760375
36,Centralized,0.0004528412329326603,0.000396190717403605,0.00012009002133637204,-0.0015414050042868203,0.0007588480447760375
37,0,9.838918599935353e-05,4.7739887654463244e-05,-0.0006248434651652035,0.00043540999139663286,0.00030062955266958643
37,1,-1.3563478973865895e-05,-0.0001363892449579592,-0.0003454896960471058,0.00020140500780489086,-2.9030190306424582e-05
37,2,7.561000960517224e-08,-5.469043153374006e-05,-0.0002926684773821205,0.0002449003197867912,0.00015419780260839122
37,3,0.00018050669300617345,-0.0002390306278721018,-0.0006915537669068032,0.0002508752643047063,0.0003551541975190679
37,4,-9.62118523122483e-05,0.0001320269468947588,-0.0011884401127685166,0.0004177106070439807,0.0006615518118925208
37,Aggregated,3.6982644151434266e-05,-5.2160756085580424e-05,-0.0006365486881545128,0.0003075499740530859,0.0002975519303582678
37,Centralized,3.6982644151434266e-05,-5.2160756085580424e-05,-0.0006365486881545128,0.0003075499740530859,0.0002975519303582678
38,0,0.00046806033122623325,0.0009738447484688532,-0.00017496074806221581,-0.0018035624036390103,0.0007126835870875647
38,1,0.0005712309312286112,0.0007665128985530271,0.00025310893089478166,-0.0015250437622593685,0.0004276510511925439
38,2,0.0005184405338026905,0.000640891533989435,1.3831987946646048e-05,-0.0012553405261517881,0.00039077442756900357
38,3,0.000544745411034316,0.0007869414947800857,-2.2652825441834187e-05,-0.0015648615077785756,0.0005921246041228012
38,4,0.0006312963835929978,0.0023198199606672817,-3.2576595204767784e-05,-0.003546059636985516,0.001093715041045638
38,Aggregated,0.0005470972051892509,0.001099225145146247,-5.598559966781454e-06,-0.0019254665177933228,0.0006424251426438802
38,Centralized,0.0005470972051892509,0.001099225145146247,-5.598559966781454e-06,-0.0019254665177933228,0.0006424251426438802
39,0,0.0005754545383800066,0.0008776318401056842,0.0003242564046371021,-0.0029327818347778018,-0.0004171130989757817
39,1,0.0002968970000194785,0.0006087314155588886,0.0003806228195931719,-0.0024098263494446493,-0.0002855299084471815
39,2,0.00029333782579448744,0.0006183622130205235,0.00018503261983589167,-0.0022329054713542463,-0.00029567960483139664
39,3,0.00045470473166905705,0.0005823036729207698,0.0003815007390282973,-0.002578823139645416,-0.0004872555938180626
39,4,0.0009961463385667834,0.0016039699697019997,0.00016045032895414257,-0.0048375653257940795,-8.308197005556331e-05
39,Aggregated,0.0005355318073115585,0.0008526987229076281,0.000274060850901899,-0.00298948955446231,-0.000316271293811878
39,Centralized,0.0005355318073115585,0.0008526987229076281,0.000274060850901899,-0.00298948955446231,-0.000316271293811878
40,0,-0.0007473383994213342,0.0011603192485603042,0.00013246877332914742,-0.0015748161900458746,0.001437512693976147
40,1,-0.000521363861109068,0.0009574824372760786,0.00042600594763571954,-0.0013800958961142158,0.0010523986098485353
40,2,-0.0008548315325965579,0.0008853103938030478,0.00021193546346189677,-0.0011611341301417091,0.0009763118177382845
40,3,-0.0005584798220725828,0.0007269392465057737,0.00012752863848865167,-0.001339696733070093,0.0013826297099
40,4,-0.0011632738089053074,0.0020526076988021833,0.00036652630621057024,-0.00324694703903499,0.0024366432429992553
40,Aggregated,-0.0007639049133299047,0.0011419755615382757,0.00023879639320642336,-0.0017229697310460405,0.0014601907274114996
40,Centralized,-0.0007639049133299047,0.0011419755615382757,0.00023879639320642336,-0.0017229697310460405,0.0014601907274114996
41,0,0.0003684368089367766,0.0011927361253590452,-8.646250817596623e-05,-0.00038287277097754,0.00010437170105115171
41,1,0.00013543718171624326,0.0007638967230870135,-6.386204472424809e-05,-0.00025658648421508594,-4.5980671556476264e-05
41,2,0.0004377156783903509,0.0008954231320130661,7.73186699100296e-05,-0.00029624115751463175,0.00010848616420403209
41,3,0.0003433660507792332,0.0008751480313607378,-5.105437509917062e-05,-0.00017385431299674254,0.0001533339704356799
41,4,0.000419845547718715,0.002231313761792799,-0.0003899335350802946,-0.0006190116503441515,-9.236345584120083e-05
41,Aggregated,0.00034955296711710416,0.0011908073398135932,-0.00010763263924647437,-0.0003528094147680424,5.394380522129964e-05
41,Centralized,0.00034955296711710416,0.0011908073398135932,-0.00010763263924647437,-0.0003528094147680424,5.394380522129964e-05
42,0,0.0001576554021444206,0.001321841576829208,-0.0005257898949215671,-0.0015774261332749174,0.0004534135312009709
42,1,0.00022795634249884918,0.0010019195658212908,-1.8034187110860243e-05,-0.001395084058799804,0.000426358107369947
42,2,5.781831807456505e-05,0.0010376357330946237,-0.0003862100049705201,-0.0012582226696997878,0.0003631646702685361
42,3,0.00028408741655863343,0.0010670315911984066,-0.0003989306024024475,-0.001293381923263128,0.0004433389365639214
42,4,0.00017003656214406766,0.0024476226934989466,-0.00035151163074586915,-0.0027446683794805247,0.0005698748698096963
42,Aggregated,0.00018092869976151041,0.0013710980372663125,-0.00034642178724847796,-0.0016360798792817285,0.000444455313345532
42,Centralized,0.00018092869976151041,0.0013710980372663125,-0.00034642178724847796,-0.0016360798792817285,0.000444455313345532
43,0,0.00029464344238771346,0.0005740671957441101,0.00042811118437284247,-0.0020226847332902474,0.0006900385432448993
43,1,0.00026620926039998917,0.00040922134382163634,0.0004468388755585769,-0.002018232804241708,0.0004029507906015898
43,2,0.00031951697933803406,0.00025372275928864005,0.0003598930811225864,-0.001486334150485837,0.0003446021392491635
43,3,0.0003567944969369815,0.00020684244265428326,0.00020338104900173662,-0.0019143832947213816,0.0008503442172423067
43,4,0.00036018467882112566,0.0012210935964110123,0.0006643301763305076,-0.0037863612511701726,0.0011629763826045433
43,Aggregated,0.0003172100936153592,0.0005257382303743748,0.0004128881856811928,-0.0022282950685348266,0.0006918377080048962
43,Centralized,0.0003172100936153592,0.0005257382303743748,0.0004128881856811928,-0.0022282950685348266,0.0006918377080048962
44,0,-0.00013673847846375117,0.0014394678032971194,-8.277852088572346e-05,-0.0020315700759950947,0.0005870028845048854
44,1,0.0001045162777618828,0.001106704945228341,0.0001567399220577026,-0.001584341253131009,0.0006489510879594503
44,2,1.883772771237117e-05,0.0010468932460354038,9.265055828637606e-05,-0.0013720711595198386,0.0004787370022905043
44,3,0.00010542170489468335,0.0011042412722703232,-5.48906704009496e-05,-0.0016797680216327864,0.0006355569343405679
44,4,-6.105247343486386e-05,0.00269280303205362,-0.00029645264787348153,-0.003522676481828785,0.0010639691865777863
44,Aggregated,6.143231986362648e-06,0.001475423795658896,-4.579740306151307e-05,-0.002023963592944533,0.000679403518456793
44,Centralized,6.143231986362648e-06,0.001475423795658896,-4.579740306151307e-05,-0.002023963592944533,0.000679403518456793
45,0,0.0005196290775553429,0.000406337804723228,-0.00028187721203361916,-0.0006328598832453532,0.00042566232975941497
45,1,0.00019826341203440883,0.00019381962817804725,-4.684074560859693e-05,-0.0005086732014263,0.00020884265771600556
45,2,0.0002849690913449702,0.0002114077241456902,-5.0315592913458e-05,-0.0006725907193309511,0.0002790493487494735
45,3,0.0005920054296911207,0.00017490418540403637,-0.0002348495178145893,-0.0006637765799051398,0.0004681235323912458
45,4,0.0006987351859058299,0.000946331083578487,-0.000526698099728647,-0.001078746084980379,0.0002562453346157364
45,Aggregated,0.0004677541406926463,0.0003839708922616351,-0.00023629438211050975,-0.0007123460523886257,0.0003303456244042306
45,Centralized,0.0004677541406926463,0.0003839708922616351,-0.00023629438211050975,-0.0007123460523886257,0.0003303456244042306
46,0,0.0014458223324725628,0.00042592947158297717,-6.087672615608571e-05,-0.0020578418089231463,6.829404779200761e-05
46,1,0.0010889317583853586,0.00047015546148805875,6.260974786734078e-05,-0.0017015895333783097,0.00011684803881782946
46,2,0.001100181160860253,0.0003667264045114138,-4.0554966398592686e-05,-0.0015508490217230552,5.549070702565717e-05
46,3,0.0014266577536125333,0.00013118402257087937,-0.0002115923417675025,-0.001747426436896828,0.0001261665437013837
46,4,0.0022900053393036432,0.0008950292232157986,-8.230656661474083e-05,-0.0034046902576293134,0.00018263399456917387
46,Aggregated,0.0014774968165253107,0.00044762195164821936,-7.732783365108446e-05,-0.0020764116343811997,0.00010733315527457302
46,Centralized,0.0014774968165253107,0.00044762195164821936,-7.732783365108446e-05,-0.0020764116343811997,0.00010733315527457302
47,0,0.0005732888992675693,0.0004348305388196305,8.262670929436259e-05,-0.001401043415740094,0.0004421343225964473
47,1,0.0004567689592199738,0.0003305408492677723,0.00023752591294831277,-0.0014136823439726961,0.00016735333616608173
47,2,0.0004143509216279965,0.0002451425344673186,0.00023782656275859738,-0.0011767549708660452,0.00018417910668169963
47,3,0.000665226747593493,9.797702461581773e-06,2.821391751282968e-05,-0.0010535230144737228,0.0004731841252289315
47,4,0.0007734760591147787,0.0009999304917447068,8.93153946790089e-06,-0.002560580858446426,0.0008516625476125288
47,Aggregated,0.0005802781868314417,0.0003913775747446613,0.00010865096102811908,-0.0015016746171487906,0.0004251971280153218
47,Centralized,0.0005802781868314417,0.0003913775747446613,0.00010865096102811908,-0.0015016746171487906,0.0004251971280153218
48,0,0.0004209401034698708,0.00017611483191025865,6.337069224972754e-05,-0.0010934013179601243,0.0003089729801889207
48,1,0.00020868059650249737,5.923752992271029e-05,0.00017212583943037595,-0.0006707407900156263,0.0001587051596340594
48,2,0.0002966038479134773,0.00011749207519272849,0.00015568817113232694,-0.0008944843429477545,0.000155939810698937
48,3,0.0005395227886846321,5.4161346019672894e-05,5.595133978989845e-05,-0.0011177959098356376,0.00043259657796852297
48,4,0.0005093469379243987,0.0007555634198862885,-3.35863796234274e-05,-0.0018100846165624203,0.0006843736606193714
48,Aggregated,0.0004022888932600203,0.00022976298547775683,7.681193460870409e-05,-0.0011170585516358355,0.00035192100063142405
48,Centralized,0.0004022888932600203,0.00022976298547775683,7.681193460870409e-05,-0.0011170585516358355,0.00035192100063142405
49,0,0.0003379559887241349,6.532503666610475e-05,0.00015211035211271467,-0.0007633693431842688,0.00017919375552658361
49,1,0.0002387617081993291,1.1991303429106e-05,0.00014102624215911648,-0.0005584344619988042,2.1252979129815498e-05
49,2,0.0002326112847191882,0.00015879600693608127,0.00030553540536833824,-0.0006827030917874622,4.037849263651509e-05
49,3,0.0005465886785992117,-0.00019290490871134807,0.00010630822648810731,-0.0007378653390376706,0.0001467583930818528
49,4,0.000526706890809429,0.0004426403180579778,9.458395317200053e-05,-0.00153009690482086,0.00040241315775190004
49,Aggregated,0.0003812622305941186,8.969032395376349e-05,0.00015542106569846152,-0.0008490805178217708,0.00015727045277925307
49,Centralized,0.0003812622305941186,8.969032395376349e-05,0.00015542106569846152,-0.0008490805178217708,0.00015727045277925307
50,0,0.00023333355394603017,-2.2976441700443367e-05,0.00022230712450921342,-0.0006966381460971616,0.00029272886443294327
50,1,9.161605365077078e-05,-3.712396083230818e-05,0.00021299076760374902,-0.00045589860398620083,0.0002187267255620055
50,2,0.00016887804150361358,-3.3143221816748594e-05,0.0002710158444380199,-0.0007090063521696147,0.00021793640590725045
50,3,0.00041260734962406863,-0.00037294252568758436,0.00020699686548824963,-0.000667465890352753,0.0004999344077598315
50,4,0.00029476750361026225,0.00048588519492690494,6.983792178608673e-05,-0.001229136201429748,0.0004923043090738082
50,Aggregated,0.0002468421105306077,-1.425769572138691e-06,0.0001903601009705269,-0.0007502134151903927,0.00034700826341361367
50,Centralized,0.0002468421105306077,-1.425769572138691e-06,0.0001903601009705269,-0.0007502134151903927,0.00034700826341361367
