,BeforeLocalTraining,AfterLocalTraining,BeforeLocalPartialEvaluations,AfterLocalPartialEvaluations,BeforeEvaluation,AfterEvaluation
1,1789106830.6445954,1789106830.8301659,1789106838.9509032,1789106841.519674,1789106842.3907127,1789106842.4295096
2,1789106843.83662,1789106844.0142796,1789106852.255968,1789106854.5843892,1789106855.5431578,1789106855.581413
3,1789106856.7589889,1789106856.9384096,1789106864.9861698,1789106867.310378,1789106868.2137923,1789106868.2518406
4,1789106869.3996885,1789106869.5808983,1789106877.8106012,1789106880.077037,1789106880.9260771,1789106880.9641955
5,1789106882.1708858,1789106882.3477533,1789106890.4490936,1789106892.7156584,1789106893.546474,1789106893.5851717
6,1789106894.8010163,1789106894.9800253,1789106903.4047832,1789106905.6711872,1789106906.5524395,1789106906.5897553
7,1789106907.7916596,1789106907.9695165,1789106916.3427753,1789106918.5946653,1789106919.4816158,1789106919.5199454
8,1789106920.7068064,1789106920.8876197,1789106929.1101642,1789106931.667659,1789106932.4888437,1789106932.5273366
9,1789106933.7234716,1789106933.8996544,1789106941.938638,1789106944.2888415,1789106945.3667388,1789106945.404256
10,1789106946.593872,1789106946.771458,1789106955.0303562,1789106957.2833765,1789106958.1457918,1789106958.1841524
11,1789106959.3699167,1789106959.553095,1789106967.642241,1789106969.9764972,1789106970.7708375,1789106970.808819
12,1789106972.0583181,1789106972.2410588,1789106980.7599468,1789106983.0972452,1789106983.8596444,1789106983.8978896
13,1789106985.147129,1789106985.3269398,1789106993.9095445,1789106996.1554062,1789106997.0261693,1789106997.0641565
14,1789106998.3238683,1789106998.4996433,1789107006.6794581,1789107008.9230661,1789107009.8434553,1789107009.8814173
15,1789107011.1080055,1789107011.30161,1789107019.5733154,1789107021.9911635,1789107022.9418685,1789107022.9788954
16,1789107024.1021662,1789107024.2796392,1789107032.4360335,1789107034.7264977,1789107035.8501165,1789107035.8899522
17,1789107037.1463635,1789107037.3248744,1789107045.4676762,1789107047.7140684,1789107048.6352756,1789107048.6729684
18,1789107050.0425498,1789107050.2210448,1789107058.3478744,1789107060.6000433,1789107061.526015,1789107061.5633643
19,1789107062.7513409,1789107062.928187,1789107071.3837407,1789107073.654414,1789107074.5285609,1789107074.5663831
20,1789107075.8066714,1789107075.993546,1789107084.1171005,1789107086.3573675,1789107087.3157344,1789107087.3560133
21,1789107088.5687187,1789107088.7457185,1789107097.1997566,1789107099.475493,1789107100.4381268,1789107100.4757047
22,1789107101.6262817,1789107101.8084574,1789107109.9347928,1789107112.2897909,1789107113.2513814,1789107113.2885106
23,1789107114.5122516,1789107114.6897795,1789107122.9903862,1789107125.4515257,1789107126.311894,1789107126.4431493
24,1789107127.630686,1789107127.8066707,1789107135.8928037,1789107138.1323702,1789107138.9802334,1789107139.0178618
25,1789107140.449621,1789107140.6278503,1789107148.6684062,1789107150.927209,1789107151.8925195,1789107151.929684
26,1789107153.171346,1789107153.3478367,1789107161.8253632,1789107164.0798597,1789107165.0524209,1789107165.0903428
27,1789107166.3527987,1789107166.5293767,1789107174.9610832,1789107177.2197747,1789107178.0830321,1789107178.120573
28,1789107179.375064,1789107179.5516229,1789107188.0247118,1789107190.4088802,1789107191.2225,1789107191.259793
29,1789107192.4384303,1789107192.6217818,1789107200.8776672,1789107203.1573322,1789107204.1595118,1789107204.19662
30,1789107205.4432144,1789107205.6205702,1789107213.646963,1789107216.1995947,1789107217.1695366,1789107217.2066624
31,1789107218.375502,1789107218.5514808,1789107226.9033034,1789107229.1734307,1789107230.2256694,1789107230.2636037
32,1789107231.639569,1789107231.8170004,1789107240.1310794,1789107242.3845296,1789107243.3986104,1789107243.4362867
33,1789107244.6253543,1789107244.8020246,1789107253.3310263,1789107255.5756776,1789107256.5437863,1789107256.5808618
34,1789107257.8534799,1789107258.0286415,1789107266.5582283,1789107268.8110466,1789107269.6753683,1789107269.7141492
35,1789107270.951926,1789107271.1275775,1789107279.734519,1789107281.9918494,1789107283.0097685,1789107283.0472236
36,1789107284.253966,1789107284.4302344,1789107292.7065065,1789107294.9667091,1789107295.8757215,1789107295.9962523
37,1789107297.198144,1789107297.3765051,1789107305.6368623,1789107307.8999262,1789107308.721515,1789107308.759772
38,1789107310.1142585,1789107310.290133,1789107318.692202,1789107321.1792386,1789107322.1647751,1789107322.2024016
39,1789107323.4046962,1789107323.5813947,1789107331.8059528,1789107334.0865185,1789107334.9458547,1789107335.0141516
40,1789107336.44726,1789107336.626545,1789107344.7738838,1789107347.017944,1789107347.9289308,1789107347.9665444
41,1789107349.2573638,1789107349.434899,1789107357.8804266,1789107360.136784,1789107361.0230966,1789107361.0606525
42,1789107362.4229584,1789107362.6034462,1789107370.9596114,1789107373.3086956,1789107374.182722,1789107374.2204554
43,1789107375.438855,1789107375.6169403,1789107383.7763896,1789107386.056333,1789107387.0842092,1789107387.1236343
44,1789107388.3357809,1789107388.5152626,,,,
