,BeforeEvaluation,BeforeSV,AfterSV,BeforeGradientRewards,AfterGradientRewards,AfterEvaluation
0,1789106829.2349625,,,,,
1,1789106838.8372352,1789106831.087885,1789106838.6586547,1789106838.6591377,1789106838.8349552,1789106838.9474068
2,1789106852.142854,1789106844.1983564,1789106851.9868665,1789106851.987114,1789106852.1397564,1789106852.2525017
3,1789106864.870036,1789106857.0767643,1789106864.7160287,1789106864.716281,1789106864.8665073,1789106864.9818542
4,1789106877.6975138,1789106869.8875766,1789106877.5434802,1789106877.5437467,1789106877.6935987,1789106877.8075054
5,1789106890.3343053,1789106882.5204816,1789106890.1801062,1789106890.1803586,1789106890.3302317,1789106890.4456453
6,1789106903.2889345,1789106895.1583445,1789106903.135355,1789106903.1356077,1789106903.284816,1789106903.4010236
7,1789106916.2275507,1789106908.0945125,1789106916.0703652,1789106916.0706122,1789106916.2232256,1789106916.3398278
8,1789106928.9944518,1789106921.0522826,1789106928.8401291,1789106928.8403792,1789106928.9901378,1789106929.1058795
9,1789106941.823944,1789106934.0935075,1789106941.6705499,1789106941.6708114,1789106941.8193624,1789106941.9350152
10,1789106954.9157305,1789106946.9020336,1789106954.762181,1789106954.7624383,1789106954.9111776,1789106955.0263321
11,1789106967.526898,1789106959.682722,1789106967.3715665,1789106967.371837,1789106967.52233,1789106967.6378825
12,1789106980.557375,1789106972.400538,1789106980.4040205,1789106980.4042745,1789106980.5527678,1789106980.7567832
13,1789106993.795205,1789106985.5049598,1789106993.541772,1789106993.5420327,1789106993.7905054,1789106993.9062865
14,1789107006.56369,1789106998.6352532,1789107006.4093857,1789107006.409647,1789107006.558926,1789107006.6756847
15,1789107019.4568117,1789107011.433121,1789107019.3006852,1789107019.3009458,1789107019.4520342,1789107019.568948
16,1789107032.3201528,1789107024.45138,1789107032.1647274,1789107032.1649814,1789107032.3154168,1789107032.432644
17,1789107045.3513517,1789107037.4590151,1789107045.1965961,1789107045.1968575,1789107045.3465018,1789107045.4643524
18,1789107058.2313356,1789107050.4013197,1789107058.0747747,1789107058.075037,1789107058.226549,1789107058.3440115
19,1789107071.269137,1789107063.0759554,1789107071.1131418,1789107071.1133957,1789107071.2641602,1789107071.3798764
20,1789107084.0020547,1789107076.1503794,1789107083.8462555,1789107083.8465014,1789107083.9970806,1789107084.1130512
21,1789107097.083892,1789107088.8767583,1789107096.8245807,1789107096.8248518,1789107097.078793,1789107097.195908
22,1789107109.7561796,1789107101.955948,1789107109.6008441,1789107109.6011279,1789107109.7512102,1789107109.9279692
23,1789107122.8761399,1789107114.846367,1789107122.7216558,1789107122.7219179,1789107122.8711817,1789107122.9871128
24,1789107135.7771552,1789107127.9859805,1789107135.6206856,1789107135.6209495,1789107135.7721353,1789107135.8893762
25,1789107148.5531774,1789107140.764693,1789107148.3972144,1789107148.3974693,1789107148.5481503,1789107148.6649516
26,1789107161.7088552,1789107153.522882,1789107161.552818,1789107161.5530806,1789107161.7037811,1789107161.821146
27,1789107174.8449736,1789107166.6643157,1789107174.6904006,1789107174.6906576,1789107174.8398561,1789107174.9578884
28,1789107187.9089246,1789107179.7152133,1789107187.7538054,1789107187.7540643,1789107187.903804,1789107188.0199296
29,1789107200.7608912,1789107192.8007865,1789107200.605707,1789107200.605977,1789107200.7558708,1789107200.8733947
30,1789107213.5320146,1789107205.7565918,1789107213.3781757,1789107213.3784235,1789107213.526835,1789107213.6430511
31,1789107226.7880673,1789107218.7294104,1789107226.6309154,1789107226.6311736,1789107226.783037,1789107226.899626
32,1789107240.0156493,1789107231.9443471,1789107239.856986,1789107239.8572366,1789107240.0105968,1789107240.1268349
33,1789107253.2065504,1789107245.0627735,1789107253.0497282,1789107253.0499885,1789107253.2015302,1789107253.31978
34,1789107266.441268,1789107258.1897583,1789107266.2600412,1789107266.2602942,1789107266.4360435,1789107266.554639
35,1789107279.6141865,1789107271.3156877,1789107279.4572368,1789107279.4574926,1789107279.609055,1789107279.731074
36,1789107292.5900629,1789107284.5928025,1789107292.433471,1789107292.4337263,1789107292.5849636,1789107292.703323
37,1789107305.5222676,1789107297.5071726,1789107305.3665354,1789107305.3668144,1789107305.5171528,1789107305.6339521
38,1789107318.5689816,1789107310.4244819,1789107318.411902,1789107318.4121504,1789107318.563898,1789107318.6799188
39,1789107331.6901162,1789107323.7561827,1789107331.5330763,1789107331.5333328,1789107331.684965,1789107331.8024657
