Round,Evaluator,3,2,4,0,1
0,0,,,,,
0,1,,,,,
0,2,,,,,
0,3,,,,,
0,4,,,,,
0,Aggregated,,,,,
0,Centralized,,,,,
1,0,0.03328756830843705,-0.011950817300541596,0.03320275000306874,-0.0119508173005416,0.024068674894298914
1,1,0.021063099356472593,-0.021229248493055804,0.06397899568673901,-0.021085638201764036,0.02034668798712959
1,2,0.026147129849614648,-0.03589010061118731,0.04827930729779912,-0.03589010061118732,-0.0026567073119743065
1,3,0.04561760545952715,-0.016460489666786076,0.035088267784616795,-0.014992501255369418,0.006997753062918127
1,4,-0.01753820826045117,-0.04941108277603208,0.10295888375015834,-0.04860402486493287,-0.030938974410661683
1,Aggregated,0.01571044026834417,-0.03633019004386233,0.07563925244481381,-0.03518152228052078,0.00035690583123910345
1,Centralized,0.01571044026834417,-0.03633019004386233,0.07563925244481381,-0.03518152228052078,0.00035690583123910345
2,0,0.017565152800690143,0.02005733629854504,0.013376575099349485,0.03419801286599668,0.048138583040554704
2,1,0.020621771662557107,0.016021849565653588,0.0260205827058008,0.02361710740962873,0.028011230170183286
2,2,0.009420620411287993,0.021279427243694214,0.09066151585205263,0.007811639776015091,0.004162456740870391
2,3,0.05146739825239268,0.014129840868873516,0.006962512688895522,0.020757463178124345,-0.006336025619258421
2,4,-0.03804885459756051,-0.022817537431824682,0.2193049465516809,-0.025570103857814445,-0.027384676682029697
2,Aggregated,-0.0010056034132676652,-0.004549838089474434,0.1279711607011423,-0.0003885869068527686,0.007497413678166562
2,Centralized,-0.0010056034132676652,-0.004549838089474434,0.1279711607011423,-0.0003885869068527686,0.007497413678166562
3,0,-0.017178839325621365,-0.00019109544480000739,0.018828671734210923,-0.01186886838114982,0.010410131417360264
3,1,-0.004684818176740645,-0.02857689650366261,0.02461094196235462,-0.002169533296429529,0.024483493802284925
3,2,-0.02275135412441554,0.0038103300474829544,0.05375257922652392,-0.010128166200933599,-0.024683388948657785
3,3,0.015641068161603416,-0.004300607375786165,-0.018066398321792788,0.0020955362735587527,-0.0015416411661922874
3,4,-0.03782188993653798,-0.048756007457358565,0.15656531528266684,-0.02683883060376811,-0.037879001585779296
3,Aggregated,-0.023773406594102934,-0.04085474372108796,0.09372635584642246,-0.023817148515390563,-0.0006965178366659622
3,Centralized,-0.023773406594102934,-0.04085474372108796,0.09372635584642246,-0.023817148515390563,-0.0006965178366659622
4,0,-0.020251871746467143,0.015808628311890276,-0.03420939743372558,-0.006585263262365564,0.011902243375686431
4,1,0.00615465789376786,0.014000318536940339,-0.0594022366420354,0.01138234037974128,0.03436084785595867
4,2,-0.006544285978715892,0.016072740554096458,0.02161531945986167,0.01821280945281678,0.014130824104543192
4,3,0.04537867505857655,0.025509511665825126,-0.05228818776510486,0.004227684179744053,0.011503668657547905
4,4,-0.04924121848379674,-0.04442392839191052,0.20294554431292552,-0.02987520605909996,-0.024380978165844985
4,Aggregated,-0.021540547919240757,-0.0064680514167163305,0.07952417467611742,-0.001954929517120759,0.022120047967001354
4,Centralized,-0.021540547919240757,-0.0064680514167163305,0.07952417467611742,-0.001954929517120759,0.022120047967001354
