Round,Evaluator,2,0,1,3,5,4
0,0,,,,,,
0,1,,,,,,
0,2,,,,,,
0,3,,,,,,
0,4,,,,,,
0,5,,,,,,
0,Aggregated,,,,,,
0,Centralized,,,,,,
1,0,,,,,,
1,1,,,,,,
1,2,,,,,,
1,3,,,,,,
1,4,,,,,,
1,5,,,,,,
1,Aggregated,,,,,,
1,Centralized,0.1637997180223465,0.16680967807769775,0.16628114879131317,0.16694611310958862,0.16861853003501892,0.16754475235939026
2,0,,,,,,
2,1,,,,,,
2,2,,,,,,
2,3,,,,,,
2,4,,,,,,
2,5,,,,,,
2,Aggregated,,,,,,
2,Centralized,0.16478389501571655,0.16681239008903503,0.16650289297103882,0.16679984331130981,0.16786202788352966,0.1672389656305313
3,0,,,,,,
3,1,,,,,,
3,2,,,,,,
3,3,,,,,,
3,4,,,,,,
3,5,,,,,,
3,Aggregated,,,,,,
3,Centralized,0.1654905527830124,0.16678449511528015,0.16658835113048553,0.16672389209270477,0.16739104688167572,0.16702164709568024
4,0,,,,,,
4,1,,,,,,
4,2,,,,,,
4,3,,,,,,
4,4,,,,,,
4,5,,,,,,
4,Aggregated,,,,,,
4,Centralized,0.1659526526927948,0.1667512208223343,0.16662625968456268,0.16668014228343964,0.16710208356380463,0.16688762605190277
5,0,,,,,,
5,1,,,,,,
5,2,,,,,,
5,3,,,,,,
5,4,,,,,,
5,5,,,,,,
5,Aggregated,,,,,,
5,Centralized,0.16622798144817352,0.16671516001224518,0.16664165258407593,0.16667522490024567,0.16693037748336792,0.16680960357189178
6,0,,,,,,
6,1,,,,,,
6,2,,,,,,
6,3,,,,,,
6,4,,,,,,
6,5,,,,,,
6,Aggregated,,,,,,
6,Centralized,0.16639786958694458,0.1666940599679947,0.1666523665189743,0.16667602956295013,0.1668229103088379,0.1667567789554596
7,0,,,,,,
7,1,,,,,,
7,2,,,,,,
7,3,,,,,,
7,4,,,,,,
7,5,,,,,,
7,Aggregated,,,,,,
7,Centralized,0.16650456190109253,0.16668367385864258,0.16666117310523987,0.16667699813842773,0.16674847900867462,0.16672514379024506
8,0,,,,,,
8,1,,,,,,
8,2,,,,,,
8,3,,,,,,
8,4,,,,,,
8,5,,,,,,
8,Aggregated,,,,,,
8,Centralized,0.16656923294067383,0.16667014360427856,0.16666707396507263,0.16667483747005463,0.166714608669281,0.16670408844947815
9,0,,,,,,
9,1,,,,,,
9,2,,,,,,
9,3,,,,,,
9,4,,,,,,
9,5,,,,,,
9,Aggregated,,,,,,
9,Centralized,0.1666071116924286,0.16667072474956512,0.1666649430990219,0.16667179763317108,0.16669166088104248,0.16669374704360962
10,0,,,,,,
10,1,,,,,,
10,2,,,,,,
10,3,,,,,,
10,4,,,,,,
10,5,,,,,,
10,Aggregated,,,,,,
10,Centralized,0.16662940382957458,0.16667084395885468,0.16666321456432343,0.16667096316814423,0.1666787713766098,0.1666868031024933
11,0,,,,,,
11,1,,,,,,
11,2,,,,,,
11,3,,,,,,
11,4,,,,,,
11,5,,,,,,
11,Aggregated,,,,,,
11,Centralized,0.16664426028728485,0.16667123138904572,0.16666457056999207,0.166672483086586,0.1666649430990219,0.16668249666690826
12,0,,,,,,
12,1,,,,,,
12,2,,,,,,
12,3,,,,,,
12,4,,,,,,
12,5,,,,,,
12,Aggregated,,,,,,
12,Centralized,0.16665251553058624,0.16667336225509644,0.16666458547115326,0.16667157411575317,0.16665907204151154,0.16667895019054413
13,0,,,,,,
13,1,,,,,,
13,2,,,,,,
13,3,,,,,,
13,4,,,,,,
13,5,,,,,,
13,Aggregated,,,,,,
13,Centralized,0.1666603833436966,0.16667360067367554,0.16666211187839508,0.1666674166917801,0.16665835678577423,0.16667810082435608
14,0,,,,,,
14,1,,,,,,
14,2,,,,,,
14,3,,,,,,
14,4,,,,,,
14,5,,,,,,
14,Aggregated,,,,,,
14,Centralized,0.16666409373283386,0.16667047142982483,0.16666369140148163,0.16666722297668457,0.16665813326835632,0.16667647659778595
15,0,,,,,,
15,1,,,,,,
15,2,,,,,,
15,3,,,,,,
15,4,,,,,,
15,5,,,,,,
15,Aggregated,,,,,,
15,Centralized,0.16666413843631744,0.16667164862155914,0.16666187345981598,0.16666798293590546,0.16665992140769958,0.1666743904352188
16,0,,,,,,
16,1,,,,,,
16,2,,,,,,
16,3,,,,,,
16,4,,,,,,
16,5,,,,,,
16,Aggregated,,,,,,
16,Centralized,0.16666556894779205,0.16667123138904572,0.1666620969772339,0.1666674166917801,0.166657492518425,0.16667622327804565
17,0,,,,,,
17,1,,,,,,
17,2,,,,,,
17,3,,,,,,
17,4,,,,,,
17,5,,,,,,
17,Aggregated,,,,,,
17,Centralized,0.16666683554649353,0.16667139530181885,0.16666299104690552,0.1666676253080368,0.1666547805070877,0.1666763573884964
18,0,,,,,,
18,1,,,,,,
18,2,,,,,,
18,3,,,,,,
18,4,,,,,,
18,5,,,,,,
18,Aggregated,,,,,,
18,Centralized,0.16666758060455322,0.1666710078716278,0.1666633039712906,0.16666606068611145,0.16665682196617126,0.16667520999908447
19,0,,,,,,
19,1,,,,,,
19,2,,,,,,
19,3,,,,,,
19,4,,,,,,
19,5,,,,,,
19,Aggregated,,,,,,
19,Centralized,0.16666874289512634,0.166672021150589,0.16666272282600403,0.1666647046804428,0.16665610671043396,0.16667570173740387
20,0,,,,,,
20,1,,,,,,
20,2,,,,,,
20,3,,,,,,
20,4,,,,,,
20,5,,,,,,
20,Aggregated,,,,,,
20,Centralized,0.16666972637176514,0.16667117178440094,0.16666138172149658,0.16666562855243683,0.16665920615196228,0.1666729599237442
21,0,,,,,,
21,1,,,,,,
21,2,,,,,,
21,3,,,,,,
21,4,,,,,,
21,5,,,,,,
21,Aggregated,,,,,,
21,Centralized,0.1666710078716278,0.16667121648788452,0.16666057705879211,0.1666659414768219,0.16665960848331451,0.16667167842388153
22,0,,,,,,
22,1,,,,,,
22,2,,,,,,
22,3,,,,,,
22,4,,,,,,
22,5,,,,,,
22,Aggregated,,,,,,
22,Centralized,0.16666898131370544,0.16667121648788452,0.16666251420974731,0.1666669249534607,0.16665944457054138,0.1666710078716278
23,0,,,,,,
23,1,,,,,,
23,2,,,,,,
23,3,,,,,,
23,4,,,,,,
23,5,,,,,,
23,Aggregated,,,,,,
23,Centralized,0.16666936874389648,0.16666817665100098,0.16666418313980103,0.1666681468486786,0.1666581928730011,0.16667194664478302
24,0,,,,,,
24,1,,,,,,
24,2,,,,,,
24,3,,,,,,
24,4,,,,,,
24,5,,,,,,
24,Aggregated,,,,,,
24,Centralized,0.16667065024375916,0.16666656732559204,0.1666654348373413,0.1666678637266159,0.1666582226753235,0.1666712760925293
25,0,,,,,,
25,1,,,,,,
25,2,,,,,,
25,3,,,,,,
25,4,,,,,,
25,5,,,,,,
25,Aggregated,,,,,,
25,Centralized,0.16666904091835022,0.1666678488254547,0.1666649430990219,0.1666659712791443,0.16665999591350555,0.16667219996452332
26,0,,,,,,
26,1,,,,,,
26,2,,,,,,
26,3,,,,,,
26,4,,,,,,
26,5,,,,,,
26,Aggregated,,,,,,
26,Centralized,0.16666999459266663,0.16666844487190247,0.16666272282600403,0.16666561365127563,0.1666584312915802,0.16667473316192627
27,0,,,,,,
27,1,,,,,,
27,2,,,,,,
27,3,,,,,,
27,4,,,,,,
27,5,,,,,,
27,Aggregated,,,,,,
27,Centralized,0.16667041182518005,0.16666844487190247,0.1666615605354309,0.16666662693023682,0.1666589081287384,0.16667403280735016
28,0,,,,,,
28,1,,,,,,
28,2,,,,,,
28,3,,,,,,
28,4,,,,,,
28,5,,,,,,
28,Aggregated,,,,,,
28,Centralized,0.16666921973228455,0.1666683703660965,0.16666240990161896,0.16666638851165771,0.16666021943092346,0.16667339205741882
29,0,,,,,,
29,1,,,,,,
29,2,,,,,,
29,3,,,,,,
29,4,,,,,,
29,5,,,,,,
29,Aggregated,,,,,,
29,Centralized,0.1666686087846756,0.16666841506958008,0.16666387021541595,0.16666637361049652,0.16666194796562195,0.1666707843542099
30,0,,,,,,
30,1,,,,,,
30,2,,,,,,
30,3,,,,,,
30,4,,,,,,
30,5,,,,,,
30,Aggregated,,,,,,
30,Centralized,0.16666527092456818,0.16666880249977112,0.16666723787784576,0.16666613519191742,0.16666105389595032,0.1666714996099472
31,0,,,,,,
31,1,,,,,,
31,2,,,,,,
31,3,,,,,,
31,4,,,,,,
31,5,,,,,,
31,Aggregated,,,,,,
31,Centralized,0.16666701436042786,0.16666774451732635,0.16666719317436218,0.16666260361671448,0.16666251420974731,0.1666729748249054
32,0,,,,,,
32,1,,,,,,
32,2,,,,,,
32,3,,,,,,
32,4,,,,,,
32,5,,,,,,
32,Aggregated,,,,,,
32,Centralized,0.16666965186595917,0.1666688174009323,0.1666654646396637,0.16666214168071747,0.16666224598884583,0.16667166352272034
33,0,,,,,,
33,1,,,,,,
33,2,,,,,,
33,3,,,,,,
33,4,,,,,,
33,5,,,,,,
33,Aggregated,,,,,,
33,Centralized,0.16666999459266663,0.1666676104068756,0.16666720807552338,0.1666639745235443,0.1666610836982727,0.16667014360427856
34,0,,,,,,
34,1,,,,,,
34,2,,,,,,
34,3,,,,,,
34,4,,,,,,
34,5,,,,,,
34,Aggregated,,,,,,
34,Centralized,0.16667133569717407,0.16666729748249054,0.16666732728481293,0.16666251420974731,0.16666178405284882,0.16666974127292633
35,0,,,,,,
35,1,,,,,,
35,2,,,,,,
35,3,,,,,,
35,4,,,,,,
35,5,,,,,,
35,Aggregated,,,,,,
35,Centralized,0.16667047142982483,0.16666559875011444,0.1666659414768219,0.16666477918624878,0.16666294634342194,0.16667024791240692
36,0,,,,,,
36,1,,,,,,
36,2,,,,,,
36,3,,,,,,
36,4,,,,,,
36,5,,,,,,
36,Aggregated,,,,,,
36,Centralized,0.16666927933692932,0.1666649580001831,0.16666501760482788,0.16666404902935028,0.16666531562805176,0.16667132079601288
37,0,,,,,,
37,1,,,,,,
37,2,,,,,,
37,3,,,,,,
37,4,,,,,,
37,5,,,,,,
37,Aggregated,,,,,,
37,Centralized,0.16667060554027557,0.1666652262210846,0.16666501760482788,0.16666282713413239,0.16666485369205475,0.1666715294122696
