Round,Evaluator,5,1,0,2,3,4
0,0,,,,,,
0,1,,,,,,
0,2,,,,,,
0,3,,,,,,
0,4,,,,,,
0,5,,,,,,
0,Aggregated,,,,,,
0,Centralized,,,,,,
1,0,7.980733825314395,7.552413979784388,8.025964840509623,7.9051969327869065,7.90439843845624,7.707889915329925
1,1,8.158820037462792,7.586996913923112,8.337822893003004,8.190203250944707,8.158763967497649,7.957866607452474
1,2,7.545282310651891,7.116343962547495,7.825663594253908,7.519720739705755,7.5421209999607814,7.434071929483022
1,3,7.967616485833805,7.387217321490951,8.146456368733297,7.948111053158979,8.01801606237842,7.775092776788224
1,4,7.814309389671569,7.359098695666833,7.8802151691090225,7.842174420307275,7.861469091175172,7.649568000222593
1,5,7.924195097818843,7.380498246875717,8.080810426838188,7.93101785267881,8.01506014345469,7.753733388039824
1,Aggregated,7.8864620222641255,7.388858872572601,8.03856985071873,7.876771462754143,7.903714008630955,7.702753679760427
1,Centralized,7.886462021131503,7.38885887174858,8.038569850973083,7.876771463040627,7.903714008381093,7.702753679894015
2,0,1.41913308116224,0.7395367722957266,1.3066504221991613,0.5850056084905327,0.9221402600414723,0.8991565882969303
2,1,1.771154063083044,1.0737956793359544,1.3228809325808653,1.2247728821504449,1.4687780627459748,1.246039410106113
2,2,1.3297542123554953,0.8374657064800146,1.5325526454640839,0.6581965651630607,0.9698631893231376,1.0589627593891449
2,3,1.1416976188871821,0.6922283796755527,1.09686418855285,0.5892587140577817,0.866963387636868,1.0287985183883468
2,4,1.2173423202963471,0.7184362138812109,1.124966804740701,0.5991525740626129,0.8927695021977736,0.9773355986787492
2,5,1.2915586951684292,0.9283975418005336,0.9202728326798415,0.7323108110293227,1.0755302935099413,0.9642465791074855
2,Aggregated,1.3537153032615405,0.8269154130369631,1.222270032824637,0.7214947426775173,1.0230656510303549,1.025158498625458
2,Centralized,1.353715304297321,0.8269154130518157,1.2222700325589417,0.7214947437814417,1.0230656507049949,1.025158498524136
3,0,1.3063892778106678,-0.9543649446664768,0.7081910164497831,0.7918805742759717,0.9968054772351582,1.0322641467966753
3,1,1.8200001363691403,-1.78266839452381,0.6198202991678216,1.1785138855384347,1.198754739662857,1.4534779373313167
3,2,1.2004489234561122,-1.0268830748751834,1.0575222415719894,0.9254245150026804,0.9112673030385372,1.0250065209669044
3,3,1.185902150760645,-1.593179371064891,0.6607576164734215,0.7218231437933491,0.9213005457560014,1.0802162480672266
3,4,1.0809952857813674,-0.8514191625695318,0.6364692865024689,0.8995638932362126,0.8865210690813768,1.1134029052567718
3,5,1.2237833256369368,-1.576554770922216,0.4813210860708027,0.6733260205752605,0.9004257086331648,1.0397361922683095
3,Aggregated,1.2867780585005149,-1.275071385928013,0.7021012486819919,0.8599114166655834,0.9619324932170534,1.1136173196808477
3,Centralized,1.2867780592656437,-1.2750713857072578,0.7021012497162908,0.8599114151839292,0.961932492904006,1.113617319269614
4,0,1.1853242513606115,-2.0084723375558236,-0.26735910649728667,0.7789657435866396,0.7438244527481855,0.7828355410325419
4,1,1.7703639912985611,-3.1647161026263735,-1.1702135589100526,1.4484744020475344,0.8746320916416807,1.676236825898897
4,2,1.4261290064159189,-1.9867860411400589,0.10501660916236892,0.9437773672085589,0.9227329689909071,0.9179684295428074
4,3,1.368019999357129,-2.5094109584870923,-0.446986301162542,0.9320441578480757,0.8313528939219134,1.2668584864329269
4,4,1.1288208542357483,-1.8755260364707762,-0.3095107720567168,0.9015419422440591,0.756379037781138,0.944555197641646
4,5,1.364658555818335,-2.607907769890963,-0.8862983100601413,1.112598194458653,0.8789010181026871,1.3221761476453031
4,Aggregated,1.3635100558015842,-2.3310091416177277,-0.4700502766271753,1.007650531251559,0.8347402505214266,1.133268482594338
4,Centralized,1.3635100555730608,-2.331009143483937,-0.47005027581610437,1.0076505314318602,0.8347402504258903,1.1332684824015318
5,0,0.7362273569193547,-0.24679190452068894,-0.8520276101266322,-0.4854145552390745,-0.47513057941574804,0.5938219749021847
5,1,0.7682273336271973,0.018197039492816102,-0.7779182433234144,-0.10134810368789836,-0.3546851097934181,0.13418021803618685
5,2,0.7726532548682431,-0.304230106829046,-0.12241559298474493,-0.2771787341094957,-0.4072538448486591,0.47482504236530426
5,3,0.6781312396493655,-0.23766542623736492,-0.5082993043031416,-0.45102756296459656,-0.34057380577224505,0.5029011919371709
5,4,0.6367287279727701,-0.15908485087016042,-0.8592083328980961,-0.3200917452660296,-0.5137771323032206,0.6110453825059248
5,5,0.6297599230156156,0.10603099758251602,-0.6386923486183674,-0.15745305517835081,-0.14713168106525285,0.3030774863099065
5,Aggregated,0.7018889407717358,-0.1434966624475524,-0.6173438247444226,-0.3023810036469006,-0.37505701259958935,0.4441954945084632
5,Centralized,0.7018889406604971,-0.14349666396498278,-0.6173438246586302,-0.30238100219756,-0.3750570138839593,0.44419549367704286
6,0,1.1495238922529631,-1.296349833106979,-1.0253837050720185,0.36932382160055627,0.8458456419866198,0.8691473412748384
6,1,0.8932202138815537,-0.7670439053985787,-0.9148642274847456,0.6077092584704151,0.5189641349215637,0.058115748406847856
6,2,1.0545180073929084,-0.994669826562687,-0.3914544959856601,0.4974500032824985,0.7704070907760666,0.9157271050193284
6,3,1.0051803567190114,-1.0557288023294555,-0.8049821123741248,0.39445853288885074,0.7850829656533845,0.6865648109894659
6,4,0.9429583445407268,-1.1877117734545413,-1.0017784893861585,0.4668763888918652,0.7441034432375263,1.0350992393112977
6,5,1.0276988235386333,-0.86662872262836,-0.8369835927545843,0.5277789292534603,0.7304056235004334,0.1896346717181654
6,Aggregated,1.013950496216092,-1.032606116908588,-0.8224764065634449,0.47449197653194986,0.7369095809573376,0.6422252037410103
6,Centralized,1.0139504968146769,-1.0326061158439646,-0.8224764070986829,0.4744919758906816,0.7369095811864664,0.642225205449426
7,0,-0.058076034849432405,-0.2512450760647873,-0.14816445232870437,0.9602787694656199,0.017038454483853608,-0.24859704243629568
7,1,0.0783305420145511,0.029793943639421984,-0.4572189078516859,0.6281830138331095,0.041285898521230754,-0.24658777952813707
7,2,0.1196224801515256,0.10640548124134354,0.2717597335497117,0.7847596045387367,-0.20391731524689216,-0.30518352492286144
7,3,0.04092882013366991,-0.09527193778909555,-0.08661429900943472,0.686952464934682,-0.012043530513444622,-0.15816649767951388
7,4,-0.06018653462350857,-0.06626853641474154,-0.19508340446973663,0.8805741841356903,-0.09499789028337854,-0.17479420436975435
7,5,0.14144897245400978,-0.08362811373526427,-0.2515369311209122,0.661154824665545,0.08530898315758423,-0.26697509387557017
7,Aggregated,0.0423472591701934,-0.0605463171527686,-0.13471783200729986,0.7708500527553699,-0.03148220347892625,-0.2329835960426904
7,Centralized,0.04234725993435688,-0.06054631643301285,-0.13471783161453313,0.7708500521821212,-0.031482204226781836,-0.23298359702950586
8,0,0.9352063297522163,-2.0070085416228958,-0.5981835744361951,0.8665781052129341,0.7488948336675517,0.2789977355004628
8,1,0.8031013444677473,-1.4647508361100954,-0.5986744042425411,0.5037580312711477,0.647353489608324,0.22792069207416654
8,2,0.949957109112799,-1.8894044071764644,-0.03564644007359766,0.9349813741590084,0.5342329987366973,0.28144982568075827
8,3,0.8703923299828396,-1.7572912727461687,-0.4972342139668759,0.7119731915841229,0.6798651739918299,0.3981684127507429
8,4,0.8076691233413467,-1.970254238239241,-0.6016762777301187,1.047472468678468,0.7360981781314737,0.4217058355416028
8,5,0.8686826396359613,-1.485159219938618,-0.5236953810292551,0.4119711426180567,0.7096520738367869,0.23794987234732698
8,Aggregated,0.8731841248709584,-1.7690558859406205,-0.47056582897413657,0.7539587590297623,0.6752920157779931,0.3092551163345176
8,Centralized,0.8731841245863058,-1.7690558857262564,-0.47056582717900136,0.7539587611099646,0.6752920184010495,0.3092551168563431
9,0,0.5843869512362878,0.318922607843454,-1.1567273174647512,0.38594319669900456,0.34672731371701143,0.3960566187706273
9,1,0.23000238282934637,0.4401561688328177,-0.894018107803949,0.37164238716552384,0.33013734256693533,0.014626015069039195
9,2,0.5978928940588398,0.21276294016418237,-0.6747595671444473,0.39107739666306146,0.19329686256151832,0.3601358996464842
9,3,0.5158133905559862,0.34448659598610154,-0.9362349695522081,0.3136511439853541,0.3542156967234704,0.3111616989008858
9,4,0.5469490211630691,0.32097388742690725,-1.2292929384285731,0.3875112951244239,0.28282476353961,0.47801836624337835
9,5,0.42201601707431746,0.5516493170401217,-0.965544016681272,0.3375648344258756,0.32606274421995834,0.09984488435401191
9,Aggregated,0.4883167413227213,0.36100798915263815,-0.9769817581529021,0.36494632716973563,0.3037991697098088,0.28360866960323367
9,Centralized,0.4883167424356867,0.36100798911195636,-0.9769817584151328,0.3649463284940478,0.30379917255057076,0.2836086679967597
10,0,0.4147771809576388,-0.666229436726653,-0.9093002516721488,0.3783201018667736,0.4974019040294404,-0.9787577028981925
10,1,0.30140792434882596,-0.3661902967893331,-0.97852793595042,0.44811246380444314,0.3986124262812265,-0.7641342569456059
10,2,0.6845690656026698,-0.4195837663133385,-0.3841695358645109,0.2665468215631746,0.30310455939030895,-1.104819386762577
10,3,0.4648287722665951,-0.5256488767529323,-0.8773691550149535,0.26969314843562614,0.462762678575289,-0.8464649518060695
10,4,0.5018447677679115,-0.4392384196704048,-0.9075252018740861,0.3244730287671003,0.3989948506621989,-0.9094995659539532
10,5,0.3929128311842689,-0.4392911917876037,-0.8782163777712101,0.28898282253314883,0.42129315105258264,-0.8750083116340194
10,Aggregated,0.46369075402939797,-0.47740861803653917,-0.8169294624405682,0.32717927718180845,0.41291703438190536,-0.9160914881468867
10,Centralized,0.46369075447750735,-0.4774086178489884,-0.8169294609849829,0.32717927829279897,0.41291703270613156,-0.9160914893801994
11,0,0.4839590116868216,0.21352589642342415,-0.06428167865073166,0.4143569560773858,0.3671587147712329,0.2352607716953211
11,1,0.33055579914437105,0.010758927338144472,0.040659995183825494,0.39160359991794114,0.31355598715580757,0.022621295497535953
11,2,0.5384721751134363,0.21549157756038997,0.35369383290381334,0.35239679167951604,-0.04370559831688669,0.15692934196850009
11,3,0.4737759430479051,0.058613267084761014,0.15130463644583672,0.28455512671517585,0.33638303508230494,0.23726275716724152
11,4,0.3311144851033315,0.22074235243563253,-0.08217995178350179,0.4480195474685388,0.2202938567495148,0.3025656295375212
11,5,0.45755218118645175,0.11946208176956714,0.0006619860106241049,0.37719140756308556,0.30778323311653377,0.09500474120573538
11,Aggregated,0.4368982075990486,0.14361260577368276,0.06623197671428566,0.37857159985482436,0.24704307332578546,0.1782599283906361
11,Centralized,0.4368982050175083,0.143612603470415,0.06623197461977562,0.37857160005084906,0.2470430715570818,0.17825992700812524
12,0,0.2829967514725081,-0.9572765763316985,0.1512197318411542,0.20128149099889983,0.18112842644237845,0.3008637688210235
12,1,0.4700712402453385,-1.5990494854926947,0.27327680056723447,0.2946494397241815,0.1117871636192484,0.34059130392556625
12,2,0.47835289074389414,-1.0598573041630763,0.43896064927161815,0.16989150579546636,-0.02444605255376455,0.12936236549188118
12,3,0.45189841105029316,-1.2249255489916688,0.27023780986741563,0.15451620672688426,0.11241734575102301,0.34041733193366475
12,4,0.21648894401062585,-0.8851714886196035,0.042399887924492084,0.24859685420740998,0.058421134183106974,0.2996019474788959
12,5,0.4532221745223068,-1.179502285779203,0.21212343074762993,0.19760269076674872,0.11858030814518387,0.26093512484619785
12,Aggregated,0.3886228949573612,-1.139441644833839,0.22954884179767054,0.21015635926646437,0.0923127221197738,0.2767988408739953
12,Centralized,0.38862289795101423,-1.1394416437932628,0.22954884204550483,0.21015636008823466,0.09231272372314658,0.2767988419365576
13,0,0.3099864054999791,-0.6431981380768297,0.036480510746125995,0.09602369322635372,0.0679034120033675,0.08508649865451581
13,1,0.3787529919634328,0.14724484565247206,-0.4309309885032206,0.2042267883046022,-0.4170570695067447,0.3153943865957566
13,2,0.5403742574837915,-0.4726876037587788,0.25527749705914476,-0.07343463384333072,-0.02577155132962861,0.10569107992208951
13,3,0.3514640834050287,-0.3427389407848178,-0.05358270116735765,0.058796177237660646,-0.057151784097558674,0.2684634066970708
13,4,0.2340373662300654,-0.46144654816164404,-0.10708834784442632,0.07388334504648524,0.06655524933067743,0.266383916677191
13,5,0.4898148908752488,-0.14348474792173704,-0.174289797605466,0.2039426782011163,-0.38736606451777245,0.1743162443036413
13,Aggregated,0.38287777706410386,-0.3302477485684011,-0.071780038008656,0.09146521230311008,-0.11806776602054983,0.19990806566444463
13,Centralized,0.38287777872843726,-0.33024774838758153,-0.07178003604679564,0.09146521303507026,-0.11806776611699775,0.19990806780266043
14,0,0.04267381692130162,-0.0254872671081122,0.052288391122506654,-0.12869478938017068,-0.021838013662240623,0.013471361034089923
14,1,0.18386591416649023,-0.25695900724871196,-0.2096577077743139,0.26194652696095794,0.16594692241012501,-0.1886114477781078
14,2,0.10806801669019656,0.21638397838178677,0.26205765789916724,-0.09158671486518648,-0.3302349026328925,-0.13132790236727818
14,3,0.09299413612024007,-0.010348458237855063,-0.03437170104630771,-0.06004832051884936,-0.04485822460159302,-0.04271179007395048
14,4,-0.11961409497551825,0.1873565300136326,-0.03524757146154789,-0.028805549732033125,-0.09093704667266932,0.015651328294037488
14,5,0.16803710153328635,-0.10309944029006682,-0.11051895765337744,0.016477922592451934,0.05863742646297112,-0.17271402033699393
14,Aggregated,0.07567396936852787,0.007721944059736144,-0.007806383284344263,-0.010322139054968224,-0.04881087378248061,-0.0813064415726337
14,Centralized,0.07567396866590755,0.007721942747433137,-0.007806382314062393,-0.010322138327867237,-0.04881087562659149,-0.08130644054490967
15,0,0.167522176216914,-0.07701148979939075,-0.06700041158632668,0.46460713679465543,0.15209107540573688,-0.8649767833627433
15,1,-0.2722542603917457,0.06294912227774425,-0.07656213480715586,0.534394063438518,0.14900882472488092,-0.5515760360804346
15,2,0.28001032312647545,0.2803232959408648,0.058064032922805,0.38396892376157327,0.021456010211275967,-0.982088509099521
15,3,0.016235509138532063,0.09476569763022866,-0.17035540377184896,0.45909819967178744,0.14406162697756772,-0.7069934142993138
15,4,0.13201511234484514,-0.00771273548710667,-0.28489432856749713,0.5578266941684832,0.1403909815090983,-0.7994264787378835
15,5,-0.07413091663158278,0.26349148341839673,-0.08188133945139135,0.40425116347856416,-0.04164459179685698,-0.6591078348661249
15,Aggregated,0.048616739937071746,0.10168592685719903,-0.10439307639156728,0.4663936148432501,0.09378945354663047,-0.7650047060681809
15,Centralized,0.04861673951922454,0.1016859275088367,-0.10439307625646879,0.4663936147883805,0.09378945348162675,-0.7650047065321477
16,0,0.06210356726559176,-0.5517483455729604,0.07085635603682369,0.1579222225245497,0.2372550196988554,0.36481640707025753
16,1,0.17935732078319894,-0.011454271195127793,-0.29520908599805895,0.054003005719368266,0.045873920372335696,0.22159019898056126
16,2,0.15815977429144704,-0.32097394359066367,0.31033444504594876,-0.09109475228778885,-0.1370525995894625,0.17618868167723403
16,3,0.13221252571115713,-0.28045675110499696,-0.002300801788984646,0.05737889431686036,0.0705380074823239,0.3049745598550482
16,4,-0.0886468985379588,-0.44063886326513435,0.03271775749794432,0.12635918255208,0.14481168657291207,0.36721727907351076
16,5,0.18668796320612913,-0.19068400951896708,-0.19216425953621735,0.07950845493161675,0.15456086562713606,0.3107214233757959
16,Aggregated,0.10162588975982664,-0.30667556624728304,-0.0062532004717728166,0.0647540976303252,0.08717463412998079,0.2923939512072178
16,Centralized,0.10162588954470426,-0.30667556627604353,-0.006253201966052716,0.06475409751358055,0.08717463299704396,0.2923939494418647
17,0,0.8230479512471192,-0.8715907550259667,-0.6957678435699197,0.09618553962531912,-0.6631054559239244,0.5866600429808477
17,1,0.505334185263287,-0.5726077538073693,-0.5622463469698169,0.26438564964973743,-0.41489873052529935,0.4280093790584028
17,2,0.9080284251438321,-0.8167983240092571,-0.35462086074869104,0.059547121081198105,-0.8941105041305814,0.4989218835126322
17,3,0.7908163166194918,-0.6660936901189841,-0.5790938816546747,0.04066118478255984,-0.7026962956952671,0.5437869578185919
17,4,0.7338945344650717,-0.8408667180187525,-0.6607147294868452,0.24186454085163556,-0.629328492821781,0.7091518591916096
17,5,0.7706586338367282,-0.5779249525570245,-0.6953513397569911,0.07566869418941553,-0.5104250277175426,0.36522709411142246
17,Aggregated,0.7587266223677328,-0.728554895052902,-0.591084618508758,0.12852007041938887,-0.6393816310253919,0.5248374529802642
17,Centralized,0.7587266234526064,-0.7285548952421989,-0.5910846186339159,0.1285200703397753,-0.6393816315372592,0.524837454272335
18,0,0.3778186324552847,-0.19466425279153124,-0.021178161168736054,0.302539157903095,0.1251017200459901,0.20150037394269818
18,1,-0.17606310431498542,0.06632049797444996,-0.03852055426827261,0.3241291815576044,0.11087015655147964,0.25888684286436636
18,2,0.3609064266366889,-0.25543761747401117,0.1006896406860401,0.123464702661443,-0.026238325681103566,0.1679404576868983
18,3,0.12877096155852946,-0.16371839683436928,0.006531715439266487,0.2827548656890123,0.141769509863366,0.22914917298451437
18,4,0.17820986367619046,-0.16184519529258973,-0.12683455347754918,0.3315347525910657,0.005468538077954695,0.30239749990173387
18,5,0.1402726655284643,0.0949818582933677,-0.03814650987752041,0.2539049086368228,0.06754490945550487,0.19340332339007524
18,Aggregated,0.1756962777410805,-0.1068519360505988,-0.01968351325071441,0.26859855357688495,0.06898757524264869,0.22517183414727318
18,Centralized,0.17569627951149933,-0.10685193547530163,-0.019683512652243232,0.2685985540194796,0.06898757513794583,0.2251718354076086
19,0,0.18787035341270414,-0.13794318139388373,0.06653449881462,-0.20976461444653058,0.20652823397412798,0.22318864523655155
19,1,0.1467746128648731,-0.4248241526343442,-0.21960401030247603,0.24647889099135856,0.11189069470922317,0.15862867538775388
19,2,0.2229050863334496,0.0032568500165348823,0.21566604665846967,-0.3075642348520936,0.2161692108892179,0.2439512739042853
19,3,0.1893107627585971,-0.1547001697840848,-0.0397179646116579,-0.08791173380615296,0.1624772257328701,0.27480691795542656
19,4,0.0895861399858866,0.05274195689245893,-0.08699245937401184,-0.10748190869339536,0.21736536258653844,0.20024638194175984
19,5,0.32586528942173215,-0.24582313810777806,-0.09525885719943401,-0.018548196092193988,0.057666923342434374,0.12092731662296892
19,Aggregated,0.19331100127987536,-0.1442555928170872,-0.02243164044789836,-0.08771360178997833,0.16394204954819872,0.20420402662536447
19,Centralized,0.19331100083022143,-0.14425559198548601,-0.02243163956428636,-0.08771360211776978,0.1639420489262734,0.2042040265532379
20,0,-0.08959549462319559,0.08912808128212323,-0.33555089456890286,-0.38043488918764934,0.44492931265950897,0.03929949581489978
20,1,-0.20848268671505962,0.3980682642857488,-0.8796901108507145,-0.5745338560336015,1.0442095067782,-0.17110456143779226
20,2,-0.03348444539495509,0.1710371967328991,-0.25110286236334944,-0.5266574127182158,0.5256734166969673,-0.16362187174755533
20,3,-0.07124837302246675,0.20085528499195027,-0.5127522927575934,-0.5920380472169331,0.7060792234640251,-0.015606426735291832
20,4,-0.15297367211631632,0.2527567529202045,-0.45381747302497555,-0.2935003627311833,0.5395825100054702,-0.06274521638918834
20,5,-0.05500275867334559,0.3538201155723405,-0.5675307518295103,-0.5529557024857226,0.6247761580059625,-0.12809357221804987
20,Aggregated,-0.10019602851546888,0.24091089442498037,-0.4917757839901423,-0.4818231601339811,0.6378639004145343,-0.08173775248357856
20,Centralized,-0.10019602899346572,0.2409108959219494,-0.4917757826050408,-0.4818231584181948,0.6378639029513072,-0.08173774980912706
21,0,-0.043732593546321044,0.1413003832608937,0.07796654155609559,-0.2839574555948304,-0.16079138820725195,0.029047394970698786
21,1,0.014120062258044897,0.3294942088679286,0.021051707581937626,-0.0689461220541516,-0.11696191555952305,0.13058263636799364
21,2,0.14085071114106443,0.19539139036720396,0.1993168749150549,-0.17758519070421566,-0.5289165447722995,-0.1265436552149847
21,3,0.06855110825579339,0.20135971408414896,0.10253354038127302,-0.21640178085933046,-0.2226650371938732,0.02621013562468839
21,4,-0.15050176057967246,0.280491188298941,-0.01513441762465592,-0.1660803247978682,-0.2942982623796776,0.10556854935102859
21,5,0.09741533018694225,0.3257866749822948,0.08251718256468384,-0.2612921591418319,-0.1563251007868044,0.02254350532982047
21,Aggregated,0.019172352702434146,0.24348383251345662,0.07835114856236641,-0.197348967749939,-0.24987242516923885,0.02970417011738557
21,Centralized,0.019172353393417888,0.2434838336385095,0.07835115025389511,-0.19734896787751705,-0.24987242390762746,0.029704173110904602
22,0,0.11816983192047405,0.0937797536755923,-0.02344973956298162,0.21023848423070304,-0.014175032793381802,0.18236292873464927
22,1,0.024991667079580518,0.16162155570895653,-0.2986129699540523,0.2561391130185549,-0.41160304768099376,0.39712352514879684
22,2,0.4802845750140174,0.1425319983911249,0.030961535475069843,0.2719187710442239,-0.08933129019154305,0.009605413772725413
22,3,0.226623080582547,0.10035304648826167,-0.13136270785159665,0.23425481422635033,-0.1969981342743356,0.26371157659830746
22,4,0.060497270116435686,0.2428992650889042,-0.21182129882080084,0.24957730620255092,-0.06231615570787893,0.22186579809099014
22,5,0.10878691415295941,0.12798498053455146,-0.09241010932699444,0.2542986967363605,-0.34821372015411595,0.26649723651892676
22,Aggregated,0.17119715174741112,0.14556020231231032,-0.11786507996229215,0.2457762350473184,-0.18064905877404808,0.21936681896754603
22,Centralized,0.17119715244959888,0.14556020010726625,-0.11786507991279377,0.24577623239694768,-0.18064905946543688,0.21936681842979466
23,0,0.05413052630000171,-0.1364847665790421,-0.4208200510237999,-0.05134558648875889,-0.381927998430468,0.39061027327536973
23,1,0.247812164124415,0.08622973921159899,-0.27525860432674715,0.06985472049129958,-0.26793772408222377,0.104114747987954
23,2,-0.1132702579234575,-0.1004716986492325,-0.06763708677840732,0.007724621055078037,-0.77674789554718,0.2915022978737468
23,3,0.0415684335846971,-0.0746037955433078,-0.316440873695926,-0.047835936120482696,-0.44198646616688075,0.3380498875644224
23,4,-0.008623123448931836,-0.0905441044488312,-0.3735128394779856,0.05633610522857151,-0.48092426494396173,0.4343019274511042
23,5,0.24433946424803893,0.04272585469802183,-0.4164443632851796,-0.07960796215156705,-0.31735963030561964,0.21336555877347682
23,Aggregated,0.07288771580030846,-0.04873501583149958,-0.31191371034676924,-0.00783549835857625,-0.44820883074684353,0.2997805840282423
23,Centralized,0.07288771598653399,-0.04873501643360646,-0.3119137098592816,-0.007835499463604971,-0.44820883045793597,0.2997805835728969
24,0,0.8174455643186904,0.191788772446194,0.04084207397383485,-0.10230564634986862,-0.14180956215121646,-1.130160481779743
24,1,0.31822987214592025,0.4302826985257874,-0.14381806417474852,0.08335520223051632,0.03348794571072064,-0.8761944328901151
24,2,1.048919501035838,0.25798046260819496,0.425365522860311,-0.2819517270972912,-0.35581299643350645,-1.2438123013856657
24,3,0.8043663896724991,0.3132125325519953,0.09974394516585121,-0.19189342313870336,-0.12886896336698722,-1.0614664400099991
24,4,0.7199270619594118,0.3308861237917776,0.03795795587491742,-0.058704386175381255,-0.1887977118367499,-1.0570546991320617
24,5,0.5826110815930176,0.40951058015755604,-0.03205423797967434,-0.0898971671549702,-0.113246120572316,-0.9387913029909123
24,Aggregated,0.7217002012162967,0.31897887934222546,0.07556021072254929,-0.10939018720397797,-0.15312640208037598,-1.0536752779456091
24,Centralized,0.72170020092819,0.3189788803481543,0.07556021053110827,-0.10939018659923608,-0.15312640253055498,-1.0536752795612074
25,0,0.21092526158874295,0.17217848251409917,0.07053582810682676,0.2820018685942657,-0.06247926745585642,0.1485064251562596
25,1,0.18818700751039155,0.09130658620097204,-0.1356676129371892,0.10274517048457259,0.0890374244743564,0.17249217067031022
25,2,0.3934163291105706,0.0006601690309422519,0.3117412319473234,0.15821924275479324,-0.09837716289787402,-0.0445413395683507
25,3,0.3019347864559817,0.03414269104444614,0.054528085887184004,0.15628590171475074,-0.041336070040085694,0.14945238070283046
25,4,0.1169374863752413,0.17546637376875737,0.08751096667255283,0.16977800409874738,-0.04342217414671457,0.15183422278618622
25,5,0.3152819970672304,0.19993879273691703,-0.0801308295322855,0.12711492529184065,-0.0999249537417472,0.1433522963409922
25,Aggregated,0.2535953526461813,0.11346414500148819,0.055892421845361896,0.16778505143497885,-0.04507775620615059,0.1188758540827085
25,Centralized,0.25359535330096133,0.11346414517022044,0.05589242380211618,0.16778505072238653,-0.045077755638791336,0.11887585281522071
26,0,0.24608286131498017,0.18431792989768117,0.33098860402475844,-0.5497461974567605,-0.7070187683658954,0.18581164431037983
26,1,0.2732809212504163,0.26542018344669116,0.013803483458307338,-0.28924314677907426,-0.5240410733268583,0.08257360886911017
26,2,0.21185110530459797,0.3272481418102527,0.5149627041039742,-0.5814331711187946,-1.0339640984359417,0.2604716011068274
26,3,0.18403963268361523,0.2793614108151663,0.21204137767888526,-0.5173764346266705,-0.6744727315691427,0.26997185661273676
26,4,0.12297083517051974,0.28713514805660967,0.27145582787412004,-0.46711324182411773,-0.6828947940589695,0.19804396438194896
26,5,0.3540034076207665,0.3313300629978962,0.09103487934503397,-0.4429794300228324,-0.6704996434127165,0.08513336194989757
26,Aggregated,0.23011660522102764,0.2785854139902337,0.2443426401263664,-0.47740940689872696,-0.7186916456878646,0.18183782451822958
26,Centralized,0.23011660536328063,0.27858541403126735,0.24434263842790674,-0.4774094072062225,-0.7186916457285528,0.1818378228159845
27,0,0.09106441990310087,-0.014662967320305616,0.1088046666593081,0.17373744353112183,-0.07491197940268002,0.07866228689757927
27,1,0.011413232308051767,0.0482280802195993,-0.05664315908456591,0.40768936942825085,-0.1364034483272,-0.2706445861981746
27,2,0.38443529490248923,0.007764176302731348,0.3514025532899652,0.2260927273514529,-0.49465046983711203,-0.06421949999390837
27,3,0.14256967160274164,-0.00013642400375234824,0.12119272081102547,0.1931351178960889,-0.1982431687485903,0.03753338600764427
27,4,0.11309201139940299,0.10685378652510419,-0.06063662510420327,0.32913703753193213,-0.15588604470167666,-0.01414846414784113
27,5,0.12825482088873524,0.08151914732547676,-0.024925390677478256,0.2540391930607679,-0.1373695851309167,-0.14443218654261766
27,Aggregated,0.14725336299285946,0.03865935697999312,0.07480541129453887,0.261803514804525,-0.20014255624984112,-0.0586521614702819
27,Centralized,0.1472533618857233,0.03865935749798801,0.07480541095615742,0.26180351387197703,-0.20014255669685474,-0.058652163015462715
28,0,0.07167612686759041,-0.0663381801930522,-0.581005176709486,-0.20188568736286178,0.08266014628413743,0.2181544573417611
28,1,0.016571375737560127,0.18180675021893403,-0.4580091369278211,0.11097097437240888,0.12978878754663528,0.026568668884088886
28,2,0.3059744528201423,0.12226889487634567,-0.1408552468137361,-0.6448854386446493,-0.4489907108605454,0.13077743598070846
28,3,0.14703636536116815,-0.0034414418728016946,-0.40590187760118934,-0.39729483307464775,-0.11343423629206188,0.26673597187403053
28,4,-0.06443371819678059,0.08264039751096869,-0.5800903118201668,-0.11181853462369253,-0.022324649491254185,0.24826514387216392
28,5,0.10646594954936395,0.1092671430961533,-0.5467284546808652,-0.10310917486172538,0.031240906154808575,0.15043795321985381
28,Aggregated,0.09710284663902466,0.06905829526768474,-0.4524089215905956,-0.22962629036225957,-0.06002897215261254,0.17615481252116008
28,Centralized,0.09710284531685538,0.06905829510502895,-0.4524089219737924,-0.22962629206132376,-0.06002897127722784,0.17615481250334228
29,0,0.06246572296391252,0.10868730775923366,0.016925887663159854,0.2568037154619658,0.13361350419429557,-0.17685455926994215
29,1,0.03185049256725807,0.10534548129910545,-0.06988161387939477,-0.008692795346418928,0.042475166837944514,0.0033325076767503565
29,2,0.09597155574726819,0.02039863096355745,0.36610038405382117,0.4093836889112982,0.025440043547582766,-0.3763252780033572
29,3,0.13521288221696595,0.05067119529802386,0.1215057189103084,0.1676790873697131,0.15638199574452416,-0.15424469790486456
29,4,-0.08004959083269973,0.2184120413147335,-0.03884029571401655,0.307711454500649,0.04206629018865537,-0.07612823808854981
29,5,0.18308843452902301,0.1927018970415745,-0.09010804096622269,0.04286543820872678,0.04255480209073129,-0.05791674893540441
29,Aggregated,0.07005929276386465,0.11699598420969419,0.05253522971506541,0.20156938734168967,0.07376439831905798,-0.142182620015797
29,Centralized,0.07005929616652105,0.11699598675318298,0.05253522945424187,0.2015693888229728,0.07376439939405585,-0.14218262008177404
30,0,-0.0036482602605582078,0.17044872010445736,-0.002456357212402575,-0.0687608959234255,-0.12911713372642247,-0.07867862431405269
30,1,0.023244058838591406,0.22189857915877656,-0.24398590502278508,0.11075305243438845,-0.036559428818991296,0.044156376640110136
30,2,0.2563788679183764,0.26925365235420173,0.07296152571731725,-0.0168038296916117,-0.3004854935720112,-0.2618004276630029
30,3,0.1520436817757781,0.202271837649805,-0.12932897189751566,-0.06331974674876004,-0.13767132037514188,-0.08207228155525274
30,4,-0.08193555209856704,0.19737385431392715,0.029391578427895245,0.07626558364194634,-0.12632837156627616,-0.11177655699377513
30,5,0.05185267985480273,0.2685154562227464,-0.18092245353735267,-0.011473264956601881,-0.12843434091329275,-0.042270853299701726
30,Aggregated,0.06501409001222752,0.22099278867822778,-0.07057862057972858,0.0033760081528117305,-0.14486401829507925,-0.09160397384697248
30,Centralized,0.0650140901682286,0.2209927875322995,-0.07057862215897437,0.0033760061684734665,-0.14486401817137814,-0.09160397413191358
31,0,0.2046027411376198,-0.04750408617033166,-0.17788138721237842,0.1445566780207157,-0.05479431004558252,0.23024066312633348
31,1,0.3776760934023529,-0.1674679835535914,-0.026425626309688373,-0.07977620665072647,0.13739958676814776,-0.11287791573480276
31,2,0.5279936813481193,-0.17724203259776908,-0.07835577768448555,0.044003960433128535,-0.2964785143939604,0.23130253731919947
31,3,0.324305550552726,-0.24561591588369353,-0.1477249013086254,0.010980511854249938,-0.023914795265806296,0.25640222055619794
31,4,0.17781013990888428,0.0033739097052922573,-0.344832087580368,0.21435209393021948,-0.1059960788249709,0.25304325343807543
31,5,0.3439995775774942,-0.05062371532439736,-0.10261323183941629,-0.043281882241255294,0.013485692010739353,-0.01312029016142176
31,Aggregated,0.32314487107133794,-0.11110739262799262,-0.14982213491086008,0.053103718497931614,-0.05955795850121657,0.14605002706098785
31,Centralized,0.32314487285706484,-0.1111073914693334,-0.14982213492431995,0.053103717829473596,-0.059557959898406725,0.146050027385135
32,0,-0.06291864502485899,-0.03376247199057971,-0.07169803852978802,0.02241880588333333,0.036401561067310934,0.14093196256758395
32,1,-0.39511799225453526,0.0036994901727289155,-0.06760018713769149,0.14343166720327147,0.16015703626639147,0.05726936801344468
32,2,0.2197299386439103,0.039221696503985014,0.1142710637544254,-0.19248630298220226,-0.010271627551703114,-0.0013574730375266835
32,3,-0.01662570236064364,0.059912773626220724,-0.013405117548420739,-0.09420665823424493,0.09931705755512069,0.0657157085832086
32,4,-0.1370267866686786,0.052479028897029795,-0.15738362826404056,0.020615337382201913,0.09358915770479424,0.11884754934923863
32,5,-0.1920692178594444,0.09626780416545007,-0.07813580700697548,0.0534554048280107,0.022306298253701347,0.05743936813702082
32,Aggregated,-0.0924019756879672,0.03641293123141267,-0.046179441352167436,-0.009739661346733897,0.06508182076097621,0.0741808173419745
32,Centralized,-0.09240197465761545,0.03641293039927677,-0.04617944104489548,-0.009739660001075378,0.0650818208840775,0.0741808183419239
33,0,-0.19999654536907627,-0.0864905852276368,0.18991372067779244,-0.14638905762584542,0.1236924555732109,-0.2453798436380155
33,1,-0.05799769425235984,0.10272480850983061,-0.020969518073957853,-0.033188479587681424,0.14729541895625475,-0.1448031973953584
33,2,-0.05110729057173889,0.03691162645690274,0.3600724878159834,-0.22891706547836022,-0.042616129761624794,-0.3768587213388086
33,3,-0.06370551169532655,-0.012616497697215342,0.18542181040672898,-0.26252258121596617,0.08655287342703441,-0.21959799995727713
33,4,-0.20790447131370396,-0.020497752008389134,0.15110136290718315,-0.07543249223509665,0.10968823814439996,-0.1668074325906192
33,5,-0.0139975101168145,0.02607660245200544,0.01525113293357047,-0.13637603358349973,0.03892814260718206,-0.1178654786208573
33,Aggregated,-0.10163617175741611,0.0053730640942864245,0.15006261903097406,-0.14754271658289403,0.07628618996848727,-0.2129645037297152
33,Centralized,-0.10163617318565153,0.005373062666876886,0.15006261802957968,-0.14754271703995622,0.07628618913276336,-0.21296450375631484
34,0,0.3039934687830365,-0.8790550176000551,0.15649582532878217,0.3594119600122259,0.11640293843784205,0.18846262986585932
34,1,0.3451401558254313,-1.5049060853821146,0.13770919676429033,0.4070230966648791,0.41399581956407144,0.17152079650840138
34,2,0.467441866906149,-0.8362479635160123,0.30947317967078397,0.25237376417314744,-0.011495482304325576,0.2750174202305844
34,3,0.3632904119759123,-1.1115978914407836,0.21649247794511917,0.3303123806651006,0.1414163400065926,0.29875319109645826
34,4,0.2622951457482459,-0.7950842452788376,0.12713054362166,0.33225563052430784,0.12327498799849321,0.23542392227345424
34,5,0.43802257022984387,-1.1486320259659928,0.05669139841364815,0.3216743580527747,0.17597583143747064,0.15915676241931673
34,Aggregated,0.36237039337428606,-1.034337155512841,0.1676396539168859,0.3326993481214533,0.1550789174890452,0.22187168764646467
34,Centralized,0.36237039299301654,-1.0343371559017458,0.1676396525862403,0.3326993481965437,0.1550789169719941,0.22187168679941607
35,0,0.19201422766758172,-0.7831707251072016,0.1329344456252771,0.21383811605717531,0.06831977729060543,0.22456635077618994
35,1,0.40827970775847383,-0.8728930459668779,0.03437382247077014,0.24566151343125592,-0.1124372652550535,0.3911062489006247
35,2,0.30619952292145824,-0.4922581370330131,0.06513303504937049,0.02274321075431942,-0.13822296635200385,0.08070213479729607
35,3,0.3553843772074027,-0.7680253658274884,0.05998662405709029,0.11449319743998125,-0.06178492245443778,0.3175295419439679
35,4,0.0325560632183544,-0.5300464541141047,0.03858986562779911,0.21308420606792897,0.006581398718703251,0.26226319124625175
35,5,0.4394512220071045,-0.7157975703046032,0.061368154600483865,0.256366053783178,-0.13136330094355586,0.28679038553673264
35,Aggregated,0.28305872786608616,-0.6886946108359593,0.06625782749671559,0.17710247355191516,-0.059047489186155704,0.25711644245640175
35,Centralized,0.283058729168952,-0.6886946095736353,0.06625782726419288,0.17710247491253334,-0.059047487918696434,0.257116443016932
36,0,0.382500461976866,-0.02161185106767037,-1.217903160020383,0.3622524855474863,0.37557442301546046,-0.005112479520760813
36,1,0.2834186126869553,-0.2720129804152345,-0.8082090390607389,0.1734272179388292,0.38697828646583776,0.0995021003742836
36,2,0.5981143399618518,-0.024228202289246326,-0.9480173285072833,0.3590274809770309,-0.12427967636265098,-0.16076596534647644
36,3,0.40200406922396154,-0.06973902490984653,-1.0194317836366098,0.3032434738796311,0.18308759528404642,0.07458588010579363
36,4,0.2407597402753692,-0.020938962106929065,-1.244471751705439,0.37050160278596683,0.2887317629308435,-0.03396922558097195
36,5,0.3952796036359593,-0.11215732028506413,-1.001810870231999,0.17660949004436152,0.3695325162865452,0.03961905592795553
36,Aggregated,0.38375993509025363,-0.08262665681688679,-1.04516760829052,0.2938856317689383,0.24418469570558501,-0.0005541799789645393
36,Centralized,0.3837599361251393,-0.08262665722306509,-1.0451676097108586,0.29388563205616614,0.24418469438940987,-0.0005541806552636549
37,0,0.1750402953933267,0.09544950454699072,-0.3404321929645343,0.23909534524160667,-0.1882307611277104,0.15652245809879234
37,1,0.3148951914350919,0.32081170696417116,-0.7859455203241164,0.32109801929888904,-0.48261845268157666,0.3561319410724721
37,2,0.5153329065705712,0.2058048190376002,-0.32963724422921425,0.043416447117726714,-0.501113966705289,0.22663949747838888
37,3,0.413278742665732,0.17089229488032606,-0.5558545902772624,0.1262567212823203,-0.38416251245586,0.28830473026019016
37,4,0.14582319804125088,0.28379236561868876,-0.469131119160731,0.27166278734703414,-0.22806562815034057,0.25113475454023565
37,5,0.34339600215045213,0.2736909686263012,-0.6450266079308354,0.24289254642801478,-0.3661231167147466,0.18884120019455158
37,Aggregated,0.3148405853668276,0.22336589119253628,-0.513756282762694,0.2062630854780924,-0.3536639981822196,0.24185697563175682
37,Centralized,0.31484058444227886,0.22336589269287357,-0.5137562829533416,0.20626308426999457,-0.3536639986434912,0.24185697510338516
38,0,0.7673951788399112,0.6962434474511657,0.353934964044452,0.25150365896249643,0.3276097569899257,-2.382725172303425
38,1,0.9929153164916644,0.8592877721974194,0.6419114347057882,0.8237705584819622,0.6952631539377633,-3.7919624538941297
38,2,1.0546439409728288,1.0058615157425561,0.5570973953753874,-0.019057202004026663,0.21727067726241064,-2.4920225985471207
38,3,1.013940120580126,0.9087656280321119,0.4210659830938128,0.24627589653647466,0.43929678055845256,-2.8750414442831516
38,4,0.6913868783796118,0.8695836102620916,0.2990121774463163,0.31887434154467514,0.34855699358155634,-2.4004726889218277
38,5,0.9847989999561618,0.8483539946534249,0.43380049086861416,0.57929330992599,0.4459281309692151,-3.2748497627369457
38,Aggregated,0.9130046446947893,0.8639782261902643,0.4475933466500045,0.3590904566042926,0.4072361127588015,-2.850056808988243
38,Centralized,0.9130046449298631,0.8639782259224325,0.4475933466726565,0.35909045653305277,0.40723611116003217,-2.8500568107131863
39,0,-0.595886603713005,-0.8272350001785937,0.15061408471989188,0.3860949145399461,0.6916565289681311,-1.611624125960656
39,1,-0.5847766328303341,-0.4570887848546964,0.10141473293620851,0.5145288668924622,0.5240632056377104,-1.8664474651973848
39,2,-0.3220012540474875,-0.8017208937352968,0.4269168221640538,0.3978506560539925,0.29595687815407595,-2.062724811186941
39,3,-0.4572599748466694,-0.7561417471956327,0.23581375646076988,0.3773337640715589,0.5541277091604166,-1.7358086941006383
39,4,-0.7178304958400771,-0.6852084404702513,0.11312090199424607,0.5278633597848926,0.6081656799654862,-1.7532461040910112
39,5,-0.5070250182940864,-0.49305330060014263,0.09975177390985807,0.42558484390317136,0.5675793292705593,-1.8516944202554038
39,Aggregated,-0.5313136999983681,-0.6735904056963729,0.18856577753095138,0.43727414835746514,0.5405693266307912,-1.8091787764713594
39,Centralized,-0.5313136993766538,-0.6735904056577977,0.18856577791086243,0.4372741471912012,0.5405693263602109,-1.8091787767710312
40,0,0.15801092136982245,0.2463503430913622,0.14597743130265178,0.2060700442166824,0.18659812541508025,0.4749625766406823
40,1,0.24436180835289037,0.3776208579396318,0.11783260908335862,0.2921432636281338,0.2680955005787248,0.3381833505154734
40,2,0.13571561037246835,0.3597749094646076,0.4135379911970724,0.003635032323996907,-0.23244445329603441,0.6359685226159333
40,3,0.14548982587899978,0.34542236867681353,0.1547013694172512,0.11786361598489362,0.05169633204696036,0.5489124700095828
40,4,0.17291473845666802,0.3340870581889216,0.06905825508336248,0.22251386449722416,0.1525045429010532,0.5478749621047929
40,5,0.2478585630548009,0.3825615154868566,0.10649628566863956,0.27488255207804774,0.18020032442972425,0.3888659888981478
40,Aggregated,0.1824977710112646,0.3390712698861349,0.16833817608179044,0.18424818336622725,0.09804184531249878,0.49159048501316804
40,Centralized,0.1824977717698476,0.339071269493995,0.16833817565538592,0.18424818292333497,0.09804184675587911,0.4915904853268022
41,0,0.023407975859181935,-0.2061519318036716,-0.0003917544614777076,0.1066111548551408,0.2776114442644912,0.11133040980616891
41,1,0.0392805173881321,0.15099379154753728,-0.1368785155380081,0.3775997204258029,0.20398838829223812,-0.4439462841868323
41,2,0.45212622438741235,-0.26586746243182724,0.30445274582187587,-0.3113997308023208,0.14093087522071684,0.25396407976942265
41,3,0.2750763005132957,-0.11869651195108692,0.0383320407895539,0.001565277136102831,0.18346964795755397,0.05575877742110477
41,4,0.0279048342110201,-0.08000641781925771,-0.19924171307280164,0.269587043423454,0.31372193924549396,0.02812568600875169
41,5,0.11007600937739875,0.07604858314433977,-0.10239697816829522,0.26137959605493005,0.14302581352022348,-0.24879032735355494
41,Aggregated,0.1542638294057624,-0.07854190138315702,-0.015069539982452558,0.11409610270325482,0.2122110534341924,-0.032489386571946825
41,Centralized,0.15426382919625872,-0.07854189967966198,-0.01506953889454164,0.114096103634027,0.21221105344041008,-0.032489386285093146
42,0,0.0032967003903118315,-0.02318422332703373,-0.1719810732342812,0.0665528898220605,0.06902939249899388,0.11259711154636014
42,1,0.0876973353763487,0.21963270499505114,-0.41041618036174454,0.2190218321705569,-0.11051507908336933,0.02525091568024956
42,2,0.21799494277791484,0.03778046442372395,-0.002675317702842989,-0.14226997085960974,-0.12563091728991557,0.0627961508225899
42,3,0.11169841871025112,0.06763373650569164,-0.2586070151445029,-0.025242629766568807,-0.03592680430254056,0.14695709933745682
42,4,-0.14525949014899212,0.05270459141166886,-0.13157840950091526,0.15344624464431245,0.017697893310254405,0.1492687799826102
42,5,0.13740580323072993,0.14587742112384847,-0.3072312164529461,0.14882189345776164,-0.13518428918023018,0.06179092950815396
42,Aggregated,0.0658275785858167,0.07991266351029035,-0.20818059926622484,0.06822314702778,-0.051036814987172024,0.09451959553496928
42,Centralized,0.06582758028234939,0.07991266287420645,-0.20818060206214425,0.06822314774468943,-0.051036817151191585,0.0945195957970139
43,0,0.3903007037047418,0.14240716698215633,-0.2590594984205894,0.3714420734202935,0.12559488917850167,-0.6930443337117731
43,1,0.43110895708681374,0.40485868268424724,-0.5418325337330442,0.2969928009185156,-0.18207890474187502,-0.3589680360734693
43,2,0.6108097713079164,0.20682538126794528,-0.34405412835558064,0.5158866973550285,-0.053179315887718084,-0.8689305182400116
43,3,0.5057650893638576,0.27379523871599376,-0.5643210877650969,0.41013165453743033,0.06099845911961811,-0.6446508520618149
43,4,0.22397824701701666,0.3036181841730344,-0.20887188467886234,0.3448664702333606,0.02506331566178874,-0.7559306683867573
43,5,0.43798284941649385,0.40756909633836663,-0.5838678352812805,0.29853772795978384,-0.03498656254905009,-0.5382829066192604
43,Aggregated,0.43039187487356534,0.28661147227730344,-0.41046662173200077,0.37378736429838155,-0.006182422116825473,-0.649077497414125
43,Centralized,0.4303918738155403,0.28661147290478745,-0.41046662135562406,0.37378736338238583,-0.006182423362328551,-0.6490774954876443
