Round,Evaluator,1,4,0,3,2
0,0,,,,,
0,1,,,,,
0,2,,,,,
0,3,,,,,
0,4,,,,,
0,Aggregated,,,,,
0,Centralized,,,,,
1,0,0.11965176077112617,0.15680220990119711,0.08649560744729463,0.08172715014327006,0.10288188357315636
1,1,0.39006531313572723,0.39948078275024385,-0.4115679973891025,0.33317955074411165,0.35389331401772406
1,2,0.3895494414527509,0.39631070657084777,-0.41169966405733704,0.33269526944061956,0.3529216674924912
1,3,0.39024595109882804,0.3966576421478427,-0.4239768879949606,0.33170143177960676,0.35618678015116056
1,4,0.3881101037093955,0.39780073915464764,-0.39291496774102724,0.33256427671799405,0.3554089130453487
1,Aggregated,1.6776225701678282,1.7470520805247776,-1.5536639097351326,1.4118676788256017,1.5212925582798802
1,Centralized,0.35506195841504545,0.36684231693684316,-0.346683718944244,0.30053292688938066,0.32248399180225945
2,0,0.07788294683595962,0.09187525412365635,0.05949657824956176,0.10598150321265459,0.09456593475520624
2,1,0.10783875731546555,0.1151235151137284,-0.08305578145686386,0.10423723475731213,0.09680299552333639
2,2,0.11160788092032688,0.1150958481592866,-0.0894048719064311,0.10734520850088053,0.0979256397092614
2,3,0.11806099282071927,0.11856431916211439,-0.0984809077186603,0.1096495127494467,0.10018044994259953
2,4,0.10529357044457473,0.11889165915654007,-0.08400617359649896,0.11006946053957364,0.09767731716602222
2,Aggregated,0.520684148337046,0.5595505957153262,-0.29545115642889264,0.537282919759868,0.48715233709642597
2,Centralized,0.10651292282006075,0.11372336371234648,-0.06982286553702972,0.1075900851863925,0.09768972071247616
3,0,0.033828941632228146,0.07852059419871783,0.029495018415355904,0.06388285762795912,0.03230068163330789
3,1,0.04797634085160242,0.0634321289327135,-0.01450873486233063,0.027259123347170802,0.06585318849811134
3,2,0.05324325956629109,0.06171902873816439,-0.01872460207337168,0.030116570739280254,0.062692811473748
3,3,0.06043493429586442,0.06502054563862818,-0.023211295726135485,0.033649717409633434,0.06725311425681868
3,4,0.0542643558964108,0.06479551315827692,-0.012365181870048739,0.03354622179097017,0.06011810866979137
3,Aggregated,0.2497478322423967,0.33348781066650085,-0.039314796116530736,0.18845449091501373,0.28821790453177726
3,Centralized,0.05140855593595916,0.06562752526872064,-0.01124402330056796,0.03532040928399796,0.05993722690313815
4,0,0.02296399317031215,-0.013059715195830292,-0.020426163469099,0.04290396889418084,0.03853760866246647
4,1,0.04970624789148032,0.020022412806083655,-0.03422345765581447,0.06109196973943163,0.06964891627781018
4,2,0.046516397861628214,0.01235063496989405,-0.039655571694971324,0.06484739356302044,0.06656737827140735
4,3,0.04967934186673682,0.026009934065311786,-0.04134634779732418,0.05229934029008007,0.06497199464099947
4,4,0.042687578337138245,0.017502822948105293,-0.03012284692076457,0.05211500042359464,0.055462228147053934
4,Aggregated,0.21155355912729598,0.06282608959356444,-0.16577438753797372,0.2732576729103077,0.29518812599973754
4,Centralized,0.04406167670016406,0.014884389419724343,-0.03430688101521127,0.05571474150051307,0.06089296780313499
5,0,-0.016341936025248804,0.0266129027358193,0.03717483679996981,0.03131250422825405,0.009518081286423369
5,1,-0.0002935636373603334,0.028047692618357344,0.015818077490183605,0.023793279209570157,0.007874614310185305
5,2,0.011270919387024755,0.02628512865758336,0.008644650038190224,0.020632690053739904,0.006846197911449927
5,3,0.0006034140061040231,0.030411457844974,0.010688046657160326,0.022474096698231676,0.010694497396147196
5,4,0.006245942184045639,0.02508709527225372,0.01563745648471691,0.02151104479690733,0.010202173222843695
5,Aggregated,0.0014847759145652727,0.1364442771289878,0.08796306747022097,0.11972361498670313,0.04513556412704946
5,Centralized,0.0018028488262932713,0.02735003245014873,0.015820334707264096,0.023277905282815127,0.008982677918261187
6,0,-0.039667489638931616,0.02983516388066115,0.039274554527361054,0.01026961179269021,-0.07465072180584512
6,1,-0.01187484308761035,0.032407124383879146,0.004582116547260412,-0.0015732602786195113,-0.039916827994175764
6,2,-0.004853907941622737,0.039885211877752194,-0.00932655460811568,-0.01435364669218282,-0.041814613174104016
6,3,-0.0032249012903175075,0.030735395760795994,-0.0019592380387857397,-0.00063008540667906,-0.04253346654610108
6,4,-0.0035342197420102227,0.032087794969331104,-0.0018614758250607303,-0.006858825102228945,-0.040535261367562164
6,Aggregated,-0.06315536170049242,0.1649506908724195,0.030709402602659367,-0.013146205687020214,-0.23945089088778815
6,Centralized,-0.010184155284679208,0.0332756778880888,0.003143225394704565,-0.003796645703688306,-0.04546823020913762
7,0,-0.11132674055446515,0.04276195771041293,0.062359940972008546,0.08774715794164525,-0.0075628497755930455
7,1,-0.046670203631291055,0.021759383820191654,0.014018565298810204,0.03580220220588416,0.016421349286826658
7,2,-0.03602917991254563,0.014218967297347526,0.006956499034144849,0.031006188619823027,0.0280687410693156
7,3,-0.040543372766590605,0.026872903654299403,0.005662910118642343,0.032252098503482464,0.02140669807729493
7,4,-0.03955081941814866,0.021873974604319158,0.007085507899636182,0.030477198770124683,0.030545592744572785
7,Aggregated,-0.2741203162830407,0.12748718708657072,0.09608342332324199,0.2172848460409597,0.08887953140241693
7,Centralized,-0.04971031887611531,0.023934921943301345,0.015312028253308192,0.03944850963915296,0.0200691761496181
8,0,0.0022344468033412075,0.018332533095805664,0.02244964794848555,0.010571183097807154,0.01074408579892274
8,1,0.04543012641290771,-0.07496858334784694,0.026238249276380354,0.01920902552302025,-0.03972052678987189
8,2,0.059968846262806366,-0.09476791534780897,0.028825655871387947,0.01586261842225411,-0.04908094699067594
8,3,0.04949859071188146,-0.06875685706805505,0.02042904281337665,0.014842415501087582,-0.04658763478848138
8,4,0.059390093451707184,-0.0880165996068177,0.025359130281214955,0.011892490500075209,-0.04808833790279866
8,Aggregated,0.21652210364264418,-0.308177422274723,0.1233017261908455,0.07237773304424436,-0.17273336067290523
8,Centralized,0.047021436146575286,-0.06887294634539615,0.0248604229468191,0.0148289088460103,-0.038645687903030426
9,0,-0.038666282151704284,0.009313296475461193,0.017815489073877512,0.01970798263920604,0.004127795491032389
9,1,0.03626412664929306,0.015094512066146138,0.020525672404060356,-0.0649317536573612,0.010192580471892287
9,2,0.06588042244795396,0.01004260350023706,0.025421737135779065,-0.08713187299303696,0.013080792737774249
9,3,0.05311311487651768,0.006731834190667676,0.014434419731488872,-0.06703000014998457,0.0150360800472831
9,4,0.06038578970414764,0.008908897110208406,0.023338934880941246,-0.08462002961963049,0.011930269899879997
9,Aggregated,0.17697717152620798,0.05009114334272048,0.10153625322614702,-0.2840056737808069,0.05436751864786203
9,Centralized,0.042098349432227296,0.01008202811516619,0.02053276581004296,-0.06372554979466219,0.011484020324860003
10,0,-0.020988322337794945,0.0014213671058574174,-0.017013564051140215,0.039192465386803876,-0.02931062606321644
10,1,0.003274012942180363,0.024327040678413455,-0.002028160818938966,0.005272347433402548,0.002592875093082246
10,2,0.01990658957973102,0.03861138469930484,-0.0013166620092745732,0.00434527398880224,0.015303475192323541
10,3,0.011840496577988916,0.023747310253053724,-0.003539957358282505,0.005989609070258725,0.0016832681971603607
10,4,0.012119907013226416,0.03177537946215551,-0.0015225216157489637,0.00879439233040524,0.008148973558087262
10,Aggregated,0.02615268377533174,0.11988248219878497,-0.025420865853385245,0.06359408820967266,-0.001582034022563004
10,Centralized,0.007603460094590899,0.02601783591734101,-0.0040045111171155305,0.010322834727131486,0.002307698823282564
11,0,-0.03854798396117453,0.034059505054216836,0.017259891885327498,0.053774030437758344,-0.044619608762676816
11,1,-0.136884754825473,0.05848569172454899,0.02704801306433393,0.07397862307528132,-0.036463354767779475
11,2,-0.1669153716403662,0.07205279994613384,0.027981898445943513,0.086236078936037,-0.04079191726203912
11,3,-0.14103251064399916,0.0557337611058016,0.026668331080015043,0.07738761413770678,-0.04476254950344605
11,4,-0.1478854477948955,0.061503774823927694,0.02811262223240617,0.07596596917747488,-0.0372916992408509
11,Aggregated,-0.6312660688659081,0.28183553265462885,0.12707075670802614,0.36734231576425797,-0.20392912953679243
11,Centralized,-0.1341909273711095,0.05838604501640707,0.02615214873830816,0.07525089759961509,-0.040438851153608874
12,0,0.01606855653775038,-0.049996743147174644,0.03073470155810879,-0.019849569452439632,0.03170442819017416
12,1,0.01632634493569671,-0.006583980852770243,0.01888205963237587,0.001900271828142243,0.013035315128334298
12,2,0.017360737452447855,-0.002795078352771041,0.020400666384183017,0.006860264656557668,0.016518920500004402
12,3,0.020597317016709395,-0.0033528111219429,0.01724371730110449,0.0032638718874188205,0.0132628226142668
12,4,0.017122350625985182,-0.004959583782101675,0.023889319806554118,-0.002439804558347468,0.015239832114968545
12,Aggregated,0.0874753065685895,-0.06768819725676051,0.11115046468232628,-0.01026496563866837,0.08976131854774821
12,Centralized,0.01762416635286392,-0.010237929032000204,0.021460387751316232,-0.00044232461380249805,0.016707630657242515
13,0,0.05203195947736617,0.027949811450909127,0.025513889663640734,-0.14561910025,-0.002999582853621722
13,1,0.0300064719327676,0.009378873718426273,0.01669294382971056,-0.08313589116329446,-0.011589571054122373
13,2,0.0327471305728177,0.011954664030302596,0.01908969180277253,-0.08013416383099375,-0.015529049422670754
13,3,0.03134368493522246,0.007507934234733989,0.012642908719507491,-0.0747040887598007,-0.005309274307914104
13,4,0.034032459025237126,0.012271457458699597,0.018388805447837327,-0.09020448453595425,-0.010614879705079686
13,Aggregated,0.18016170594341088,0.06906274089307152,0.09232823946346864,-0.4737977285400426,-0.04604235734340865
13,Centralized,0.03458430504361923,0.012533063179339561,0.01782775073220747,-0.09015652985953156,-0.009770403572275167
14,0,0.03059226863459917,-0.0029174673087923987,-0.0009432803566796391,0.017922748848414393,-0.0013218455086215395
14,1,0.019147497462733597,0.013052666250556674,-0.004991862678962918,0.015628307566916314,-0.004404699620993952
14,2,0.01854032398527052,0.000682306654225448,-0.008323945968510866,0.01673254555324897,0.0027188528722245303
14,3,0.022328685268906096,0.005579002517956274,-0.01862804013652242,0.017500738410932446,0.002590128220344652
14,4,0.014039520745392765,0.0015751318678784737,-0.0036468373249573726,0.01527158822847301,0.003927029905171317
14,Aggregated,0.1046482960969022,0.017971639981824442,-0.03653396646563315,0.08305592860798511,0.0035094658681250122
14,Centralized,0.020055150550515453,0.00418367527593533,-0.00788271885441454,0.01649248400577582,0.0008850510018547715
15,0,0.012243459040364378,0.007211960285238941,-0.027904166495883738,0.019513832531250396,0.008191738552821924
15,1,0.011132075775530164,0.007456947048216102,-0.02257617138616386,0.010738693222198635,-0.016090359852593376
15,2,0.013202385845963636,0.014164298181789084,-0.028216631515857495,0.010718976116102345,-0.020705323307200305
15,3,0.015055612642321994,0.0019911978116976437,-0.025216634786871757,0.011022201400826114,-0.01197320440928645
15,4,0.014925262973822977,0.009815850701561905,-0.028037513194484276,0.012258061376590976,-0.0076880125055542575
15,Aggregated,0.06655879627800314,0.040640254028503665,-0.1319511173792611,0.06425176464696848,-0.04826516152181253
15,Centralized,0.013408445108910184,0.008210960388989327,-0.026253205192406,0.012247277564479513,-0.011268062874637896
16,0,0.007110202828886212,-0.0073953498650661574,-0.005063347348138264,0.011728877991202862,-0.012065799152787653
16,1,0.0029416991212169894,-0.007733561556248597,0.0028295194407801463,0.009478837453959329,-0.0045477603717965455
16,2,0.003339854271922759,0.0038464054033001825,-0.001974746709439689,0.01483618430400917,-0.006365951107149029
16,3,0.002936888434516324,-0.005656530573268845,0.002076716006783687,0.00908406879770981,-0.003174282797185452
16,4,0.0024484107096507768,0.004123435394794351,-0.0026749398636044096,0.008486840620073105,-0.005078350990200026
16,Aggregated,0.018777055366193045,-0.012815601196489088,-0.004806798473618549,0.0536148091669543,-0.031232144419118694
16,Centralized,0.0034517879222734442,-0.0021257815392774454,-0.0005901114700542202,0.01063192229171973,-0.0057197500825775655
17,0,0.0016859250837451278,0.02340221033665348,-0.10386780640815133,0.03872711983932759,0.029817288667836714
17,1,0.012638163300647647,-0.005859856788299289,-0.048808623320377234,0.026325625350510893,0.015448793605909113
17,2,0.009619042493747731,-0.009232672245176215,-0.04077979746745495,0.026465044210301485,0.010772658491893076
17,3,0.014450979006780546,-0.008475428109764297,-0.04514261322119907,0.025600854432063547,0.013443302086437257
17,4,0.00719537382392845,0.0006897241258158094,-0.06046702760818144,0.029578168272747847,0.01707551776923947
17,Aggregated,0.04558948370884951,0.0005239773192294924,-0.299065868025364,0.14669681210495134,0.08655756062131559
17,Centralized,0.009790523558614617,-0.0020037244800295375,-0.05582603383304704,0.02848972810963873,0.01617968403888168
18,0,0.010463246852907703,-0.0033178977971539867,-0.03014807963776148,0.01836169554072182,0.01486538178359508
18,1,0.008664392160111485,0.01211582687541679,-0.023553656672621454,-0.0014726470455850285,0.005409233729402363
18,2,0.009798749790348494,0.02666034862285335,-0.027383241273005274,-0.009101217798870957,0.0041831527827483365
18,3,0.009227591319428605,0.0104814886170422,-0.027376021320694475,-0.0005606103266534969,0.004766720672137099
18,4,0.0068691144593430176,0.01450455585696502,-0.028592704799413275,9.536794560122177e-05,0.008024902333943222
18,Aggregated,0.045023094582139316,0.06044432217512338,-0.13705370370349595,0.007322588315213594,0.03724939130182605
18,Centralized,0.008872606763174218,0.013483245367889578,-0.027162999391440994,-6.475163043609689e-05,0.006778742957683089
19,0,0.016259005624283594,0.006337801456159444,0.02566884985832136,-0.005120422448232092,-0.07449845349090603
19,1,0.011063952247963622,0.010412713489593871,0.010962319956615903,-0.003038262235631037,-0.04575468171907868
19,2,0.012703989883793116,0.008784346713871636,-0.0006535712761414288,0.0016589752461740263,-0.036747871649831114
19,3,0.015221240500136114,0.004132041021301236,0.005739462950423349,-0.0021831653885561447,-0.0392974541924368
19,4,0.013157822517206538,0.002986264206003895,0.00781106660659044,-0.00043103421682909386,-0.04849307178502967
19,Aggregated,0.068406010773383,0.03265316688693008,0.0495281280958096,-0.00911390904307435,-0.24479153283728222
19,Centralized,0.013447899665603565,0.006548085485457507,0.008478983217507667,-0.0015243312685686136,-0.046646809813812445
20,0,0.011779386630559947,0.003480519754984111,0.006172391501025639,0.010549187010498675,0.01057150826356456
20,1,0.009863900399627581,0.0011747876620947894,-0.00034147983030934727,0.010351099036694119,0.003757130558816842
20,2,0.00372436032892956,0.0029600034542139357,-0.006658919373234123,0.009494669420130714,0.0028869979100811663
20,3,0.011994568054847655,-0.001170991417958099,-0.0017955378368471704,0.006000342981881344,0.004900520290833803
20,4,0.007687888385001566,0.005021654680442803,-0.001736451458805601,0.006576001341444262,0.006979700540687678
20,Aggregated,0.0450501037989663,0.01146597413377754,-0.004359996998170621,0.04297129979064913,0.02909585756398403
20,Centralized,0.008759381035625772,0.002185736608037286,-0.0015095481462120066,0.008417330547624184,0.005389063345642698
