,BeforeLocalTraining,AfterLocalTraining,BeforeLocalPartialEvaluations,AfterLocalPartialEvaluations,BeforeEvaluation,AfterEvaluation
1,1786191159.284959,1786191159.5574594,1786191166.7610729,1786191169.3206732,1786191169.3342865,1786191169.3735325
2,1786191169.4032052,1786191169.6637444,1786191177.079339,1786191179.5892098,1786191179.602411,1786191179.6415026
3,1786191179.6700625,1786191179.9250774,1786191187.395605,1786191189.9185731,1786191189.9317398,1786191189.9708138
4,1786191189.9991221,1786191190.2500446,1786191197.6523712,1786191200.191721,1786191200.2047815,1786191200.2438335
5,1786191200.2723866,1786191200.5256784,1786191207.7312794,1786191210.2444806,1786191210.2575698,1786191210.2969909
6,1786191210.3259633,1786191210.580764,1786191217.7725804,1786191220.2798889,1786191220.2928202,1786191220.3319588
7,1786191220.3601868,1786191220.6119678,1786191227.9721615,1786191230.5081277,1786191230.5213835,1786191230.5597274
8,1786191230.5875154,1786191230.8404038,1786191238.3969188,1786191240.9023128,1786191240.915446,1786191240.954254
9,1786191240.9822345,1786191241.235971,1786191248.4340806,1786191250.9305933,1786191250.9436264,1786191250.9838474
10,1786191251.012592,1786191251.2772708,1786191258.4496398,1786191260.971005,1786191260.9841907,1786191261.0237336
11,1786191261.051931,1786191261.3074844,1786191268.8844779,1786191271.3952224,1786191271.4081793,1786191271.446686
12,1786191271.4749734,1786191271.7328384,1786191278.8743398,1786191281.3727891,1786191281.3858278,1786191281.4243248
13,1786191281.4519832,1786191281.7046518,1786191288.726379,1786191291.2918005,1786191291.3048193,1786191291.3433883
14,1786191291.3837068,1786191291.6374476,1786191298.7604861,1786191301.2425845,1786191301.255767,1786191301.2945259
15,1786191301.3225937,1786191301.5737786,1786191309.0031197,1786191311.5023115,1786191311.515239,1786191311.553907
16,1786191311.5829046,1786191311.8404129,1786191319.3236847,1786191321.7957263,1786191321.8086288,1786191321.8469222
17,1786191321.876619,1786191322.1324108,1786191329.4761968,1786191331.9413154,1786191331.954233,1786191331.9925077
18,1786191332.0205088,1786191332.2717268,1786191339.431221,1786191341.8983874,1786191341.9115186,1786191341.9500523
19,1786191341.9779036,1786191342.2277186,1786191349.6194823,1786191352.1290722,1786191352.142313,1786191352.1812146
20,1786191352.2090032,1786191352.4642918,1786191359.759764,1786191362.2453902,1786191362.2587843,1786191362.2975929
21,1786191362.3260965,1786191362.5743048,1786191369.6850543,1786191372.1789916,1786191372.1920106,1786191372.2301378
22,1786191372.2622385,1786191372.5140219,1786191379.9929411,1786191382.4689784,1786191382.4821436,1786191382.5208733
23,1786191382.567294,1786191382.8166215,1786191390.2273636,1786191392.6688857,1786191392.68192,1786191392.7200718
24,1786191392.7467248,1786191392.9982996,1786191400.1280677,1786191402.587553,1786191402.600603,1786191402.6396961
25,1786191402.6702247,1786191402.9210396,1786191410.0871587,1786191412.5710769,1786191412.5843685,1786191412.622513
26,1786191412.6509361,1786191412.9040916,1786191420.2435453,1786191422.7068887,1786191422.7199354,1786191422.7581189
27,1786191422.786928,1786191423.0468342,,,,
