,BeforeLocalTraining,AfterLocalTraining,BeforeLocalPartialEvaluations,AfterLocalPartialEvaluations,BeforeEvaluation,AfterEvaluation
1,1786807855.3087416,1786807856.20807,1786807883.9073348,1786807889.0277982,1786807889.0358012,1786807889.2028558
2,1786807889.3036969,1786807890.0769029,1786807916.4818156,1786807921.619795,1786807921.627301,1786807921.7922208
3,1786807921.8802364,1786807922.7684436,1786807949.6879127,1786807955.1637988,1786807955.1715236,1786807955.3389606
4,1786807955.3956442,1786807956.1709006,1786807983.2680724,1786807988.3868299,1786807988.394255,1786807988.5609415
5,1786807988.7157686,1786807989.6057477,1786808016.6755664,1786808021.8359778,1786808021.843321,1786808022.0106847
6,1786808022.1067932,1786808022.8839135,1786808049.9607143,1786808055.20092,1786808055.208407,1786808055.3769493
7,1786808055.4541636,1786808056.2317424,1786808082.5110664,1786808087.8254626,1786808087.83309,1786808088.0040874
8,1786808088.208883,1786808088.9858117,1786808115.9870417,1786808121.505915,1786808121.513304,1786808121.6817098
9,1786808121.8789954,1786808122.6667283,1786808148.9955935,1786808154.2169292,1786808154.2242577,1786808154.390666
10,1786808154.4504688,1786808155.2314448,1786808181.770586,1786808186.8944554,1786808186.9018927,1786808187.0672643
11,1786808187.3134625,1786808188.0868511,1786808214.4140158,1786808219.5947042,1786808219.6021557,1786808219.7708147
12,1786808219.8359506,1786808220.6105077,1786808246.9980574,1786808252.1405444,1786808252.147891,1786808252.3154585
13,1786808252.6858313,1786808253.5798142,1786808279.971701,1786808285.461799,1786808285.4690568,1786808285.635326
14,1786808285.7383556,1786808286.5170214,1786808313.6133442,1786808318.7611215,1786808318.76844,1786808318.9345376
15,1786808319.0303059,1786808319.8024213,1786808346.8942013,1786808352.0616055,1786808352.068849,1786808352.2359452
16,1786808352.3622954,1786808353.244724,1786808380.2869766,1786808385.4700172,1786808385.4773998,1786808385.6432881
17,1786808385.7339416,1786808386.5104048,1786808413.0058727,1786808418.5045812,1786808418.512207,1786808418.6785977
18,1786808418.7228956,1786808419.609495,1786808446.6306357,1786808451.7986355,1786808451.8059485,1786808451.973014
19,1786808452.0504882,1786808452.8361204,1786808479.214802,1786808484.3756192,1786808484.3829489,1786808484.549456
20,1786808484.7006278,1786808485.582673,1786808511.9108753,1786808517.044423,1786808517.0518084,1786808517.21835
21,1786808517.3764894,1786808518.1493025,1786808544.553656,1786808549.8226888,1786808549.830137,1786808549.9962485
22,1786808550.1184301,1786808550.8985398,1786808577.3112736,1786808582.498915,1786808582.5062656,1786808582.8132606
23,1786808583.0062988,1786808583.7935886,1786808610.1810958,1786808615.696963,1786808615.7044792,1786808615.871438
24,1786808615.9213426,1786808616.7013304,1786808643.154981,1786808648.3294814,1786808648.3368804,1786808648.504552
25,1786808648.5987878,1786808649.3770113,1786808675.7632518,1786808680.9344332,1786808680.9417667,1786808681.109073
26,1786808681.1895921,1786808681.9725118,1786808709.1077282,1786808714.2818546,1786808714.289346,1786808714.4557862
27,1786808714.5322187,1786808715.309554,1786808742.5353043,1786808747.8904958,1786808747.9045553,1786808748.1330683
28,1786808748.3283348,1786808749.1003795,1786808776.2519677,1786808781.7930658,1786808781.8003805,1786808781.9660609
29,1786808782.0075665,1786808782.8896413,1786808809.7876139,1786808814.9543047,1786808814.9618728,1786808815.1275983
30,1786808815.2121081,1786808815.9822292,,,,
