,BeforeLocalTraining,AfterLocalTraining,BeforeLocalPartialEvaluations,AfterLocalPartialEvaluations,BeforeEvaluation,AfterEvaluation
1,1786796853.3091683,1786796853.3256059,1786796854.4214172,1786796854.6101294,1786796854.638141,1786796854.6417003
2,1786796854.8579752,1786796854.8739777,1786796856.003245,1786796856.199492,1786796856.2264302,1786796856.230422
3,1786796856.6982224,1786796857.1284766,1786796858.858316,1786796859.054835,1786796859.0818312,1786796859.086047
4,1786796859.389212,1786796859.410787,1786796860.538714,1786796860.7264147,1786796860.7530735,1786796860.7566462
5,1786796860.9763248,1786796860.9924946,1786796862.0521326,1786796862.3227782,1786796862.3489802,1786796862.3525062
6,1786796862.4823792,1786796862.497808,1786796863.624072,1786796863.8091502,1786796863.8360102,1786796863.839719
7,1786796864.049669,1786796864.0655365,1786796865.1971416,1786796865.39059,1786796865.4170003,1786796865.4203436
8,1786796865.6243062,1786796865.6395657,1786796866.7616093,1786796866.9462821,1786796866.9729416,1786796866.9761875
9,1786796867.1897764,1786796867.2081451,1786796868.3375368,1786796868.5220618,1786796868.5488415,1786796868.5521178
10,1786796868.8327444,1786796868.8487792,1786796869.982457,1786796870.1726892,1786796870.1992455,1786796870.2025986
11,1786796870.4163911,1786796870.4316328,1786796871.795834,1786796872.5961084,1786796872.644701,1786796872.6508741
12,1786796873.2614763,1786796873.2855797,1786796874.4736645,1786796874.6600192,1786796874.6868858,1786796874.6914313
13,1786796874.9075813,1786796874.9241219,1786796875.9862664,1786796876.1693432,1786796876.1961493,1786796876.1994364
14,1786796876.4153433,1786796876.430838,1786796877.550635,1786796877.735893,1786796877.7628593,1786796877.7661245
15,1786796877.9894257,1786796878.0083454,1786796879.062584,1786796879.2507312,1786796879.2775724,1786796879.2808573
16,1786796879.490857,1786796879.5062056,1786796880.6338456,1786796880.8208055,1786796880.8473496,1786796880.8508341
17,1786796881.0622473,1786796881.0782838,1786796882.1313734,1786796882.3144453,1786796882.34086,1786796882.3441095
18,1786796882.6510744,1786796882.6665654,1786796883.7941282,1786796883.977324,1786796884.0040815,1786796884.0076187
19,1786796884.2285354,1786796884.2436087,1786796885.3749151,1786796885.557438,1786796885.5845094,1786796885.5878956
20,1786796885.8068707,1786796885.822103,1786796887.4031975,1786796888.06716,1786796888.1145556,1786796888.1209495
21,1786796888.2870793,1786796888.311143,1786796889.4722915,1786796889.6561038,1786796889.6831787,1786796889.6869242
22,1786796889.9049203,1786796889.9205809,1786796890.980168,1786796891.1647656,1786796891.1913729,1786796891.194686
23,1786796891.4127815,1786796891.4285896,1786796892.595605,1786796892.7853012,1786796892.8123193,1786796892.8157146
24,1786796893.0294201,1786796893.044337,1786796894.1651185,1786796894.3507075,1786796894.37781,1786796894.3827646
25,1786796894.7013006,1786796894.7166886,1786796895.843459,1786796896.1221602,1786796896.1490564,1786796896.152158
26,1786796896.2716525,1786796896.2932978,1786796897.3336937,1786796897.5182285,1786796897.5446413,1786796897.5478718
27,1786796897.7617745,1786796897.7772648,1786796898.902465,1786796899.0889778,1786796899.1162283,1786796899.119811
28,1786796899.3434777,1786796899.3588905,1786796900.4771929,1786796900.6600683,1786796900.686867,1786796900.6901627
29,1786796900.9055812,1786796900.920679,1786796902.451047,1786796902.8160489,1786796902.8934288,1786796902.9002585
30,1786796903.3522859,1786796903.3768554,1786796904.5180974,1786796904.707008,1786796904.733726,1786796904.7373211
31,1786796904.95703,1786796904.9724212,1786796906.0947425,1786796906.2791631,1786796906.306998,1786796906.3105216
32,1786796906.6012125,1786796906.618418,1786796907.6698332,1786796907.8544343,1786796907.8816512,1786796907.8848805
33,1786796908.1012125,1786796908.1164837,1786796909.2476287,1786796909.4330053,1786796909.4601874,1786796909.4636133
34,1786796909.6763616,1786796909.6966355,1786796910.8242922,1786796911.0083206,1786796911.0355012,1786796911.0389323
35,1786796911.2572958,1786796911.2756367,1786796912.3242993,1786796912.509925,1786796912.536518,1786796912.5397482
36,1786796912.753284,1786796912.7687988,1786796913.8869603,1786796914.0732684,1786796914.1003692,1786796914.1037915
37,1786796914.3152769,1786796914.3389025,1786796915.4648964,1786796915.6485202,1786796915.6746178,1786796915.67791
38,1786796915.8961916,1786796915.911198,,,,
