,BeforeLocalTraining,AfterLocalTraining,BeforeLocalPartialEvaluations,AfterLocalPartialEvaluations,BeforeEvaluation,AfterEvaluation
1,1784801597.5697582,1784801597.5955465,1784801598.0911684,1784801598.2287774,1784801598.235338,1784801598.2398286
2,1784801598.2668877,1784801598.2991986,1784801598.7309604,1784801598.8566234,1784801598.8630383,1784801598.867452
3,1784801598.8960307,1784801598.9219992,1784801599.352649,1784801599.478986,1784801599.4853723,1784801599.4897556
4,1784801599.514417,1784801599.5381117,1784801600.0493853,1784801600.1753573,1784801600.1817813,1784801600.1861737
5,1784801600.2110584,1784801600.2375875,1784801600.6759868,1784801600.8021526,1784801600.8083887,1784801600.812787
6,1784801600.8403895,1784801600.8639283,1784801601.307371,1784801601.4335876,1784801601.4397495,1784801601.4440706
7,1784801601.4710782,1784801601.494711,1784801601.9237182,1784801602.0528853,1784801602.0590699,1784801602.0635161
8,1784801602.088785,1784801602.112536,1784801602.547703,1784801602.6876204,1784801602.6940043,1784801602.6984189
9,1784801602.7240336,1784801602.747914,1784801603.187128,1784801603.3150384,1784801603.321311,1784801603.325799
10,1784801603.353272,1784801603.3769214,1784801603.810182,1784801603.9499319,1784801603.9561849,1784801603.9604921
11,1784801603.9855402,1784801604.0099385,1784801604.5224063,1784801604.64906,1784801604.6552095,1784801604.6595345
12,1784801604.689793,1784801604.713529,1784801605.1419468,1784801605.2686193,1784801605.2748327,1784801605.2792406
13,1784801605.3043256,1784801605.3274386,1784801605.7662828,1784801605.892438,1784801605.8987405,1784801605.9030926
14,1784801605.9292533,1784801605.9572017,1784801606.4741728,1784801606.6074715,1784801606.6136246,1784801606.6179307
15,1784801606.6420746,1784801606.6677177,1784801607.0976377,1784801607.2262356,1784801607.2325153,1784801607.2373059
16,1784801607.2632105,1784801607.2868705,1784801607.7133076,1784801607.839387,1784801607.845621,1784801607.8499773
17,1784801607.8764179,1784801607.900013,1784801608.3295484,1784801608.457719,1784801608.4640105,1784801608.468477
18,1784801608.4925463,1784801608.515242,1784801609.0232203,1784801609.153908,1784801609.1601577,1784801609.1645882
19,1784801609.194904,1784801609.21875,1784801609.8050432,1784801609.9321134,1784801609.938296,1784801609.9430132
20,1784801609.9706657,1784801609.9957716,1784801610.4217718,1784801610.547464,1784801610.5537755,1784801610.5581226
21,1784801610.5853863,1784801610.6088943,1784801611.0370846,1784801611.1638498,1784801611.1701627,1784801611.1745303
22,1784801611.2004852,1784801611.2242093,1784801611.7271671,1784801611.854692,1784801611.8608723,1784801611.865286
23,1784801611.889557,1784801611.9123487,1784801612.3410463,1784801612.4672284,1784801612.4733498,1784801612.4776561
24,1784801612.5026002,1784801612.5260203,1784801612.9543965,1784801613.085567,1784801613.0919204,1784801613.0963762
25,1784801613.121516,1784801613.1445482,1784801613.6519337,1784801613.7854772,1784801613.7917292,1784801613.7960362
26,1784801613.8215518,1784801613.8449616,1784801614.2742984,1784801614.3994172,1784801614.4056053,1784801614.4099169
27,1784801614.4384956,1784801614.4611945,1784801614.8903017,1784801615.016706,1784801615.022823,1784801615.0271962
28,1784801615.0543256,1784801615.077743,1784801615.5059724,1784801615.6359127,1784801615.6422222,1784801615.6466622
29,1784801615.6709962,1784801615.6943192,1784801616.2034357,1784801616.3285434,1784801616.3348088,1784801616.3391385
30,1784801616.3643448,1784801616.3882837,,,,
