Round,Evaluator,Classes,2,0,3,1,4
0,0,<=50K,,,,,
0,0,>50K,,,,,
0,1,<=50K,,,,,
0,1,>50K,,,,,
0,2,<=50K,,,,,
0,2,>50K,,,,,
0,3,<=50K,,,,,
0,3,>50K,,,,,
0,4,<=50K,,,,,
0,4,>50K,,,,,
0,Aggregated,<=50K,,,,,
0,Aggregated,>50K,,,,,
0,Centralized,<=50K,,,,,
0,Centralized,>50K,,,,,
1,0,<=50K,0.10889716626578878,0.17428720033438658,0.09605175086665033,0.15207225853476114,-0.28666005795877336
1,0,>50K,0.0,0.0,0.0,0.0,0.0
1,1,<=50K,0.11181849552441295,0.1769916239131593,0.09817914889552215,0.15538599204789394,-0.28474683241652327
1,1,>50K,0.0,0.0,0.0,0.0,0.0
1,2,<=50K,0.11022860370412098,0.17624449219942054,0.09711191399278067,0.1533924108119749,-0.2841977033885311
1,2,>50K,-0.0002746536973589366,-0.0009823415114980887,0.0021523720018341735,-0.0009039470304695531,8.570237492404248e-06
1,3,<=50K,0.095089454356156,0.15615490154346853,0.10192898615531078,0.13581685277628916,-0.2483013260215614
1,3,>50K,-0.12015438252930884,-0.11914386141550756,0.11937541728317808,-0.12073389149723801,0.12763732757715893
1,4,<=50K,0.0,0.0,0.0,0.0,0.0
1,4,>50K,-0.22297419374830507,-0.2525902575283848,0.04874371700198461,-0.2384872026059665,0.34582406591292997
1,Aggregated,<=50K,0.10712187654859798,0.1717127365009703,0.09812395903727288,0.14988406439296575,-0.2774632357882614
1,Aggregated,>50K,-0.2055315960134654,-0.22995686613010427,0.06070039429167021,-0.218513477263795,0.30882651406934125
1,Centralized,<=50K,0.08715217003763263,0.14672973467639974,0.0993384113067401,0.12768431927979446,-0.23902288304201819
1,Centralized,>50K,-0.1352045112289356,-0.13624560132475297,0.10696489831584191,-0.13689764277737776,0.15131521209900003
2,0,<=50K,0.15956317208940407,0.16888603337765576,0.0699292685019941,0.1710891322130856,-0.6508359223561677
2,0,>50K,0.0,0.0,0.0,0.0,0.0
2,1,<=50K,0.15970803322249413,0.1692263612608987,0.0639974258655745,0.17080957473030228,-0.6543459839253595
2,1,>50K,0.0,0.0,0.0,0.0,0.0
2,2,<=50K,0.15720848585178157,0.16889547106102246,0.06823892257645078,0.17041675044151508,-0.6499394241884088
2,2,>50K,0.00021752862561728908,0.0002359411542027526,0.002210777620292212,0.00023811100752993045,0.0009886921760154036
2,3,<=50K,0.14407953857401717,0.153869830471919,0.09457469788464538,0.15567181202496327,-0.5636232100082775
2,3,>50K,-0.00663657298453682,-0.00564099484072719,0.2741403055228096,-0.0035312313272203846,0.3327049081955013
2,4,<=50K,0.0,0.0,0.0,0.0,0.0
2,4,>50K,-0.12068934299847948,-0.12289407178717579,0.316299193814555,-0.12125204957581905,0.8694669241771922
2,Aggregated,<=50K,0.15573398369035546,0.16582914330914533,0.07308971405232426,0.1676052156969214,-0.6332351466303856
2,Aggregated,>50K,-0.10135724435670676,-0.10301966594636147,0.3091188479316788,-0.10129863332856456,0.7784468456852031
2,Centralized,<=50K,0.1398571629895155,0.1497213931373863,0.10049115669330891,0.15156123084356243,-0.5371759119531989
2,Centralized,>50K,-0.017740633011503512,-0.016271496678720927,0.28185246174211076,-0.014076473919449394,0.3994753132423272
3,0,<=50K,0.0990951343407383,0.09986272713737875,0.012816414271419736,0.09991426231589941,-0.23032022189140766
3,0,>50K,0.0,0.0,0.0,0.0,0.0
3,1,<=50K,0.10110778163727027,0.10203322237694139,0.014075098580536832,0.10208475755546202,-0.2286962713041211
3,1,>50K,0.0,0.0,0.0,0.0,0.0
3,2,<=50K,0.09989768057299117,0.10083462972254323,0.01321345505422771,0.10087320376993361,-0.22963917486205723
3,2,>50K,-0.0006517115754343921,-0.0024633057783329426,0.0021330223000442876,-0.0024633057783329426,-0.00044574975160159775
3,3,<=50K,0.07494315681256622,0.07411813095880627,0.011486445386821288,0.07401135127574973,-0.2191317533812111
3,3,>50K,-0.17949743767193618,-0.20285658265747342,0.03190924194444523,-0.20438379133894413,-0.03620784484191778
3,4,<=50K,0.0,0.0,0.0,0.0,0.0
3,4,>50K,-0.2872144325512925,-0.31033328245528646,0.0007521851913145888,-0.3123648854295345,0.08822976161452531
3,Aggregated,<=50K,0.09477186123205718,0.0952916635469622,0.012973676532781293,0.09530658435944983,-0.22736669578961158
3,Aggregated,>50K,-0.2689342728878872,-0.2920911032296555,0.00602931211457262,-0.29403701978332164,0.06714293380104203
3,Centralized,<=50K,0.06750416024122993,0.06621720256051031,0.010282771312830253,0.0660963414256372,-0.21455550725078198
3,Centralized,>50K,-0.1954789328928546,-0.2168811178083444,0.024124463782013102,-0.21876141444235694,-0.02624217001322181
4,0,<=50K,0.13041050523409387,0.15477042358593043,0.06474089819298004,0.1548403767540645,-0.5112537029942712
4,0,>50K,0.0,0.0,0.0,0.0,0.0
4,1,<=50K,0.13153127131975584,0.1570614689082635,0.0617850686937996,0.15683765433412228,-0.5137069624831436
4,1,>50K,0.0,0.0,0.0,0.0,0.0
4,2,<=50K,0.13107424476227075,0.15673302618037244,0.06177095128645087,0.1564452842510619,-0.510806715321771
4,2,>50K,-0.0013495179255659175,-0.0010636712928956257,0.003343505840744625,-0.0010660239682528663,0.00013570734596978355
4,3,<=50K,0.11256141154636645,0.13471031372844153,0.06976550903012427,0.13434815721718235,-0.43822993570108754
4,3,>50K,-0.06930565292615963,-0.05724042559743328,0.17814467919835364,-0.058089892833197515,0.321991978029493
4,4,<=50K,0.0,0.0,0.0,0.0,0.0
4,4,>50K,-0.1804124367487807,-0.19336688489173764,0.14718820838129681,-0.19352841464878867,0.7652275329906024
4,Aggregated,<=50K,0.1271374873894393,0.15168418352657836,0.06423357321829455,0.1514919043892824,-0.49646849394978704
4,Aggregated,>50K,-0.161571871535764,-0.17028714491514857,0.1524128415330008,-0.17056516769536623,0.6900608566975278
4,Centralized,<=50K,0.10583463060799242,0.12784206131946033,0.07249917695437154,0.127653855485264,-0.4147919578485101
4,Centralized,>50K,-0.08037457762865703,-0.07116789071395142,0.17199535682328132,-0.07152852971310014,0.3832932144541843
5,0,<=50K,0.08079378423833077,0.08500027886096964,0.0016535591212820519,0.08524682514945232,-0.2462029481428323
5,0,>50K,0.0,0.0,0.0,0.0,0.0
5,1,<=50K,0.08104398607122697,0.08575701046958893,0.0007907396703892095,0.08603075874998174,-0.24713099573398437
5,1,>50K,0.0,0.0,0.0,0.0,0.0
5,2,<=50K,0.0805846439375819,0.08536069427398098,0.0004891881075085726,0.08571145722931316,-0.2473627747067699
5,2,>50K,-0.0019732960443561032,-0.0003138443849044434,0.0043673594048023925,-0.0026947967658568243,0.0006145777903149775
5,3,<=50K,0.06738098268178658,0.06692759576117828,0.00861256469584095,0.06661850509748127,-0.22056144352231652
5,3,>50K,-0.11969178225350531,-0.1627494048603463,0.09521895478197141,-0.17111703537147963,0.08927307602799171
5,4,<=50K,0.0,0.0,0.0,0.0,0.0
5,4,>50K,-0.18048750549330586,-0.23621409982010638,0.08696780225301905,-0.24484352709335672,0.2549393068783133
5,Aggregated,<=50K,0.07799181940937519,0.08150456980820023,0.002578899760141528,0.0816692138452971,-0.24137571013899695
5,Aggregated,>50K,-0.17016800100766577,-0.22374158162574387,0.08835473378159965,-0.2323258724910126,0.22684861955548266
5,Centralized,<=50K,0.06297695629567295,0.06149726604372622,0.009530658774533185,0.06106605942367336,-0.21241646033401906
5,Centralized,>50K,-0.12887946223843785,-0.17374611107138657,0.08157377562201203,-0.18184238730867935,0.09937984088800995
6,0,<=50K,0.1343226793814259,0.1491919656846338,0.05137850859661649,0.14827881611074167,-0.549140213348471
6,0,>50K,0.0,0.0,0.0,0.0,0.0
6,1,<=50K,0.13412002670851947,0.14981035008179433,0.05171475010308086,0.14867012499740814,-0.5532581277936259
6,1,>50K,0.0,0.0,0.0,0.0,0.0
6,2,<=50K,0.13299163782246384,0.1473627982127568,0.05069557087270861,0.1462932623479188,-0.5517771889260277
6,2,>50K,-0.0003020633407795582,-0.0002571677610328544,0.0045744184690536755,-0.0002599848825642424,0.0006500838589353176
6,3,<=50K,0.12503281021373402,0.13976045611387977,0.05890893655589493,0.13895093446246515,-0.4587133661064414
6,3,>50K,0.026186447461374964,0.03202923359885657,0.128743289055115,0.032793906944928924,0.3730956757940736
6,4,<=50K,0.0,0.0,0.0,0.0,0.0
6,4,>50K,-0.0713380784796946,-0.07152942779026046,0.10768092523130247,-0.07002152301849614,0.893797492127975
6,Aggregated,<=50K,0.13197049092660218,0.1468951386216345,0.05286637480911274,0.14590270522489232,-0.5319563568648633
6,Aggregated,>50K,-0.05481166520780591,-0.05398100608578697,0.11123502708709394,-0.05259917223038692,0.8054943216778169
6,Centralized,<=50K,0.12135048222346559,0.1358832960412045,0.059420403206359024,0.1349867696157062,-0.43303818824691803
6,Centralized,>50K,0.01384765189342757,0.021532972352669388,0.12398870939667438,0.022531207828069326,0.4466060480911031
7,0,<=50K,0.08755908839355935,0.08770017120076117,0.024350234741355076,0.08772578070519706,-0.22136703146581957
7,0,>50K,0.0,0.0,0.0,0.0,0.0
7,1,<=50K,0.08891646648885695,0.08913434624753894,0.023527267337292882,0.08913434624753894,-0.22176955041840435
7,1,>50K,0.0,0.0,0.0,0.0,0.0
7,2,<=50K,0.08949861345859703,0.08961391724590752,0.025619389578027476,0.08961391724590752,-0.21991191785825973
7,2,>50K,-0.0017910248438972602,-0.0017910248438972602,0.002543912038035568,-0.0017910248438972602,-0.0015761238499561218
7,3,<=50K,0.06332699636112618,0.062645245070593,0.01774903517998793,0.06259401342020976,-0.21178013444365365
7,3,>50K,-0.18392375934004898,-0.19971842723907157,-0.002108215226999477,-0.2007351076912359,-0.03930681242620616
7,4,<=50K,0.0,0.0,0.0,0.0,0.0
7,4,>50K,-0.2750177931855232,-0.2919255775556048,-0.03333761558152071,-0.29273765679752267,0.08630321449065881
7,Aggregated,<=50K,0.08334591154420537,0.08332787852648196,0.02308344485604077,0.08332388112426917,-0.219079289938469
7,Aggregated,>50K,-0.2595547012692968,-0.2762718050555324,-0.028043836063803104,-0.2771184332488551,0.06501791987467395
7,Centralized,<=50K,0.05704632377664766,0.05608953351624809,0.017309180032410124,0.056039910946721644,-0.20629713263682464
7,Centralized,>50K,-0.19204200217818493,-0.20863051762649723,-0.007467871120755061,-0.20946897456745406,-0.03131459093478812
8,0,<=50K,0.11171008895526957,0.12592445201601138,0.025874603018565694,0.1251045815196713,-0.3896898208208169
8,0,>50K,0.0,0.0,0.0,0.0,0.0
8,1,<=50K,0.11224236810079956,0.12721091629819883,0.02683145095714271,0.1265779678384148,-0.3936311064525857
8,1,>50K,0.0,0.0,0.0,0.0,0.0
8,2,<=50K,0.11260898388012969,0.12665654988929778,0.025279801531631545,0.12597041589853641,-0.39113037927707334
8,2,>50K,-0.0024654766363388834,-0.0010642501155881047,0.001636909018411447,-0.0010923191243783468,0.0029851368578938885
8,3,<=50K,0.09282519972288777,0.10395929583426951,0.04022569682325809,0.10296450171080515,-0.3317393054591737
8,3,>50K,-0.09140396459103986,-0.10141267291020863,0.1750542363103807,-0.101827842011969,0.2904313153113842
8,4,<=50K,0.0,0.0,0.0,0.0,0.0
8,4,>50K,-0.19779378029061886,-0.21940429616811055,0.1732957487436343,-0.21801645650852983,0.627926876635744
8,Aggregated,<=50K,0.1081267774571188,0.12184991751400069,0.028979526836390275,0.12107783521925322,-0.3789548328380685
8,Aggregated,>50K,-0.1797500354171722,-0.19939266299217046,0.17357168454887775,-0.19831037256658152,0.5706868502132816
8,Centralized,<=50K,0.08658099160391267,0.0978823183780147,0.04227914772052948,0.09727028341295599,-0.3139350735697023
8,Centralized,>50K,-0.10506951643640408,-0.11566323752300649,0.16866204917424013,-0.11495429664452751,0.3330835757519661
9,0,<=50K,0.07968214344677521,0.10653510145005049,0.011328644075497083,0.10373299364381162,-0.30112501294270805
9,0,>50K,0.0,0.0,0.0,0.0,0.0
9,1,<=50K,0.08126933543798652,0.10783248105949719,0.01048956240521878,0.10578398465645618,-0.3052215884510981
9,1,>50K,0.0,0.0,0.0,0.0,0.0
9,2,<=50K,0.0801903961757037,0.10684926193684323,0.010253147466324393,0.10419062393351292,-0.30117602107523084
9,2,>50K,-0.008221114501806159,-0.0010798898599141654,0.007043863421818646,-0.002085812084676435,0.004342953024578117
9,3,<=50K,0.06259721410134313,0.08265967728115216,0.021340355391377647,0.0818015491528667,-0.24979310770438679
9,3,>50K,-0.10915584554138248,-0.15742699973518232,0.1398252613100799,-0.14238953918381905,0.24369383058817812
9,4,<=50K,0.0,0.0,0.0,0.0,0.0
9,4,>50K,-0.18853177072926883,-0.26383930732131666,0.14186483577343226,-0.2473807376081492,0.5271476102292769
9,Aggregated,<=50K,0.07665128836145281,0.1019527450671679,0.012923829257768117,0.09979462526516347,-0.29145286358648503
9,Aggregated,>50K,-0.17506517982176464,-0.2457831532731279,0.14150220653485512,-0.22956749868032955,0.4790734584602954
9,Centralized,<=50K,0.05793319804072527,0.07633665610920394,0.023407232039174507,0.07560379242435016,-0.23522155780411455
9,Centralized,>50K,-0.12151182195600468,-0.17084330148790297,0.1382645205479312,-0.1578548586926382,0.28227778541294224
10,0,<=50K,0.13159626619551248,0.1371652084486583,0.03702155755533398,0.15333014464292505,-0.5103803194385205
10,0,>50K,0.0,0.0,0.0,0.0,0.0
10,1,<=50K,0.13325060261686564,0.13837755592053178,0.03507353358747386,0.15491084304788302,-0.517454753226549
10,1,>50K,0.0,0.0,0.0,0.0,0.0
10,2,<=50K,0.1309954235809242,0.13753506330024307,0.036202462344132644,0.1524694281063893,-0.5111457636933906
10,2,>50K,0.0006595259726388745,0.0006869928036987617,0.0021298712959953716,0.0007379991236937263,0.0017027705672868778
10,3,<=50K,0.12042661175383293,0.12666896605693628,0.04666308178445964,0.1404990080129645,-0.4278269937755766
10,3,>50K,0.0073050869029736235,0.012905104523515147,0.11617232922016413,0.003217341386845704,0.3381050337770853
10,4,<=50K,0.0,0.0,0.0,0.0,0.0
10,4,>50K,-0.10524328593393158,-0.10405088991792853,0.12523811144448535,-0.12080398624120366,0.8340316190091609
10,Aggregated,<=50K,0.1295314143769035,0.1353808549280949,0.03831452606300951,0.15082900830139795,-0.49513342807843364
10,Aggregated,>50K,-0.08616789479258269,-0.08422914543368433,0.1236869742127487,-0.09978347035350893,0.7499322906024988
10,Centralized,<=50K,0.11541117326361582,0.12127240594118413,0.049015251545626214,0.13508425374852676,-0.40214792457045945
10,Centralized,>50K,-0.010504110456389737,-0.005831993624402243,0.12038556813446794,-0.013454154415200082,0.41144403166230326
11,0,<=50K,0.08922611554279382,0.09060730947587253,0.012120467491642464,0.0920476387544014,-0.23181216303074675
11,0,>50K,0.0,0.0,0.0,0.0,0.0
11,1,<=50K,0.0906668449177317,0.09217248968711368,0.011919959713008637,0.09400467179581688,-0.23230711990990713
11,1,>50K,0.0,0.0,0.0,0.0,0.0
11,2,<=50K,0.09002979785230822,0.09169079447918152,0.011531788623571368,0.09322074557994782,-0.23222252053298356
11,2,>50K,-0.0014355020845525613,-0.0022729641171174175,0.001290469525312199,-0.004027350082029698,0.0005281869950738674
11,3,<=50K,0.06532126430744381,0.0653022274115227,0.01142973555858014,0.06400809024691753,-0.21704352111428613
11,3,>50K,-0.18679042111574112,-0.20174684374446772,0.03185349790751789,-0.238498327976849,0.021098694446059014
11,4,<=50K,0.0,0.0,0.0,0.0,0.0
11,4,>50K,-0.27533925066369935,-0.2950722580821313,0.0135624027560969,-0.33348027678475817,0.15828024974709512
11,Aggregated,<=50K,0.08480430567568617,0.08599835164640493,0.011767719199395798,0.08699207448865946,-0.22895353712284733
11,Aggregated,>50K,-0.2603071438675933,-0.27922874966045264,0.01665873006484021,-0.3173515328817348,0.1350262186920603
11,Centralized,<=50K,0.059089254316944874,0.05859361850957723,0.011508738417272579,0.05682577791318996,-0.2107011721699225
11,Centralized,>50K,-0.1967685815409361,-0.2128191975945585,0.02433541888313024,-0.248299021453289,0.030081273396645014
12,0,<=50K,0.12388645574682068,0.1325865852579023,0.04068817615542754,0.13448637517568143,-0.4439280213736058
12,0,>50K,0.0,0.0,0.0,0.0,0.0
12,1,<=50K,0.12549134415850347,0.13491681890066767,0.04015410015108237,0.13705684739163088,-0.4495849225676965
12,1,>50K,0.0,0.0,0.0,0.0,0.0
12,2,<=50K,0.12426485311111292,0.13405431179587418,0.040580631909410615,0.1363938355013536,-0.4463202174656592
12,2,>50K,0.004377470360320129,0.004494445234928533,0.007763436539383289,0.004521304830636497,0.005870370061758575
12,3,<=50K,0.10713339808051642,0.11541192995516475,0.05066743301114907,0.11719815754766567,-0.3716617019954721
12,3,>50K,-0.022726575555345355,-0.016545503996521417,0.14983910424994948,-0.01613043981489022,0.33788504917894796
12,4,<=50K,0.0,0.0,0.0,0.0,0.0
12,4,>50K,-0.14799974035313304,-0.1517788827873818,0.1405355008409413,-0.15166500705822403,0.7662042294653916
12,Aggregated,<=50K,0.12089565097461306,0.12998540821937354,0.04261189122297213,0.13204050853034996,-0.4308935198311756
12,Aggregated,>50K,-0.12676327305786772,-0.12885499548189974,0.14209428330017626,-0.12869011972101754,0.6935644889629301
12,Centralized,<=50K,0.10116729135364877,0.10963505432434027,0.05279071299924751,0.11160892657111669,-0.34894110901609954
12,Centralized,>50K,-0.043344449644767066,-0.03889360918076648,0.14723594527966094,-0.03724526020763244,0.4033839826528914
13,0,<=50K,0.07778161217879062,0.08705309764578074,0.005763969602894479,0.0858179226379035,-0.24413617302759547
13,0,>50K,0.0,0.0,0.0,0.0,0.0
13,1,<=50K,0.0781607839284619,0.08755429060488697,0.0046892345611056745,0.08631922490241463,-0.2447577220310573
13,1,>50K,0.0,0.0,0.0,0.0,0.0
13,2,<=50K,0.07807744744771888,0.0874935239191492,0.004274528517984067,0.08606372067739479,-0.24488263541433922
13,2,>50K,-0.010479746745488122,-0.0034811156677040634,-0.005599067977722487,-0.00817880286395695,0.0007117062278445933
13,3,<=50K,0.061779810535999534,0.0636483576931556,0.010073395716469284,0.06435345004324294,-0.218144924393406
13,3,>50K,-0.1540421113009756,-0.20842355292130713,0.049071223407940456,-0.18685130312950407,0.07743720317139467
13,4,<=50K,0.0,0.0,0.0,0.0,0.0
13,4,>50K,-0.21187365554372253,-0.293367216060914,0.06110625622698574,-0.27193119410344385,0.2613596175590737
13,Aggregated,<=50K,0.07460371193562279,0.08239297032084006,0.005992211918254773,0.08151344412855654,-0.23904595689706876
13,Aggregated,>50K,-0.20205326469266194,-0.2789436641224124,0.05905942177884177,-0.257487902736956,0.2301761442497804
13,Centralized,<=50K,0.05683882502654661,0.056841145015103504,0.011868233027782041,0.05756860119084726,-0.20925630711943544
13,Centralized,>50K,-0.15982563676254305,-0.21975220806854706,0.05135105117195391,-0.2006961120722532,0.09977537333173804
14,0,<=50K,0.11838326580097402,0.13188033603499605,0.03981507534167491,0.12648409009311104,-0.44563988484344935
14,0,>50K,0.0,0.0,0.0,0.0,0.0
14,1,<=50K,0.12122178308822287,0.13371582576168256,0.03866619271782083,0.1276690872489837,-0.4508381062080135
14,1,>50K,0.0,0.0,0.0,0.0,0.0
14,2,<=50K,0.11996438091599376,0.1328551175583653,0.03959606065815605,0.12633617832018956,-0.4484890729618586
14,2,>50K,0.0015084811015810247,0.0015947632429372906,0.0030177004411156075,0.0015521100681155353,0.002798149334732218
14,3,<=50K,0.10688329571068844,0.11907719337580999,0.048188560510707766,0.11364846662218124,-0.3649453548612629
14,3,>50K,0.012071781515146698,0.018050786175417905,0.13366553671666595,0.01836354823177647,0.364882873118923
14,4,<=50K,0.0,0.0,0.0,0.0,0.0
14,4,>50K,-0.10344250423242811,-0.1085256134928179,0.12774959140971703,-0.10277807388643607,0.8203986802550179
14,Aggregated,<=50K,0.11713588721098746,0.12993571608496135,0.04121072258482433,0.12406554753406887,-0.4308374692740912
14,Aggregated,>50K,-0.08386490922437896,-0.08707381153692542,0.1287356446524998,-0.08224747774347717,0.7431454482173118
14,Centralized,<=50K,0.10186285873570282,0.11384213305361524,0.05016057413118317,0.10881081763950858,-0.3418237416259907
14,Centralized,>50K,-0.0071498843056285255,-0.0020498123232939773,0.13523601177994232,-0.001128172326968362,0.4370325002617881
15,0,<=50K,0.07985842489176541,0.08786504914017082,0.011282449479422163,0.08770759921598144,-0.23778999139332024
15,0,>50K,0.0,0.0,0.0,0.0,0.0
15,1,<=50K,0.08068350959018966,0.08887533700565238,0.01004853251778744,0.08850708073662174,-0.23854924245894688
15,1,>50K,0.0,0.0,0.0,0.0,0.0
15,2,<=50K,0.08001118761003058,0.08871363540066782,0.010648626180591399,0.08867296723834119,-0.23830908092047678
15,2,>50K,-0.007960346226374197,-0.0026224392375418263,-0.0019124063950645704,-0.0026591687095923384,0.004683156380091256
15,3,<=50K,0.059877538110238854,0.06091677842041572,0.01183053170266592,0.06132709819871331,-0.217110363792445
15,3,>50K,-0.17524737121796616,-0.23054572117900574,0.027053545679139188,-0.2241002826988206,0.049473655360824084
15,4,<=50K,0.0,0.0,0.0,0.0,0.0
15,4,>50K,-0.2453984373557375,-0.3219402738013126,0.022545275179622556,-0.30914251356580985,0.22171262136535866
15,Aggregated,<=50K,0.07592585309977705,0.08270344529296864,0.010905367508109233,0.08264029270103396,-0.2337900465898116
15,Aggregated,>50K,-0.23348693959753195,-0.3064204059634109,0.023305704403163357,-0.29470015086510615,0.19251349162183012
15,Centralized,<=50K,0.05425215719745968,0.05406607832285237,0.012303915496689384,0.05501496587883407,-0.20852927674149815
15,Centralized,>50K,-0.184435578434405,-0.24220477398634585,0.024335027485395563,-0.23096480496805213,0.07131799416769888
16,0,<=50K,0.11215441547315542,0.12698262100628777,0.035101337160144484,0.11800244705376543,-0.40625948176818255
16,0,>50K,0.0,0.0,0.0,0.0,0.0
16,1,<=50K,0.11392053382712715,0.12812955738716972,0.036159395547875534,0.11998740133188444,-0.41205334146475625
16,1,>50K,0.0,0.0,0.0,0.0,0.0
16,2,<=50K,0.11358381951261651,0.1273918164111427,0.035004057855410525,0.11859418534108107,-0.40717306166197414
16,2,>50K,0.005484105123768696,0.00574069633746986,-0.0003842976560866386,0.0055995345016134025,0.007369485502758492
16,3,<=50K,0.09736983016849302,0.1098280487370878,0.045887015465149776,0.10281071417479908,-0.334784242276159
16,3,>50K,-0.015617888509739672,-0.013124477173267193,0.1462045625847521,-0.010678058073457777,0.353850205653607
16,4,<=50K,0.0,0.0,0.0,0.0,0.0
16,4,>50K,-0.13371836669858309,-0.146578651994994,0.14202396230535494,-0.1323798221884169,0.7575107010990465
16,Aggregated,<=50K,0.1098957565575674,0.12379508975811568,0.0376162865825403,0.11549538713230705,-0.39303744313896766
16,Aggregated,>50K,-0.113698389972833,-0.12395660588970316,0.14271385248659177,-0.11175006551179968,0.6890486070846172
16,Centralized,<=50K,0.091974164065142,0.10389552508422026,0.04786708517870264,0.09770565463757307,-0.31290594476979955
16,Centralized,>50K,-0.03739033217817537,-0.03608709865769939,0.14730529876768578,-0.031042368468519783,0.4153947212228284
17,0,<=50K,0.08240583527146984,0.0884558260986769,0.010617743810708697,0.08535549646021048,-0.2528162405662365
17,0,>50K,0.0,0.0,0.0,0.0,0.0
17,1,<=50K,0.08315923657623968,0.08876207397514767,0.009184533682466817,0.08641699559738678,-0.253666386460542
17,1,>50K,0.0,0.0,0.0,0.0,0.0
17,2,<=50K,0.08215589546290418,0.08787534570762966,0.010234708028822124,0.08537241180010256,-0.253039178457735
17,2,>50K,-0.0058341892613591835,-0.00555265397902159,-0.002780731581515027,-0.005712382677730199,-0.003929566309897807
17,3,<=50K,0.05974360905366261,0.06368343268386321,0.013987515272969066,0.062226873323487183,-0.21937300783295802
17,3,>50K,-0.19410831465450765,-0.1976001444575935,0.04018844907718787,-0.19582411182520573,0.11487946507251882
17,4,<=50K,0.0,0.0,0.0,0.0,0.0
17,4,>50K,-0.27053749783969344,-0.28901426874565606,0.05050512657467659,-0.2805693816663092,0.3425744161850701
17,Aggregated,<=50K,0.07778599548790062,0.08318859755509614,0.010845959906728165,0.08078930927307033,-0.2460855853527996
17,Aggregated,>50K,-0.257559222290847,-0.2734956590441749,0.048751034803879344,-0.2661813475701513,0.30396640712245526
17,Centralized,<=50K,0.053830733490848284,0.05700073340354009,0.015196126030637505,0.05576037952515767,-0.2079509027023603
17,Centralized,>50K,-0.2028796282496018,-0.21064206118145162,0.045862332772939135,-0.20740304628103604,0.1548673743246824
18,0,<=50K,0.1163935187815373,0.1353184526885801,0.03668024541365136,0.1242166217644947,-0.43538959108379754
18,0,>50K,0.0,0.0,0.0,0.0,0.0
18,1,<=50K,0.11964026117226088,0.13696667168475343,0.034351056150285934,0.12744604445695973,-0.44037515713029907
18,1,>50K,0.0,0.0,0.0,0.0,0.0
18,2,<=50K,0.11757841971437209,0.13561487950975917,0.03672710174670016,0.12474180739263714,-0.4361591242611034
18,2,>50K,0.0028506629838890387,0.0029873774215582374,0.0012881807192799042,0.002887496581027008,0.004271996579960095
18,3,<=50K,0.10379642882690109,0.11890449347554922,0.0479878498924597,0.11020045154420849,-0.35821007781513653
18,3,>50K,-0.001317775243135183,0.003612102626833254,0.14475101900273807,0.003561819872791023,0.3482097254946073
18,4,<=50K,0.0,0.0,0.0,0.0,0.0
18,4,>50K,-0.12855156577154628,-0.1400677887379863,0.1450020693702899,-0.12474370931146979,0.7785548772967734
18,Aggregated,<=50K,0.11491922861156069,0.13238858088446387,0.038450312953130346,0.1222663864474167,-0.42072044097702954
18,Aggregated,>50K,-0.10698570987937878,-0.11571503387270894,0.14494122142018662,-0.10299681810338525,0.7055702268090814
18,Centralized,<=50K,0.09741958466772074,0.11312077680491513,0.04959744392666933,0.10504661232263475,-0.33626360017271006
18,Centralized,>50K,-0.0279907322844491,-0.02534153864675106,0.1456075723095788,-0.020209648820806177,0.4108128198536001
19,0,<=50K,0.08309685263278513,0.08136663193497219,0.01043426494387118,0.08615115294470904,-0.2382681500208039
19,0,>50K,0.0,0.0,0.0,0.0,0.0
19,1,<=50K,0.08334294541868745,0.08155192431743555,0.009404599248317455,0.08681229079607165,-0.2391406361144732
19,1,>50K,0.0,0.0,0.0,0.0,0.0
19,2,<=50K,0.0829977341896375,0.08109506913548922,0.010069353222525706,0.08642849417072991,-0.239093734820748
19,2,>50K,-0.005497553461197678,-0.0059060724516157275,-0.0015521784002200999,-0.0021883584163253007,0.0008584484436445198
19,3,<=50K,0.05911878844015843,0.05935131144448514,0.012379706944929679,0.059464291051429106,-0.21391357071025438
19,3,>50K,-0.20014746418334248,-0.19001577050923296,0.02452470702864982,-0.22232205684603945,0.07045595876285683
19,4,<=50K,0.0,0.0,0.0,0.0,0.0
19,4,>50K,-0.27720267908254537,-0.2619662372901982,0.0335840588987566,-0.31287148995451836,0.25256073545237157
19,Aggregated,<=50K,0.07810716056747127,0.0767271006089885,0.010474867014851747,0.08080190875770088,-0.2336081054622813
19,Aggregated,>50K,-0.2641174819760841,-0.2497476070070761,0.03204523023904473,-0.297495857981607,0.22168624932423941
19,Centralized,<=50K,0.05356054318178252,0.0539776587403568,0.013607329823287528,0.05306914154351845,-0.2052054661043902
19,Centralized,>50K,-0.20845664287606158,-0.19768555648655273,0.029346877158679126,-0.23555879644910768,0.09644427176465434
20,0,<=50K,0.09709137639328183,0.11034991879386977,0.027386711083757405,0.11069264933874069,-0.35576272491791233
20,0,>50K,0.0,0.0,0.0,0.0,0.0
20,1,<=50K,0.0990235367475482,0.11133193087068313,0.02820854264857939,0.11303006281297609,-0.3626172061336606
20,1,>50K,0.0,0.0,0.0,0.0,0.0
20,2,<=50K,0.09796890720214312,0.11041366068758154,0.027762941870433662,0.11138556037884716,-0.357146487490664
20,2,>50K,0.007340503205550993,0.007689075761224356,-0.001737653674234879,0.007638654495037461,0.009838650981652835
20,3,<=50K,0.08255853476776442,0.0925664914106741,0.03919899268171146,0.09408837684997244,-0.286860357609548
20,3,>50K,-0.03286054180315278,-0.030271375157491794,0.14584286698611576,-0.029797953018237268,0.35919633157268244
20,4,<=50K,0.0,0.0,0.0,0.0,0.0
20,4,>50K,-0.14156471820067038,-0.15656654264338865,0.1493177825417228,-0.15436590219370297,0.7227979939088794
20,Aggregated,<=50K,0.09478387064358947,0.10689606209085897,0.03017945581825378,0.10800886797367676,-0.3434835004609605
20,Aggregated,>50K,-0.12313491951717216,-0.13515546777542847,0.14870998464680352,-0.13324764673372247,0.6611252523038039
20,Centralized,<=50K,0.07660388421204242,0.08664868608980529,0.04102599537756773,0.0879805853567823,-0.2672891159797209
20,Centralized,>50K,-0.05301904703141296,-0.0542950750407323,0.1504450186268032,-0.05271721799070605,0.4105567163990487
21,0,<=50K,0.07669752627201967,0.0847206905330239,0.017196222714943126,0.07767532464743081,-0.24620132828254024
21,0,>50K,0.0,0.0,0.0,0.0,0.0
21,1,<=50K,0.07830238180841625,0.08536229318918903,0.015849007892225413,0.07813979124865963,-0.24663034108461662
21,1,>50K,0.0,0.0,0.0,0.0,0.0
21,2,<=50K,0.0775208591837591,0.0844209958300987,0.016703862185869608,0.07815088479076067,-0.2471811846388297
21,2,>50K,-0.007604636367167098,-0.00702187729123475,-0.0032267005242575236,-0.007577898828146349,-0.005338117758425048
21,3,<=50K,0.05612894464067828,0.05993668432500973,0.0193569362394803,0.057076067506984275,-0.2129767738881941
21,3,>50K,-0.18554096484555802,-0.19194958047273658,0.04385185448945871,-0.17963112383481664,0.12292762050885736
21,4,<=50K,0.0,0.0,0.0,0.0,0.0
21,4,>50K,-0.2544942442126466,-0.27727790465703656,0.05344335915027777,-0.2450376075914887,0.35013070858858586
21,Aggregated,<=50K,0.07302377368291724,0.07961333682789254,0.01716474311220592,0.07360311207236978,-0.23960498790952198
21,Aggregated,>50K,-0.24278440559418735,-0.26279170767398385,0.051811655509257204,-0.23392967873832918,0.3116048611461389
21,Centralized,<=50K,0.05068793304354924,0.05465613772039273,0.02139753984301137,0.05225858001785571,-0.2013291079800509
21,Centralized,>50K,-0.1917793431340492,-0.20090332733491092,0.05289394866014553,-0.1827240527286689,0.1640539562436555
22,0,<=50K,0.10082686473166931,0.1107562717840917,0.030361355504525584,0.11188343722521135,-0.36407316147667323
22,0,>50K,0.0,0.0,0.0,0.0,0.0
22,1,<=50K,0.10136460185823593,0.1115113510437634,0.03272262164196478,0.11242522660438133,-0.36779275757569846
22,1,>50K,0.0,0.0,0.0,0.0,0.0
22,2,<=50K,0.10117340289450251,0.11125748445105407,0.03154933847837956,0.11208816083437372,-0.36584040589527045
22,2,>50K,0.007122069350496666,0.007408869470821975,-0.0010677549370982956,0.0073994262741708585,0.009440420144639096
22,3,<=50K,0.08415995487407317,0.09240520633959548,0.042372469965443145,0.09404098388053359,-0.2931203085943475
22,3,>50K,-0.031481203484107,-0.0344309465678742,0.1410366675990927,-0.0325590889188951,0.34848480748462063
22,4,<=50K,0.0,0.0,0.0,0.0,0.0
22,4,>50K,-0.14471054733219973,-0.1615569685968847,0.13414278709998667,-0.15896048151473594,0.7125955245240957
22,Aggregated,<=50K,0.09756461311285027,0.10723883852203557,0.033815171345065134,0.1083383730844836,-0.3506391289568018
22,Aggregated,>50K,-0.12551396510455662,-0.14000457437515362,0.13529313307126276,-0.13753114733860208,0.6508378166637715
22,Centralized,<=50K,0.07946624054704822,0.08689379778835336,0.04322305584988439,0.08834435329640124,-0.2747383011107583
22,Centralized,>50K,-0.05380400828288876,-0.05975256037677943,0.14019549302558165,-0.05719205649475837,0.3964099585520327
23,0,<=50K,0.0778924280806622,0.08339400872775858,0.016676463898775203,0.08849535533879425,-0.2562130238148146
23,0,>50K,0.0,0.0,0.0,0.0,0.0
23,1,<=50K,0.07818137113456472,0.08384210688717614,0.016233562283785506,0.08834675235772844,-0.25683483623590164
23,1,>50K,0.0,0.0,0.0,0.0,0.0
23,2,<=50K,0.07819353601788442,0.08346240936463924,0.016215010479598117,0.08856147351378389,-0.25666041013894525
23,2,>50K,-0.007625664485164894,-0.007471078705861917,-0.0024203573476675,-0.007146279888023064,-0.005639649876312926
23,3,<=50K,0.05760795874500758,0.060512898073007124,0.017696471235968604,0.06547297926278677,-0.22053381215630152
23,3,>50K,-0.18005081952650215,-0.18702848519998394,0.03801068285440598,-0.17643524462899104,0.12667237495890532
23,4,<=50K,0.0,0.0,0.0,0.0,0.0
23,4,>50K,-0.2473546935924053,-0.26464036287120557,0.03866403276101039,-0.26968158024057287,0.36485063517620814
23,Aggregated,<=50K,0.07379403499887299,0.07873170138662841,0.01665213372294658,0.08364563290209559,-0.2490124408451999
23,Aggregated,>50K,-0.23592512162599458,-0.25146273975788486,0.03854813771368488,-0.2538553247894144,0.32446404930021905
23,Centralized,<=50K,0.05241773725664684,0.055173563446451884,0.01903963895100672,0.05918468041849514,-0.20869910124741542
23,Centralized,>50K,-0.18689887202159114,-0.19568362041215284,0.043653557453418514,-0.19138040293618513,0.16916774271334856
24,0,<=50K,0.0972658299385622,0.10763614511842265,0.02391488440737981,0.11437646994308186,-0.34813464324338134
24,0,>50K,0.0,0.0,0.0,0.0,0.0
24,1,<=50K,0.09738301242155357,0.10797772389896718,0.024126860162204018,0.11678056553057539,-0.3516718983109689
24,1,>50K,0.0,0.0,0.0,0.0,0.0
24,2,<=50K,0.09712184241920187,0.10761443030739987,0.023874826607985254,0.1158147065698724,-0.3487455045273608
24,2,>50K,0.010577426193437397,0.011722508890743465,0.014993677391960817,0.012157087945373691,0.015065428610742688
24,3,<=50K,0.0793759116527136,0.08856260618280716,0.03715567536063356,0.0957246413690403,-0.2860892186145521
24,3,>50K,-0.05841650485222085,-0.062053066217132205,0.15669720160243406,-0.06611806056591922,0.3116985991527452
24,4,<=50K,0.0,0.0,0.0,0.0,0.0
24,4,>50K,-0.15608221935791822,-0.18031947554469868,0.15521867454851043,-0.19330632928907993,0.6535781747267078
24,Aggregated,<=50K,0.09350709649233752,0.10372051924169509,0.026736882385835523,0.11147720570568648,-0.33621591558988434
24,Aggregated,>50K,-0.1395196981859864,-0.16026465682623883,0.1554512034262625,-0.1717387378745165,0.5955939139043206
24,Centralized,<=50K,0.075188063696896,0.08258629740577916,0.038818361249525216,0.08862510379080794,-0.26771448697435524
24,Centralized,>50K,-0.0720973024489304,-0.08328507347037263,0.1527946555473078,-0.08804947590917692,0.3629324583620945
25,0,<=50K,0.07706359846333886,0.07898600542183283,0.015511763073323033,0.07898451988539394,-0.2456045730079538
25,0,>50K,0.0,0.0,0.0,0.0,0.0
25,1,<=50K,0.07779275654303726,0.0799146366601721,0.014268464166084769,0.07988698105776737,-0.2464591021293927
25,1,>50K,0.0,0.0,0.0,0.0,0.0
25,2,<=50K,0.07775299844563369,0.07930932562898078,0.01493435871787523,0.07951815107608477,-0.2471951352456731
25,2,>50K,-0.014271001034833787,-0.01416182844238441,-0.009822685980045275,-0.014130411295870853,-0.012130202279123738
25,3,<=50K,0.057613327761192226,0.05986564326351519,0.02061363208233753,0.059280481778583784,-0.21164105124648497
25,3,>50K,-0.16401157151019893,-0.16087789977123942,0.06777404706424148,-0.16243855596973444,0.14680739599822906
25,4,<=50K,0.0,0.0,0.0,0.0,0.0
25,4,>50K,-0.2328637149577195,-0.24017061674043488,0.07445826821103178,-0.23974729550415572,0.3697605255218782
25,Aggregated,<=50K,0.07335839809035227,0.07530610050210362,0.01610204095747026,0.07523072133857236,-0.23912623717135928
25,Aggregated,>50K,-0.22117461417819773,-0.2267122903887719,0.0733154386437408,-0.2266250377582152,0.33195110749672746
25,Centralized,<=50K,0.052708669037559976,0.05401059925033601,0.022110056344916005,0.05400420679825978,-0.1996636519891261
25,Centralized,>50K,-0.17101938890424354,-0.17400218429579054,0.07173407970414918,-0.173836981832849,0.18512110101279078
26,0,<=50K,0.09071636418685682,0.0969857355859018,0.023139263327120567,0.09569924335954355,-0.30931410152318095
26,0,>50K,0.0,0.0,0.0,0.0,0.0
26,1,<=50K,0.09050531855812773,0.09866151637663093,0.02322470987276346,0.09711631335045924,-0.3113540120041352
26,1,>50K,0.0,0.0,0.0,0.0,0.0
26,2,<=50K,0.08975608735792,0.0968744953453968,0.023992499697569603,0.0960528687607812,-0.308522104440995
26,2,>50K,-0.0033620134622003232,-0.001310126391113935,0.002082778772630655,-0.001456638957174752,0.0040460000378583555
26,3,<=50K,0.07237627321308111,0.07655208096415983,0.034695914250561954,0.07521147724637615,-0.24894708594553622
26,3,>50K,-0.07293079662073998,-0.09103823236652274,0.14956807805454236,-0.09161962540189202,0.2989836882551153
26,4,<=50K,0.0,0.0,0.0,0.0,0.0
26,4,>50K,-0.16824123702835983,-0.1917866550288782,0.14961848820927962,-0.1937584412876671,0.6099335080140109
26,Aggregated,<=50K,0.08656172488862164,0.0931127672405923,0.025810071641712427,0.09186923481840449,-0.29698334922942154
26,Aggregated,>50K,-0.1520778466336544,-0.17469898995755495,0.14959113450504194,-0.17643505788011196,0.5571918617765681
26,Centralized,<=50K,0.06771026935461619,0.07175505080498766,0.03698100389082983,0.07030546798230655,-0.2334089228103841
26,Centralized,>50K,-0.08714536320877729,-0.10250226794446739,0.14917636503603898,-0.10494981010108977,0.3462517811342126
27,0,<=50K,0.08299891113332389,0.07610229117503652,0.01741964886898392,0.08481355369277035,-0.25856090980635643
27,0,>50K,0.0,0.0,0.0,0.0,0.0
27,1,<=50K,0.08319834784595753,0.07621693308231985,0.016368959347299886,0.08516811716601298,-0.25910620359543635
27,1,>50K,0.0,0.0,0.0,0.0,0.0
27,2,<=50K,0.08303267683359392,0.07623068783103322,0.017226400704155376,0.08399512386411523,-0.25863873595357034
27,2,>50K,0.003977598257623349,0.0038050722750939663,0.00787141392884297,-0.02099643047800116,0.00534234601644087
27,3,<=50K,0.06307163385174294,0.05836337568826423,0.02369810641389029,0.0639301720380754,-0.21713194533190558
27,3,>50K,-0.14456758043851112,-0.1378270241534287,0.09030337373473184,-0.1478689904183045,0.18503624673520153
27,4,<=50K,0.0,0.0,0.0,0.0,0.0
27,4,>50K,-0.2341725784428321,-0.21592842994168154,0.08614572312986558,-0.24301577121909082,0.4320966943066663
27,Aggregated,<=50K,0.07888141957527829,0.07244630934820205,0.018408605248361944,0.08031192957446999,-0.25003704270237553
27,Aggregated,>50K,-0.21896615228208235,-0.20267267169796055,0.08683990572061438,-0.226872811871535,0.3901985909112836
27,Centralized,<=50K,0.056950138023866156,0.053130841834364013,0.02491572868120723,0.05761263558176125,-0.20384280766619936
27,Centralized,>50K,-0.1611557898618266,-0.15334244704436287,0.08674662017599395,-0.1671394221253445,0.22604524877181448
28,0,<=50K,0.07913065183113002,0.10281859744052166,0.023508385948400577,0.09542854670040173,-0.3038142110644349
28,0,>50K,0.0,0.0,0.0,0.0,0.0
28,1,<=50K,0.07901834976561996,0.10422135906911303,0.023145976821749924,0.09706154530965683,-0.30575598885439614
28,1,>50K,0.0,0.0,0.0,0.0,0.0
28,2,<=50K,0.07795361234654977,0.10332276142882675,0.02409035477024717,0.09558185729738687,-0.30341163904067286
28,2,>50K,-0.005698386869990386,0.00021307002583672034,0.0022419968614621004,-0.001206969595612246,0.004450289578303813
28,3,<=50K,0.0629001613236356,0.08096800381300387,0.032820649202660056,0.0759432459456451,-0.24499509102453004
28,3,>50K,-0.06951011615281791,-0.10098919474105836,0.13264682838090583,-0.09525602869177498,0.2910240091009586
28,4,<=50K,0.0,0.0,0.0,0.0,0.0
28,4,>50K,-0.1479383259587541,-0.21865537324997444,0.1340927217579722,-0.1939889468590779,0.5991727511340915
28,Aggregated,<=50K,0.07538732436490675,0.0987386792468395,0.025519087624986222,0.09181287705794128,-0.2918848012611429
28,Aggregated,>50K,-0.13463710129845924,-0.1986987920099392,0.13383102081043483,-0.17724234600415611,0.5469069365847284
28,Centralized,<=50K,0.05897485928585744,0.07474284064807867,0.035291118653274035,0.0706966589130852,-0.22904552223130786
28,Centralized,>50K,-0.07919873575880673,-0.12030034234580597,0.13454998801286114,-0.10726969519793543,0.33916402510087
29,0,<=50K,0.07696099335114483,0.07964767427739614,0.020013579957560423,0.07189616341129136,-0.24559038185341198
29,0,>50K,0.0,0.0,0.0,0.0,0.0
29,1,<=50K,0.07777382817354442,0.08018876051219352,0.017951926855409552,0.07271719214672832,-0.24632294979961966
29,1,>50K,0.0,0.0,0.0,0.0,0.0
29,2,<=50K,0.07747747027158723,0.0796619866176917,0.019313385778229518,0.07258085221631255,-0.2465706416861588
29,2,>50K,-0.0013156414972944103,-0.0011198353521472658,0.003398284055087428,-0.0015357091372466968,0.0005729019316009441
29,3,<=50K,0.058484524677784165,0.05964923276271428,0.025111961299528425,0.056447149918683936,-0.2083793776783926
29,3,>50K,-0.14739345519833152,-0.15071977089964775,0.07880530320688343,-0.13275668041922764,0.1710211339402593
29,4,<=50K,0.0,0.0,0.0,0.0,0.0
29,4,>50K,-0.23027856621162127,-0.23839062536058084,0.08282944315812354,-0.19875904374264106,0.39849209508554717
29,Aggregated,<=50K,0.07343649757714342,0.0756001352284032,0.020355200482631328,0.06905302209566784,-0.2382381200756309
29,Aggregated,>50K,-0.2162114331481902,-0.22351188980208989,0.08213775982508568,-0.1875553245960911,0.3599154651156331
29,Centralized,<=50K,0.05240080227592905,0.05374876668618599,0.02645747971226566,0.05181590889192255,-0.19605773983628375
29,Centralized,>50K,-0.16328757381009748,-0.1670112555079986,0.08241539412623752,-0.14234638983513667,0.20835991518188549
30,0,<=50K,0.09057676307006393,0.0838368805653406,0.021449448191017195,0.07769353974437147,-0.27401781516676454
30,0,>50K,0.0,0.0,0.0,0.0,0.0
30,1,<=50K,0.09148611705931717,0.0847385350232351,0.019669363138134735,0.07896691884344843,-0.27501452030280876
30,1,>50K,0.0,0.0,0.0,0.0,0.0
30,2,<=50K,0.09063128361047972,0.08402586596697831,0.02125643383504157,0.07766773826484302,-0.2738885413176668
30,2,>50K,-0.0041688325234554855,-0.003238468081922997,0.006148379421406639,-0.006309605927312005,0.007568527111283846
30,3,<=50K,0.06833759707482397,0.06647177996808755,0.031327648091122824,0.0621017137486187,-0.2231507126667296
30,3,>50K,-0.12238650897894617,-0.09697548103080701,0.14334597360296708,-0.08342898926594763,0.25455120537481285
30,4,<=50K,0.0,0.0,0.0,0.0,0.0
30,4,>50K,-0.21938407174451424,-0.19059939627974193,0.14568678883554023,-0.16978927750407583,0.5295613979555068
30,Aggregated,<=50K,0.0861669295109167,0.08048257495324974,0.02300121861705537,0.07475244749099434,-0.26357904709153857
30,Aggregated,>50K,-0.20292852033628883,-0.1747187789632283,0.14527253796979975,-0.1551419184361239,0.4829174075693309
30,Centralized,<=50K,0.06336397504692778,0.06076465145610733,0.03355171124848608,0.05712247440352681,-0.20827283408806802
30,Centralized,>50K,-0.1342402952667361,-0.11402134400042882,0.14422602027034365,-0.1001023962445077,0.2991923472410608
31,0,<=50K,0.07417292499726366,0.07411408661130275,0.01969246527899992,0.0741961876991332,-0.24171448099072795
31,0,>50K,0.0,0.0,0.0,0.0,0.0
31,1,<=50K,0.07459070472768285,0.07535211468964274,0.017918372989103693,0.0752683556028474,-0.24297596177060338
31,1,>50K,0.0,0.0,0.0,0.0,0.0
31,2,<=50K,0.07426683559430593,0.07433524990711472,0.01973433641412959,0.07426702232389787,-0.24244981083055453
31,2,>50K,-0.0010711198873584763,-0.001079394650942153,0.002564909033817823,-0.0010850411143008341,0.000670646618783641
31,3,<=50K,0.05694395166148312,0.057011469617253764,0.02836395855675692,0.05709440909104384,-0.20205839113890764
31,3,>50K,-0.12416862693344234,-0.12696834419144107,0.11653192465180344,-0.12378947113076195,0.21198447119379543
31,4,<=50K,0.0,0.0,0.0,0.0,0.0
31,4,>50K,-0.20590917272748482,-0.20876702593256893,0.11739201838283998,-0.20711615892978613,0.4387300015713556
31,Aggregated,<=50K,0.0706946535425607,0.07091191378490014,0.02105463344210884,0.07091089692895193,-0.23392427310090852
31,Aggregated,>50K,-0.1920389670308481,-0.1948866105539821,0.11723170316996337,-0.19297716230755435,0.40027111575368535
31,Centralized,<=50K,0.05128349481338366,0.05127546284752023,0.03015099016519484,0.05142556882179812,-0.18849752735173178
31,Centralized,>50K,-0.1400819140693373,-0.14255678829668106,0.11358544392699348,-0.14075021114287847,0.2474467386479294
32,0,<=50K,0.0704306236532868,0.08485715401984137,0.023338989516037505,0.07916596978627617,-0.25794641760528697
32,0,>50K,0.0,0.0,0.0,0.0,0.0
32,1,<=50K,0.0714357022415612,0.08578764622355022,0.02188592937523855,0.07995401270372704,-0.25921687678275
32,1,>50K,0.0,0.0,0.0,0.0,0.0
32,2,<=50K,0.07086315547249383,0.08480113643914813,0.02310266967405559,0.07945190633188041,-0.25867990976362526
32,2,>50K,0.0031220798082479562,-0.0058709297508184755,0.006872326663493203,-0.008646896282850815,0.004523419561928136
32,3,<=50K,0.05633778131034534,0.0641220594055459,0.032203393816736633,0.062139412497298464,-0.21250015908372122
32,3,>50K,-0.09563042019022859,-0.126795271720172,0.13326206294496487,-0.10563076535354932,0.23820143772602848
32,4,<=50K,0.0,0.0,0.0,0.0,0.0
32,4,>50K,-0.1666280787421662,-0.21726720158427987,0.13659097168422596,-0.1925226734202045,0.4981593014918509
32,Aggregated,<=50K,0.06785394178709386,0.08073918671662818,0.024752898474247668,0.07587827080882287,-0.24894384183356127
32,Aggregated,>50K,-0.15458182944800428,-0.20191735856280701,0.13601062358439694,-0.17778267473513173,0.4540682826214336
32,Centralized,<=50K,0.05130262161889706,0.058620713098407176,0.03458274045671242,0.056669561294114844,-0.19735191908740907
32,Centralized,>50K,-0.10613379790384413,-0.13719403448400633,0.13605502718873863,-0.12055333322712136,0.28353253572008563
33,0,<=50K,0.07014640268830494,0.07772693602879989,0.018678592101046596,0.0757866514283445,-0.24233858224649593
33,0,>50K,0.0,0.0,0.0,0.0,0.0
33,1,<=50K,0.07156255644914887,0.07864753171392444,0.01725089807918244,0.07664494720643845,-0.24395234721002118
33,1,>50K,0.0,0.0,0.0,0.0,0.0
33,2,<=50K,0.0711293699831017,0.07776435181559274,0.018996232111163063,0.07590119380807141,-0.24348373928077535
33,2,>50K,-0.0011527968061011572,-0.0008766391838319264,0.0023303411104808533,-0.000976702336830555,0.0006757972162827863
33,3,<=50K,0.054549627100793925,0.058678780818654235,0.029127345958091057,0.05846625094198148,-0.2026589132274751
33,3,>50K,-0.116609341032048,-0.13222141992015285,0.12124437898432637,-0.12011872797730253,0.21266393379970622
33,4,<=50K,0.0,0.0,0.0,0.0,0.0
33,4,>50K,-0.19028372742691643,-0.21987151600278373,0.12527801466126146,-0.20356144577266264,0.4477448288572694
33,Aggregated,<=50K,0.06750762403412514,0.07398474080613529,0.02057736508933209,0.07241068726824836,-0.2347441929202459
33,Aggregated,>50K,-0.17778165931532275,-0.20499862702503183,0.12457917320576846,-0.18940323712890875,0.4078730653490326
33,Centralized,<=50K,0.04952235854055689,0.052917512537940456,0.030458374539032832,0.05293309742098111,-0.1885909224036188
33,Centralized,>50K,-0.12990652559574717,-0.14739653525832708,0.11950979383450391,-0.13483145501024577,0.253006351403202
34,0,<=50K,0.06778994284735332,0.07851101979440497,0.023766764668085114,0.07306318724220866,-0.24313091455205202
34,0,>50K,0.0,0.0,0.0,0.0,0.0
34,1,<=50K,0.06861794705806608,0.07896436189145842,0.021784273397341035,0.07413393851396993,-0.24350052086083546
34,1,>50K,0.0,0.0,0.0,0.0,0.0
34,2,<=50K,0.06833378029546949,0.07849062924626778,0.023370319297500552,0.07291264013524021,-0.24326104958257577
34,2,>50K,-0.0012745288416443623,-0.0009056808547750001,0.0028820827771375676,-0.0011565891361961398,0.00045471605547793423
34,3,<=50K,0.0521124676361777,0.05822601407016421,0.03230374145029136,0.05569489293682972,-0.19756008995262478
34,3,>50K,-0.10566748370004446,-0.12793866243495403,0.125196831764619,-0.1144155321682103,0.23659817949840894
34,4,<=50K,0.0,0.0,0.0,0.0,0.0
34,4,>50K,-0.17229573399496453,-0.21457731404127972,0.1268954616770728,-0.1895818742759999,0.4783858826808794
34,Aggregated,<=50K,0.06486362413325783,0.07437112945508775,0.024930359013984184,0.06966331393484808,-0.2337059615131417
34,Aggregated,>50K,-0.16098935246240398,-0.19987640842128393,0.12659195524898473,-0.1768272093602641,0.4373742768917012
34,Centralized,<=50K,0.04830595743348524,0.052887810256381736,0.034024086667433937,0.05110838764129106,-0.18444329254559863
34,Centralized,>50K,-0.11442658977910947,-0.13922247686737102,0.12621809006129098,-0.123931497028932,0.2777737925419454
35,0,<=50K,0.06507625748421357,0.07130657708483877,0.02351460555891892,0.0729731717171251,-0.23287061184509614
35,0,>50K,0.0,0.0,0.0,0.0,0.0
35,1,<=50K,0.06607448514570899,0.07158644915553272,0.021740491478088764,0.07332059077043444,-0.23272201654976488
35,1,>50K,0.0,0.0,0.0,0.0,0.0
35,2,<=50K,0.06639414136237684,0.07119709995520103,0.023075345602544258,0.07342105475605801,-0.2336267414277583
35,2,>50K,-0.0017089880273607914,-0.0014117590621359438,0.0035311158883155193,-0.0011692746050178586,0.0007589058061990762
35,3,<=50K,0.05180355842976188,0.05455901064970979,0.03078968141689892,0.05479122852217471,-0.1938061167626648
35,3,>50K,-0.10547914689228312,-0.11756439710939422,0.10791061104262718,-0.12999937673161382,0.2117175633100046
35,4,<=50K,0.0,0.0,0.0,0.0,0.0
35,4,>50K,-0.1717601790162823,-0.19654815371542497,0.10507203616716086,-0.21056730153874534,0.43256169992763327
35,Aggregated,<=50K,0.06290299075476291,0.06783935327644271,0.024457182481147505,0.06936976612254818,-0.2248384888989705
35,Aggregated,>50K,-0.1605127281998482,-0.18314609209478194,0.1055398446755578,-0.19689511659156966,0.39510310839309276
35,Centralized,<=50K,0.047255448711805516,0.0492995389939125,0.032044077504715184,0.049466879466223405,-0.18082782295410196
35,Centralized,>50K,-0.11846779578901942,-0.1327416275373519,0.1059356968372592,-0.14328900838268538,0.2487050323787445
36,0,<=50K,0.06641166600004443,0.07598792877989781,0.02108420042689995,0.06831685155202241,-0.23180064675886458
36,0,>50K,0.0,0.0,0.0,0.0,0.0
36,1,<=50K,0.06661060890757954,0.07646333971646004,0.0194352971925555,0.06826146705501775,-0.23077071287161285
36,1,>50K,0.0,0.0,0.0,0.0,0.0
36,2,<=50K,0.06666730435477462,0.07547182107906596,0.021207389637310874,0.06805715385365295,-0.23155725515623482
36,2,>50K,-0.0016485523785208056,-0.0005597048506971343,0.0025363525134868337,-0.001574094001353192,0.0012459987170842979
36,3,<=50K,0.05266293328184399,0.05500210901037515,0.03106420359603746,0.05336024234274675,-0.1919345594892171
36,3,>50K,-0.09821800122018655,-0.14303750358994352,0.12683207632257726,-0.10316170750500606,0.2204171133367404
36,4,<=50K,0.0,0.0,0.0,0.0,0.0
36,4,>50K,-0.16057505236098205,-0.22949744870855568,0.13167581319196622,-0.17264019331202457,0.43571238489438724
36,Aggregated,<=50K,0.06364818714764639,0.07157629823725505,0.022775174808168302,0.06509731767673271,-0.22310494724446486
36,Aggregated,>50K,-0.14999360989000146,-0.21482486295911368,0.1308389783465094,-0.1608510726321328,0.3991932435840018
36,Centralized,<=50K,0.048515569365678385,0.049349852613362465,0.03286991546458463,0.04866833296311191,-0.1791344236723809
36,Centralized,>50K,-0.10668415993449529,-0.15564221259972938,0.12688138960174186,-0.11503179885537677,0.254823528362227
37,0,<=50K,0.0644012999247717,0.06877912392878223,0.02292447333497405,0.06791540404004595,-0.22402030122857394
37,0,>50K,0.0,0.0,0.0,0.0,0.0
37,1,<=50K,0.06435244276774839,0.06913144268686683,0.022208407912514598,0.06813535384391885,-0.22382764721104856
37,1,>50K,0.0,0.0,0.0,0.0,0.0
37,2,<=50K,0.06453531301840203,0.06895590524351368,0.02359912928587792,0.06811908240866012,-0.22520942995645382
37,2,>50K,-0.0017972738114231436,-0.001204324195880115,0.003091604468967257,-0.0013801288620726188,0.0012901224004086215
37,3,<=50K,0.05076570628139975,0.05171217849878285,0.03270160272091417,0.05254441206399876,-0.18741388355961808
37,3,>50K,-0.09879593182292529,-0.12262841375970564,0.11914375689446552,-0.10878484788270343,0.21670316924678526
37,4,<=50K,0.0,0.0,0.0,0.0,0.0
37,4,>50K,-0.16248604824662485,-0.19796675574656764,0.11913647852224446,-0.18459644673054487,0.42227832500279355
37,Aggregated,<=50K,0.06156422945599923,0.06533941739824263,0.02496391428391999,0.06480356926073394,-0.21660611733366944
37,Aggregated,>50K,-0.15167860488670795,-0.18518189659721124,0.1191229114777675,-0.17173316148787152,0.3874071612422297
37,Centralized,<=50K,0.046469438302842156,0.04660432434159737,0.03379439450012254,0.047366349543904424,-0.17438896041331403
37,Centralized,>50K,-0.10980240061233468,-0.13536637356368103,0.1174946991359478,-0.12374914582137352,0.24923334055366864
38,0,<=50K,0.0659664954556578,0.06955783696931588,0.02380540627824337,0.06946774760423553,-0.2287974863074526
38,0,>50K,0.0,0.0,0.0,0.0,0.0
38,1,<=50K,0.06573627452303815,0.06985553382049862,0.023197161283512083,0.07010207019047948,-0.22889103981752829
38,1,>50K,0.0,0.0,0.0,0.0,0.0
38,2,<=50K,0.06633926505575917,0.06959714747698716,0.024402053072245945,0.0697760214873852,-0.23011448709237745
38,2,>50K,-0.0014321704230509777,-0.001186759821916746,0.0028630615649796534,-0.00115411940626218,0.0009099880862502498
38,3,<=50K,0.05139536931251914,0.05282529509875421,0.034052196729654205,0.05286894435101401,-0.18974411249508602
38,3,>50K,-0.10029299648836577,-0.11268456962064244,0.12664838217736932,-0.11532847380662463,0.22660269409882508
38,4,<=50K,0.0,0.0,0.0,0.0,0.0
38,4,>50K,-0.16594355039946784,-0.18629051950783385,0.12814491735785194,-0.18914199001408644,0.44543248604437663
38,Aggregated,<=50K,0.06294835463836856,0.0661376547227085,0.02595119245206895,0.06623514210844228,-0.22097923548729625
38,Aggregated,>50K,-0.15480358777047665,-0.173800555828472,0.12787547716202569,-0.17661650380134356,0.4083134341120146
38,Centralized,<=50K,0.04714177799307812,0.04818265562126754,0.03536925126886978,0.04787681337570759,-0.17634109881830637
38,Centralized,>50K,-0.11019904286485237,-0.12341090266241903,0.12656601974023715,-0.12584596107564283,0.26392855069293164
39,0,<=50K,0.06477902910709381,0.0669865547550321,0.023389927335854804,0.06432998475899915,-0.21948549595697991
39,0,>50K,0.0,0.0,0.0,0.0,0.0
39,1,<=50K,0.06545017115448255,0.06733308558591823,0.022296675721948246,0.064638071381127,-0.219718003843476
39,1,>50K,0.0,0.0,0.0,0.0,0.0
39,2,<=50K,0.06542328003755923,0.06751053806536574,0.02441306029539466,0.06474482424016562,-0.22209170263848527
39,2,>50K,-0.0017250209262288185,-0.0013270623302761284,0.0036385701878597606,-0.0018024184048484786,0.0012159314734936646
39,3,<=50K,0.05038196596559108,0.05005950421042286,0.03187253340039707,0.049975169268707695,-0.1838419002740401
39,3,>50K,-0.11027873681647611,-0.12688511053186993,0.10992665233955569,-0.10885435500017072,0.20833200413631187
39,4,<=50K,0.0,0.0,0.0,0.0,0.0
39,4,>50K,-0.17773909153367537,-0.20075871399344938,0.11143469090406352,-0.17352119734728463,0.4161535337981322
39,Aggregated,<=50K,0.062106353692297535,0.06366612425601789,0.025150332560828555,0.061510095247792905,-0.21275852626630293
39,Aggregated,>50K,-0.1662911429129576,-0.18822159155388293,0.11116553246325461,-0.16254692296698753,0.3809026819943799
39,Centralized,<=50K,0.045697633713631794,0.04493353154857739,0.03324069614411533,0.04541950234851164,-0.17108815550757053
39,Centralized,>50K,-0.1216130183158131,-0.1395768256042746,0.11085873117269514,-0.11883594658688788,0.24424693670734626
40,0,<=50K,0.06482943682044055,0.06570092677437135,0.023455782691877234,0.06475578628154413,-0.2187419325682331
40,0,>50K,0.0,0.0,0.0,0.0,0.0
40,1,<=50K,0.06509604397972642,0.0664270333498621,0.02200223187173426,0.0650225016429835,-0.21854781084430625
40,1,>50K,0.0,0.0,0.0,0.0,0.0
40,2,<=50K,0.06503222466078974,0.06663534896889388,0.024617445499914417,0.06474486270201193,-0.22102988183161004
40,2,>50K,-0.0016163819730448943,-0.0013391458334182287,0.003294083263292467,-0.0016391063785674567,0.0013005509217381126
40,3,<=50K,0.04992232361311101,0.05068194396673954,0.0336462993428275,0.04986248381197511,-0.18318205031516208
40,3,>50K,-0.10599420905149616,-0.10896472966915756,0.1233122770920941,-0.10387185847396053,0.2122762735221194
40,4,<=50K,0.0,0.0,0.0,0.0,0.0
40,4,>50K,-0.17834458264402403,-0.18406780303468276,0.12296503375605797,-0.1750683887971624,0.41606198706750025
40,Aggregated,<=50K,0.06182693784676851,0.06298874863826953,0.025515930895101072,0.06169991395474533,-0.211836292411962
40,Aggregated,>50K,-0.166068339265431,-0.17132458022042202,0.12300858281864734,-0.16298798814015047,0.3814946883779949
40,Centralized,<=50K,0.04504951404072925,0.04570770282689016,0.034654563348024144,0.04536812656442109,-0.1705015761988794
40,Centralized,>50K,-0.12091393761039956,-0.12414585364323576,0.12113871877786585,-0.11827490026183526,0.24610785245229752
41,0,<=50K,0.0642732561802672,0.0623313879547174,0.023934656346603588,0.06440016293754183,-0.21478578278928492
41,0,>50K,0.0,0.0,0.0,0.0,0.0
41,1,<=50K,0.06461859853217534,0.06286799180183146,0.02259046096272561,0.06481795268086935,-0.21489500397760172
41,1,>50K,0.0,0.0,0.0,0.0,0.0
41,2,<=50K,0.06437202657479442,0.06261553280252775,0.024499467816467634,0.06469621261682006,-0.21618323981060988
41,2,>50K,-0.0017957025508558498,-0.0022177324011330613,0.0037767065786608513,-0.001662081730359162,0.0018988101036872202
41,3,<=50K,0.04909945204193778,0.04898860200423361,0.03272097342957188,0.049436048134492545,-0.181795685441643
41,3,>50K,-0.11586754597305225,-0.10386209501634888,0.11427586028726294,-0.11362155806538982,0.19097200423543656
41,4,<=50K,0.0,0.0,0.0,0.0,0.0
41,4,>50K,-0.18399748797747467,-0.16247500763524345,0.11557922439828516,-0.17817862182806274,0.38929125021636823
41,Aggregated,<=50K,0.061208169673458435,0.05974949932745363,0.02557191038018162,0.06145010432835902,-0.20826437598714137
41,Aggregated,>50K,-0.1724353447856242,-0.15252752577921408,0.11534421992726653,-0.1672223283429298,0.3556532766029529
41,Centralized,<=50K,0.0442228887135077,0.044873393107184266,0.03402829101513613,0.04500319376046624,-0.16957055747891095
41,Centralized,>50K,-0.12773116898928316,-0.11135859130780196,0.11463668880342127,-0.12230742336262942,0.22573813242294782
42,0,<=50K,0.06182351960146518,0.06314514779552523,0.022952211272833086,0.061175431486444436,-0.2092499907861131
42,0,>50K,0.0,0.0,0.0,0.0,0.0
42,1,<=50K,0.06277928471060422,0.06398245412020673,0.022179442067252246,0.06215190703658882,-0.21109308793465198
42,1,>50K,0.0,0.0,0.0,0.0,0.0
42,2,<=50K,0.062478735837191074,0.06396722632131449,0.02410007923178802,0.06188641565753255,-0.21243245704782643
42,2,>50K,-0.0017533023265915563,-0.0013331835422930199,0.0031255647454790573,-0.001893978944868734,0.001854900068274253
42,3,<=50K,0.0479690331657916,0.04841499576792161,0.03412983507539224,0.04817496259887968,-0.17729351590798667
42,3,>50K,-0.1046448348667313,-0.1094286101566732,0.1291394050257783,-0.09807598016763998,0.20834181419058856
42,4,<=50K,0.0,0.0,0.0,0.0,0.0
42,4,>50K,-0.17198686143523087,-0.1835420045968153,0.1289910529351984,-0.16322600418382147,0.40644935403730903
42,Aggregated,<=50K,0.059342494230722,0.06049323865455307,0.02539506907519711,0.0588936477886908,-0.20387232505631353
42,Aggregated,>50K,-0.16055969081387186,-0.17096646619131048,0.12900012653398688,-0.15217121985545418,0.37284504242266625
42,Centralized,<=50K,0.04314786452325871,0.043185801265645744,0.03505754758162204,0.04361805643936579,-0.16378297353741583
42,Centralized,>50K,-0.11680550917284768,-0.12478724888612792,0.12681994696574328,-0.10973355389178976,0.2424876007405558
43,0,<=50K,0.06099530927277242,0.061330890137955923,0.02283395111106023,0.06015661941451569,-0.20531676993630427
43,0,>50K,0.0,0.0,0.0,0.0,0.0
43,1,<=50K,0.06174856916679057,0.06182911609998835,0.022479666456495705,0.06099006586828463,-0.20704741759155929
43,1,>50K,0.0,0.0,0.0,0.0,0.0
43,2,<=50K,0.06151518533026764,0.061966333572894695,0.023917394487355206,0.06077780890967987,-0.2081767223001974
43,2,>50K,-0.0017468482348133138,-0.001622485108202062,0.0032114255683255693,-0.001988922632301288,0.002146830406991092
43,3,<=50K,0.04634571062477401,0.04665904217456177,0.032974671308908333,0.0466185574431841,-0.17337368283951132
43,3,>50K,-0.11308220821637645,-0.11172524804269905,0.11494902325570444,-0.10512312736504428,0.2009953474555851
43,4,<=50K,0.0,0.0,0.0,0.0,0.0
43,4,>50K,-0.17802920115174936,-0.17653523922546036,0.12225569564391289,-0.16584902879996571,0.3955705151451338
43,Aggregated,<=50K,0.05825854316941608,0.0585527184256113,0.025152631333614974,0.057700764885392275,-0.1998273291521181
43,Aggregated,>50K,-0.16700689672998015,-0.16553631293483106,0.12100301037397075,-0.15554321867220863,0.362565892472457
43,Centralized,<=50K,0.041688855389974834,0.04217052246548626,0.03426141012700571,0.042332692975262175,-0.16076257361257282
43,Centralized,>50K,-0.12331323917060577,-0.12150039979664967,0.11937475454351701,-0.11349712959176934,0.23457395001731188
44,0,<=50K,0.060189364098163195,0.06265333209633081,0.022378312671015973,0.06179829355188934,-0.20701930241739955
44,0,>50K,0.0,0.0,0.0,0.0,0.0
44,1,<=50K,0.060761963724409854,0.06306000864886956,0.022465726668544694,0.06243828228229378,-0.20872598132411788
44,1,>50K,0.0,0.0,0.0,0.0,0.0
44,2,<=50K,0.06055006175479145,0.06312317942202993,0.023679570873615653,0.0624546719707169,-0.20980748402115423
44,2,>50K,-0.002004670964458294,-0.001282253205470134,0.002646849377401521,-0.0015054770607049333,0.0021455518532318414
44,3,<=50K,0.04666667536974829,0.047395613543117644,0.034290809002303344,0.047535661364164546,-0.17449154322969204
44,3,>50K,-0.1003081027903824,-0.11009105421857512,0.13080279623568533,-0.10253865006949256,0.20715668687096242
44,4,<=50K,0.0,0.0,0.0,0.0,0.0
44,4,>50K,-0.16400843376642305,-0.18470815117109438,0.1366071287300522,-0.17562394936158962,0.39752636731312146
44,Aggregated,<=50K,0.0575993970082756,0.05968455824985945,0.025242285743371548,0.059148797500701365,-0.2013820300879143
44,Aggregated,>50K,-0.1531990927003621,-0.17204714738957272,0.13560698667777932,-0.1632235672761151,0.36523376223179926
44,Centralized,<=50K,0.0421930127673208,0.04234859466652255,0.035754900807102634,0.04271057877815842,-0.16214107783539855
44,Centralized,>50K,-0.1116750351135997,-0.12612432002706744,0.13219236756267222,-0.11874184047690485,0.23651057221422445
45,0,<=50K,0.0605846805715734,0.061510474582092974,0.023781738939647808,0.061647151371588674,-0.20752404546490313
45,0,>50K,0.0,0.0,0.0,0.0,0.0
45,1,<=50K,0.0611094942615711,0.062152579783117765,0.02317712785536848,0.062274874124135904,-0.2087140760241931
45,1,>50K,0.0,0.0,0.0,0.0,0.0
45,2,<=50K,0.06073237349700014,0.061690188990963325,0.02466687379593635,0.062158245494243126,-0.20986249869597146
45,2,>50K,-0.0017643162594931034,-0.0015810148576467099,0.003207593922377708,-0.0014579481578485115,0.0015956853526106177
45,3,<=50K,0.046266226031089173,0.04655043458034842,0.03457778116292839,0.04698049279012244,-0.17344106879455726
45,3,>50K,-0.10448957871088552,-0.11094302121548721,0.12677510276290907,-0.10641271370767474,0.21137335728628803
45,4,<=50K,0.0,0.0,0.0,0.0,0.0
45,4,>50K,-0.16558013423654735,-0.17706598330497722,0.1295614631054561,-0.17431970619229648,0.41566982683121584
45,Aggregated,<=50K,0.057759134242357124,0.05858971576051503,0.02611966182349937,0.05887142392033432,-0.20130605741408353
45,Aggregated,>50K,-0.15521256969681316,-0.16584461120661093,0.12907343346585842,-0.16279651428085506,0.38101611101727084
45,Centralized,<=50K,0.04197320035474498,0.04189110335701985,0.03568718121645173,0.042430711255321156,-0.16021707703983665
45,Centralized,>50K,-0.11219304796197842,-0.1211649290677074,0.12787711176407873,-0.11782673081217451,0.24948220951804945
46,0,<=50K,0.058685113533567965,0.06047576728173213,0.022526381498897127,0.05999101235539138,-0.20167827466958863
46,0,>50K,0.0,0.0,0.0,0.0,0.0
46,1,<=50K,0.05896667094381811,0.06090920267094576,0.022780463296776403,0.060550294002958624,-0.20320663091449895
46,1,>50K,0.0,0.0,0.0,0.0,0.0
46,2,<=50K,0.058935964190495876,0.06094998919458008,0.02436382620388209,0.06059141120439624,-0.20438000728441932
46,2,>50K,-0.0021017738962734985,-0.0015377156820610598,0.0031891837638088815,-0.0016408436002792307,0.002091149414804907
46,3,<=50K,0.04538068657194441,0.045160507245624947,0.03325768207353195,0.04515888273347395,-0.16926925998870815
46,3,>50K,-0.09773592149542304,-0.11666903708855662,0.12000743458195469,-0.11257575669710432,0.20157183421006947
46,4,<=50K,0.0,0.0,0.0,0.0,0.0
46,4,>50K,-0.160488885754735,-0.1855149683691825,0.12264552257743834,-0.1790879927999079,0.39496132423144537
46,Aggregated,<=50K,0.05603531142856825,0.05750312797444432,0.025327800704623617,0.057186080293646135,-0.1959961551934134
46,Aggregated,>50K,-0.14984045779296676,-0.17383133439477128,0.12218348492958528,-0.16780044061348745,0.3621575858150184
46,Centralized,<=50K,0.0410281597473438,0.04034610165920929,0.03449612525403142,0.040588706488458165,-0.15686845538518662
46,Centralized,>50K,-0.10884196956841906,-0.12927856963958323,0.12049864309276034,-0.12400527665240342,0.23461811649772546
47,0,<=50K,0.05870219895208431,0.05887867453126141,0.02223161343543061,0.05991973893218706,-0.1997322258509634
47,0,>50K,0.0,0.0,0.0,0.0,0.0
47,1,<=50K,0.059557617414543566,0.059452362334666976,0.021977912387514446,0.0605209736139249,-0.2015088657506499
47,1,>50K,0.0,0.0,0.0,0.0,0.0
47,2,<=50K,0.058862498262707834,0.05918951693701355,0.02306304853606696,0.06011178117925796,-0.2010732115061526
47,2,>50K,-0.002012348917382925,-0.0018616059900006536,0.0027556994553537455,-0.0014498343583894927,0.0025680898104193262
47,3,<=50K,0.04453236753794979,0.044580239744887624,0.03294928100784349,0.04445837311966884,-0.1671426258161482
47,3,>50K,-0.10675718488884728,-0.10508888144360619,0.12296467518092569,-0.11607765480053965,0.1940573460259774
47,4,<=50K,0.0,0.0,0.0,0.0,0.0
47,4,>50K,-0.17211565348969277,-0.170976406436187,0.1311690402974781,-0.18403788455781472,0.3843621491225639
47,Aggregated,<=50K,0.055998232450767224,0.05611317998391001,0.02463139469945578,0.05688632869708624,-0.19371917937171051
47,Aggregated,>50K,-0.16102444706111288,-0.15979572183083138,0.12976312138208165,-0.17250443561407533,0.3520822648512236
47,Centralized,<=50K,0.0399919474260678,0.04026388519111239,0.03474961802505708,0.039903559157002416,-0.1557071422081958
47,Centralized,>50K,-0.11895658837663706,-0.1175715324952999,0.12663124989591046,-0.12837181928249575,0.22683663637308354
48,0,<=50K,0.05914855936767644,0.05955327041100192,0.02493120327265313,0.059284378926271815,-0.20291741197760343
48,0,>50K,0.0,0.0,0.0,0.0,0.0
48,1,<=50K,0.05942699210593645,0.059704193968685426,0.02504556661811231,0.059733552677937764,-0.20391030537067187
48,1,>50K,0.0,0.0,0.0,0.0,0.0
48,2,<=50K,0.05934287085369985,0.0597902734271136,0.026150693386913434,0.05956007734081696,-0.2053049568545912
48,2,>50K,-0.001996253123885317,-0.0018556385211981588,0.0039931614653410915,-0.001919601758497238,0.0017783319382396225
48,3,<=50K,0.045165737423608215,0.04546367549530702,0.034683715881552495,0.045185415047076564,-0.1694390822208727
48,3,>50K,-0.10229656254739809,-0.09986453487123284,0.12054791064709496,-0.10281828771940489,0.2057683532732626
48,4,<=50K,0.0,0.0,0.0,0.0,0.0
48,4,>50K,-0.16418578638604567,-0.1653601522564865,0.11866437434748121,-0.16614765574376092,0.40205646099149533
48,Aggregated,<=50K,0.0563407746358999,0.05670075090475564,0.027327767960930942,0.056518656385681945,-0.1967872239741938
48,Aggregated,>50K,-0.15368316187501568,-0.15424655904116297,0.11896875707838352,-0.15540085957103678,0.3687608500772157
48,Centralized,<=50K,0.04091258987822656,0.04110096986526441,0.03579595475104567,0.04084062301396433,-0.1570071087686306
48,Centralized,>50K,-0.11157971860794362,-0.1114894598584154,0.12011483042593908,-0.1128250586085991,0.2400637166952441
49,0,<=50K,0.056458335802850805,0.058219186422127076,0.024029500257392013,0.05835189969552209,-0.1970589221778922
49,0,>50K,0.0,0.0,0.0,0.0,0.0
49,1,<=50K,0.05732053454430302,0.05889411770855373,0.02482156146328486,0.05901284198040593,-0.2000490556965475
49,1,>50K,0.0,0.0,0.0,0.0,0.0
49,2,<=50K,0.05709746423850885,0.05895989274059798,0.02542139758719336,0.059175383923351914,-0.20034673005249834
49,2,>50K,-0.0025336068866229117,-0.0018692798469748294,0.0037260159770347626,-0.0017128398895252985,0.0023897106460882772
49,3,<=50K,0.04376002328665351,0.04355660628228287,0.03383597386965613,0.043660194495436774,-0.16524989515490238
49,3,>50K,-0.0941603153455138,-0.11311834289170748,0.11447185678069267,-0.11163315473048865,0.19400477733078547
49,4,<=50K,0.0,0.0,0.0,0.0,0.0
49,4,>50K,-0.15394528398137317,-0.179071692442448,0.11405383293214261,-0.1787333206682183,0.38476891560523613
49,Aggregated,<=50K,0.05419088396196792,0.05551723725700331,0.02666132457739273,0.05566196384170126,-0.19204209201064862
49,Aggregated,>50K,-0.1438004236286738,-0.16787882793333195,0.11411056139202266,-0.1673462474828996,0.3524111608758101
49,Centralized,<=50K,0.039776785191048325,0.03900532286447381,0.03500312304406964,0.03921715800879948,-0.1538162266203268
49,Centralized,>50K,-0.10443338641329544,-0.1252324553136384,0.1145909490328568,-0.12449970681580778,0.22714457954355344
50,0,<=50K,0.055753995003376494,0.05556487058306821,0.02551054173776012,0.05517617001379046,-0.19200557733799525
50,0,>50K,0.0,0.0,0.0,0.0,0.0
50,1,<=50K,0.05674563491604857,0.05642544749070169,0.026387696190549117,0.05599811193061481,-0.19555689052791422
50,1,>50K,0.0,0.0,0.0,0.0,0.0
50,2,<=50K,0.05593624467404867,0.0557916110501093,0.02662483644261111,0.05532546688063196,-0.19383183965549877
50,2,>50K,-0.002400671639222953,-0.0024274273488913965,0.005350150699853205,-0.002626424466948838,0.0021043727552099833
50,3,<=50K,0.04172773425391121,0.041688469730732945,0.03387730471154457,0.04196282373433464,-0.15925633243052337
50,3,>50K,-0.10684755607110646,-0.10389989595669183,0.10573087943703262,-0.09475116184778952,0.19976773443855506
50,4,<=50K,0.0,0.0,0.0,0.0,0.0
50,4,>50K,-0.17010990179514912,-0.16478276080246573,0.10135452114701793,-0.15635089602903357,0.38637663024627833
50,Aggregated,<=50K,0.05312180379146345,0.05294130054768693,0.02778973333042396,0.05266106968395765,-0.18655439150077846
50,Aggregated,>50K,-0.15937401296060194,-0.1544505582965811,0.10208348421788803,-0.14589838085695678,0.35472239151523033
50,Centralized,<=50K,0.03742993153969086,0.037751999082714434,0.03476401209388438,0.038059896218570165,-0.14826284028792455
50,Centralized,>50K,-0.11861301734248582,-0.11418006222594514,0.10564197241898773,-0.10639709542473681,0.2305429928416198
