Round,Evaluator,5,1,0,2,4,3
0,0,,,,,,
0,1,,,,,,
0,2,,,,,,
0,3,,,,,,
0,4,,,,,,
0,5,,,,,,
0,Aggregated,,,,,,
0,Centralized,,,,,,
1,0,6.402755643121533,6.307934381768771,6.277573422488537,5.837330797499018,6.399582541724487,4.8776568591585185
1,1,6.172362179533785,6.00676158005594,6.053028379836608,5.357080953549665,6.167846512354562,4.30973080853644
1,2,6.747475140557729,7.382679849111297,6.6464640978327045,9.720240153368087,6.766585124805994,9.955465001496716
1,3,6.828565193967829,7.536676708449889,6.729516085379627,10.150093631570583,6.849608190287032,10.46854709023879
1,4,4.48299411953108,4.158225642598754,4.362522049901134,3.199978935537225,4.489433626925263,2.3849807745729565
1,5,4.855183968587111,4.542704881789696,4.723815498311121,3.7418992194210268,4.86649295228582,2.843350048771927
1,Aggregated,6.448069048428812,6.8610629100393465,6.339372276088798,8.407222507971795,6.46308672622474,8.332291701651732
1,Centralized,6.448069046238587,6.861062908351078,6.339372279117628,8.407222507235685,6.463086728873272,8.332291702445632
2,0,0.5676851906947317,-0.45411407205265275,0.512507014599781,-1.8220273219200358,0.01465813660477829,-2.351291458327266
2,1,0.40518957846271103,-0.7055930660952979,0.29417441880819595,-0.7631038649746457,-0.17401188132595685,-1.204277127849925
2,2,-0.6151672039026678,-0.7355009776849547,-0.8470462777029747,4.427558849939359,-0.5283514773184623,5.036006535637276
2,3,-0.7061866070350804,-0.6996472516368786,-0.9123736050589252,5.105788563188576,-0.5673728951971546,5.4784849150922375
2,4,0.5204722274744362,-0.985408715154984,-0.2604296564181509,0.3015885876699063,0.32622903721285934,1.1069989044797521
2,5,0.673622071043839,-1.0870054974306274,-0.29824452186700234,0.6616064911598168,0.4295278565518823,1.511749426698025
2,Aggregated,-0.29631428048941305,-0.7439036217372222,-0.6015412055374068,3.2121186156864736,-0.3279852209405912,3.6196362095706296
2,Centralized,-0.29631428166027785,-0.7439036236691269,-0.601541205763234,3.212118612148785,-0.32798522122742507,3.6196362090160132
3,0,1.9420244914374363,2.578773389934891,2.1995727000886522,2.1875025377561124,1.7971876975896932,2.2385306851797795
3,1,2.5869503072749143,3.337665407978863,2.5940301378041446,2.0357727806753867,2.549396341584353,2.4725934535108354
3,2,-0.2763931829990379,0.005269714076915674,-1.7218717439712605,3.618774516918447,-1.9500938574099596,5.487994972006917
3,3,-0.5353331762433388,-0.1622259554503956,-1.9468333194938718,3.8554263069493704,-2.273157630488937,5.184439472441814
3,4,2.780832487387655,2.1856239570664697,1.4094032328603558,1.419411072240108,2.611089464612855,1.7577507732688906
3,5,3.5001129975104566,2.443613609525735,1.9069086481282633,1.0182592674880258,3.4557843110041304,1.3518817613202199
3,Aggregated,0.5170398039245663,0.7083572092684992,-0.7310625415851683,3.1759619933309757,-0.7581748345126835,4.3884260861436895
3,Centralized,0.5170398015920857,0.7083572113354314,-0.7310625442099633,3.1759620011321634,-0.7581748346602755,4.388426080527314
4,0,-1.0590136448670682,0.7732234890690683,0.939925387219408,0.017090363168163827,0.4595327636770398,-0.6083990628096209
4,1,-1.3842334882449276,0.7129707094618596,1.1315291093984037,-0.38102522555891355,0.9109406103605123,-1.1885750278173828
4,2,0.11717015704903394,0.19159566693686242,0.0026779150153400464,1.813497226577416,-1.610991411821928,1.5412559414709888
4,3,-0.03021941372478274,0.13001840045728041,0.09998122989502992,2.2510281592602204,-1.8107231482246027,1.2128976164940117
4,4,0.7846900247570352,-0.027138277915833696,-0.21416179300313018,-0.3685957547361202,1.4714984805564348,-0.4455089805267906
4,5,1.0005978720281834,-1.006181134656329,-0.18714858737628653,-0.6284260419474228,2.233736233738575,-0.9177569372792066
4,Aggregated,0.02643121643572262,0.12943652131616604,0.13717740113181567,1.3436110977931401,-0.8548993677616652,0.7612205822181264
4,Centralized,0.0264312133456207,0.12943652521090898,0.13717739771348422,1.3436110979373326,-0.8548993686057267,0.7612205844031935
5,0,0.2078106886852959,1.6703656445824533,1.617028525319986,-2.837908177071933,-1.2716858499367238,0.3355401911320523
5,1,0.2023289095567932,2.0722476870713513,1.9309374324042106,-3.7484663541303855,-1.4775159348940456,0.3258987002457797
5,2,-0.8009152063184187,-1.440818921009074,-0.2685386706666313,1.8563295399713537,0.2944692954380328,2.3380540680037063
5,3,-1.0282441928192192,-1.7320637938199468,-0.2160780250899714,2.559654021603048,0.33519321555559833,2.046634363033268
5,4,1.655788059011962,1.1892406411571819,0.2093840187103263,-2.7594555215560534,0.5503957314842516,-0.9734890267991807
5,5,2.427305191615868,0.8875697246297517,0.3445458114578461,-3.7734358684145124,0.7299827803473845,-1.1425510901466551
5,Aggregated,-0.2817651952001609,-0.7252433792834676,0.10800001418264868,0.5756141466589978,0.1584112160814885,1.418903245797093
5,Centralized,-0.28176519953192786,-0.7252433799681673,0.10800001189980983,0.5756141439810791,0.1584112185501892,1.4189032423469068
6,0,0.07014180372715419,0.5715689863067098,1.1140282042065155,1.1022002083404687,0.4091947738368073,-0.3528088846796595
6,1,0.41218940093559203,1.024495807894183,1.5974137248164848,1.0322832395792898,0.9671230485881802,-0.9478131860574733
6,2,-0.7503063455157986,-1.7869786812956256,-0.8541625631157994,1.2437486121806316,-1.990815289946522,3.1048696139541585
6,3,-0.9580581127433986,-1.9865326303430013,-0.8606551018013102,1.5016753030161583,-2.151594757861556,3.099449293245408
6,4,1.2808734894348153,0.8913125064798728,0.34096681455382005,0.09802857377452451,1.3421635518650998,-1.0004753426881012
6,5,2.2091686420753125,0.8102935596681209,0.6788575229481185,-0.10229167384639411,2.260715228757746,-1.2780384030555982
6,Aggregated,-0.2935605980478291,-1.1112811740395876,-0.35508778800518864,1.1482205977009756,-1.1301099429780643,1.9691073342358072
6,Centralized,-0.29356059891967173,-1.1112811753629899,-0.3550877849433121,1.148220602288621,-1.1301099432902413,1.9691073369037693
7,0,-0.439566815130992,0.6289210534346948,0.7852313698868398,0.37006141164541134,-0.517860275194548,-0.19833305931415018
7,1,-0.33283651396069497,0.5702575567046066,0.8343309866507844,-0.17171982841354275,0.12634024339150882,-0.33152703413794665
7,2,-1.0024866563311516,-0.3903036386430204,0.7596085653439897,2.143977198313367,-2.6438402041032347,1.9253516080225068
7,3,-1.163324993356824,-0.5249876577708922,0.8750188075468415,2.5472479079251054,-2.7551325162893785,1.7688817478692784
7,4,0.9980427879959131,0.41057130483832777,-0.2703862199775461,-0.8713827137682747,0.8865988332824796,-0.8683910889566588
7,5,1.7346644603056032,-0.2919471128755245,-0.24081390232021546,-1.5515135575742907,1.7231919184790179,-0.9649818277508577
7,Aggregated,-0.6152918690840898,-0.23549570885592586,0.6529253557069594,1.5153436157326297,-1.7951705730489578,1.1601626393108295
7,Centralized,-0.6152918629904962,-0.23549570910266657,0.6529253533728336,1.5153436265650293,-1.7951705662329864,1.1601626402213012
8,0,-0.3454133097297699,0.7690028988878428,0.790818703897472,-0.101459076922832,0.024028737900709272,-1.1183705163488111
8,1,-0.22080092017023492,1.0030515252339949,0.9830482056932573,-0.8628830622808362,0.15502164590655484,-1.6775087336045493
8,2,-1.396208944065622,-0.3038401746439352,0.41850537667367704,1.1489604110560612,-0.6599732410713437,1.9208379843280456
8,3,-1.6299041007146065,-0.379507655556665,0.5427995601327407,1.4630513140234638,-0.7351753956372359,1.8828814091229635
8,4,1.1483887849223315,0.40674823368647567,-0.2352744421046011,-0.8609912947916996,1.273763488241679,-1.9938977213465494
8,5,2.105768349931958,0.02086271670271287,-0.3089937249279608,-1.8485056942186506,1.9445705936127473,-2.5490767197516213
8,Aggregated,-0.8725047864416413,-0.09478757420356035,0.4145559939226077,0.668780270581739,-0.2342578576141535,0.8124201543226478
8,Centralized,-0.8725047886223566,-0.09478757190525204,0.4145559987726547,0.6687802717191531,-0.2342578566445037,0.8124201527438387
9,0,-0.5525736705128338,0.9159278522044115,0.9498588413383248,1.5330345585776712,0.4182668537046619,-2.5039863825893063
9,1,-0.6994549836599643,1.1087527783368407,1.4220445609870767,1.9012992420829928,0.9091679766244457,-3.611665859056151
9,2,-0.18270040188781375,-0.4110124935618466,-0.0294113864609052,0.4454340806462381,-1.4405507924075291,1.907815506115907
9,3,-0.3547072781865174,-0.539234421135047,0.04542466735095921,0.6615019018872558,-1.569296894950425,2.1490281461990626
9,4,0.998661168599053,0.48137977146040467,0.25628487488723684,1.064424585698085,1.7818267137880175,-4.013637759345387
9,5,1.7807926375191307,0.08021662911229134,0.3954530476744775,1.3227837481855964,2.723394959946066,-5.320200793400599
9,Aggregated,-0.04094749439232878,-0.16150830878816042,0.21015801505584328,0.828822549341839,-0.6556459721021971,0.296135267785202
9,Centralized,-0.04094749393806703,-0.16150830529327448,0.21015801702555853,0.828822552952841,-0.6556459673749535,0.2961352632864161
10,0,-0.044087600947755275,0.585135242413685,1.241840968374195,-1.6887581855431022,0.39787920130436716,-2.0587441142012133
10,1,0.40707566206270956,0.23212686130758164,1.5567175376160183,-3.4297882087903613,1.1026407382850747,-2.9597937038150697
10,2,-1.1923609679200768,-0.01524207025230605,0.6148411564453765,0.8805130066805668,-1.5654578814475295,1.2959164091897486
10,3,-1.3978740150766609,-0.10930486575358889,0.7308296466063471,1.079934130034042,-1.6891486862770724,1.2946662372962094
10,4,1.6762479696742048,-0.5983241629672965,0.3154489547984132,-2.1804699286711835,2.0241881257611527,-3.0038215262428367
10,5,2.9074244619154395,-1.4893553222166396,0.39143145399345985,-3.7317163393098705,3.075221741269978,-3.963445879937309
10,Aggregated,-0.5471266586461799,-0.14272462194740768,0.7261197807423574,-0.09088408368728713,-0.6821665987702619,0.038850132249229
10,Centralized,-0.5471266538028475,-0.1427246197557688,0.7261197821325396,-0.09088408486354978,-0.6821665978307027,0.038850137949406144
11,0,-0.2421206238612151,0.5675069044343661,0.9160325190073179,0.8671645120480843,0.08403604359542587,0.15499065259982517
11,1,-0.1268666846411889,0.6429292819340838,1.6433923616567758,0.8918512767056913,0.6747554305852846,-0.08833761337926713
11,2,-0.3577073326612904,0.06823117396753735,-0.20721101857705193,1.3567357808719334,-1.9722947414450673,1.2214927268442506
11,3,-0.48222627750962943,0.03480590831586948,-0.19991064265826633,1.7692910343675263,-2.084862322141471,1.0151083235762228
11,4,1.2507623642043495,-0.15083997475671637,0.6289864987914278,0.132611761370873,1.654512896934522,-0.9539763913918571
11,5,2.195695243881468,-0.6891977946677338,1.142292846678306,-0.5314253071652011,2.620050005617748,-1.2792278377687347
11,Aggregated,-0.04107811567015085,0.058439803679340034,0.16025907436670003,1.2095140762007601,-1.0913033009224136,0.6351521158738541
11,Centralized,-0.041078113928646784,0.05843980614344141,0.16025907376438472,1.2095140775389774,-1.0913032982686415,0.6351521140921883
12,0,-0.595766753710095,0.34924755682361397,0.7118292812392338,-0.6338996448754085,-0.03937879892695108,0.22139740738824273
12,1,-0.25624128069918134,0.21263221991303713,1.1575365698052644,-1.4567693266304909,0.2655809918839728,0.08023330115372254
12,2,-1.4092229813559252,0.09352841992016761,0.23624630591095053,1.4837600093286873,-1.0565849298242598,1.0926439153918506
12,3,-1.5979289210630645,0.1051972644450537,0.3381866503583427,1.9436918908018472,-1.1116162368848759,0.8234809473323741
12,4,1.3075720855312265,-0.37255994296065087,0.04822947348051017,-1.632596233942774,1.3532301902472212,-0.6878062283429901
12,5,2.313247612674529,-1.0597866551736108,0.15755944902017321,-2.707519563197337,2.081258572355052,-0.9347248150402122
12,Aggregated,-0.8559913100309706,0.0019312943695619744,0.3405402997864806,0.7513786610835601,-0.4997151523359063,0.5853303406770091
12,Centralized,-0.8559913134909117,0.0019312942625602976,0.3405402975609635,0.7513786658382096,-0.4997151579460453,0.585330334851816
13,0,-0.3604403803072897,0.30415199431854195,0.24739524767220172,0.4382870968876588,-0.31279693009699994,-0.022972861993444168
13,1,-0.2234953328165337,0.29615435192407197,0.8741392098936487,0.13119713856397178,-0.31900657230728097,-0.25296314494363453
13,2,-1.4189273711597694,-0.22914013638952643,-0.9108881598719202,1.21357679434485,-0.02355657887192309,1.3381589362612973
13,3,-1.596358879783419,-0.299366004277612,-0.9430252404094702,1.5477979685942267,-0.0025868675715598932,1.248904725370515
13,4,1.172457907824874,-0.39828473368985506,0.49322305474991995,-0.28431677814290107,0.8052249068946079,-1.1643988877551186
13,5,2.1531262142777257,-0.9987365441898723,0.8305127856242454,-0.9161344167487193,1.3071870276158357,-1.8067110537025703
13,Aggregated,-0.8670095958227132,-0.25576699005844833,-0.4912779656089877,0.9356785306354044,0.12679904545490925,0.6732886857635039
13,Centralized,-0.8670095906214622,-0.2557669898628262,-0.4912779576541141,0.9356785285792589,0.12679905301984948,0.6732886907930814
14,0,-0.38727887519535525,0.3798920222855671,0.3411168671886095,0.4726016456445523,-0.22721173471114325,-0.4617926586114412
14,1,-0.39360743770158446,0.29704240480415417,0.4202970418482038,0.3354017376975511,0.29925656435118536,-0.9121929680902671
14,2,-0.26623174028255586,-0.09867139265344207,0.2530874038193067,0.7868730164233505,-1.3627194547051014,0.8102476524412814
14,3,-0.4203724539268377,-0.12096269877174348,0.3865861859412825,1.065738053079971,-1.4636664871744012,0.6925101993838455
14,4,0.8131943802516436,-0.112156301422982,-0.5747629016459063,-0.09866871512301048,1.351483234239879,-1.3325097942341189
14,5,1.8025867009418144,-0.7254552076165737,-0.7566444096610317,-0.4887720824745459,2.2191259226187503,-1.81250410632673
14,Aggregated,-0.08430265504456493,-0.09601235946346952,0.17073519688976277,0.6724731695712334,-0.7405040932373519,0.20280240193205587
14,Centralized,-0.0843026446680111,-0.09601235553168054,0.17073519638974516,0.6724731708491818,-0.7405040834376927,0.2028024021447591
15,0,-0.8589237824402383,0.3491430092992809,0.3190608392313254,-0.3345771658081226,0.02568409635274769,0.32904090046724116
15,1,-0.6133996125530288,0.38477554994706636,0.685055667795074,-0.17723001539117772,0.24637143680571338,0.1637999756684004
15,2,-1.806709575499712,-0.08410122479525721,-0.25574900301230363,0.8311749742284472,-0.5209282842100825,0.7102911118186757
15,3,-1.9846409282221904,-0.13520434081628316,-0.21777303320768457,1.1184837789723001,-0.5402202962247545,0.5287268191470496
15,4,0.7803583312284783,0.1228955376665823,0.08169672299525697,-0.48143451419834155,0.9782544961297078,-0.3598815940758999
15,5,1.6183775089088528,-0.22737959322428042,0.11561841804537122,-0.9097554455727166,1.6398687400289624,-0.5168085558585456
15,Aggregated,-1.284313158971702,-0.03481105837881956,-0.09060201422309265,0.5742214193304033,-0.16258249056584861,0.4162404847679491
15,Centralized,-1.284313157928598,-0.03481105932908309,-0.09060201369776859,0.5742214202358537,-0.1625824899102673,0.41624048780780465
16,0,-0.08574654227170289,0.43359353240699705,-0.17858889073321613,0.6721520159663111,-0.7040529205889327,0.055376198514584196
16,1,-0.27894301850198855,0.42171491043689396,0.21068790296348855,0.00539491865625913,-0.30704841146358847,-0.06358267141676127
16,2,0.09288646686382925,0.002948492828699203,-0.9370974535391032,2.3679762441420125,-1.6173131751602836,0.6069977470236637
16,3,0.039911500458973785,-0.03564087765137592,-0.9395069378329766,2.73396405843712,-1.6849181558493485,0.380692402385147
16,4,0.689399426523847,-0.025900614033868525,-0.08690381319537195,-0.8495313091468953,0.7303767071722395,-0.37839436920916136
16,5,1.3547400872658377,-0.39480108041479395,0.08653692732154662,-1.938640594140908,1.3782977912473497,-0.5954978591006407
16,Aggregated,0.18371830896273014,0.013114516722357096,-0.6753816901375804,1.6663111757406222,-1.1072473950802206,0.29162462575993436
16,Centralized,0.1837183091668592,0.013114516951001281,-0.6753816870791951,1.6663111735636458,-1.10724739223844,0.2916246296829343
17,0,-0.2775238396666492,0.11136948153574798,0.5127575687314763,0.09232066142163817,0.041777261275012974,-0.19851098396402886
17,1,-0.3002407244396916,0.25310749734056204,0.7319791876842742,-0.5566608232952507,0.3093388336517166,-0.5634949117734176
17,2,-0.3004402892752982,-0.8296285725491966,0.19339232778328694,0.9380734059060978,-0.15663323558238562,0.9393730601791483
17,3,-0.42026109672497586,-0.9179605901286987,0.2751873019108521,1.2995434175771634,-0.1780549145012618,0.8998979503265957
17,4,0.7360691356625425,0.1962531036964738,-0.17048744053710768,-1.0367561805486418,0.9042225029494828,-1.1193860206932729
17,5,1.5847029572534632,-0.1308828753557745,-0.21569971949672914,-2.204081923730051,1.5523023913996548,-1.6812975333946314
17,Aggregated,-0.11457520429049137,-0.5984457456833447,0.21337600000850923,0.5194598089927668,0.09278883368512246,0.3921771755167579
17,Centralized,-0.11457521192657857,-0.5984457411179889,0.21337599469418705,0.5194598051850793,0.09278883608612817,0.3921771791890422
18,0,-0.27712773829950466,0.4514043056490263,0.03030388986157821,0.6066068179656129,-0.6502932620883084,0.01487832014313205
18,1,-0.28465394586677556,0.7514781575917694,0.6771893319349286,0.10459152252610646,-0.8492838397580389,-0.2128469761001555
18,2,-0.19160865458287912,-0.3425488055318894,-0.6788151931229243,0.4657516591934845,-0.043899256925066826,0.8559120068284055
18,3,-0.29234666813856636,-0.4213547708089098,-0.6830633183592764,0.5222888569753531,-0.0038572071717522466,0.9065644829569889
18,4,0.8441549698641923,0.375282438488706,0.25074296566417986,-0.2428508038754433,0.2605971094061632,-1.2789904694735432
18,5,1.5974372029438422,0.30857963975598524,0.6071492505889455,-1.0714825688911442,0.6335067737059725,-1.831865766447955
18,Aggregated,-0.015325009917628288,-0.14422232177221023,-0.37873630881923004,0.29901864729483985,-0.03713600819920531,0.3681427756567657
18,Centralized,-0.015325003314604027,-0.14422231829192914,-0.3787363113548175,0.29901865317383913,-0.03713600294148881,0.36814277511492627
19,0,-0.30969203001995194,0.4947608771289981,-0.006916566665021091,0.8027972679900985,-1.2355252998266313,0.32982607197084873
19,1,-0.11613897520078567,0.6220264217779417,0.4892146105463715,0.15072396365974,-0.4931694935356528,-0.6296440031320343
19,2,-0.9324408236729659,0.002240316046342805,-0.3183108951359601,1.8639209293415289,-2.2760186654919234,1.660802579542042
19,3,-1.0882287420851304,-0.029289387156452032,-0.3306191495003355,2.0821969135882186,-2.403862345966729,1.727457848793447
19,4,1.1009209487007237,0.28876281581885027,0.19413374015286958,-0.4267996841582219,0.9218782033516865,-1.9801811427876714
19,5,1.9840291535283168,0.18547123056197953,0.4445566291632528,-1.348360552753245,1.8172072049376455,-2.991396892350889
19,Aggregated,-0.521246432332624,0.10609648392912141,-0.1463385611055928,1.3531388248051168,-1.6004298236214463,0.8154235691028708
19,Centralized,-0.5212464293586421,0.10609647743836557,-0.14633856240268936,1.353138821895328,-1.600429835711194,0.8154235641770092
20,0,-1.1438646435753463,0.4698769737205995,0.5410509543567273,0.07128104589448088,-0.272211627624858,0.28155534241615815
20,1,-1.6788255303008712,0.6389364276327538,0.9106872042696794,-0.7228369705356199,0.3253326014406036,0.4956034786406895
20,2,-0.07990370488288422,-0.06223994271221977,0.07624579863817556,0.6892446182515652,-1.220277103580219,0.8190053240773295
20,3,-0.05762783528105224,-0.1307977964930111,0.12967045388610457,0.9727468877910512,-1.3254831637309548,0.7473032132204886
20,4,-0.3779020681075691,0.05832088770394168,0.2365940544401931,-1.0046888199709845,1.330977643756678,-0.23063622962479083
20,5,-0.12874060002226362,-0.3074933770966789,0.42406882646608496,-2.02139865979622,2.1922967175683032,-0.388972947601951
20,Aggregated,-0.25900642622319126,-0.015514649599078527,0.21735572721115295,0.3183065784743351,-0.6483288928191465,0.5639290964765092
20,Centralized,-0.25900642084088765,-0.015514647832855784,0.21735572977382575,0.3183065784491622,-0.648328896110215,0.5639291026098149
21,0,-0.6199924511462724,-0.5547324602959013,0.32857367947823307,0.49985778416199755,-0.22199512607741462,0.5932129446663196
21,1,-0.3609215183037201,-0.26666538203699885,0.7135249191114724,-0.6068908472966009,0.21549615500083694,0.44456579426864823
21,2,-1.911108868882379,-0.8608090205131884,0.3709264389167648,1.6548642658717088,-1.0090541103172295,1.6401271444640986
21,3,-2.125210166805626,-1.0157368028770621,0.4117395897350104,2.0751110246439133,-1.076957112664359,1.566646967798219
21,4,0.9316124031585483,0.35933858441172284,0.0638075851749169,-1.490513220365453,0.9462136402085656,-0.2765109354711751
21,5,1.8138606388577256,0.5527660637657367,0.23222608817043455,-2.923877209740395,1.70609693283778,-0.7209865305459306
21,Aggregated,-1.3241793767130798,-0.646643884511576,0.37836390521894436,0.9997015704214388,-0.5541388078889067,1.155584546987729
21,Centralized,-1.3241793789240281,-0.6466438874961483,0.37836390192447034,0.9997015743566496,-0.5541388086922656,1.1555845473067876
22,0,-2.095510862474922,0.4128647112695371,0.44619294721418,0.9397209693472673,0.4489480787729019,-0.16788524166698926
22,1,-1.6656154169935595,0.523863326044745,0.7509774325999021,-0.12833607730382088,0.645869654627736,-0.04340721207721725
22,2,-3.1423425919642494,-0.10660565081729668,0.1517554680340602,1.7524497686989933,0.3811621912265486,0.8358743049421196
22,3,-3.374422241166141,-0.16484768099143854,0.1644630520681313,2.032999728496858,0.4440946914146949,0.6605658554431334
22,4,0.4042107073713775,0.014433990496019039,0.059232276455916735,-1.0750408768790403,1.008142172753523,0.01764084384913524
22,5,1.3147218823147375,-0.19810731320446737,0.20497381552632962,-2.296267745167244,1.5514399548370237,0.08001058420582749
22,Aggregated,-2.4738709862538726,-0.0474717409989442,0.2126024895171456,1.153152416885568,0.5677858839895107,0.5490073240806183
22,Centralized,-2.4738709840247073,-0.04747173945449891,0.2126024866388408,1.1531524166426563,0.5677858835611724,0.5490073231415715
23,0,-0.03014663635460282,0.26794110293140994,-0.8196790640369626,0.24250544222510342,0.23342253436338242,0.18313450768535597
23,1,-0.03090993628468313,0.30791102991701697,-0.24406159644212297,-0.4683787991015587,0.29995428149343306,0.03821363087063953
23,2,-0.41455994832648,0.0676993516818214,-1.1620876504519009,1.013839324927025,-0.014980157249384736,0.8104284670806113
23,3,-0.5223544326566242,0.0363624699982448,-1.1928495419698886,1.3381560402689474,-0.01694375650766631,0.7359745127816508
23,4,0.7035066800010326,-0.09382538356766582,-0.016217702963466016,-0.9215942394687362,0.6405364925349101,-0.456014751469406
23,5,1.433699883251579,-0.40696199054435483,0.34067570189726093,-2.193404364472106,1.0239305832453713,-0.7251055484524397
23,Aggregated,-0.17849052983571723,0.0370250940071885,-0.8885528928033372,0.5869719456182712,0.15251018258972407,0.4790711712958466
23,Centralized,-0.1784905301121511,0.03702509221799058,-0.8885528851759807,0.5869719433381201,0.1525101787361482,0.47907117049985626
24,0,-0.8720426681143978,0.1936055428349178,0.4069489808033672,-0.1783599681375675,0.07987692599548744,0.44201158052230166
24,1,-0.45313985944133495,-0.10936616761228547,0.7043585648154673,-0.4015795133363849,0.42358716289082365,0.1777268634392558
24,2,-1.475395975012748,-0.2296888231403051,0.16586221931926814,0.7142099306713167,-0.27004449168848066,1.0139772285257085
24,3,-1.6816708353665155,-0.14742241600917805,0.2027328724231768,0.7634033475428489,-0.2855326670152757,0.9729056149504985
24,4,0.9198787139922204,-0.9830102839499446,0.11587812532881278,0.01358184888451106,1.084075035054864,-0.6921066862492667
24,5,1.9522129154638725,-1.7109728956131294,0.2811551161537029,-0.2639842701064173,1.7974278947997662,-0.9914184009322429
24,Aggregated,-1.0099394754809548,-0.3355688345458647,0.2340423101269376,0.48760103193170057,0.05340648686189612,0.6234661812274394
24,Centralized,-1.0099394753583983,-0.3355688356870674,0.23404230455215003,0.4876010335622893,0.05340648286197537,0.6234661783493468
25,0,-0.038474669178793774,0.406454912961445,0.5599395620324887,0.20959129256849557,-1.1276531354221508,0.0734087334548298
25,1,-0.07651242350793641,0.3067212829592995,0.716418817872283,-0.4153898024368005,-0.4451193732733796,-0.04978772638009912
25,2,-0.020168616583624416,0.05948999515695669,0.33738354241905405,0.9388661525295781,-2.005296074373356,0.8576936262585068
25,3,-0.06705594416207208,0.03842760575857713,0.45420976268804797,1.176182731477333,-2.117292608272306,0.7703879191222984
25,4,0.7080278404730299,-0.049544344148479996,-0.24341028949868856,-0.6334922854256975,0.7518614471858107,-0.48025618718910656
25,5,1.3081374155309833,-0.6186695463772002,-0.27289781054395607,-1.5602445967205647,1.5866271610818536,-0.7690410790882086
25,Aggregated,0.12139181053849941,0.03373022052937146,0.3245216585963765,0.5846295888847701,-1.4223048487816015,0.49666883930039124
25,Centralized,0.12139180906431955,0.033730211694045706,0.32452165040495073,0.5846295860981581,-1.4223048499941244,0.49666883927993677
26,0,-0.1389612367634583,0.017285774379220332,-0.3661438316237821,0.2238935057648518,-0.09864883044057152,0.48416585771420256
26,1,-0.44687053125776843,0.32078806932374276,0.09929144526738252,-0.8962787952455649,0.34613739957036826,0.4173341933026765
26,2,0.2514748473564497,-0.7059868223844331,-0.8611396207787443,1.00240880056874,-0.7128611277917151,1.0711711567888746
26,3,0.22809262363290375,-0.8301566298354784,-0.9184770616857534,1.321507056553479,-0.7478856571614222,1.0026545140894911
26,4,0.3219573761932036,0.20198677983202834,0.14227576903802253,-1.4426570228852158,0.9110260568184937,-0.230913429324431
26,5,0.64736889924347,0.16750685456364267,0.4550768103664226,-2.805871805908291,1.588036257007414,-0.4814847129360396
26,Aggregated,0.21674761956511748,-0.5034122340587128,-0.6112026261950048,0.46447767763329917,-0.32397139163583655,0.7504680398626342
26,Centralized,0.21674761796294295,-0.5034122301576572,-0.6112026218232891,0.46447767804339457,-0.32397139219808885,0.7504680381718428
27,0,-0.1740869984023301,0.04079541683055178,0.4200793457193451,-0.2169676220199894,0.007227842708268284,-0.06578142860228033
27,1,-0.2600205456463112,0.05013310290505816,0.6446476750716286,-0.6394297600253285,0.4338666540676946,-0.17335643220833952
27,2,-0.18876696547478405,-0.8153973671741743,0.10526225588784707,0.40909277152315693,-0.09302703054088829,0.547653117630299
27,3,-0.253614127817412,-0.9030969597418105,0.18148430510987568,0.4629230717434308,-0.06795071972249134,0.5006375461067415
27,4,0.6053833978020873,-0.14880264324389056,-0.03353368245578804,-0.5347246970574056,0.8803361142912708,-0.5671373426855417
27,5,1.3504056527132882,-0.5344264026272528,-0.012206807119249912,-1.1209528532683142,1.5264024033769426,-0.8419189673257459
27,Aggregated,-0.032752875936309184,-0.6644541010376408,0.1634718709790232,0.1349879107914031,0.1551650572047534,0.2520763201227124
27,Centralized,-0.03275287008905501,-0.6644541060412567,0.16347187078032818,0.13498791970895532,0.15516505927797639,0.252076322048771
28,0,-0.3788226992027335,0.15958588866816678,-0.09505930804927307,0.2797341153602459,-0.13290703232869253,-0.19604435858214384
28,1,-0.16445720437487682,-0.13581707987701447,0.44967314202105646,-0.10864227798442107,0.1757117886306023,-0.15325035582627797
28,2,-0.9959112357166295,0.07620883645924559,-0.28446988796892597,1.1563955291238526,-1.0911153783145002,0.8949287571325268
28,3,-1.1451810217117722,0.1143187396955436,-0.27393105195006934,1.338851460061146,-1.1582294820506247,0.8099213813556266
28,4,0.7735772097272905,-0.6516184265354519,0.02983729369452585,-0.3446277049047068,0.791333281849208,-0.10504538657318192
28,5,1.548893291498399,-1.3360294588268768,0.40348134728711293,-0.8774477642229223,1.34153614926946,-0.19419197298562899
28,Aggregated,-0.6326953584706337,-0.07941892389124565,-0.1446220987009804,0.8210376143925586,-0.6505637347471505,0.5776154382679259
28,Centralized,-0.6326953595784801,-0.07941893088167062,-0.14462210023705094,0.8210376141546202,-0.6505637350193318,0.5776154341198212
29,0,-0.4016509483625176,0.11084252586616845,0.5440742859764609,0.10505197320309492,-0.017410542170919405,0.11884735603687023
29,1,-0.2424075277323933,0.27880573660003416,0.8030997745912807,-1.0048412258609118,0.2848508821832537,-0.1081639290961074
29,2,-0.7126703103154032,-0.3947035367892371,0.2464837195233042,0.8079964587290703,-0.45361133976034596,0.7801787154080475
29,3,-0.8230720795511433,-0.477151465331257,0.3497580963392265,1.045100764142763,-0.46839214237060467,0.7151091885328132
29,4,0.6754315139373145,-0.06525686356701511,-0.15908352848445195,-1.1147610682506737,0.8469894278752785,-0.4523784277126136
29,5,1.4463674201764996,-0.19430872499143328,-0.05641393448925989,-2.4429998862624815,1.434125265288188,-1.0698042298662223
29,Aggregated,-0.43470388180078134,-0.3076119523166251,0.2790119997629161,0.3380498903816299,-0.1416067497708956,0.42599394335145685
29,Centralized,-0.43470387834133156,-0.3076119499278558,0.2790120008572581,0.3380498925201321,-0.1416067527745035,0.42599394326636075
30,0,-0.24682647411341307,0.2936629918588322,0.5010276962016462,-0.3062027501848297,-0.49537537603365567,-0.1142256234434289
30,1,-0.5873165963380955,0.3614608706680071,0.7914199312005852,-0.6899015301329054,0.07591973103355062,-0.032765385285229286
30,2,0.1473412581581986,-0.27223464001026004,-0.0463399744543878,0.6803518405859261,-1.274147892624441,0.5222299205492035
30,3,0.16679412035217586,-0.33020472862405503,-0.017050079016571237,0.7970608426107029,-1.327184793029261,0.3898533048743367
30,4,0.23527427929028547,-0.19440324108105694,0.041837259964798555,-0.23943005728741668,0.7725226894744824,-0.18298011962637528
30,5,0.5522869008303373,-0.5757525811917955,0.1911842543389365,-0.7764244624978329,1.6067213347845801,-0.24329980108565144
30,Aggregated,0.1260132072265977,-0.23356317552155012,0.07338531382345702,0.3996081297081588,-0.7908086704982008,0.29107818418409825
30,Centralized,0.12601320555331283,-0.23356317876809046,0.07338531519568686,0.3996081318125043,-0.790808664994888,0.291078184273065
31,0,-0.14689390934338098,0.349559451960527,0.5840446963292103,-0.12348228218181237,-0.88311524847639,0.33956197566464186
31,1,-0.08138133090891997,0.1012754330025439,0.7953081707944237,-0.3456878641798283,-0.35137444279712604,0.11092580398375129
31,2,-0.5935515848211672,0.06950436287161388,0.21462844466125308,0.9907442355559368,-1.6192251085806595,1.0969305718695836
31,3,-0.7257682073627867,0.09468851962063689,0.24825130224167388,1.1497752061944997,-1.6669624447029516,1.103569223843326
31,4,0.6882837093942096,-0.43471198882972933,-0.05691901327700831,-0.32290224238398646,0.6017609392435098,-0.3461174924434276
31,5,1.4629224480545007,-1.0092189869485453,0.07663959222693324,-0.7218191001453728,1.2539077045189326,-0.7437947892208151
31,Aggregated,-0.3279900191428874,-0.020329876832953668,0.25295375759138067,0.6702937034438744,-1.1320626572439256,0.742284299993668
31,Centralized,-0.32799002342670047,-0.02032988027858007,0.25295375807431936,0.6702937029063234,-1.132062658566025,0.742284300037655
32,0,-0.2800900091800628,0.2890508431293709,0.4585546653977351,0.15215492839357594,-0.3240722805469006,0.019977768852177353
32,1,-0.6185755182402418,0.34707196656280426,0.6802085697116371,-0.5451667335749004,0.15680951570101417,0.05442121383633085
32,2,0.04069449499128817,-0.38820017252669303,0.07003699614804217,0.6093198558523538,-0.6485588919047462,0.491134586663942
32,3,0.038204141197709575,-0.4493549662671607,0.1464343286545463,0.7156111218185485,-0.6924102670029206,0.49211996655484497
32,4,0.23890293135316049,-0.06750442177284437,-0.15387676575910608,-0.5284132821613917,0.7597224283197502,-0.39961705470031084
32,5,0.5487606790018978,-0.32242896710662183,-0.17835667763631954,-1.4612903235224608,1.4772427044251888,-0.536199693317085
32,Aggregated,0.036730224820096184,-0.2921993750836782,0.1201001486516122,0.30152366088273524,-0.3257332272364154,0.2869959596857375
32,Centralized,0.036730218440061434,-0.29219937939695445,0.12010014509747048,0.3015236635375459,-0.3257332296110441,0.2869959531292144
33,0,-0.23450513840870918,0.23119296931476635,-0.11268195615553502,0.0697819715580966,0.041532846063994454,0.06216629787279556
33,1,-0.34182037368432655,0.26605822854692224,0.44241658498264774,-0.5357404493304768,0.3348400454761891,-0.08377620360277979
33,2,-0.12634403984966291,-0.30835448578611485,-0.4149492260044127,0.5729693430986263,-0.306332013589062,0.5498724637977042
33,3,-0.1604677636192578,-0.36100828296985105,-0.4464825532224166,0.6962424736742543,-0.3136832222290767,0.551121685202531
33,4,0.4358988247669708,-0.2874794389496483,-0.00024039917883705977,-0.47687773683748547,0.7808521255875268,-0.2967713030828186
33,5,0.9444608870287605,-0.779184646687446,0.38759592479107424,-1.1085284872897294,1.3344902746270337,-0.6411473021671233
33,Aggregated,-0.03049365792381759,-0.29212770823014683,-0.26247971214696464,0.3079750843567195,-0.039181143913672875,0.32429246447246945
33,Centralized,-0.030493664586297146,-0.2921277122497318,-0.26247971048874835,0.30797508286623193,-0.03918114520159707,0.32429246790759875
34,0,-0.09445668943649135,-0.1555720086384573,0.29073043707568424,0.14849075669731368,0.021880301872055814,-0.6855009527946281
34,1,-0.28909791753778236,-0.04306385525032746,0.7106437713420327,-0.2789804517366733,0.21202279903902527,-0.4480096366648548
34,2,-0.16788134744338207,-0.5629035339824302,-0.13712230468161685,0.9629821545109075,-0.4414897428199041,0.045382278285908365
34,3,-0.24118579886658936,-0.6483563499702792,-0.1247188295510735,1.165834218610367,-0.4487959013806862,-0.09851895444680528
34,4,0.42180080501640266,0.056426545795100695,-0.07376094587335574,-0.5122820920252613,0.6587297116686166,-0.2150589773635063
34,5,0.8781551839756323,-0.06766882972043883,0.107321716846673,-1.1526674772964403,1.0724946518311418,-0.18607116044497315
34,Aggregated,-0.07022046026897764,-0.44810539545748207,-0.03361930989631811,0.633307060319178,-0.17609111223441418,-0.11444268379670482
34,Centralized,-0.07022046452609561,-0.4481053905661584,-0.033619309425184936,0.6333070607138133,-0.1760911138320471,-0.11444267725004949
35,0,-0.054600116059579935,0.5481150644965147,-1.2927361543303584,-0.02804854618743797,0.38593835906523527,0.6183642047911803
35,1,0.10503817496921414,0.5771590346332314,-0.7714032010341542,-0.4086189522223067,0.4154233675425952,-0.02458295510773957
35,2,-0.39201119371384024,-0.02725449297135953,-1.5099776723015208,0.9519702713453702,0.24251310342221197,1.0081854315174188
35,3,-0.45745710803246215,-0.06539379646150988,-1.5949728779762697,1.1047034641329756,0.3240167702101224,1.020436247692018
35,4,0.8011422116863623,-0.16475389823152292,-0.33973048742408307,-0.35691253704097875,0.6381322813835729,-0.6203407013402724
35,5,1.4372926918863347,-0.4637891469196228,0.035176582843291886,-0.8483890111474679,0.930328425437267,-1.5212035469280027
35,Aggregated,-0.1362937501622275,-0.012310228224994684,-1.2728134997826697,0.6266115237061227,0.3760048242974332,0.6050281586521525
35,Centralized,-0.13629374452346193,-0.012310229587553007,-1.2728135014303925,0.6266115208916979,0.3760048239377192,0.6050281574947451
36,0,-0.7354515150515345,0.21200012580732153,0.5844809895229256,0.10334177351906257,0.2538473086123244,-0.37931710876592056
36,1,-1.1469081177517888,0.0647285053085027,0.8953656434662686,-0.23369798194680563,0.6804524479382971,-0.7511070983919634
36,2,-0.5412588499356064,-0.23440543208281295,0.13294108759190146,0.8293877027431208,0.05124158115110112,-0.7180827925683773
36,3,-0.48110643100734035,-0.2332858035522467,0.12056447641893568,0.9182727772070755,0.02367974761236348,-0.6255064789764399
36,4,-0.11164875701888771,-0.6095265922989669,-0.06021992849710455,0.07315532036346326,1.0297550097587609,-1.1080647643742239
36,5,0.039467538942754385,-1.242278330778189,0.07874853038886583,-0.27686841679439556,1.805215373237284,-1.783461121930039
36,Aggregated,-0.4841446688981442,-0.2958149483304161,0.17890728313542334,0.6058479994178623,0.3005863406679937,-0.7737156939912715
36,Centralized,-0.48414467289140867,-0.2958149427239549,0.1789072857941645,0.605848005999916,0.30058633340489116,-0.7737156978507809
37,0,-1.756180612145719,0.0014388748395274338,0.7085875143606413,0.6559854485947116,0.4476055401410989,-0.013459611768278456
37,1,-1.2412997477865568,0.3340602476533499,0.7605337473122193,0.030279323929341236,0.745140738786094,0.13787984323548877
37,2,-2.298259314858859,-0.21341207781489133,0.5506543374141734,1.4385351785294438,0.11281141963964995,0.9483940513824229
37,3,-2.500919574871282,-0.35612786150404646,0.5996548914492329,1.6836628397501943,0.11958066316344898,0.7882968147390912
37,4,0.3958513148933962,0.18346159119826028,-0.26796340846508604,-0.3648906747271171,0.8731708912206803,0.19586280247844187
37,5,1.2493598549778293,0.17953846145364297,-0.2766430813584931,-1.1109666124289048,1.5466155719965982,0.28413879289300137
37,Aggregated,-1.8125759095957892,-0.15264468195844064,0.464479678249687,1.0635929650555869,0.34256258831697806,0.6813497497739298
37,Centralized,-1.8125759058767803,-0.15264468164136,0.4644796768765875,1.0635929623564517,0.34256258929184935,0.6813497470089339
38,0,-0.8208737775174189,0.4738642164240929,0.41572727461428144,-0.11595727529696435,-0.2382276575105049,0.2922818315222261
38,1,-0.4729269565289681,0.3432792157259732,0.556701162355194,-0.7131878707102044,0.17292691343321892,0.005428116306180413
38,2,-1.274322026262909,-0.07662545454791299,0.04782531114718031,0.9705007106229812,-0.61425260816007,0.909193954112469
38,3,-1.407321440940083,-0.13984222643739538,0.08585629425526702,1.1758363255653452,-0.6017258129535676,0.8544612801986304
38,4,0.4912085728436728,-0.13398932903570288,-0.0023510646719714146,-0.5872418287480714,0.5721993312281022,-0.29407838480913207
38,5,1.238620685408425,-0.5751449726639304,0.08553725489871174,-1.3610546907261485,1.2473349808193754,-0.7287243442146322
38,Aggregated,-0.9248043826195712,-0.07939294638794256,0.11493708213127433,0.5810415876742426,-0.3080201065759841,0.5823373792240532
38,Centralized,-0.9248043869990533,-0.07939294506633829,0.11493707908664293,0.581041591349127,-0.3080201040245915,0.5823373805195305
39,0,-0.3746663840374454,0.14556955907187838,0.37082324496377905,-0.25845710387424065,0.03628054382117891,0.3237433661748438
39,1,-0.7104834840543532,0.23146199270458206,0.7149639555968589,-0.4650059528191269,0.3778231279274648,0.042715158585164434
39,2,-0.14682753269816476,-0.4967128324945528,-0.008433167579291478,0.5299669856726708,-0.30010514763124563,0.4422219052001936
39,3,-0.1032151742615065,-0.5985851376605242,-0.010780379741946868,0.5704764317472456,-0.28378268771296183,0.4646289903697881
39,4,0.016482579236877924,-0.09467214677163685,-0.07696075777240799,-0.109290826273345,0.7634936809723887,-0.459576303600247
39,5,0.16440857739879788,-0.34530244362198287,0.04191877847999237,-0.42537585940671757,1.3671902440962527,-0.8576489278290634
39,Aggregated,-0.13987187242732949,-0.4057761405144592,0.05409376860596533,0.3151837607145861,-0.02535144676065752,0.2480068487802868
39,Centralized,-0.13987186980423028,-0.4057761407362343,0.054093765325858474,0.3151837637182377,-0.025351444024950355,0.24800684341070434
40,0,0.16019012142753253,-0.3555316392350451,-0.2955814970127982,-0.16355072612732643,0.19362929884883373,0.5262691868229648
40,1,0.14566095700929443,-0.08190914062209277,0.21301539575440956,-0.1666942988317423,0.13065650769870973,-0.06721351372361918
40,2,0.04288285131663593,-0.763044761286183,-0.6322500520163542,0.9184236712688175,0.0984360727908561,0.3410503418230408
40,3,-0.027063547270201087,-0.8898364093954705,-0.701240380418266,0.94908019460175,0.1823139402566703,0.5331477676559396
40,4,0.541127832372251,0.09246039215694221,-0.029629367552500754,0.011735099091379415,0.438857056634308,-1.0036737149502848
40,5,1.0092313673983067,0.16296023900539996,0.29988792084791244,-0.043654959714278165,0.6079978912915353,-1.8641812944619813
40,Aggregated,0.14279720993509065,-0.60568088682725,-0.4693437972873012,0.6541066405093438,0.2035073932022742,0.12427377223794929
40,Centralized,0.14279720668851678,-0.6056808905819154,-0.4693437985649195,0.6541066383279527,0.20350739208500693,0.12427377076451884
41,0,-1.6814553510613173,0.36379728910487924,0.5616670726926486,0.04344312083041394,0.04082815477891767,0.3630367829376441
41,1,-1.3171548381571654,0.4393205819788488,0.8240257014866578,-0.42723679445511603,0.2802589004597142,0.05953124734798162
41,2,-2.426370382016276,0.09007384270152415,0.36729531450572694,1.1536776058610307,-0.4750599805623281,1.1932149324244854
41,3,-2.6098945144958576,0.047748315573872525,0.41021213304619564,1.252225066154317,-0.5095148132472049,1.2048264910572588
41,4,0.1900740338355592,-0.08262580190560685,-0.06536451192732069,-0.3052822837466792,0.6744625893655944,-0.24691956401551762
41,5,0.9176452353109874,-0.4425730807146924,0.02762661494819542,-0.771724840737683,1.1895355531342682,-0.6616519946971671
41,Aggregated,-1.9403765857578734,0.06425552764197945,0.36436235059211564,0.7740922032842801,-0.19635836351325636,0.8319438144979446
41,Centralized,-1.9403765865162594,0.06425552863660151,0.3643623517404283,0.7740922026172103,-0.1963583613959446,0.8319438080112087
42,0,-0.7251290466492945,0.021520325752764732,0.19362517516246994,-0.01557258021101416,0.348678298955288,-0.38279027897577034
42,1,-0.4839637704153168,0.0701865175419045,0.31708317774649064,-0.3979332544772985,0.4239191137640629,-0.29716063061010084
42,2,-1.2015942329177884,-0.6675528323776299,-0.31985790417429427,1.2888810454467252,-0.0005239670199207877,0.5773397457619154
42,3,-1.2979896825274941,-0.7644347707829803,-0.34936677570799546,1.4531100900673648,0.058555388702604974,0.5340182196367389
42,4,0.3661836072301167,-0.1341717038298808,-0.14816701514665603,-0.31945088565659063,0.6333798825090293,-0.34075870423695975
42,5,0.9835716446811907,-0.4452560043620625,-0.11084346796092827,-0.7847664442226355,0.9974397522243076,-0.37635663741369374
42,Aggregated,-0.8843929642086271,-0.5550793613665731,-0.23056031976918626,0.8873364680934319,0.19193999262791175,0.31149165654968625
42,Centralized,-0.8843929695386756,-0.5550793613021234,-0.2305603193916827,0.8873364667531299,0.19193999245326962,0.3114916531756894
43,0,-0.06621334467042968,0.32163661362139834,0.5883531424775293,-0.2123584521355217,-0.006024995427355269,0.015291009149547936
43,1,0.07422357068564873,0.18211289839358694,0.6129825131019874,-0.8049983220201802,0.3298387312776175,-0.18757729571927667
43,2,-0.4022495362933813,-0.20467234380428997,0.2005900517257227,0.6945017304529347,-0.4367961909391599,0.4810298611569464
43,3,-0.4555345732563216,-0.22767970253388498,0.2639108558326977,0.8091574409404649,-0.4279254377446541,0.42246725224383436
43,4,0.5686717026060492,-0.44983607195994624,-0.2058103438920134,-0.3724454968712788,0.6579014537459154,-0.28735256529629466
43,5,1.237842107891993,-1.171867610696564,-0.297841161644035,-0.9852559194012012,1.3055826733946336,-0.6737021613690883
43,Aggregated,-0.17521964269087803,-0.24787839983035695,0.20064943001448599,0.3820199538182963,-0.14724409358481438,0.24622973460909353
43,Centralized,-0.17521964559588088,-0.24787840003490585,0.20064943074571226,0.3820199541627782,-0.14724409167161892,0.24622973578311175
44,0,-0.0001522961396512004,0.3859921642950752,0.10762361226846831,-0.4245415087251835,-0.2670324149583029,0.3617353537918225
44,1,0.14277506228586376,0.25794812940466855,0.5193714534437157,-0.4615760526438663,-0.4535384424402134,0.12442933440496098
44,2,0.04144955218182496,-0.07818234134157948,-0.33756084712166273,0.4792781498174072,-0.355276323832502,0.45539825172171267
44,3,0.027402884177722343,-0.11391021467258082,-0.36334773990086555,0.5185164369891656,-0.23002974170197063,0.43843919200124476
44,4,0.621091881445377,-0.458547749384453,0.09376418434712706,-0.0775780251096491,0.10175041026501043,-0.2868876256589685
44,5,1.1847572869422682,-0.9345301497987416,0.4373119893781582,-0.08607131420081493,0.12155770833013368,-0.76204614973812
44,Aggregated,0.17146936732027607,-0.13820446720491075,-0.17678403980710228,0.29460097593241563,-0.2350971505163068,0.2710683260766963
44,Centralized,0.17146936347232328,-0.13820445636637624,-0.17678403649906838,0.2946009802015255,-0.2350971509982602,0.2710683323294423
45,0,-0.31716173033414197,0.28658957805043916,-0.3438429972859936,-0.15106536514280614,0.1658472699979213,0.2018461502622362
45,1,-0.10829240250977917,0.28027293842989054,0.16628528797249006,-0.4673591091635083,0.23905067454675527,-0.08590145454893255
45,2,-1.0380284132859443,-0.28015087620305257,-0.4478908984378011,0.5670735669023085,0.14440729118400744,0.8882669843140437
45,3,-1.1331745105843432,-0.3604395992118984,-0.5004075969511166,0.6291128422016494,0.2138635731644388,0.9332353341915055
45,4,0.5912716879963426,-0.15472654331887498,-0.02354724516299041,-0.22618008342597307,0.47179954624466014,-0.4569401075261332
45,5,1.235765876621033,-0.5696515548080364,0.3260971518872566,-0.42130442901954207,0.8450331315064864,-1.031036831810068
45,Aggregated,-0.6820024310274462,-0.2501601984445819,-0.33072648625750023,0.35075090074950793,0.25679342737431554,0.5548479208813117
45,Centralized,-0.6820024263517934,-0.2501601971744835,-0.3307264871689289,0.3507509030527334,0.25679342883201595,0.5548479207442873
46,0,-1.7711371893118786,0.10633866794745153,0.11146329421823098,0.4992927802052312,0.46363999911445053,0.25669046243890276
46,1,-1.3951998012348021,0.036757488549971545,0.4392355695539215,-0.021221801080843525,0.6622815533628541,0.1366270305981195
46,2,-2.579009231327771,-0.35142784484200573,-0.12080244515710213,1.6267404044917435,0.1816391528847339,1.0578502478154932
46,3,-2.7513336788430607,-0.4104485875062055,-0.1454050493569349,1.8191227357587612,0.22833490592744235,1.0447822905957123
46,4,-0.11625052631946219,-0.0014169191992023636,-0.03076248742517779,-0.20903820242168022,0.6752035719998963,-0.25604278475066505
46,5,0.5990420537526558,-0.37636464419562343,0.24876734397803232,-0.7751797789144755,1.145677142612241,-0.5729187392927649
46,Aggregated,-2.1066835487645785,-0.2904344072547186,-0.04504280012887658,1.2088238824401556,0.3556261051014025,0.730224774001658
46,Centralized,-2.1066835470117145,-0.2904344049610237,-0.0450427985386284,1.2088238809531522,0.3556261067591907,0.730224778521243
47,0,-1.0439934655119538,0.5582630418163113,0.44455586345686415,0.07002189535942362,-0.08481421492834515,0.6680328288893975
47,1,-0.731395125735643,0.3957989864372431,0.6504283701243415,-0.37432215951199727,0.18782957189956045,0.1723531660191795
47,2,-1.4201754331044991,0.16247454986663953,-0.0031058810943042697,0.9397522798483436,-0.22110470810201935,0.7443670452671532
47,3,-1.571872241523763,0.17702240234671762,0.011454389151389579,1.0806578945482033,-0.18625871151298812,0.7443300156530286
47,4,0.37440294409827074,-0.2798598661409726,0.0258353023251041,-0.24742919467582772,0.5673480693668704,-0.4199384451563074
47,5,1.0262781325217114,-0.7352578378151148,0.18298842018992095,-0.7015158563446249,1.032279554841158,-1.0489167892575324
47,Aggregated,-1.093468115018449,0.10508524346734179,0.0847119332682164,0.6448546466343644,-0.01882633098704244,0.4806753814075216
47,Centralized,-1.0934681186031214,0.10508524730185051,0.08471193254023153,0.644854643814529,-0.01882633411057595,0.48067537894139495
48,0,0.08655303659519391,0.31234033015997736,0.5279767218275979,0.28603380680097823,-1.3119495317346381,0.2223034751354531
48,1,0.07206057143140487,0.14759493427347126,0.7436570151820143,-0.44468065810594853,-0.6979354495983774,0.20952708173064605
48,2,0.1749959175213117,-0.039733930149331145,0.20672460140620383,0.744372240587696,-1.7940820814790748,0.6815090242781632
48,3,0.1715348367688843,-0.06661526446812228,0.2081048610930153,0.9302181489650125,-1.8888013087798434,0.6945887851510985
48,4,0.5975614435478028,-0.36178653915601,-0.01299809843430187,-0.45815856790195886,0.22170904667162464,-0.1269247284297826
48,5,1.0494382806784195,-1.021778710451891,0.06900279061551573,-1.190560467823895,1.0267002896751276,-0.3478418067478429
48,Aggregated,0.26395751322296596,-0.11340273850598237,0.23058350844263525,0.4749323359482958,-1.373159736110938,0.49208922556882306
48,Centralized,0.2639575152662835,-0.1134027401254797,0.2305835115983946,0.47493233596633516,-1.3731597381218381,0.49208921926850097
49,0,-0.13864255234243855,0.26434774405001277,0.269857062296128,-0.05847508342138635,-0.02324008924219453,-0.6074389648507501
49,1,-0.3092615112908916,0.2211161210647322,0.5349578904644542,-0.3969663121845812,0.3766227114107637,-0.3387083497994172
49,2,-0.12131402567593647,-0.2178328375667132,-0.06579627789023353,0.4864859042669553,-0.23892842442388826,0.2788918772760605
49,3,-0.1076282032389765,-0.3343162844683432,-0.0678211060760237,0.6664664141965891,-0.2255814692461277,0.15016556241013165
49,4,0.2174815456776209,-0.33512346705286417,-0.02039369663724114,-0.27943516327344925,0.6545304076710008,0.07567503731161279
49,5,0.5412576860841232,-0.7893225429847389,0.2005075871429275,-0.6436938013451052,1.2852573522323276,0.2718787530769655
49,Aggregated,-0.05048956564546809,-0.2563241143819297,0.011863070145619128,0.3206715600913479,-0.0017801972958508827,0.12629852412222506
49,Centralized,-0.05048957311424217,-0.2563241138104992,0.011863060611440624,0.32067155713443796,-0.0017802001662360566,0.1262985155385774
50,0,-0.21288734342208349,0.1937644971797224,0.3290129646075354,-0.03473836329696975,0.0806458120204925,-0.05696518258129769
50,1,-0.15599587878462132,0.0003736053934197909,0.5699699414440792,-0.5754348527931743,0.3241507463985193,-0.20249720615994865
50,2,-0.06308659032339178,-0.11460242991575173,-0.11590979459218165,0.34219746091497405,-0.3144059961004318,0.25842931359200144
50,3,-0.06349393360340111,-0.13441128634882413,-0.11025513671254078,0.4528316242747022,-0.31187308229953237,0.20486844019309408
50,4,0.5594599191468159,-0.3466546644001412,-0.1779104127287811,-0.5184500878504197,0.5673463962719619,-0.1616460355653437
50,5,0.992128540497393,-0.8164675960025464,-0.14905478648306325,-1.1042279631045913,1.1005686334473883,-0.4569435440802774
50,Aggregated,0.051399320330622326,-0.1659735108365001,-0.05481159732894873,0.1281772007003488,-0.07751381568163672,0.1072295710205001
50,Centralized,0.05139931641109297,-0.16597351421411283,-0.05481159959372093,0.12817719814931966,-0.0775138210269379,0.10722957167871557
