,BeforeLocalTraining,AfterLocalTraining,BeforeLocalPartialEvaluations,AfterLocalPartialEvaluations,BeforeEvaluation,AfterEvaluation
1,1786177504.9650514,1786177505.1853771,1786177512.0915942,1786177514.6858118,1786177514.6992543,1786177514.7376237
2,1786177514.7658777,1786177514.976672,1786177521.709019,1786177524.252548,1786177524.2653282,1786177524.3047843
3,1786177524.3963358,1786177524.6064973,1786177531.4258847,1786177533.9794865,1786177533.9923568,1786177534.0306056
4,1786177534.0586288,1786177534.2726367,1786177541.0802414,1786177543.7366617,1786177543.749465,1786177543.7875473
5,1786177543.816569,1786177544.029557,1786177550.777964,1786177553.30571,1786177553.3184438,1786177553.357295
6,1786177553.4980965,1786177553.7089772,1786177560.5031276,1786177563.0417955,1786177563.0544868,1786177563.0927742
7,1786177563.121686,1786177563.3360713,1786177570.1920402,1786177572.8291316,1786177572.841996,1786177572.8816123
8,1786177572.9101653,1786177573.120817,1786177580.1628628,1786177582.6914222,1786177582.7042785,1786177582.7425501
9,1786177582.7707624,1786177582.9815795,1786177590.0273867,1786177592.5491886,1786177592.562643,1786177592.6006136
10,1786177592.660162,1786177592.8746521,1786177599.8115609,1786177602.471745,1786177602.484485,1786177602.5227885
11,1786177602.55066,1786177602.761242,1786177609.8843765,1786177612.4033506,1786177612.4162028,1786177612.4542696
12,1786177612.5018768,1786177612.7160153,1786177619.7558475,1786177622.2782226,1786177622.2911432,1786177622.3295121
13,1786177622.378425,1786177622.5905976,1786177629.6844618,1786177632.3405328,1786177632.3533044,1786177632.3915675
14,1786177632.4242182,1786177632.6341376,1786177639.6658044,1786177642.1656694,1786177642.1783895,1786177642.2173483
15,1786177642.2615974,1786177642.4707782,1786177649.2701125,1786177651.8216565,1786177651.8346848,1786177651.8768966
16,1786177651.9060497,1786177652.1183698,1786177658.996337,1786177661.640027,1786177661.6536374,1786177661.6931868
17,1786177661.7228668,1786177661.9509552,1786177668.7800705,1786177671.3118625,1786177671.3246791,1786177671.3630168
18,1786177671.4064577,1786177671.618594,1786177678.4098592,1786177680.9183352,1786177680.9312692,1786177680.971451
19,1786177681.0838184,1786177681.294522,1786177688.3527756,1786177690.9554434,1786177690.968367,1786177691.0064151
20,1786177691.0345688,1786177691.2473035,1786177698.285696,1786177700.8205454,1786177700.8333097,1786177700.8714647
21,1786177700.9030023,1786177701.1142993,1786177708.1914024,1786177710.6956599,1786177710.708517,1786177710.7478142
22,1786177710.881886,1786177711.092034,1786177717.8522024,1786177720.4471219,1786177720.460029,1786177720.4983366
23,1786177720.5259287,1786177720.738782,1786177727.4879584,1786177730.0290916,1786177730.0421915,1786177730.0803668
24,1786177730.1162348,1786177730.3308787,1786177737.1282284,1786177739.6549947,1786177739.6678433,1786177739.7062213
25,1786177739.8048155,1786177740.0157623,1786177747.0689042,1786177749.6784515,1786177749.6911032,1786177749.7288423
26,1786177749.7569633,1786177749.967904,1786177756.726638,1786177759.2867672,1786177759.3000543,1786177759.3402374
27,1786177759.4166498,1786177759.629022,1786177766.3840663,1786177769.0264418,1786177769.039243,1786177769.0777273
28,1786177769.1062236,1786177769.3187625,1786177776.2447577,1786177778.874367,1786177778.8870754,1786177778.924908
29,1786177778.9534717,1786177779.165517,1786177786.2496607,1786177788.7955008,1786177788.8083525,1786177788.847434
30,1786177788.9584997,1786177789.1746967,1786177795.897871,1786177798.4803877,1786177798.4931493,1786177798.531542
31,1786177798.5604084,1786177798.770604,1786177805.4958425,1786177808.1409204,1786177808.153726,1786177808.1927512
32,1786177808.2208447,1786177808.4311101,1786177815.4237056,1786177817.9535005,1786177817.9662697,1786177818.0043833
33,1786177818.1328814,1786177818.344618,1786177825.0821528,1786177827.6746902,1786177827.6874368,1786177827.7261405
34,1786177827.7549305,1786177827.9736702,1786177834.7987072,1786177837.4089663,1786177837.4219046,1786177837.4611762
35,1786177837.4902732,1786177837.7008824,1786177844.7203515,1786177847.258366,1786177847.2712421,1786177847.309728
36,1786177847.336849,1786177847.5498853,1786177854.2761064,1786177856.8282776,1786177856.8411813,1786177856.8814147
37,1786177856.9107187,1786177857.154903,1786177864.1695807,1786177866.7847035,1786177866.7976093,1786177866.8357308
38,1786177866.8644133,1786177867.0977976,1786177874.2016995,1786177876.7332265,1786177876.7460713,1786177876.7848008
39,1786177876.813514,1786177877.0272486,1786177884.0042214,1786177886.5431,1786177886.555787,1786177886.5941486
40,1786177886.6218665,1786177886.837712,1786177893.574618,1786177896.1688893,1786177896.1816578,1786177896.2199748
41,1786177896.2824376,1786177896.4984415,1786177903.6195583,1786177906.2016578,1786177906.2144651,1786177906.2534935
42,1786177906.2821288,1786177906.4962847,1786177913.4849598,1786177916.020075,1786177916.0329204,1786177916.0713363
43,1786177916.0996256,1786177916.3115828,,,,
