,BeforeEvaluation,BeforeSV,AfterSV,BeforeGradientRewards,AfterGradientRewards,AfterEvaluation
0,1786177503.390049,,,,,
1,1786177511.9811404,1786177505.3886273,1786177511.8616354,1786177511.862019,1786177511.9803154,1786177512.0876932
2,1786177521.5992243,1786177515.0661726,1786177521.5133421,1786177521.5135078,1786177521.598645,1786177521.705249
3,1786177531.3144484,1786177524.7016711,1786177531.2287834,1786177531.2289548,1786177531.3138676,1786177531.4212058
4,1786177540.8983204,1786177534.3634331,1786177540.811802,1786177540.8119726,1786177540.897748,1786177541.0773273
5,1786177550.6659734,1786177544.1161144,1786177550.5801246,1786177550.580294,1786177550.6654017,1786177550.7743485
6,1786177560.393403,1786177553.8029993,1786177560.3067722,1786177560.3069468,1786177560.392835,1786177560.4998379
7,1786177570.0831335,1786177563.4197264,1786177569.9958942,1786177569.9960535,1786177570.082583,1786177570.1887972
8,1786177580.0542085,1786177573.27573,1786177579.9669318,1786177579.967092,1786177580.0536323,1786177580.159613
9,1786177589.9170825,1786177583.0751712,1786177589.8305426,1786177589.8307111,1786177589.916529,1786177590.0232384
10,1786177599.7022057,1786177592.960442,1786177599.6120546,1786177599.6122258,1786177599.701616,1786177599.8078403
11,1786177609.7746847,1786177602.8536305,1786177609.6873076,1786177609.6874692,1786177609.774087,1786177609.8805423
12,1786177619.646652,1786177612.8070836,1786177619.55941,1786177619.5595667,1786177619.6460848,1786177619.7522075
13,1786177629.5748346,1786177622.6824658,1786177629.4867294,1786177629.4869006,1786177629.5742345,1786177629.6811364
14,1786177639.5560462,1786177632.7271006,1786177639.467763,1786177639.4679255,1786177639.5555036,1786177639.662224
15,1786177649.1607623,1786177642.5578766,1786177649.0711792,1786177649.0713637,1786177649.1601698,1786177649.2669754
16,1786177658.809177,1786177652.271565,1786177658.71974,1786177658.7199078,1786177658.8085902,1786177658.990432
17,1786177668.6700525,1786177662.0456386,1786177668.5814257,1786177668.5815868,1786177668.6694865,1786177668.776218
18,1786177678.2989514,1786177671.7123835,1786177678.2102444,1786177678.2104208,1786177678.2983608,1786177678.405713
19,1786177688.164255,1786177681.3900788,1786177688.0734925,1786177688.0736878,1786177688.1636944,1786177688.349455
20,1786177698.175052,1786177691.3364003,1786177698.0872512,1786177698.0874212,1786177698.1744885,1786177698.2824225
21,1786177708.0817513,1786177701.2068741,1786177707.992855,1786177707.993019,1786177708.081166,1786177708.1874533
22,1786177717.7424567,1786177711.1769516,1786177717.65362,1786177717.6537886,1786177717.7418857,1786177717.8484917
23,1786177727.379155,1786177720.8292284,1786177727.2903068,1786177727.2904735,1786177727.3785796,1786177727.4849696
24,1786177737.0167904,1786177730.4265034,1786177736.8902533,1786177736.890423,1786177737.0162003,1786177737.1242228
25,1786177746.959245,1786177740.1054595,1786177746.7946703,1786177746.7948375,1786177746.9586604,1786177747.06571
26,1786177756.6175158,1786177750.061401,1786177756.5294802,1786177756.5296428,1786177756.6169343,1786177756.7227228
27,1786177766.2744617,1786177759.7196014,1786177766.1855783,1786177766.185743,1786177766.273884,1786177766.3808556
28,1786177776.1349754,1786177769.4032867,1786177776.0465488,1786177776.0467176,1786177776.1344166,1786177776.240992
29,1786177786.140794,1786177779.25822,1786177785.9804912,1786177785.9806638,1786177786.140225,1786177786.246285
30,1786177795.7879183,1786177789.2584882,1786177795.699028,1786177795.699196,1786177795.7873442,1786177795.8937838
31,1786177805.3860104,1786177798.862495,1786177805.2977686,1786177805.2979395,1786177805.3854659,1786177805.4913614
32,1786177815.3142402,1786177808.523238,1786177815.2254417,1786177815.2256076,1786177815.3136458,1786177815.420533
33,1786177824.9717846,1786177818.430104,1786177824.88317,1786177824.8833497,1786177824.9712083,1786177825.078166
34,1786177834.6158872,1786177828.0682456,1786177834.5262632,1786177834.5264351,1786177834.6153047,1786177834.7954524
35,1786177844.610963,1786177837.7854145,1786177844.5224638,1786177844.522628,1786177844.6104598,1786177844.7173274
36,1786177854.1663613,1786177847.6335385,1786177854.0773394,1786177854.0775054,1786177854.1657405,1786177854.272511
37,1786177864.0602558,1786177857.2422264,1786177863.9717522,1786177863.9719164,1786177864.059681,1786177864.1663086
38,1786177874.093023,1786177867.1829176,1786177874.0040784,1786177874.0042546,1786177874.0924544,1786177874.1985269
