,BeforeLocalTraining,AfterLocalTraining,BeforeLocalPartialEvaluations,AfterLocalPartialEvaluations,BeforeEvaluation,AfterEvaluation
1,1791287840.2857862,1791287841.0915892,1791287867.6537638,1791287872.5314364,1791287872.5394254,1791287872.6940393
2,1791287874.0557241,1791287874.7520874,1791287900.5586855,1791287905.513611,1791287905.5212104,1791287905.681766
3,1791287907.0525105,1791287907.7526336,1791287933.429972,1791287938.356042,1791287938.3636274,1791287938.518636
4,1791287939.8836622,1791287940.5779047,1791287966.476923,1791287971.6524737,1791287971.6605594,1791287971.821373
5,1791287973.256456,1791287974.0622203,1791287999.691696,1791288004.88008,1791288004.8873637,1791288005.048021
6,1791288006.4129405,1791288007.114431,1791288033.3075666,1791288038.1940176,1791288038.201386,1791288038.357476
7,1791288039.6358626,1791288040.3238688,1791288065.885127,1791288070.7896826,1791288070.797181,1791288070.9545817
8,1791288072.2555547,1791288072.948659,1791288098.4733372,1791288103.351441,1791288103.358814,1791288103.5133352
9,1791288104.8598676,1791288105.6685102,1791288131.362474,1791288136.4491203,1791288136.4698126,1791288136.81239
10,1791288137.930672,1791288138.619052,1791288164.2925937,1791288169.7414596,1791288169.7487512,1791288169.9135828
11,1791288171.1103673,1791288171.8299036,1791288197.9064932,1791288202.8902073,1791288202.8974302,1791288203.0564766
12,1791288204.3526075,1791288205.0535655,1791288230.7541246,1791288235.7097864,1791288235.7172565,1791288235.8730645
13,1791288237.1917872,1791288238.0632071,1791288263.5863342,1791288268.488456,1791288268.4958127,1791288268.6509867
14,1791288269.984516,1791288270.6810215,1791288296.7306833,1791288301.9722137,1791288301.9795718,1791288302.1355577
15,1791288303.5045588,1791288304.2025082,1791288330.1457436,1791288335.384075,1791288335.391416,1791288335.5479028
16,1791288336.8065083,1791288337.4955466,1791288363.346003,1791288368.346036,1791288368.3535616,1791288368.5105557
17,1791288369.7515812,1791288370.563406,1791288396.1532013,1791288401.1124659,1791288401.1198,1791288401.2857726
18,1791288402.6498246,1791288403.3612869,1791288429.7895188,1791288434.6958117,1791288434.7032638,1791288434.8605766
19,1791288436.1576524,1791288437.1157792,1791288462.7759607,1791288467.9601738,1791288467.9676025,1791288468.121091
20,1791288469.5473404,1791288470.231919,1791288495.9030952,1791288500.8020036,1791288500.8093574,1791288500.9638743
21,1791288502.2785103,1791288503.111864,1791288528.7127447,1791288533.6866868,1791288533.6939833,1791288533.8505466
22,1791288535.0730944,1791288535.7677643,1791288561.4218585,1791288566.5936406,1791288566.6011057,1791288566.7707753
23,1791288568.029367,1791288568.7464197,1791288594.559597,1791288599.4883,1791288599.4954836,1791288599.6508126
24,1791288600.913112,1791288601.6067169,1791288627.2405791,1791288632.5358496,1791288632.5430036,1791288632.6974776
25,1791288633.8487847,1791288634.6492178,1791288660.1707506,1791288665.4729953,1791288665.4804437,1791288665.633298
26,1791288666.8888457,1791288667.5788734,1791288693.2579548,1791288698.1857114,1791288698.1930985,1791288698.346889
27,1791288699.5699134,1791288700.2548552,1791288725.769514,1791288730.6510303,1791288730.6584735,1791288730.8113904
28,1791288732.191551,1791288732.879078,1791288759.1166623,1791288764.1114337,1791288764.1187544,1791288764.27542
29,1791288765.6025894,1791288766.4152405,1791288792.5436823,1791288797.8979473,1791288797.9052641,1791288798.0644486
30,1791288799.303816,1791288799.9954937,1791288825.712942,1791288830.9533584,1791288830.9606297,1791288831.11685
31,1791288832.399018,1791288833.091824,1791288858.831145,1791288863.7473009,1791288863.7548397,1791288863.9093823
32,1791288865.2429478,1791288865.9334373,1791288891.5941586,1791288896.50107,1791288896.5082767,1791288896.6623683
33,1791288897.9326615,1791288898.7287283,1791288924.4125676,1791288929.4461052,1791288929.4534442,1791288929.6105068
34,1791288930.8355365,1791288931.5233228,1791288957.1436548,1791288962.3384166,1791288962.3456926,1791288962.5027966
35,1791288963.7982316,1791288964.4916234,1791288990.1238573,1791288995.3760362,1791288995.3834112,1791288995.5397413
36,1791288996.8127162,1791288997.508543,1791289023.1058455,1791289028.2972755,1791289028.3045332,1791289028.4727874
37,1791289029.909421,1791289030.7502775,1791289056.691658,1791289061.8721287,1791289061.879652,1791289062.0343533
38,1791289063.2481675,1791289064.009348,1791289090.612162,1791289095.6039126,1791289095.6111333,1791289095.7661493
39,1791289097.200192,1791289097.9073887,1791289124.2025213,1791289129.6613426,1791289129.6686814,1791289129.8252206
40,1791289131.1989083,1791289131.8827958,1791289157.812469,1791289163.0505984,1791289163.0578191,1791289163.2142866
41,1791289164.461067,1791289165.2705328,1791289192.2030993,1791289197.473114,1791289197.4805164,1791289197.6410785
42,1791289198.9649177,1791289199.6744618,1791289226.1449382,1791289231.110652,1791289231.118205,1791289231.2780683
43,1791289232.737347,1791289233.4490757,1791289259.433893,1791289264.739643,1791289264.7470522,1791289264.9018066
44,1791289266.2203119,1791289266.9145443,1791289292.8769348,1791289298.185695,1791289298.1937463,1791289298.35737
45,1791289299.8391306,1791289300.829041,1791289327.7342818,1791289332.7161467,1791289332.7233963,1791289332.880129
