,BeforeLocalTraining,AfterLocalTraining,BeforeLocalPartialEvaluations,AfterLocalPartialEvaluations,BeforeEvaluation,AfterEvaluation
1,1791271537.595764,1791271538.3597565,1791271564.7760153,1791271569.4575274,1791271569.4684508,1791271569.7044008
2,1791271569.750273,1791271570.3821065,1791271595.8729858,1791271600.9026399,1791271600.910245,1791271601.0549204
3,1791271601.2385762,1791271601.8529832,1791271627.7083588,1791271632.9525404,1791271632.960053,1791271633.1077838
4,1791271633.1539745,1791271633.779931,1791271659.246526,1791271664.3293505,1791271664.3365898,1791271664.4801967
5,1791271664.5229695,1791271665.1348581,1791271690.2019165,1791271694.977058,1791271694.984214,1791271695.1277852
6,1791271695.1751368,1791271695.8083699,1791271720.9597898,1791271725.7281559,1791271725.7354982,1791271725.879865
7,1791271725.9244466,1791271726.5417302,1791271751.5182438,1791271756.3185084,1791271756.325621,1791271756.4689493
8,1791271756.5132308,1791271757.2510145,1791271782.4060593,1791271787.1622975,1791271787.1696482,1791271787.396804
9,1791271787.4408004,1791271788.0701163,1791271813.8247838,1791271818.8947294,1791271818.9018838,1791271819.043468
10,1791271819.0861154,1791271819.7086804,1791271845.519659,1791271850.510224,1791271850.5174174,1791271850.6676831
11,1791271850.7138493,1791271851.3768237,1791271877.3498905,1791271882.3030562,1791271882.3103397,1791271882.4682562
12,1791271882.5177405,1791271883.1660607,1791271908.9915164,1791271914.024566,1791271914.0318506,1791271914.1853542
13,1791271914.2317605,1791271914.874457,1791271940.957851,1791271946.047467,1791271946.054657,1791271946.2010505
14,1791271946.257658,1791271946.8976681,1791271972.7240736,1791271977.7130842,1791271977.7203093,1791271977.8735611
15,1791271977.9200096,1791271978.6896994,1791272004.502377,1791272009.359322,1791272009.3667927,1791272009.6154094
16,1791272009.6591094,1791272010.2799866,1791272035.1805875,1791272039.8771627,1791272039.8843107,1791272040.0278707
17,1791272040.0710537,1791272040.6850054,1791272066.308338,1791272071.6025386,1791272071.6100562,1791272071.7593923
18,1791272071.805231,1791272072.4413948,1791272098.52732,1791272103.7220285,1791272103.7295554,1791272103.875284
19,1791272103.9224436,1791272104.5531337,1791272130.1503773,1791272134.8658652,1791272134.8730283,1791272135.0160782
20,1791272135.0601792,1791272135.6729198,1791272160.461754,1791272165.2963676,1791272165.3035445,1791272165.4474497
21,1791272165.4984622,1791272166.1225128,1791272192.6890402,1791272197.706284,1791272197.7135248,1791272197.8651147
22,1791272197.913413,1791272198.6990533,1791272224.400719,1791272229.0788774,1791272229.0860913,1791272229.2340288
23,1791272229.3083518,1791272230.0462897,1791272255.1593518,1791272259.9293954,1791272259.936698,1791272260.080302
24,1791272260.1247764,1791272260.7462883,1791272286.8228815,1791272291.7970014,1791272291.8043554,1791272291.9527414
25,1791272292.0026891,1791272292.6435127,1791272318.3899956,1791272323.332481,1791272323.3399093,1791272323.4885383
26,1791272323.5352752,1791272324.1585567,1791272350.045301,1791272355.0928946,1791272355.1001787,1791272355.2500234
27,1791272355.3016262,1791272356.2307458,1791272382.668944,1791272388.0087476,1791272388.0165212,1791272388.1688092
28,1791272388.3042302,1791272388.9644613,1791272415.1544669,1791272420.1475923,1791272420.155506,1791272420.3065977
29,1791272420.3549626,1791272420.9980268,1791272447.4381561,1791272452.1224132,1791272452.129807,1791272452.2727594
30,1791272452.3159869,1791272453.039383,1791272478.0340457,1791272482.7164335,1791272482.7237597,1791272482.9613163
31,1791272483.0054295,1791272483.625781,1791272508.5377944,1791272513.2820718,1791272513.2892637,1791272513.4340382
32,1791272513.487392,1791272514.1083715,1791272539.1292772,1791272543.8940752,1791272543.9012198,1791272544.04141
33,1791272544.0849519,1791272544.7158477,1791272569.681447,1791272574.4210603,1791272574.4283338,1791272574.5710986
34,1791272574.6136513,1791272575.2327447,1791272600.2825522,1791272605.0392523,1791272605.0465164,1791272605.1895485
35,1791272605.2328372,1791272605.848748,1791272630.9150295,1791272635.688851,1791272635.6961336,1791272635.8409896
36,1791272635.8849294,1791272636.5040157,1791272661.4188654,1791272666.1481125,1791272666.1552892,1791272666.301077
37,1791272666.3449986,1791272667.0733175,1791272692.1481576,1791272696.8314965,1791272696.8393888,1791272696.98395
38,1791272697.0654345,1791272697.8010051,1791272723.030619,1791272727.8009095,1791272727.808722,1791272727.9516654
39,1791272727.9948564,1791272728.612844,1791272753.6917284,1791272758.454947,1791272758.4621665,1791272758.607702
40,1791272758.6504807,1791272759.2725587,1791272784.3726459,1791272789.157746,1791272789.165046,1791272789.3086123
41,1791272789.354059,1791272789.9719915,1791272815.083514,1791272820.0765998,1791272820.0865488,1791272820.2494314
42,1791272820.297428,1791272820.9778523,1791272846.1582487,1791272851.1429777,1791272851.1503317,1791272851.2969832
43,1791272851.4033828,1791272852.0268009,1791272878.2187002,1791272883.180416,1791272883.1876395,1791272883.3366513
44,1791272883.3838837,1791272884.0261817,1791272909.6048539,1791272914.3628457,1791272914.369855,1791272914.5114553
45,1791272914.5550928,1791272915.290078,1791272940.2847292,1791272944.987364,1791272944.9947155,1791272945.2360075
46,1791272945.278597,1791272945.8933668,1791272970.8349798,1791272975.58229,1791272975.5895188,1791272975.7352178
47,1791272975.7793493,1791272976.397895,1791273001.5445101,1791273006.3206503,1791273006.3277922,1791273006.4717834
48,1791273006.5154138,1791273007.1331134,1791273032.1070855,1791273037.382059,1791273037.389436,1791273037.5442061
49,1791273037.5964978,1791273038.2553422,1791273063.1966853,1791273068.2532258,1791273068.2604249,1791273068.4050145
50,1791273068.484332,1791273069.1025326,1791273094.3409355,1791273099.3637862,1791273099.3710296,1791273099.5142944
