Round,Evaluator,Classes,3,1,2,0,4
0,0,<=50K,,,,,
0,0,>50K,,,,,
0,1,<=50K,,,,,
0,1,>50K,,,,,
0,2,<=50K,,,,,
0,2,>50K,,,,,
0,3,<=50K,,,,,
0,3,>50K,,,,,
0,4,<=50K,,,,,
0,4,>50K,,,,,
0,Aggregated,<=50K,,,,,
0,Aggregated,>50K,,,,,
0,Centralized,<=50K,,,,,
0,Centralized,>50K,,,,,
1,0,<=50K,0.09775168569691345,0.09803091961899663,0.0976293023963676,0.0985397446296931,0.09802642370355975
1,0,>50K,0.023240332516673727,0.04274141888472951,0.051433182947243784,0.08278141485983212,0.07043393485714734
1,1,<=50K,0.0990946876103879,0.09734326520947384,0.09756921418519932,0.09769523196951214,0.09695442206766128
1,1,>50K,0.04448958832700082,0.050552625720952545,0.05840339078760411,0.08521088245948576,0.07416601924344561
1,2,<=50K,0.098016707712797,0.09844599401098161,0.09838789976437212,0.0993170223393171,0.09739866719221942
1,2,>50K,0.03911128279907095,0.05209446532175031,0.05639286727867387,0.09101773268875074,0.07557410278141334
1,3,<=50K,0.09548445042297601,0.09540126386320195,0.09670492565801483,0.09633958761415874,0.09552455444452877
1,3,>50K,0.03304786969349675,0.04599098910180293,0.05353816637758139,0.08792750389764352,0.07608271950069195
1,4,<=50K,0.09687098687899336,0.0946893613645756,0.09428246309669304,0.09467987770411082,0.09445958115803026
1,4,>50K,0.035813135886484784,0.040523604779613455,0.04508712124310674,0.07748866800152225,0.06931706432922975
1,Aggregated,<=50K,0.09744184710989995,0.09678637468765071,0.09692090201733221,0.09732047938530658,0.09647697237845138
1,Aggregated,>50K,0.03519163995523123,0.04634799438451334,0.05292627085148686,0.08481461701295902,0.07308018076820702
1,Centralized,<=50K,0.09744206012607473,0.09678491076989694,0.09691592402117738,0.09731914658127046,0.09647634657111273
1,Centralized,>50K,0.035217769231961044,0.046357559645711637,0.05293038830470228,0.08484815407552405,0.07311115327976517
2,0,<=50K,8.631680591872174e-05,0.0007387646842056654,0.00031530083111659945,-0.005233178648108028,0.0003423516529756347
2,0,>50K,0.0040876241698896325,-0.024045983053067894,0.0014028310786556402,0.03478811060700713,0.018878622966219564
2,1,<=50K,0.0016114669300630287,0.0014820901038281654,0.0005743633653068403,-0.007216455859231247,-0.0006157909285591086
2,1,>50K,0.008156438829962155,-0.016212182667191398,-0.0015866919322114629,0.021707973984119538,0.013388553381873359
2,2,<=50K,0.0012020245608378851,0.0037480766247248386,-0.0008331734691979935,-0.005869928836551099,-0.0026477651472987212
2,2,>50K,0.006147421086171308,-0.013559060560254453,-0.005026240282253151,0.02787483624138696,0.007670945345610492
2,3,<=50K,0.002030218060187383,0.0018923831396484385,0.0013327887079545853,-0.006891648616778943,-0.001583494032961541
2,3,>50K,0.011510832517766531,-0.02004860147161127,0.0026252532195952323,0.0265875507425638,0.010252264509679677
2,4,<=50K,0.0018649145010475063,0.004990448317030763,0.0016767578222246892,-0.008261126348783591,-0.001460462625786065
2,4,>50K,0.009641505279578601,-0.012588681172462313,0.0037526347858369983,0.025028671353590336,0.011784473323808126
2,Aggregated,<=50K,0.0013576493423758575,0.0025653146787619,0.0006106282202952157,-0.00668956618610592,-0.0011936053226361913
2,Aggregated,>50K,0.007918396543189455,-0.017242443202472965,0.0002530233303396851,0.027154363842948052,0.012401174979044957
2,Centralized,<=50K,0.0013641184826117074,0.002570944923209223,0.0006181154777363251,-0.006673915323082276,-0.0011834518999121098
2,Centralized,>50K,0.007974263897678963,-0.01719175073718512,0.00026724483672331453,0.027130071757052916,0.012380996275691588
3,0,<=50K,0.0026829881466720754,-0.0004093401173700143,-0.0004876465769875345,0.002305479379360557,0.0017857094581723723
3,0,>50K,0.029167637103354443,-0.07237779379559563,0.030050344914040572,-0.003884161624089309,-0.013304355588840576
3,1,<=50K,0.003498245320986802,-0.0006337142320594643,0.001162506919773615,0.0021000196799416653,-8.78105089306802e-05
3,1,>50K,0.02700345534483978,-0.061337427744645304,0.02960258347606352,0.0002979801034884988,-0.015990043828263044
3,2,<=50K,0.0003012921746847715,0.0009900728207527113,-0.001255839527708158,0.002527203134119745,0.00028955159774098164
3,2,>50K,0.015357946082813096,-0.057433701745652245,0.022358247381045564,0.0017553978897215522,-0.015262040716127601
3,3,<=50K,0.001960723466009686,-0.0013843021039885587,0.0012146533704763484,0.001220567196411406,0.0009305204280041446
3,3,>50K,0.023999739553165124,-0.07167148202058167,0.03201641209927513,-0.0029195297218090176,-0.012033639615572795
3,4,<=50K,0.001159084130130885,0.0006907674407311844,-4.569931037088544e-05,0.001792806316290522,0.00032187912090948513
3,4,>50K,0.019797806657453208,-0.05886387980875896,0.028500610787207607,-0.003328521639166219,-0.016603990260099483
3,Aggregated,<=50K,0.001919993503733937,-0.00015135023344009266,0.00011694114535361837,0.001989226488704153,0.0006499799431588315
3,Aggregated,>50K,0.023058087662280225,-0.06426550236872533,0.028506966760392848,-0.0016206194691269203,-0.014666637363876918
3,Centralized,<=50K,0.0019219363817182607,-0.00015098517497711035,0.00011659978310867292,0.0019901497900473835,0.0006489568571437583
3,Centralized,>50K,0.02300749113714041,-0.0642455383831528,0.02848063884036772,-0.0016028879295403864,-0.01463426250083556
4,0,<=50K,0.0010083925362855684,0.00021689446301422408,0.0007452636191573788,-0.0004284241826194579,0.0005785148264194814
4,0,>50K,-0.032971445423779736,0.026769417891291104,-0.007190307611051377,0.018013569207765576,0.023061378125428893
4,1,<=50K,0.0005228513731303286,-0.0008564510228961875,9.961304140295353e-06,0.0005226291529677611,-0.0008460856175996845
4,1,>50K,-0.029140614879475356,0.016939805418753708,-0.008802860440652488,0.017954010416797193,0.01264005162442534
4,2,<=50K,0.0001441103611084793,0.0012929071111561774,0.00018716451791362757,0.0013389636603285866,-0.0012836896739567005
4,2,>50K,-0.03140735285897784,0.025636874572952686,-0.008507811779003819,0.02252510002707617,0.011073404707004778
4,3,<=50K,0.001524709486741697,-0.0003055762540278654,-0.0006096957563498281,-0.0007311116821909769,-0.0005278618672373095
4,3,>50K,-0.030209936317046455,0.022031356535657496,-0.014541234148787089,0.016747016885158308,0.015036713281929659
4,4,<=50K,4.9951488336709886e-05,0.0016083576239573202,0.00010298098146451772,-0.0003694323621485973,0.0005689215722850933
4,4,>50K,-0.03515406216070929,0.02509449107001162,-0.009693132401824163,0.01844623167390033,0.01925426853255194
4,Aggregated,<=50K,0.0006521838470519447,0.00038953649128335824,8.682272315551636e-05,6.678073401033727e-05,-0.0003038546005972394
4,Aggregated,>50K,-0.03179643925654924,0.02328143244796448,-0.009733339387437066,0.018733027538219236,0.01622746685274719
4,Centralized,<=50K,0.0006477787586526377,0.00039115686555947954,8.712545645669922e-05,7.137260304390658e-05,-0.0003032541284736512
4,Centralized,>50K,-0.031768011760288435,0.023263309516950787,-0.009770533636770422,0.018690473124952048,0.016208614368340164
5,0,<=50K,-0.002456447368422023,-0.0006564020925740118,0.0014186206639204206,0.002875170649092366,-0.004211074581279199
5,0,>50K,0.015282263906374422,0.01933154892671338,-0.00039049944348720685,-0.05297887543591693,0.01942728640225122
5,1,<=50K,-0.0013943120249549745,-0.0006482629861775409,0.0020671069882695512,0.004616892769676009,-0.004867941222003941
5,1,>50K,0.018102960289459274,0.015886780934012818,-9.19341445927128e-05,-0.03797772704636236,0.014125542359655236
5,2,<=50K,-0.00022552904331369362,-0.001251750601409507,0.00015247619634826867,0.00527840687655183,-0.004508736652827181
5,2,>50K,0.02292647257237456,0.014912655801108649,-0.006530580092947488,-0.037463111808812184,0.017652697191735515
5,3,<=50K,-0.001840053659426035,-0.0006227134950740843,0.0029008491943795195,0.0031919138711234197,-0.0055787956414987076
5,3,>50K,0.018034223516319097,0.022748243698274846,0.005564903542948232,-0.053394209707151835,0.015842918806933063
5,4,<=50K,-0.0011479815717665505,-0.0016199574084648023,0.0028119170189874493,0.004840953672722805,-0.004500825009936249
5,4,>50K,0.0190562316521282,0.018156240344448186,0.003166589299708373,-0.045867771631602876,0.020343597237950647
5,Aggregated,<=50K,-0.0014136406671288538,-0.0009583726970366996,0.001867734107115464,0.004157852873427834,-0.004734342107639963
5,Aggregated,>50K,0.018679972359706226,0.01818859293504345,0.000358904474762746,-0.045492687514572444,0.017490333676807912
5,Centralized,<=50K,-0.0014124456397154946,-0.0009534610091981477,0.0018659063514045282,0.004156330183401569,-0.004730186203387136
5,Centralized,>50K,0.0186564848960587,0.01819080216447632,0.0003801038832161337,-0.04549352049001456,0.01745800297984271
6,0,<=50K,-0.004964855135799468,0.0030403153390923124,0.000410384599555443,0.0004687958883128673,0.0014890003759968407
6,0,>50K,0.01701365823329685,-0.010311192153128214,-0.01902867894650303,0.004346322244997541,0.005281416268172205
6,1,<=50K,-0.003311447576206731,0.001853455478577611,0.0003970372213257282,-0.0006200662855083843,-0.0006898894191193088
6,1,>50K,0.019855259695078807,-0.00957294749808838,-0.01381366997704978,0.003326453652604222,-0.005158439030028971
6,2,<=50K,-0.004831187319961907,0.002007209940569778,0.0005166445500947654,0.0015166429227978025,0.000255011986169514
6,2,>50K,0.016794431873652586,-0.013163605313781029,-0.01685290612485921,0.011380780908867445,-0.0011223587309272124
6,3,<=50K,-0.0034963773505015156,0.001807732026319477,0.0015209878642734838,-0.00031009354188658763,0.002025404852412423
6,3,>50K,0.02064613067743543,-0.012096051632739194,-0.01821096587225448,0.0033456911300252857,0.0061119890164160065
6,4,<=50K,-0.004421965132048679,0.002367953051266745,0.00037067917925269754,0.00035977956730140297,0.0013619529415225152
6,4,>50K,0.019439198825981902,-0.009376450524616166,-0.01802829054553209,0.006172563555303617,0.0013078319319687782
6,Aggregated,<=50K,-0.004205563418626025,0.0022151790420181384,0.000644694969858544,0.000283956287071728,0.0008898333508431594
6,Aggregated,>50K,0.018757989909881062,-0.01088131907892377,-0.01717651884905503,0.0057088695937711625,0.0012460306178597555
6,Centralized,<=50K,-0.004206066441172238,0.0022154314643979805,0.0006383125561953862,0.00028300704077349563,0.000885992765745643
6,Centralized,>50K,0.018765560767495505,-0.01086579788731673,-0.017157079996903257,0.005716496799129655,0.001292537045839535
7,0,<=50K,0.0008015778883091129,-0.0020386725694833555,-0.0004727329345986575,0.0022067898694576723,0.0014610908091389338
7,0,>50K,-0.004597941735759396,0.030750916648781927,0.004755922459010664,0.00824310282825892,-0.04612625425357143
7,1,<=50K,0.0016812352867614881,-0.002266558517473677,-0.0006689543651645461,0.0023829544249908594,0.0016137159471283173
7,1,>50K,6.425235439927457e-05,0.025231279918757153,0.0036284144362406993,0.007457088916096278,-0.03958843240534355
7,2,<=50K,-0.0007552941980546365,-0.0024441462714526094,0.00018303646133885354,0.0024321285124958847,0.0011799487480730158
7,2,>50K,-0.005537710898567558,0.023418901952135078,0.006058999237350506,0.007490819912609328,-0.04359521531784351
7,3,<=50K,0.001896855447562503,-0.0027769751657674108,0.00199717681534262,0.00042979408682855915,0.00112084274144628
7,3,>50K,-0.0011804797102963375,0.02854561448011484,0.015806269941749208,0.0022972543148534713,-0.04734879419737257
7,4,<=50K,0.0006942481171859489,-0.0023200790984171343,-0.002036623488590346,0.0028930945018322217,0.000448689376618557
7,4,>50K,-0.0024371899622299704,0.030022548099667746,0.0013174794948240401,0.009750402069178531,-0.050999717616960503
7,Aggregated,<=50K,0.000863334098671205,-0.002369806416604662,-0.0001927890569759518,0.0020654559629734643,0.0011660879735425039
7,Aggregated,>50K,-0.0027238588699454442,0.027603828314507632,0.006239748869343281,0.007081812315758909,-0.045547930889178245
7,Centralized,<=50K,0.0008607970758207036,-0.0023662793378711965,-0.00019816938809288364,0.0020703167998361266,0.001164082953195696
7,Centralized,>50K,-0.0027212026272133167,0.02760651458579431,0.006328432001823507,0.007028238399901149,-0.045543203967843976
8,0,<=50K,-0.0006439310658004441,0.001522722682093423,0.0006326524938229475,-0.004262681404645603,0.0028681737948249944
8,0,>50K,-0.03138425327458971,-0.001974116084626389,0.0042996473438175345,0.025469030295211206,-0.0020072354939015473
8,1,<=50K,0.0005968412417422779,0.0028602517588696584,0.0005297657558749503,-0.005719981964417745,0.0017172892827469644
8,1,>50K,-0.023755804547810937,0.0042369240722929784,0.0008167790021696061,0.015346909627503959,-0.0035992927592425634
8,2,<=50K,-0.00013545829183877293,0.0024779682504654397,-0.00020141762562751465,-0.0043299612943655825,0.002158088281028081
8,2,>50K,-0.02496841966803703,0.001300575148279278,-0.0002319936008620571,0.020727819849345366,-7.755245304748582e-05
8,3,<=50K,0.0008317011362839021,0.0018230114427527754,0.003077160155136845,-0.005871170524349358,0.0010543259348804012
8,3,>50K,-0.028109206091726353,0.0015952655350150835,0.01155559590769784,0.017662271889661577,-0.008534831030735612
8,4,<=50K,0.0005148408719193679,0.003116350737501957,0.0010670627913713187,-0.005266882909351502,0.0011389330092622478
8,4,>50K,-0.029184707606688683,0.004096740013441256,0.00459840704812556,0.02030175858830959,-0.007725873304715791
8,Aggregated,<=50K,0.00023181707702051152,0.0023570661107929114,0.001022592650382403,-0.005089093917701212,0.0017888174229456135
8,Aggregated,>50K,-0.027477734298411792,0.0018820354277658713,0.004182984337366707,0.019887820078522814,-0.004407667280675751
8,Centralized,<=50K,0.00022858390477308496,0.002358465019140471,0.0010186538412831625,-0.005084825209798509,0.00178798437291471
8,Centralized,>50K,-0.02747557016739573,0.0018867588290291577,0.004211339694537204,0.019843279899566618,-0.004415134663723878
9,0,<=50K,-0.0006879294254914496,0.0002560155859106535,-0.0005129607121204323,0.0025358327725517067,0.00016747556833701844
9,0,>50K,-0.03123003161661114,0.020652904673507777,0.005271387546301011,-0.0035372730371362646,0.026878115810407516
9,1,<=50K,0.00016346975886104935,0.00023918789338629455,-0.0004908761636885251,0.0016681023561106198,-0.002060387286687104
9,1,>50K,-0.023984539997936087,0.017990165133208145,0.0037519527594217154,-0.005687689865482059,0.014864930892492792
9,2,<=50K,6.700647680562924e-05,-0.00013848079209565582,-0.0006101307502912527,0.0028600655549938956,-0.0012977210344822263
9,2,>50K,-0.02620498324634437,0.01556044569652911,0.004110653813672765,-0.0011576113312779745,0.016617442760632383
9,3,<=50K,0.0003773416797860918,-0.002107367493372758,0.0005951982215134377,-7.665385835097423e-05,-0.0016133957075887366
9,3,>50K,-0.025446534499944592,0.01116040393694727,0.008923979929765685,-0.012784648360378749,0.01923454373617737
9,4,<=50K,-0.0003172924753570727,0.001348755778482528,-0.0010942040536474425,0.002128326772789755,-0.001526202649439662
9,4,>50K,-0.030376621037263792,0.02404271856350471,0.004560444683414968,-0.0029999623122517307,0.018057827081686913
9,Aggregated,<=50K,-7.89145941212903e-05,-8.576880825990942e-05,-0.0004201755059888101,0.0018216371099215485,-0.0012644323385364886
9,Aggregated,>50K,-0.027461967604432008,0.01794877759646961,0.005303377149620195,-0.005203707930746731,0.0191027737580548
9,Centralized,<=50K,-8.22400792410379e-05,-7.813426544748259e-05,-0.0004224208144575507,0.0018269432390845034,-0.0012636245874654154
9,Centralized,>50K,-0.027420149371084827,0.017868208660674408,0.005333605319467509,-0.005278862898480034,0.01910401779828086
10,0,<=50K,-0.0003174535990156805,0.001121430792548204,-0.002086092806178456,0.0018242776947195486,0.0016873489261369445
10,0,>50K,-0.00023015814644979557,-0.010523597601851509,-0.0005847468607885024,-0.001375050634315922,-0.003384250860839517
10,1,<=50K,0.0004238534259453271,0.0017461701143123658,0.001038137418570284,0.001312652527398132,-0.0007433116614604477
10,1,>50K,0.0032955887447874495,-0.0035507508303494863,0.009451451606693057,-0.0026132277755619455,-0.011523038857996288
10,2,<=50K,-0.0020472304735441632,0.0022451785711910034,-0.0009667866740330895,0.0017504772261581166,0.001219122331330689
10,2,>50K,-0.005230641772566321,-0.002874786252905174,0.000785926650540127,-0.0013277991420061344,-0.002928925647562989
10,3,<=50K,0.001295828409325256,-0.00048637918097593953,-0.0011966033613170798,0.0007282205796653988,0.002431431035242226
10,3,>50K,0.006242530897474021,-0.015255085178531141,0.0032906941835806653,-0.005368889372191419,-0.00015451835817897514
10,4,<=50K,-0.0009018256677207015,0.002389481875092632,0.0007807810658353139,0.0003956443507041107,-0.0007545496061190408
10,4,>50K,-0.0026308794129667763,-0.005771726229004923,0.011014928263240315,-0.006142555994021028,-0.013148189545425262
10,Aggregated,<=50K,-0.0003082129991676784,0.001399146027636136,-0.0004921083383786803,0.0012040471114408815,0.0007751976914429964
10,Aggregated,>50K,0.00026952839149186475,-0.007548172124639486,0.004871268556872577,-0.0033826912660242766,-0.00632500220418695
10,Centralized,<=50K,-0.000311462967790771,0.0014019560174699298,-0.00048799236165525763,0.0012054331021355614,0.0007683620708267151
10,Centralized,>50K,0.00031044628549355043,-0.007584744425611593,0.004840914979501291,-0.0034069265614068106,-0.006247348160804056
11,0,<=50K,0.0003337299655342944,0.0009332223292905488,-0.001292038651665219,0.00039555727447030585,0.0004357401748985005
11,0,>50K,-0.00015361731856866994,-0.012360239637199486,-0.003184379928179339,0.007641099397859513,0.010652325548476548
11,1,<=50K,-0.0005596379188304967,0.0017733828407636876,-0.0003123156458790355,-0.000849776764779812,-0.0009939202254835874
11,1,>50K,-0.004067553802532416,-0.004246725848542413,0.0027761753782546655,0.0005856695105997733,0.004445138226060173
11,2,<=50K,-0.001850176448357808,0.0016206600338132778,-0.0013864704108018785,0.00017101685721697494,-0.001056042132091034
11,2,>50K,-0.008539608636701354,-0.006684917328664049,-0.001129254443846304,0.006905981383017636,0.0029517360340680495
11,3,<=50K,0.0010003231080113694,0.0013024132246567991,-0.0006586792703450436,-0.0013349478041369046,-0.0005672612116486805
11,3,>50K,0.0008109484755652263,-0.007985383164157502,0.00081174162491869,0.0002831328809468477,0.009948789169328653
11,4,<=50K,-0.0007014681005334145,0.003208360762407503,-0.0006640959736179101,0.0010050978416713838,-0.0007568569552269237
11,4,>50K,-0.004719039151383144,-0.0018651746187379173,0.001025013881283308,0.00993966226211556,0.004828583668469408
11,Aggregated,<=50K,-0.0003537134606274356,0.0017635062828712253,-0.0008639962731073695,-0.0001251964873941256,-0.0005867080771115158
11,Aggregated,>50K,-0.0033544358988575693,-0.006574235579840415,7.980876178862654e-05,0.005100183694996451,0.0065358978403191196
11,Centralized,<=50K,-0.0003561756979332901,0.0017646864662961559,-0.0008642232331577312,-0.00012077382342636407,-0.0005855784302430204
11,Centralized,>50K,-0.0033404126892515023,-0.006559581480068807,9.688103028486217e-05,0.005036781192495493,0.006564345387921594
12,0,<=50K,-0.007574496932032717,0.0030974359144840423,0.0008861519886420477,0.0011760118989832332,0.0005528839493721572
12,0,>50K,0.03247543416486193,-0.01276413231651562,-0.03214732177733451,0.017149499306213758,0.013307208953787649
12,1,<=50K,-0.006633473533478827,0.0027751657701134227,0.0010783298907729721,0.0008862228777815617,0.0008686752188557523
12,1,>50K,0.02296251692340204,-0.013132439403087079,-0.027045866073132377,0.014510077683392346,0.010682999596990357
12,2,<=50K,-0.006560701541797413,0.0023098147288086383,0.0013219927330892242,3.535668155777993e-05,0.0006321131105540205
12,2,>50K,0.02776853879679383,-0.01697778516226911,-0.0281497303213794,0.013593696591733246,0.0123243470627663
12,3,<=50K,-0.006959072245547206,0.003731789098628256,0.002776346941602122,0.0003768094045540053,-0.00010656243197268619
12,3,>50K,0.030601494127265958,-0.01172346306863938,-0.029404598428665073,0.01442370882523753,0.012683901169391814
12,4,<=50K,-0.0070987480064000985,0.0005595492351037827,0.002532681629035131,-0.0010738539890847978,-0.0004880441986683045
12,4,>50K,0.02877214084084517,-0.02488948793115032,-0.024174333059650926,0.010666213540519325,0.0077203811636900955
12,Aggregated,<=50K,-0.006965348591881679,0.0025001364116595134,0.001718400081159806,0.0002828383568283328,0.00029288104070272563
12,Aggregated,>50K,0.028488649594573576,-0.015968729339294004,-0.028142610826007136,0.014041335782864888,0.011306734021632193
12,Centralized,<=50K,-0.006961412623533901,0.0024945328271923453,0.0017130031702618047,0.00028229443400397863,0.0002950020571838019
12,Centralized,>50K,0.028448924864857936,-0.01592956178101424,-0.028104005653819417,0.01403822009224537,0.01128970802112947
13,0,<=50K,-0.0012082439541741578,0.004854004889512372,-0.003556302499363084,0.000445695570000576,-0.001539363147745946
13,0,>50K,0.006947391639568969,-0.030059708978929896,0.015698015410865775,0.014072822521377537,0.0006327590631868459
13,1,<=50K,-0.0022663902454818753,0.0049918013827869945,-0.0033312488504199118,-0.0010857629902112384,-0.0008546534126174159
13,1,>50K,0.0018190583855484147,-0.02122411016893494,0.012615709879962378,0.006566918544838544,0.004322664365938241
13,2,<=50K,-0.0015349327052462632,0.004846401902725473,-0.0031190777253725156,0.0011759191811897217,-0.0011062549859442586
13,2,>50K,0.0026984527497465843,-0.02878066297562619,0.014759658731945553,0.015064619073665322,0.00676666206279332
13,3,<=50K,-0.0010478381623603428,0.005068274524354016,-0.0032586242640799123,-0.0021209273807471785,-0.00032213870768035835
13,3,>50K,0.004975174209463677,-0.030129215336352953,0.01400603724398517,0.004162450613817713,0.009130615688447141
13,4,<=50K,-0.0009124379624583345,0.0047238259405880745,-0.0025626663507653264,5.5491107700633704e-05,-0.0020388177813319254
13,4,>50K,0.005305362005481096,-0.0295727437560726,0.017360854823390597,0.011976210168214643,0.004628314262789766
13,Aggregated,<=50K,-0.0013938257044136945,0.004897272989445121,-0.0031669859577031596,-0.0003065539523442961,-0.001169914443711377
13,Aggregated,>50K,0.004345088032051609,-0.027931015584244885,0.014900327406943728,0.010374461653471343,0.005079717784710428
13,Centralized,<=50K,-0.0013967854329132833,0.004892676406089913,-0.0031676991053418905,-0.00030139051248118294,-0.0011692080137530425
13,Centralized,>50K,0.004358672177083482,-0.02789674083398188,0.014888796784342113,0.01030908997392657,0.005109005856607216
14,0,<=50K,-0.00032164793347838985,0.002053404975162539,-0.0023798163428469282,0.002735486142849275,-0.0010826831197586705
14,0,>50K,-0.03768874880191616,-0.005680624298113965,0.015266202881507271,-0.0037687010985678355,0.020890432390682702
14,1,<=50K,0.0006153301385878181,0.0024800495168568787,-0.0019539578806971195,0.000710805183840918,-0.0004404284153651202
14,1,>50K,-0.028267291161447602,0.0006622227649894434,0.011773962121480607,-0.007885776706151749,0.018089926100674978
14,2,<=50K,0.0012039288003465414,0.0023704033504248767,-0.0022530927957173006,0.0022400718449844073,-0.002575832415698226
14,2,>50K,-0.02935112040345608,-0.00035516608972203473,0.01207987194234195,-0.00319601327911595,0.013735763295254392
14,3,<=50K,0.0030115780555349026,0.0035807147924520016,-0.0008431569575723422,0.000560577351694926,-0.0035164376837423183
14,3,>50K,-0.022424864079094373,0.00293647733707475,0.019600835997577646,-0.010331804845377997,0.013408156300038861
14,4,<=50K,0.0012368465085277336,0.003691642155709246,-0.0017463127584424383,0.0006443742982175649,-0.0033613041656517053
14,4,>50K,-0.028964685311672882,0.0024033283909029868,0.016790252440257353,-0.009232151678228936,0.012940118977188225
14,Aggregated,<=50K,0.0011508030678067033,0.0028338348839266124,-0.001834837071831736,0.0013808251640719839,-0.0021955667679355246
14,Aggregated,>50K,-0.02934493853435433,1.1151338134807862e-05,0.01509375192421951,-0.006902593251363177,0.015804945673864135
14,Centralized,<=50K,0.0011450731026117174,0.0028307470244013327,-0.001835517974435628,0.0013818382312375034,-0.002187660307045086
14,Centralized,>50K,-0.02925489952521587,7.489821285342294e-05,0.015109349713254122,-0.006927069312360117,0.0157371427951538
15,0,<=50K,-0.0010782217044006726,0.003168992921684751,0.0012558682273172731,0.0008628716897307449,-0.004176714453726579
15,0,>50K,0.008554265398387164,0.005404212716180118,-0.0055815719382223015,0.003773105655791681,0.008627686588285435
15,1,<=50K,-0.0022648940972176566,0.000839704534337767,0.0035200840806985214,-1.6406669735180568e-06,-0.00569826183563358
15,1,>50K,0.0025007560663396137,0.000582634146381981,0.0012855843603632566,-0.0002526367448078345,0.003591873203142815
15,2,<=50K,-0.0009530312903366922,0.001521914492152841,0.0017052689956918998,0.0003616133705793741,-0.003988127072251602
15,2,>50K,0.008959749517610163,0.0025879969815020237,-0.003979659008246691,0.0028480239091931295,0.011693665615378742
15,3,<=50K,-0.0005573957634910216,0.0008338252349149274,0.0020072329174911324,-0.0010778689604746114,-0.00504418966791822
15,3,>50K,0.007717294402076946,-0.002858361686064028,-0.001569338504484674,-0.0012624444446556137,0.0075246877807246225
15,4,<=50K,-0.0014600353042049578,0.0005857705478750623,0.0020896637250780335,-0.0002790805310220486,-0.0054907829786961715
15,4,>50K,0.004965231390257698,-0.004194817887941436,-0.004228743573414308,-0.0013926743222700026,0.007622087525862017
15,Aggregated,<=50K,-0.001260317905504838,0.0013926531690643799,0.0021135666431777735,-2.6725353834004454e-05,-0.00487678578435812
15,Aggregated,>50K,0.006503699050860267,0.0002724948525968853,-0.0028095706516943035,0.0007227885655922078,0.0077892959851708935
15,Centralized,<=50K,-0.0012633502580570962,0.0013913958427782017,0.002114933210169001,-2.3740105064595783e-05,-0.004874866550813008
15,Centralized,>50K,0.006514601022195302,0.0002647173588791481,-0.002807172675176308,0.0007043399688466327,0.007786890084535695
16,0,<=50K,0.0003651786028260532,-0.00025480234766491193,-0.00089891303876809,0.00047405128469522607,0.0011948419531328544
16,0,>50K,0.013606098596352959,-0.0412245756094589,-0.007106625307909757,0.0011173890664208208,-0.009889163971848598
16,1,<=50K,0.001022793409839684,0.00213803966148803,0.001442379209459832,0.0006936978420398384,0.0011848208201478323
16,1,>50K,0.013005406610774421,-0.02697340892517676,0.004471873024999482,0.0026232174956809257,-0.010936274400897662
16,2,<=50K,-0.0011106280456616732,0.003184160068845715,0.0003462803444227058,0.0012256629899853025,0.0013267211320150665
16,2,>50K,0.008006628528525433,-0.028178568988033868,-0.0010983106559011209,0.0023074273090576505,-0.010381249841519197
16,3,<=50K,-0.0014270733159616393,0.0042626162436305,-9.046046301457815e-05,0.0007175637190615906,0.002931075504282693
16,3,>50K,0.007072651095927103,-0.02663921338576543,-0.004815255535448963,0.004011123252648324,-0.004425783660244588
16,4,<=50K,0.0013045280549683477,0.004064675112436692,0.001456292640967836,0.000624903396240554,0.0014901905235993366
16,4,>50K,0.017640651224885947,-0.025461961499828274,0.002590880600213452,0.004900143072912551,-0.011927542906769256
16,Aggregated,<=50K,2.5171136288293307e-05,0.002677030255468369,0.0004467265081852226,0.0007476357179441336,0.001627208135896232
16,Aggregated,>50K,0.011932215765017571,-0.029653832173636638,-0.0011258906277717261,0.0030046903522626682,-0.009548799287947225
16,Centralized,<=50K,3.144482318277464e-05,0.002670933290034059,0.0004459830567479524,0.0007497608820746256,0.0016225184402618646
16,Centralized,>50K,0.011857574809818477,-0.0295995109408187,-0.0011269861771051142,0.003003974110864597,-0.009507675446956585
17,0,<=50K,-0.0004110058476253916,0.0012134573043283193,-0.0025860904581018604,0.0030699579682077443,0.00011710358039901022
17,0,>50K,0.012706243858555202,0.007440398225573913,0.023731947667400152,-0.0034679049353632473,-0.0009053385459566225
17,1,<=50K,-0.002375074353322067,0.0010208938597648506,-0.003060601196704275,0.000495700661968305,0.0012393257912162114
17,1,>50K,0.00032297312961337976,0.006903987944430784,0.018632628534759922,-0.01206454388033082,0.003978288149011087
17,2,<=50K,-0.002676521206884652,-0.0006007231036159633,-0.0032314212259045,0.002458189297331476,0.0003061985411868732
17,2,>50K,0.0030522939213430762,-0.0005997240353874777,0.018918485362668765,-0.005260555342683328,0.00011457891561817609
17,3,<=50K,-0.0005402656300408278,0.001327851962763582,-0.004631891424065976,-0.0008173166681912,-0.00035472766336343736
17,3,>50K,0.01059207391142903,0.00810050017002755,0.013839214615350919,-0.022363744916252575,0.000878556677810218
17,4,<=50K,-0.0015902489940112748,-1.0107320670828719e-05,-0.003085487388267958,-0.0006895894305778287,-0.0013645851982097613
17,4,>50K,0.004429736362614053,0.0032087156577232418,0.018868012979316916,-0.018312035718295747,-0.004300502052825576
17,Aggregated,<=50K,-0.0015168478486225667,0.0005914737132332138,-0.0033208153380191604,0.0009074489012226366,-9.685398769420804e-06
17,Aggregated,>50K,0.006171037662517196,0.0050010910173365905,0.01880769128142289,-0.012327496888244225,-6.624342996709571e-05
17,Centralized,<=50K,-0.0015178868405988219,0.0005901425081933883,-0.0033189928539479924,0.0009084502459947815,-7.164932454898724e-06
17,Centralized,>50K,0.006179033974161983,0.00501637163471801,0.018771252071795006,-0.012394551876361303,-7.193933359130507e-05
18,0,<=50K,-0.0039502252157825974,0.0008561363912273171,0.0019495317931804608,0.0019470427401543828,-0.003908770210475708
18,0,>50K,0.011870968723568754,-0.00506204138460046,-0.0128380959560452,-0.00603573553531746,0.0067424589836064825
18,1,<=50K,-0.003068373632269903,0.0006204451042344184,0.0023244741210975734,0.0021897888445660857,-0.0029529476416515635
18,1,>50K,0.007388051636912737,-0.0035660178245633905,-0.00974965711880468,-0.0009294440553810864,0.008614047407189272
18,2,<=50K,-0.0051604220446526666,0.0023709323498365244,0.0031319644512815383,0.00264067521346323,-0.0027812931510600974
18,2,>50K,0.0023638955608072535,0.0012239537538385895,-0.004578759342270805,-0.0030764106119204456,0.011661636360392197
18,3,<=50K,-0.0025360649355914977,0.0023456231921968975,0.004193296032627201,0.0020648571301516336,-0.0013058066574794895
18,3,>50K,0.009692542616333752,0.0003380439562628383,-0.0024695454947225768,-0.005845950012933365,0.015427766077916487
18,4,<=50K,-0.0038992257618911006,0.0021653288979259703,0.0033607237358119785,0.0028684196899564198,-0.0034977251937956975
18,4,>50K,0.00735926023777223,0.001058406901547428,-0.006008203287436615,-0.0007276992207857528,0.011553126475249389
18,Aggregated,<=50K,-0.0037228858241401654,0.0016723814143794603,0.0029926795448346625,0.0023408743794747474,-0.0028866930613474584
18,Aggregated,>50K,0.00772909574454342,-0.0011976711428553202,-0.007142136461564762,-0.0032849940808237646,0.010786382263549943
18,Centralized,<=50K,-0.0037237650541621795,0.0016704150810834392,0.0029902919378192766,0.0023396775959363997,-0.002888357575586592
18,Centralized,>50K,0.007696519961623813,-0.0011814617891520143,-0.0071062086133131235,-0.003276856865349072,0.010812644543063727
19,0,<=50K,-0.0029211271026732912,0.0017361463546235651,0.001830039323544012,0.002615641281691209,-0.00041465546541877285
19,0,>50K,0.025696619301485597,0.0013394934800700772,-0.02845002694879726,-0.01628637650479087,0.012241478641797091
19,1,<=50K,-0.004103654157030582,0.0023885057939001847,0.0033305481890466226,0.00300857078033403,-0.0012496057534887085
19,1,>50K,0.017378909852871532,0.005511470235525072,-0.016312590499955,-0.01359546050298081,0.00888842146963643
19,2,<=50K,-0.0050171247482402185,0.0022352346926920305,0.004740224648772351,0.002232514607809409,-0.0026746897869482328
19,2,>50K,0.01726271756615069,0.004525676257024689,-0.012994825420099334,-0.018313342979781152,0.005767670985313097
19,3,<=50K,-0.00678009126556486,0.0028204214303648297,0.004032857466932756,0.001524969343857461,-0.0035352667326051857
19,3,>50K,0.009850155575442974,0.006972494535463109,-0.015135378280069839,-0.0190402099557397,0.002901110882378538
19,4,<=50K,-0.00543889233052407,0.003164019186716033,0.004204410966744696,0.0020493022895379446,-0.0020733437840752896
19,4,>50K,0.015941403320759856,0.005406008600372003,-0.018518564866075917,-0.018505054154035725,0.00741855530750992
19,Aggregated,<=50K,-0.004852816301712503,0.00246730594423272,0.0036269266266843467,0.002285356341070443,-0.0019913336572491575
19,Aggregated,>50K,0.017230424502720432,0.004755821401501457,-0.018284206422217238,-0.017138727300772906,0.007459879991813388
19,Centralized,<=50K,-0.004845755566949924,0.002464985558998615,0.0036222630655020033,0.0022876075286709986,-0.0019859349785774677
19,Centralized,>50K,0.01714525304130053,0.0047930312566316115,-0.01819364949691377,-0.017164146024812574,0.00740561624870387
20,0,<=50K,0.0009719897605750353,0.0018628573003710291,-0.003217466859921775,0.0013661266761916535,-0.0028624034655037136
20,0,>50K,-0.001749003263960695,-0.0060213456875989795,0.010422391815826437,-0.021652170055488754,0.014022981549523183
20,1,<=50K,0.001144090388335269,0.0010649291007756227,-0.0016442486917195927,0.0019446575831160737,-0.0035668441617558886
20,1,>50K,-0.00290769273709194,-0.007984503593254883,0.010973608885486331,-0.017749783171388592,0.007926231278688108
20,2,<=50K,-5.583443938788254e-05,0.0016021420640688993,-0.0021098170800668927,0.0026679462716027447,-0.0020649367305308843
20,2,>50K,-0.004474436413535012,-0.00793204791545757,0.01062002967550148,-0.016619646878065542,0.0142376207831503
20,3,<=50K,0.001788642926181494,0.002060098662067091,-0.0024307307620990296,0.002571576764719543,-0.00334233658374839
20,3,>50K,-0.0004728558932468744,-0.006213031807945187,0.009954019019567157,-0.01653767300890509,0.014705033484090283
20,4,<=50K,0.0005122520417351468,0.0022934595828891643,0.0005934994767696156,0.0006862158330037985,-0.002646237390631741
20,4,>50K,-0.005734185602258695,-0.005111366586856001,0.0234186939229298,-0.024273963036234844,0.016016893518140916
20,Aggregated,<=50K,0.0008731626344929914,0.0017764776101917208,-0.0017685769002973456,0.0018507778225962126,-0.0028963779663443204
20,Aggregated,>50K,-0.0030939593683130613,-0.006645752374902537,0.013163330936583544,-0.019407908090570043,0.013375704760370005
20,Centralized,<=50K,0.0008708506357885726,0.0017747123223881796,-0.001763856259160501,0.0018478713139754078,-0.002893417939216366
20,Centralized,>50K,-0.0030898260723675316,-0.006633133657418433,0.013099741706202398,-0.019376252852757618,0.013380614247872482
21,0,<=50K,0.0017527682311446228,-0.001680167746015321,0.0014816765729991392,-0.002005437171005168,-0.0010520282846355625
21,0,>50K,-0.00027670677434561605,0.01351575745364622,-0.012727242587079553,0.008723228172474068,-0.0017662289272958264
21,1,<=50K,0.00077522354872549,-0.0023932277569664612,0.0018607915064806154,-0.0028357296760589696,-9.236815188210882e-06
21,1,>50K,-0.0028110667037657077,0.011153149791275392,-0.007189730284870923,0.00406238858166438,0.003080988073686264
21,2,<=50K,0.0009323623182494893,-0.002546373807280126,0.002036136189672564,-0.0029536522107474613,0.0007669628321301673
21,2,>50K,-0.0022297121969582184,0.005335409771865727,-0.008793564370831349,0.0029761176384217824,0.006626220813909182
21,3,<=50K,0.00165190475932252,-0.0014526154332446084,0.002179043147464373,-0.003967277193172027,-0.00011609032711616396
21,3,>50K,-0.0021058808207934745,0.011569839721100206,-0.010259837332057816,7.044303852100457e-05,0.003269659085286388
21,4,<=50K,0.0011618486579642558,-0.0022810216572495398,0.001345855149960353,-0.0037543915821837913,-0.0012325065647976604
21,4,>50K,-0.0028810942583030815,0.011939988874917883,-0.012330888997436135,0.0022743933823623145,0.0002713311754298712
21,Aggregated,<=50K,0.001255922485983933,-0.0020693928795926407,0.0017820030893297431,-0.003102425706173862,-0.0003263478709344155
21,Aggregated,>50K,-0.0020711640730623907,0.010716552276639459,-0.010264356950843448,0.003619333874391808,0.0022786022040884235
21,Centralized,<=50K,0.0012541673248003963,-0.002072419741122798,0.0017790517613324877,-0.0031002466314905127,-0.0003264908889410852
21,Centralized,>50K,-0.0020756761301689427,0.010759127642601285,-0.010251972270167166,0.0035899765936418027,0.002287869715866786
22,0,<=50K,0.000842443204003986,0.0002742946478144381,0.002666591040256144,-0.00026152225196098645,-0.005072511003216921
22,0,>50K,0.0030941137221639973,-0.0010021916007558176,-0.01980415255009725,0.0030898471797460693,0.015291428267336397
22,1,<=50K,-0.0007710619526736407,0.0015149075193209036,0.005589684596436978,-0.0005970050365824968,-0.00587635892584276
22,1,>50K,-0.0031764181768125714,0.004646902659171289,-0.009822317718067889,-5.424606337530539e-05,0.010218338991000364
22,2,<=50K,-0.0003221187139078152,0.0015992335320022236,0.004300761587396828,-3.4562426585358724e-05,-0.005953228899341284
22,2,>50K,0.0016830256584152029,0.0035950300490841486,-0.014062301957223463,0.0010659338765402445,0.013280850193786204
22,3,<=50K,0.0019071364376903877,0.002789316664755533,0.004759262763689247,-0.003068652083930599,-0.005641770390698149
22,3,>50K,0.009291698502885273,0.009010324451184366,-0.012695321651403468,-0.009227761358211269,0.01354179336633824
22,4,<=50K,0.00017266339664865165,0.0012392562190260267,0.00569206848834625,-0.0006101854116595029,-0.006234716006839767
22,4,>50K,0.0021108845061856155,0.002118516070326376,-0.01146288910463158,-0.001103676501203201,0.014578983166899744
22,Aggregated,<=50K,0.00036870412127590466,0.0014847633096761559,0.004597429862918255,-0.0009167224899274358,-0.005754247797063754
22,Aggregated,>50K,0.002556833573108326,0.0036544455001277015,-0.013535577785737428,-0.0012245741735082672,0.013377483068118055
22,Centralized,<=50K,0.00036687633489380645,0.0014807671854243476,0.004597450311379371,-0.0009127660927023347,-0.005752449216622035
22,Centralized,>50K,0.002588669347322853,0.0037158057881072257,-0.0135475049457733,-0.0012813508289227966,0.013365669586236244
23,0,<=50K,0.00197981969145317,0.0019111286711736045,-0.001100944673091553,-0.0010914001035275363,0.0009608181663816273
23,0,>50K,-0.008331783814667135,0.014471748607972823,-0.008174738201485262,0.016374944282770792,-0.009587491365033611
23,1,<=50K,0.0009383361905997274,0.0014238387794901718,0.0007365549860284666,-0.0018412503493381175,-0.00047090989896770295
23,1,>50K,-0.01015109550186658,0.01115517524311108,0.0017516351156066311,0.009248692348893367,-0.012348005539292642
23,2,<=50K,-0.0001967728466926222,0.0003348787729684999,0.0010259221841601848,-0.0019952608894445683,0.0012411476994439118
23,2,>50K,-0.015329003405997483,0.006592736414027323,0.002678497731053936,0.008850417187430666,-0.008355185747116778
23,3,<=50K,0.002794952890896955,-0.000376205675761763,0.0022235489536279168,-0.006509134481765175,0.0010091689210190047
23,3,>50K,-0.006526781602961314,0.004861852492539042,0.007489624914407305,-0.0057535135904827565,-0.008546100853385636
23,4,<=50K,0.0024042611523357998,-0.00013021438060263347,0.0028488806148310895,-0.003406160112952104,0.0016260740411867425
23,4,>50K,-0.008454119722670761,0.004367529894125162,0.009605240093655511,0.006088424553744337,-0.008572235967424069
23,Aggregated,<=50K,0.0015832711363378679,0.0006329526694520897,0.0011434735851539436,-0.0029709445772442443,0.0008733202129006546
23,Aggregated,>50K,-0.00975277707803043,0.008277528454875364,0.0027150924184973987,0.006989307356237801,-0.009489852564449895
23,Centralized,<=50K,0.0015802645233737218,0.0006344235559292977,0.0011410854660613516,-0.0029627209460342066,0.0008712239199026121
23,Centralized,>50K,-0.009733991487556637,0.008246783885993996,0.00277569839202282,0.006880088504041108,-0.009460186306784546
24,0,<=50K,0.0010082761635901401,0.0020644898220937625,-0.0013223275572580794,0.0018814156524464979,-0.0027778876892926795
24,0,>50K,-0.008289352131578139,-0.020058012795454265,0.000992750352311202,-0.006179514516340414,0.013528491779331962
24,1,<=50K,0.0004628013815032324,0.0033471497436991533,0.00026403320331305026,0.0016562385043248937,-0.0028916994729711026
24,1,>50K,-0.010320803933890735,-0.012283512415326749,0.006694201774281955,-0.005994895706997193,0.013675894779609093
24,2,<=50K,-0.00030731437718718816,0.003200891854762063,-2.3564865152366407e-05,0.0017843674295580036,-0.004376041973285252
24,2,>50K,-0.011095009704892075,-0.013608587913258094,0.008565328212872581,-0.006195215372793681,0.007549373550430041
24,3,<=50K,0.002085244719362091,0.0026799785272793196,0.0007201059670569961,0.00031190635505262503,-0.004154914814846674
24,3,>50K,-0.001963288539001699,-0.01374347994187361,0.009833576672046785,-0.010610927192668918,0.008012777796323537
24,4,<=50K,0.0005636114630235685,0.0019166764693546111,0.0024383790154932122,-0.0008197327641961553,-0.004986679971160531
24,4,>50K,-0.010300164331312617,-0.022407007378136827,0.016628687917697883,-0.015530036205678504,0.006346241940162073
24,Aggregated,<=50K,0.000764053888034965,0.002642861933521288,0.0004102996819424131,0.0009663238297172769,-0.0038360227621252116
24,Aggregated,>50K,-0.008430234861477426,-0.01645857732157053,0.008600418661626152,-0.00894294453726541,0.009815737410813864
24,Centralized,<=50K,0.0007622978961606593,0.0026412137959919333,0.00041213211396342225,0.0009675797812858563,-0.003836606153790297
24,Centralized,>50K,-0.008390347972628356,-0.016413070372613796,0.008593913826532447,-0.008956637891078164,0.009826683513247792
25,0,<=50K,-0.0007201349964923702,0.002056213560417225,-0.00218639042272577,0.0020796564685915788,-0.0029351100711856666
25,0,>50K,0.005472272262516812,-0.0014487009748815171,0.004531880620311251,-0.02020285741383527,0.01899018547332633
25,1,<=50K,-0.0007442013958928499,0.0011198808890532709,-0.00045767498107422607,0.002841140548390016,-0.006042197171966925
25,1,>50K,0.0020854880998393516,-0.0026468432240655945,0.00805870329464957,-0.014118513308163327,0.007325402059249888
25,2,<=50K,0.0005794857689225681,0.0028691880965309763,0.00027072515478551165,0.002454250692258014,-0.00476322539668989
25,2,>50K,0.006389659300997787,0.0030412030306284405,0.010074017248159994,-0.017751490990553523,0.013804681060186503
25,3,<=50K,0.0006396371487978836,0.0021188142013334687,0.00029126852633974595,9.476607733937547e-05,-0.0031891219513402696
25,3,>50K,0.00735362781504156,0.0006039981615627447,0.009892164239678288,-0.029733418136352652,0.01932453593790578
25,4,<=50K,0.0006408079111465071,0.003553929515780063,0.001976687439527867,0.0011132214584054444,-0.004331932605214321
25,4,>50K,0.010255699487608162,0.0034698235578224583,0.021944816447580135,-0.023363124040027116,0.01907220927335851
25,Aggregated,<=50K,7.920644860739829e-05,0.002342106635318215,-2.5506779901117892e-05,0.0017157987847413916,-0.004249040232866895
25,Aggregated,>50K,0.006323105975127161,0.0006118447129333227,0.01098337131709164,-0.02100596706924186,0.015686899971342223
25,Centralized,<=50K,7.881222575040573e-05,0.002341062263439686,-2.4150704904381723e-05,0.0017174645034678101,-0.004249726287458775
25,Centralized,>50K,0.0063161929195101685,0.0006326716936470745,0.010954339578642948,-0.021058718851292003,0.015709751761747128
26,0,<=50K,0.0008346059674609293,-0.0006887167739197526,-0.001889301038375076,0.0008289719474140441,-0.00011433608540405981
26,0,>50K,0.00993927678391437,-0.014849481329486155,-0.009248593803197366,0.008327844703858856,-0.0008307117714437411
26,1,<=50K,9.169211742761455e-05,0.001260312498113301,-0.0008073441550722241,0.0006336615527602304,0.0002785284121996134
26,1,>50K,0.006318387436250391,-0.003527737867953912,-0.007997881245228699,0.006826054212370031,-0.0010187670383551709
26,2,<=50K,-0.0008910642483513142,0.002917981611298141,0.00010290483308566522,-0.0003519856432944594,-0.0008486385533852725
26,2,>50K,0.005619193027667951,0.00025920898522916456,-0.003613531063507669,-0.0005402363318558885,-0.0008264474586160179
26,3,<=50K,-0.0008981692191049569,0.0025558139238076724,-0.00023151231536536754,7.954601613110087e-06,0.0006159461589293795
26,3,>50K,0.002538120463934331,0.0010984578207730022,-0.002737335344970689,0.0014160731283436496,0.003944993392181055
26,4,<=50K,-0.002629072270119877,0.001146856884617801,-0.000476273692748419,-0.00031993553259520766,-0.0005779982520166593
26,4,>50K,-0.005593354279792436,-0.006105069249918301,-0.0047830156003363855,0.00015590384682240093,-0.00255725113544575
26,Aggregated,<=50K,-0.0006945713220345804,0.0014403490134990145,-0.0006602142547241989,0.00016015670678626388,-0.0001283876454279905
26,Aggregated,>50K,0.0036981633502808893,-0.004646386174902158,-0.005686215933632646,0.0032332578865699505,-0.0002887687314497056
26,Centralized,<=50K,-0.0006955680977695204,0.0014354305730623462,-0.0006603301139206171,0.00015903439502350884,-0.00012859053149866055
26,Centralized,>50K,0.0036810988902724493,-0.004552464266723346,-0.005678468464868887,0.0032181295051763297,-0.0002724010640315189
27,0,<=50K,0.0015301074652152118,-0.0016601466032724148,-0.00017929020507267968,-0.004511299138665427,0.0024685253044858155
27,0,>50K,0.002425505806108262,0.013154141625414778,-0.015021496898166349,0.01900194254848865,-0.0009369561052662067
27,1,<=50K,0.001337286136071436,-0.0029405369905839214,0.002498516250514802,-0.0055617955407706015,0.0016507256723752603
27,1,>50K,-0.00012976076476353682,0.009905556304519123,-0.0055901078476941575,0.01248520567123582,-0.0037955393064237988
27,2,<=50K,0.00013315520356534013,-0.0037077185475375934,0.002957732983936649,-0.005609964497764395,0.0014782272642171134
27,2,>50K,-0.001843927679142258,0.0031670670192263735,-0.0032206743024529787,0.009674677347773919,-0.001300777262495669
27,3,<=50K,0.001465309576112106,-0.0018388693268107696,0.003540154909158161,-0.006187366257125306,0.0006570711662764239
27,3,>50K,0.00010266786983612053,0.009961611181376043,-0.000392336275410123,0.0075147593435963556,-0.006618160693371918
27,4,<=50K,0.002740794905803251,-0.002625796069693196,0.001986936793793159,-0.006770080076322179,-0.00011366997387116662
27,4,>50K,0.004409976817549775,0.009718360712769023,-0.0069548328057453665,0.011690728869639982,-0.01030803734535813
27,Aggregated,<=50K,0.0014378479199847248,-0.002553657013579926,0.0021617031937300494,-0.005725827881761382,0.0012308344605341881
27,Aggregated,>50K,0.0010199794954428318,0.009190911977949051,-0.006252229926202293,0.012082472938776463,-0.0046344596654724
27,Centralized,<=50K,0.001439312766610192,-0.0025560957544790226,0.002158276090185311,-0.0057243597585277415,0.0012321344284513278
27,Centralized,>50K,0.0009820614558008719,0.009210396381633078,-0.006199973473825896,0.012037442877955048,-0.004663891941363355
28,0,<=50K,0.0005114031758920094,0.0018646300383876066,0.0007670852136404597,0.0006068777582723228,0.00041526943658301747
28,0,>50K,0.00892824265375504,-0.002002650125774465,-0.013395355531678371,0.005452637048318502,-0.011615088177024406
28,1,<=50K,-0.0006584530723011998,0.0008152636429376636,0.001607500727438932,-0.00024310342896621261,0.001640443265230899
28,1,>50K,0.0002670443552418541,-0.0016137512654148848,-0.007630766713347282,0.0013692023587797753,-0.003818168664949184
28,2,<=50K,-0.0014942331158544098,0.0007661065568514166,0.002067421805970519,0.0004929749950456752,0.0022739568201821216
28,2,>50K,-0.00021852924976104582,-0.00286075592603978,-0.0057337529771655845,0.002277918916721174,-0.0013970557142708876
28,3,<=50K,-0.00017218211153206356,0.0005753862155181607,0.00213101252706252,-0.0026495134713339454,0.000788045583487329
28,3,>50K,0.002703688628309153,-0.003950259374755952,-0.004500434973008035,-0.005764851510357588,-0.0033867439681628366
28,4,<=50K,0.0008976336163069106,0.00140772141547482,0.0028563678271739832,-0.0008341286943526316,0.0010151987382504724
28,4,>50K,0.007504759045882283,-0.0001819206497114312,-0.0036699834865719706,-0.0018058901147346947,-0.004469356551381648
28,Aggregated,<=50K,-0.00018555152257104885,0.0010850139145803016,0.0018838794645362079,-0.0005260073151108881,0.0012264732664600665
28,Aggregated,>50K,0.003856020069035756,-0.002098997913472469,-0.006966500613287976,0.0003038447392176455,-0.004933075943753611
28,Centralized,<=50K,-0.00018371623672320443,0.0010857921258086267,0.001883161288067242,-0.0005205958808889003,0.001228251582915213
28,Centralized,>50K,0.0038145168058861347,-0.0020927339756178776,-0.00693409717054827,0.00024879588583465173,-0.004899876343237029
29,0,<=50K,0.0023178135039018705,0.0005040549657645591,-0.0010660557035043908,0.0002973869255959938,-0.00347535529460423
29,0,>50K,-0.022422545161767546,0.003964058628531871,-0.00980054547435424,0.010925795234394957,0.012851747891283615
29,1,<=50K,0.002397156108192779,0.0010682535369997304,0.0003589306564026692,0.0005920625159963407,-0.003595379412459282
29,1,>50K,-0.021083086406889905,0.007046482004281916,-0.0058477182109536304,0.009689733310247172,0.012665783966746847
29,2,<=50K,0.0032982020998327164,-0.0013021076648033665,0.001635219140536881,9.59348017002537e-05,-0.002907782303740142
29,2,>50K,-0.018303964376260525,-0.002409407563438698,5.3678348594615735e-05,0.0074876270491444795,0.0192061242196091
29,3,<=50K,0.004380909506532412,0.0009304987259418326,0.0031090559545231414,-0.0014483649448713035,-0.004059757263307904
29,3,>50K,-0.017857114755750737,0.005707820591589091,0.004907245940315049,0.0034947553085168817,0.011946289816525124
29,4,<=50K,0.0019099016988389894,0.00042117424222701445,0.0031402542966679973,-0.0011715922661021652,-0.00437664941867786
29,4,>50K,-0.02484847115086779,0.0030151965422505387,0.006420914156595348,0.005009581990512084,0.0114050304541006
29,Aggregated,<=50K,0.0028649028194782477,0.0003231417576256109,0.0014334940322503248,-0.0003265598646309063,-0.003681365756223868
29,Aggregated,>50K,-0.020944827304538328,0.0034763009586233533,-0.0008266483167095473,0.007320392034321847,0.01359216924738365
29,Centralized,<=50K,0.002860965130180406,0.0003208693610960804,0.0014302263201844505,-0.0003224685570843988,-0.0036810762743204697
29,Centralized,>50K,-0.020933085452397464,0.0035009531163581226,-0.0007831577203350259,0.007276681559589441,0.013589200553222292
30,0,<=50K,-0.0028354759945954117,0.0014539996254076888,0.0006399589144272966,0.0004523437145350251,-0.0015421824735377787
30,0,>50K,0.029139364252150947,-0.007614762824891301,-0.007000614581169258,-0.025586179069107665,0.01251572122371612
30,1,<=50K,-0.00508528430432901,0.001452874850520806,0.0005979083825283708,0.00204271288984831,-0.0014947485309743176
30,1,>50K,0.014900928001408372,-0.0043552943150725,-0.006045360138172615,-0.015330891744060889,0.010533520837093186
30,2,<=50K,-0.00514616902986607,0.00030380376295145267,0.0017749813229062938,0.0018767982322158243,-0.0019240524687513065
30,2,>50K,0.013092852472408866,-0.011978850573648479,-0.0016578093872001653,-0.019538600511379286,0.011330720796440362
30,3,<=50K,-0.005426567939990423,0.002630252064857987,0.0018145013842853386,-0.0006934470888632009,-0.0022505785407859395
30,3,>50K,0.014293996905985148,-0.0023484080840313133,0.0012043260050619584,-0.03095539730721657,0.009635345414514636
30,4,<=50K,-0.004079151823417592,0.0013784074708998487,0.00294252756604725,0.0017533782750398094,-0.0029051967170739506
30,4,>50K,0.020113656650295988,-0.007788397455678215,0.0020636094742237433,-0.023231392613722843,0.007488226645590277
30,Aggregated,<=50K,-0.00451548940293642,0.0014445171619680295,0.0015518521585617738,0.0010823518287552112,-0.0020218876893214983
30,Aggregated,>50K,0.018318428053221307,-0.0068201127638140265,-0.002274956941506576,-0.02288159451807407,0.010278677801192865
30,Centralized,<=50K,-0.00451308634757846,0.0014404611602229186,0.0015515024647056231,0.0010830935784582386,-0.0020210655683100395
30,Centralized,>50K,0.01826180264330042,-0.006766287081420408,-0.002238343638866223,-0.022917309246757406,0.010269662539868064
31,0,<=50K,0.002595405599307743,0.0036076563205961437,-0.0005028201852658491,0.0007076266771013972,-0.004056507044215982
31,0,>50K,0.001759506845813132,-0.025996945017492227,0.005291581508017882,0.014132452089290034,0.020742569891291644
31,1,<=50K,0.0017225991916146488,0.003428664492021725,-0.00044553473179749227,0.0003545230191401646,-0.005345457029180223
31,1,>50K,-0.004625437463084111,-0.021031459608279488,0.006483627692667923,0.008578379467010193,0.011025201204667464
31,2,<=50K,0.002858324494722475,0.006041601336042594,-0.00030181935924890416,-0.0011439112591941321,-0.005456124813019146
31,2,>50K,0.0029956660603861836,-0.015426565762120308,0.007922680747964149,0.003991797082613646,0.014327163559135795
31,3,<=50K,0.0023480108305518,0.00542102428755609,0.0006973127835137816,-0.001447518072037668,-0.005651004438830141
31,3,>50K,-0.0003178158881677791,-0.019939955122302937,0.011441407261785747,0.003747964052895717,0.013601375310141762
31,4,<=50K,0.003179238931671476,0.004496466684867717,0.0008745265973255312,-0.0010898655312447528,-0.006371482582639435
31,4,>50K,0.004477751023991492,-0.02233056181965321,0.013124342998668175,0.0038906373194861955,0.012803680702942629
31,Aggregated,<=50K,0.00254013492320165,0.004601719926813798,6.321897125820238e-05,-0.0005242093982943534,-0.005373699492404278
31,Aggregated,>50K,0.0008644152835575859,-0.0209621968230482,0.008873345805044907,0.006858637208694174,0.01447133037949812
31,Centralized,<=50K,0.002543519282480659,0.004597027590665174,6.267113248015766e-05,-0.0005217179492779796,-0.00537118712593051
31,Centralized,>50K,0.0008174684515837989,-0.020917471896998305,0.0088921250508262,0.006812838279596134,0.01444043758432473
32,0,<=50K,0.0032109182568675785,0.00010184189515322813,-0.0013736900662546256,-0.001194250109721584,-0.0024346786721746285
32,0,>50K,-0.010799958626903063,-0.0018011501908791769,0.0016900446968962164,0.0038075363748795886,0.002783242717211548
32,1,<=50K,0.002470290401509421,0.0016052579708829358,-0.0009978825557310981,-0.0005039117043053524,-0.002748801145920319
32,1,>50K,-0.010804290498092731,0.006023396622728888,0.0035623187137983586,0.003360235831211872,0.00013527742680263428
32,2,<=50K,0.0036902773398716135,8.803569071865377e-06,-0.001405571217455585,-0.0015482972219394246,-0.0026171116966276684
32,2,>50K,-0.00579714764778395,-0.0013066904548450127,0.0018876328715606572,-0.0027202209491613096,0.0026625288328744425
32,3,<=50K,0.004698382242154882,0.002360624064581949,-0.0013384989265954124,-0.0031427231008977004,-0.0032336016749389203
32,3,>50K,-0.0035659313727092338,0.005821558789585813,0.0035463337351008114,-0.006187458692191261,0.0022057817731206816
32,4,<=50K,0.002784260458440413,0.0009668406406999212,-0.0007462962715073185,-0.0012359979752539255,-0.003585265661028314
32,4,>50K,-0.01308272211476942,0.003213248536526024,0.0038905792944838443,0.0005932733384211426,-0.000662616603900477
32,Aggregated,<=50K,0.0033744623983459248,0.00100854225514727,-0.0011738935940020967,-0.0015281753182468155,-0.002922520449588379
32,Aggregated,>50K,-0.008867603418665162,0.0024090725750571364,0.002925959452723348,-0.00019248320191871387,0.0013989109087204272
32,Centralized,<=50K,0.0033701420330303064,0.0010055803811743517,-0.001174022215666154,-0.0015247642855676703,-0.0029211440139718437
32,Centralized,>50K,-0.008814987128704653,0.002436562940037599,0.002939798887408836,-0.00024256456474329723,0.0014029611887981168
33,0,<=50K,-0.001377126127762714,0.0006206340115524253,-0.001413693944235637,-0.0013204620944872736,0.003504170485897055
33,0,>50K,0.009738456129726562,-0.006448015643420465,-0.001424217683117825,0.010277168946241115,-0.019222609631786385
33,1,<=50K,-0.0010974090280502743,0.0009048668243033094,-0.00010315148419986671,-0.0024553201497456213,0.003614609344806021
33,1,>50K,0.009016584821365324,0.00031364800625663565,0.004003071360588835,0.0062371550913978575,-0.017618143273419595
33,2,<=50K,-0.0019287688139675019,0.0017461712159122418,-0.002457750650132595,-0.0009675980503166074,0.0056622717949664685
33,2,>50K,0.006136278285473101,-0.001071079361310893,-0.0024738449466327676,0.00809240911326217,-0.00788527037688608
33,3,<=50K,-0.002487484314893405,0.0024275137285551677,0.00020441919220399175,-0.0030933806922748127,0.0038583659469894577
33,3,>50K,0.005020010987379387,0.002739731039322507,0.004923149826391817,0.0006124760403818319,-0.015104578419791317
33,4,<=50K,-0.0009795739829694394,0.0018062735776162113,0.0004409797340946357,-0.0020813225761013763,0.003106324448760328
33,4,>50K,0.009891391407592338,0.0018362688528536766,0.009097678256517496,0.006603749012868946,-0.02092934004223305
33,Aggregated,<=50K,-0.0015768974716889464,0.0015017005454243785,-0.0006693587636508248,-0.001983154035123529,0.003952076692722958
33,Aggregated,>50K,0.00798867182395519,-0.0005081378097988186,0.002882552054110947,0.006376564601241442,-0.01620584952354954
33,Centralized,<=50K,-0.0015742233850924343,0.0014973293978928215,-0.0006692116269054934,-0.001981289908089804,0.00395155887355957
33,Centralized,>50K,0.007954097797028475,-0.0004347410856838818,0.002885570296772927,0.00633851895495603,-0.016189355216904584
34,0,<=50K,0.00024281208037269889,0.0008815173788087697,-0.0004627766136342896,0.0012030458179328463,-0.0010992742946938454
34,0,>50K,-0.009262081076506059,0.01523284009319837,-0.00667671281824466,-0.01358841625291336,0.006801744685734188
34,1,<=50K,9.617697164207017e-05,-0.0007510493417779947,0.00031687038127249564,0.0006701684823875768,-0.0008874238843014785
34,1,>50K,-0.00971898627377141,0.009656383403797843,-0.0020727292646798884,-0.015008095157868766,0.007768879242501086
34,2,<=50K,-1.8938871842316685e-05,-0.0022137680113289795,0.001080863870276903,0.002964476378734963,-0.0022682279771519633
34,2,>50K,-0.010872938817213105,0.004677505358762502,-0.0001816133981709267,-0.008014349652596155,0.003275386559131355
34,3,<=50K,0.0007592316441538701,-0.0012436254314668862,0.0019300717767198993,0.0018983452911100595,-0.0017586710157615185
34,3,>50K,-0.006460560573646588,0.0073429318303644036,0.0057034291213667225,-0.012362343837456435,0.0015379070957354801
34,4,<=50K,5.229078186929637e-05,-0.0015367891842294349,0.0017364283172848992,1.726145171830525e-05,-0.0016402154058260546
34,4,>50K,-0.010609119339359869,0.006971726081810511,0.003862466453618361,-0.020601109564570737,0.005443337998861445
34,Aggregated,<=50K,0.00022722242289448542,-0.000971924355589797,0.0009195947627001809,0.0013557222937077588,-0.00153163778451357
34,Aggregated,>50K,-0.009401720496277181,0.008770067360380534,0.00013754133052811782,-0.013982954831374284,0.004990252465222266
34,Centralized,<=50K,0.00022612251593022344,-0.0009710560881237803,0.0009172227322958988,0.0013528340699552092,-0.0015306784076391578
34,Centralized,>50K,-0.009383643865886299,0.008759263027794983,0.0002036834344994798,-0.013969220720615422,0.004953997318090483
35,0,<=50K,-0.0008796027656661524,0.000882611290569237,-0.0022698445529063566,0.0012242591291917516,-0.00015214507990387593
35,0,>50K,-0.0002849180735346346,0.005239305772016554,-0.023849737156930447,0.006565641787448092,0.0006821980924563264
35,1,<=50K,0.0005133190864927935,0.0009095963017679528,-0.0002447553092141064,0.00028204663309892944,0.001121009358033013
35,1,>50K,0.0027502720539550273,0.001496099906679819,-0.013145111158202768,0.0030152458796845415,0.004623710418293989
35,2,<=50K,-0.0016320260500606143,-0.001396567738715726,0.0016019485403503933,1.2619042524621612e-05,0.001454308430069401
35,2,>50K,-0.0036966436577298553,-0.00381377793358574,-0.00832836991833059,0.0030053381908398736,0.008627591841577525
35,3,<=50K,-0.0014550900261289744,-0.0001601411655748471,0.0016018402945711255,-0.0013286532799223242,-0.001490844360287628
35,3,>50K,-0.0032273138985143427,-0.00010415858832005798,-0.004619575260903106,-0.002975052785500713,-0.0017395028692072712
35,4,<=50K,-0.001370821152434922,0.00046597244362424627,0.0021227790240312848,-0.002142050546361446,0.0004197835218791931
35,4,>50K,-0.0034232201406782033,3.670099769909248e-05,-0.004066681267529273,-0.005481737245056506,0.0028363059416754172
35,Aggregated,<=50K,-0.000966261293678085,0.00013791953815674754,0.0005601807700768206,-0.0003871541706994899,0.00026800896603893344
35,Aggregated,>50K,-0.0015675420630804034,0.0005742664301910779,-0.01076919260160044,0.0007888912647379813,0.003018595624014616
35,Centralized,<=50K,-0.0009639399515635972,0.00014052146181804762,0.0005565342694744828,-0.0003848315795064209,0.00027245475839085174
35,Centralized,>50K,-0.0016041378508669158,0.0005279721034165445,-0.010670209363030836,0.000746796790304884,0.0029814187436196
36,0,<=50K,0.0030591397299586766,0.0016308076519804464,-0.0016041334248889352,-8.083954130146398e-05,-0.0006012412461148975
36,0,>50K,0.0001282385674117333,-0.010982602859872346,0.005675401601701677,0.023445601841989974,-0.0026281998674715255
36,1,<=50K,0.001925699661893034,0.002004627789594232,-0.002615541304168356,-0.0018050190047990873,-0.000657936517261204
36,1,>50K,-0.00016448341509397446,-0.007185999862045123,0.0025251803045711952,0.013742190097841191,-0.0032616258351934177
36,2,<=50K,0.0013635585657654973,0.003557930664990357,-0.0012977265332659194,-0.002157147694864107,0.0006326156631788131
36,2,>50K,-0.0026612250945248052,-0.004284358671827583,0.006947874912136237,0.011787793316163737,0.0008753312994586389
36,3,<=50K,0.002624674298031922,0.0035918503084595766,0.000862631105338126,-0.004626655224231987,0.0007042552314314314
36,3,>50K,0.0009674587624423932,-0.00766109492956975,0.016506609327834387,0.0021709799871147332,0.003096048039579952
36,4,<=50K,0.0011235056770476518,0.00151230510693617,-0.00046694574776392497,-0.002623719743702757,8.815748271418511e-05
36,4,>50K,-0.006895361403989181,-0.010885135451831653,0.014035632370469892,0.012128644734135984,-0.00013388329423467312
36,Aggregated,<=50K,0.002022052197084897,0.0024634751805694575,-0.0010225236056134214,-0.002259687730311795,3.448680615574159e-05
36,Aggregated,>50K,-0.0017666035239308692,-0.008221088220597387,0.009135514615955364,0.01267695184066503,-0.000429023357760466
36,Centralized,<=50K,0.002018293774568758,0.002460121925382014,-0.001026339884946518,-0.002252965422700165,3.221106315037063e-05
36,Centralized,>50K,-0.001718872645412206,-0.008218928076280163,0.009213588131644839,0.012562790703119223,-0.000389544810615076
37,0,<=50K,-0.0029632430116937353,0.0028865015541306234,-0.0019264457248372466,-0.0024921095353472606,0.0022839917490643496
37,0,>50K,0.02441840529416823,-0.008009401107697042,-0.009206584234444997,0.010466520723947782,-0.0041059135466571025
37,1,<=50K,-0.003921310302769982,0.0028753708686770035,-0.0009872920718540365,-0.0005575933529568107,0.0013645685463456977
37,1,>50K,0.013498503026389634,-0.004066447712318672,-0.007195884798445225,0.01331014229185125,-0.00612432333358169
37,2,<=50K,-0.005536503911146312,0.0016230683080721861,0.00036260985968675403,-0.0018517283553002287,0.000939164894755079
37,2,>50K,0.01120475724760078,-0.010494918458649641,0.00021425536235088286,0.005154432732034583,-0.006643818008265934
37,3,<=50K,-0.0055952923593044065,0.0031942596708325016,0.0019715833533157515,-0.003528573286660706,0.0011393693147946139
37,3,>50K,0.009356505338527573,-0.007153920775943543,0.0047859846756110845,0.002883040726372767,-0.00623816085957191
37,4,<=50K,-0.005473506753862025,0.0024881596573387956,0.0030051060180300865,-0.00333926054044244,0.0026529799301503567
37,4,>50K,0.012821347097811131,-0.008931646340758577,0.008080415646180568,0.00529242100734765,-0.002683251350879288
37,Aggregated,<=50K,-0.00469767426832543,0.0026135999220796595,0.0004813766652557521,-0.0023543915581674835,0.0016734527229680673
37,Aggregated,>50K,0.014255531327912511,-0.0077241217164908905,-0.0006317425164109352,0.007440820675230044,-0.00513961156771709
37,Centralized,<=50K,-0.0046928316013473935,0.00261107622110609,0.0004785487804999507,-0.002351596798448158,0.0016754423754677616
37,Centralized,>50K,0.014172618170307962,-0.007715245487413408,-0.0005959817107376604,0.007404274833900713,-0.005159779754169602
38,0,<=50K,0.0008658103497587185,0.001347256893936714,-0.0032068968424244764,0.0011043743743673637,0.00021341717045842052
38,0,>50K,-0.020663886993837234,0.0035658078373549803,-0.004893550704364208,-0.00043403114898228715,0.003969448536198696
38,1,<=50K,0.002944088330420445,-0.001241722004271545,-0.0031561719271378406,0.002775805959198409,-0.000892465820590288
38,1,>50K,-0.009507380774725722,-0.0034453245256873674,-0.004249665801995895,0.0018044664927689192,-0.0002904426108548815
38,2,<=50K,0.003019585950462918,-0.00012394614134152068,-0.0014779770170379124,0.0013632278432372858,-0.001566468957738204
38,2,>50K,-0.013959353697513648,0.0029296368740596972,0.00279120741084653,-0.0028424197914109607,0.0013091088827250704
38,3,<=50K,0.0031211881596759044,-0.0002935605649826182,-0.0005893911995566936,0.0009503977071965301,-0.002527777629976204
38,3,>50K,-0.010788347679514334,0.0034548588235920738,0.006326275671429649,-0.003284356501612125,-0.004165858982759605
38,4,<=50K,0.0021289606039676984,0.0006766326004297385,-0.0006022118580319295,0.0012531111135350474,0.0005256753884941141
38,4,>50K,-0.017694300879497905,0.0052675141450541476,0.006126561364226542,-0.0014012139972765958,0.0060078603392056595
38,Aggregated,<=50K,0.002416432729922874,7.296685205746047e-05,-0.0018070453109368541,0.0014878509770911937,-0.0008541657577350345
38,Aggregated,>50K,-0.014534030067794022,0.0023498049648580255,0.0012254329287695364,-0.0012139085291492928,0.0014087979058834122
38,Centralized,<=50K,0.0024117207214703895,7.464165461973371e-05,-0.001810691173164967,0.0014912623085949854,-0.0008482440360600418
38,Centralized,>50K,-0.014478829930455985,0.0023842934651695145,0.0012896371055673705,-0.0012712620087689346,0.0013514347506560682
39,0,<=50K,-0.0009481948345259931,0.0012098347901995155,-0.00014043229834388623,0.0012674667614569997,-0.00046029073172691634
39,0,>50K,0.0011887368296617036,0.001688378369461413,-0.017354980828300053,0.012743976722561556,0.0025756301735497516
39,1,<=50K,0.00043900920459494415,0.0018127529328659817,0.000764211908209561,0.00040911714200449846,-0.0009161695261444909
39,1,>50K,0.005629580572881969,0.007585412763754055,-0.011370725623770448,0.008457145096127855,-4.505788257679518e-05
39,2,<=50K,-0.0019106801033463424,0.00017612822399065326,0.0018754377461682238,-0.0008073668990985439,-0.00022240189732419257
39,2,>50K,-0.0009554734372771342,-0.002786269195133454,-0.004887791794087169,0.0009529407962902692,0.002633408944696695
39,3,<=50K,-0.0005100249971194626,0.0003329967272037308,0.002495395517900443,-0.0017300680241383445,-0.0010906123389333388
39,3,>50K,0.0013704037421931141,-0.0004060767553733154,-0.003856420529846758,-0.0004674795748168629,-1.7497756948620102e-05
39,4,<=50K,-0.0015238480252182884,-0.0004741159685692072,0.0011114072802344424,-0.0024533851988733034,-9.829936288220561e-05
39,4,>50K,-0.003699391359085367,-0.0048534226193856665,-0.008867094473328178,-0.003074687190833599,0.002573832627445623
39,Aggregated,<=50K,-0.0008909159381171692,0.0006124490221342275,0.0012229749294954833,-0.0006602735207363435,-0.0005585063936988585
39,Aggregated,>50K,0.0006917743763917288,0.00023929505894047538,-0.009286869107200509,0.003696450861305651,0.0015479586472642677
39,Centralized,<=50K,-0.0008925615907564059,0.0006105133649249916,0.0012207912088233056,-0.0006588978363324616,-0.000556968707495964
39,Centralized,>50K,0.0006839666868375782,0.0002741602228716907,-0.009242533437014294,0.0036703569120947856,0.001524774422457975
40,0,<=50K,0.0035194582094227917,4.3320521458523055e-05,-0.0008016624347096065,-0.0010314458717969562,-0.003953257905533114
40,0,>50K,-0.025951988113877122,0.008732846378958027,0.004793153640885819,0.017773983288662924,0.008420222561262998
40,1,<=50K,0.0031904161904384534,0.0005011277071837831,-0.0011678757788348537,-0.00198910530127121,-0.003836215867416106
40,1,>50K,-0.02553836952939132,0.010589827993938318,0.0030242908277810583,0.010374653777128777,0.005131508432786903
40,2,<=50K,0.0049275518132676464,0.00028519180257144947,0.0008028743643951027,-0.002367545275922787,-0.0035399135658548907
40,2,>50K,-0.021565684260294152,0.007036745027391577,0.01072462261573519,0.007694420281693894,0.011867595462843305
40,3,<=50K,0.0036891775929628373,0.0013607625489808059,0.001213569890731601,-0.00459866237502069,-0.00396874245809846
40,3,>50K,-0.025538543354234035,0.01306262630157181,0.010656033086888093,0.0008552658424646698,0.007642471690545858
40,4,<=50K,0.0029259121518040556,0.001670347848413987,-0.0006168252291508506,-0.001805615372968646,-0.004241081518381954
40,4,>50K,-0.032672914394301006,0.016315155049293182,0.0071012860752987465,0.011872960455262377,0.010536365647098573
40,Aggregated,<=50K,0.0036533005384581,0.0007704191171289684,-0.00011025312230607823,-0.002361735827751683,-0.003907038917678165
40,Aggregated,>50K,-0.02630861453864457,0.011187112654051553,0.0072302559249753495,0.009754367564377519,0.008718869934573046
40,Centralized,<=50K,0.0036497869131053738,0.0007727928740544602,-0.00011313656215271954,-0.002359355440098652,-0.0039034510929431016
40,Centralized,>50K,-0.02629698705679254,0.01123410610417199,0.0072503187117682905,0.00966679669966769,0.008663220780379568
41,0,<=50K,-0.0005085690470678287,0.002712756112055596,-0.00028067888722114743,0.0023547502215805188,0.0008864928635125076
41,0,>50K,0.012228990326266476,-0.009843196110587066,0.001500474122054707,-0.03558767022264597,0.01385900781989832
41,1,<=50K,-0.0012043563690865547,0.0037929273679510895,0.0009243804732578075,0.001754331502489818,-0.0008456774274984776
41,1,>50K,0.00856064638883447,-0.0007828438189834789,0.003191632910410349,-0.032754091359270265,0.009170578898682799
41,2,<=50K,-0.0016174353325722924,0.002730882385455863,0.0008331684734690296,0.004369180951272063,-0.0012261940594389842
41,2,>50K,0.006815869209425729,-0.006589518333235972,0.005754084817481399,-0.024299951116101354,0.009443671312442095
41,3,<=50K,-0.0017124576685437283,0.0029476269641490953,0.0009758252794556406,0.004414804694507771,-0.0022039733455797923
41,3,>50K,0.005198504228698377,-0.006625691531230447,0.006010197326213625,-0.025788519116082098,0.00941658936752382
41,4,<=50K,0.0005841814981244049,0.0019744456221751955,0.0017860061205485166,0.003223070620739282,-0.0023051652543585933
41,4,>50K,0.01469248519921365,-0.010191759238294488,0.01069561534042421,-0.03261162870548504,0.005083787614447943
41,Aggregated,<=50K,-0.0008957652954459858,0.0028326743670863135,0.0008452239475856545,0.0032261808122583313,-0.001136860460641598
41,Aggregated,>50K,0.00954903453305598,-0.006807849388960858,0.005463396943426086,-0.03025254464209963,0.009357000523874115
41,Centralized,<=50K,-0.0008936691749063863,0.002831144149533545,0.0008476304902032956,0.003221043653418154,-0.0011337296885103468
41,Centralized,>50K,0.009500913437790895,-0.006773761766225572,0.005439753387684061,-0.030188025350761774,0.009373616820496014
42,0,<=50K,0.0010553346861131166,-0.0002975238252820348,-0.002034209530582637,0.0015365526130466248,-0.0035974516355511727
42,0,>50K,-0.0017064184976759323,0.008975913527121628,-0.021032214660566772,0.01322080856923406,0.006837141878205029
42,1,<=50K,0.00046223381990347735,-0.0015082247307423005,0.0005062078539983454,0.0009184303178051245,-0.0036053547838506544
42,1,>50K,-0.0046801738284948805,0.004149199681410748,-0.009527514159009935,0.0071969621804426195,0.0064449052189569775
42,2,<=50K,0.0006300059537682201,-0.0012250612687079814,0.0007151554200467888,-0.0010152612085094863,-0.001984548097787392
42,2,>50K,-0.004842391120141656,0.005034899068699372,-0.008559908263530184,-0.00037478927534466687,0.011317052180688115
42,3,<=50K,0.0017576710145856525,0.0003914188686595636,0.002464847525551019,-0.0015381428040187994,-0.0033598277497856803
42,3,>50K,0.0011350795163443598,0.010510837865991317,-0.005477709965949316,-0.0022193716011100558,0.006944669975201019
42,4,<=50K,0.0020674230989480235,-0.0009333560667290038,-7.493358135958935e-06,-0.0014327359970262446,-0.00193424002815805
42,4,>50K,-9.858579283372008e-05,0.007954753288141915,-0.013120748560264524,-0.0016579656012405983,0.013490932852996162
42,Aggregated,<=50K,0.001193498428331006,-0.0007122968316181738,0.0003308155386280036,-0.0003058138819778089,-0.0028979322909553785
42,Aggregated,>50K,-0.002039120687418819,0.007310590411571463,-0.011561309379479247,0.003222766983208803,0.009036004507899272
42,Centralized,<=50K,0.0011913965329537664,-0.0007142343200037075,0.0003249107756141863,-0.00030314644321854933,-0.0028970954839961094
42,Centralized,>50K,-0.0020084829787798742,0.007327365884298807,-0.011506892778625079,0.0031547830737269763,0.009030730578746865
43,0,<=50K,0.0009479305783910541,0.0010207248451061357,-0.0025788850707177844,0.0012504683130874605,0.0007867515696886151
43,0,>50K,0.0013351986759779833,0.0010888972132774067,0.0067168897635172305,0.0046430463751827725,-0.013033275726294728
43,1,<=50K,-1.6859445061251364e-05,0.0019838164479517345,-0.0019016867016917423,0.0006652702918970244,0.0012964049463435082
43,1,>50K,-0.0020793974377575925,0.005066440947900484,0.006203413524909698,0.0025475618759479733,-0.008659070013806495
43,2,<=50K,-9.168032197423014e-05,0.0004991829228002824,-0.002664938613919212,1.437786928644528e-05,0.0032076880598293557
43,2,>50K,-8.370920768482707e-05,0.0005495803020886832,0.003479584796187894,-0.0005440748108763789,-0.003028241556164368
43,3,<=50K,0.00022513598064891616,0.0011041179955507648,-0.0016851717411204689,-0.001549588822259218,0.0017258088387927862
43,3,>50K,-0.0013954288953499556,0.001892197526402915,0.007269239198638309,-0.005176587398264515,-0.006963718599881115
43,4,<=50K,0.0009381485528865141,0.00030965012774258893,-0.00132667900155381,-0.0004406453194729561,0.0017979734565571521
43,4,>50K,0.0014201757136435436,-0.000370859586275755,0.010468579361630275,-0.0038670389931131865,-0.007863219767605237
43,Aggregated,<=50K,0.0003995290755087706,0.0009838454561701792,-0.0020334240281687345,-1.2724999231146958e-05,0.0017637098990410502
43,Aggregated,>50K,-0.00015370068623531184,0.001644108484805644,0.00685646612247817,-0.0004847466900873901,-0.00791706775514814
43,Centralized,<=50K,0.00040047208971499273,0.000984237890881908,-0.002033363704345579,-1.0039779223837881e-05,0.0017628794519318517
43,Centralized,>50K,-0.0001725648105123878,0.0016419269093498482,0.006846125066765468,-0.0005224137896787791,-0.00788649295655995
44,0,<=50K,-0.002233277917613376,0.00205661782228246,-0.003991145322961674,0.0011746075524406744,-0.0020400095608175462
44,0,>50K,0.01321457016740858,-0.0015765040284731154,0.001964892488278806,0.005754066586123193,0.007136195803766921
44,1,<=50K,-0.003208119810712525,0.0016567102336102202,-0.0033336627072735694,0.0003552601234846446,-0.0017747946304026245
44,1,>50K,0.004812171179675308,-0.0011046810673714731,0.004979113323339697,0.00046960774666211514,0.008560614784267999
44,2,<=50K,-0.0036351175325812983,0.0005146596665338639,-0.0015931225284597154,-0.00010960056917902658,-0.0018475147954445307
44,2,>50K,0.00828678893801072,-0.0074352661327821,0.008876084774292891,-0.00124096796528122,0.00890102634826567
44,3,<=50K,-0.003931306408521038,0.0026079900481991046,-0.0026311302245917824,-0.001856597341756668,-0.003523371657745117
44,3,>50K,0.0038025608660754106,0.0026434858765595425,0.007650470703797516,-0.00617185334778037,0.0020979067347295507
44,4,<=50K,-0.003898508405573538,0.0017143398011632135,-0.0019461925225546203,-0.0008871264650172683,-0.004086687910227219
44,4,>50K,0.006231634226128138,-0.0013273393819171772,0.01276474779581744,-0.004229131357675481,0.0019922515412102697
44,Aggregated,<=50K,-0.003380500376246137,0.0017104445634889753,-0.0026999180791487418,-0.0002648094214680731,-0.002652307415492369
44,Aggregated,>50K,0.007255676649047009,-0.001759094776348851,0.0072817249199887005,-0.001092944852762615,0.005724466326625518
44,Centralized,<=50K,-0.003377814978267672,0.0017093766849434811,-0.0026986128723803554,-0.0002620170441226847,-0.00265057834620796
44,Centralized,>50K,0.007199706598247091,-0.0017267009046920134,0.007297950596105653,-0.001136840818244611,0.005700186705628672
45,0,<=50K,0.0026773605720995797,0.0002912572049052024,0.0013026167790615255,0.003352849335540633,-0.0024894441999549857
45,0,>50K,-0.00744509044050871,0.006267807759327383,-0.012418551080110843,-0.00627066006492145,0.002765096729027
45,1,<=50K,0.001440343653401018,-8.557996029160779e-06,0.0002402593876938308,0.003211332950574138,-0.0019231402596621816
45,1,>50K,-0.011290304068658115,0.006404234678100049,-0.012888700382401252,-0.00542965537754758,0.003208360627875534
45,2,<=50K,0.002239390023815824,-0.0016400938845971122,0.0031520932611912356,0.0030665086829076206,-0.0016869425098841077
45,2,>50K,-0.006488422546295122,-0.0035469677162870677,-0.002004649846090841,-0.009406942555199515,0.004794560008855773
45,3,<=50K,0.0025546291090818665,0.0005467322582077087,0.005439228973659949,0.0031260128202089212,-0.0018275375875568545
45,3,>50K,-0.006540394372468302,0.004380563134817901,0.0046193072890273286,-0.0076203266017908855,0.005232862800076649
45,4,<=50K,0.0031743657819676735,-0.0009238430244799219,0.0026945904049442454,0.0034272868238302318,-0.001272250509431209
45,4,>50K,-0.005954241923700052,0.0021841215312338996,-0.005340955021151785,-0.008264171549593146,0.008144404486320207
45,Aggregated,<=50K,0.0024166566785110695,-0.00034556044267160013,0.0025704541518441343,0.0032362405864911417,-0.0018412117262200855
45,Aggregated,>50K,-0.007550150825086716,0.0031460972344895645,-0.005660546551348819,-0.007395052510468196,0.004848902819300187
45,Centralized,<=50K,0.0024175807383394437,-0.0003485230480442932,0.0025634186782432936,0.003234748114450862,-0.001840054756885908
45,Centralized,>50K,-0.007562886092099241,0.0031714112053341736,-0.0055715418568801686,-0.007379606080655406,0.004848356781021675
46,0,<=50K,-0.0034893287440421823,0.0008088268871152752,0.0009901477256003286,-0.0014154442598919089,-0.001466116433876404
46,0,>50K,0.0039320666347816115,-0.00012405614251831214,-0.028776197552759834,0.0036609795209452973,0.005030773617334868
46,1,<=50K,-0.002092939262028089,0.0007190886255160733,0.0021082313314119065,0.0006246780188677969,-0.001719978416189268
46,1,>50K,0.005419462370628867,0.0019117463661401583,-0.018214997658892652,0.006424542790020362,0.0025559848794338815
46,2,<=50K,-0.003374972907443709,0.000819654515394654,0.0038615380708521903,0.0005646558170493217,-0.0023009438343923254
46,2,>50K,0.004558663704528619,-0.0010138828132623143,-0.013757373997841271,0.0053167057369200655,0.003936532160774884
46,3,<=50K,-0.0028204586855959707,0.001744182607955508,0.004649619802417734,-0.0015794109424722368,-0.0018135648348372483
46,3,>50K,0.004406050353406129,0.0018005858825382729,-0.011977593653280157,0.0016631082644800233,0.005057489499648863
46,4,<=50K,-0.002974432883544788,0.0018257175459225282,0.003268503067290433,-0.0009074408727811216,-0.0014143268638809473
46,4,>50K,0.0027337487860860598,0.004068314323763019,-0.017625431063490144,0.001107672494021896,0.005847872882818992
46,Aggregated,<=50K,-0.002951577525432027,0.0011827181839117124,0.002977164083271239,-0.0005436986025028985,-0.0017440175661160209
46,Aggregated,>50K,0.004202502129086179,0.0013548250881210355,-0.018081630477689948,0.003629129757223253,0.004487489919946901
46,Centralized,<=50K,-0.002951652820783205,0.0011800184113552085,0.0029703810539407757,-0.0005408707063720486,-0.0017428939131134654
46,Centralized,>50K,0.004183217832887209,0.001371779118454003,-0.017982327367981856,0.0035970864983467504,0.004481375073686287
47,0,<=50K,-0.0006953025276988933,0.0025984676248934544,-0.0011608060883344373,0.0021723545455625457,0.0008224675767631492
47,0,>50K,0.004325487826744172,-0.015341606889793757,-0.01023751930315869,0.003990353988952737,0.00896245464067901
47,1,<=50K,7.865966543100048e-05,0.0016882475065192136,-0.00109962780209474,0.001464096439565941,-0.0003760989735574538
47,1,>50K,0.005487229487420995,-0.014631868694578809,-0.007709186009341181,-3.9293903857436546e-05,0.006326356392210382
47,2,<=50K,-0.0009618932766619348,0.003234274551333932,-5.589795013638543e-05,0.001620649262099742,-0.0010851510197657326
47,2,>50K,0.000630955499838783,-0.010525258764397591,-0.0012452945233141462,2.6871806889570507e-05,0.0032386656667681645
47,3,<=50K,-0.0020608598643732565,0.00203054180733984,0.00205613207787587,0.00023567388736062123,-0.0020550654554757908
47,3,>50K,-0.0007855042078991754,-0.019186272508729188,0.005590151538820074,-0.0036367992107547652,0.0014344693170531793
47,4,<=50K,-0.000803811919072082,0.0018324513983389967,0.0003089491962919966,0.000997746975554864,-0.0005622087515654369
47,4,>50K,0.0029712989995021644,-0.019878129126112056,-0.0008833386651564171,-0.0009249345393650077,0.005117576331044552
47,Aggregated,<=50K,-0.0008909197925230252,0.0022788224989160654,1.1690610050210534e-05,0.0012981094895248599,-0.0006527066246087884
47,Aggregated,>50K,0.00255103000784432,-0.01593670289280126,-0.002920058399529155,-0.00011633379783672815,0.005030928132315126
47,Centralized,<=50K,-0.0008877696622150155,0.002277198883166067,7.138995822978759e-06,0.0013010556308976906,-0.0006500021352924545
47,Centralized,>50K,0.0025118764137201564,-0.01594196902850491,-0.002828737927101375,-0.0001603621529993974,0.005022627171861814
48,0,<=50K,0.0008863520220871095,0.0033935203144701666,-0.004670659589788155,-0.0011160922602766817,-0.002944347508396143
48,0,>50K,0.0020736378082212587,-0.009577094090872585,0.020237503579324804,0.005271276419719151,0.00672084517214199
48,1,<=50K,0.0017612376743609604,0.004373439467007066,-0.0054486383050392165,0.0010047256314172693,-0.002726614902993089
48,1,>50K,0.0036758011326053536,-0.002366019640468551,0.014401876276159081,0.007990166219461048,0.006663945508447357
48,2,<=50K,-0.0007332505927023725,0.0037997474502752962,-0.005942318670554137,-0.000673632878252565,-0.003130564691141724
48,2,>50K,-0.003155465534788456,-0.005908151391202845,0.01368944378533062,-0.0013144586053651338,0.006588174407665204
48,3,<=50K,0.001092043319107655,0.005868566641995765,-0.005307250642587513,-0.0028934662923371175,-0.004764741502049584
48,3,>50K,0.0019495379714552378,5.859037159861025e-06,0.014697917601692574,-0.003851378084275718,0.0025305582636741502
48,4,<=50K,0.0014000584194185724,0.0036676464541597507,-0.005111027713025436,-0.0006176130947897873,-0.003716726476697391
48,4,>50K,0.0027950572158239205,-0.004924657130566364,0.018662583542556947,0.0024645740914607415,0.007102971602607087
48,Aggregated,<=50K,0.0008785243492549829,0.00422269593391546,-0.005296361786716249,-0.0008636313031402038,-0.0034576411897629246
48,Aggregated,>50K,0.0014907393850905584,-0.004555356108659245,0.016353288351924747,0.00215602461929016,0.0059411813113456665
48,Centralized,<=50K,0.0008791128680929775,0.004219459787853138,-0.0052963524143098,-0.000858789778796698,-0.0034526970426933495
48,Centralized,>50K,0.0014667496069951601,-0.004517938909405047,0.016340835388672554,0.002109449898373522,0.00590928041333893
49,0,<=50K,0.0011432217127691083,-2.869483003609489e-05,0.001651316771855867,-3.932344204656824e-05,-0.0003087567501923035
49,0,>50K,8.463255412945643e-07,0.007095398758255654,-0.010094620657497392,-0.0018202897466132759,-0.0005313793416088527
49,1,<=50K,0.0004832827259758143,-0.0010221715350005544,0.0003337986488149573,0.002723964303131234,-0.0007947263731384269
49,1,>50K,-0.0017044175729181617,0.0032197270965068914,-0.01581206746230326,0.004551265546501944,-0.002315845504762354
49,2,<=50K,0.0007311249067335972,-0.0005923314963892164,0.0027920171558693733,0.0006124135810646118,-0.0014987140750318797
49,2,>50K,-0.0007249147673997795,0.005214147204750456,-0.0024069396488090164,-0.0030987503920677545,0.0007619252861325087
49,3,<=50K,0.0009490299013056813,0.00048044958768594383,0.002625758819135075,0.000202414675367583,-0.0024770348406732384
49,3,>50K,-0.0002860790409812408,0.005984786197797816,-0.002364918428625379,-0.0029375259144526675,-0.00631105856363437
49,4,<=50K,0.002044777697554506,-0.000991936596437413,0.001668057350355425,0.00045910136888241784,-0.0016094176280559388
49,4,>50K,0.002106627905945709,0.004713193842572157,-0.011905085193132683,-0.0026096531904939877,-0.004661286795216812
49,Aggregated,<=50K,0.0010684245130859259,-0.00042812252561940273,0.0018173013394651345,0.0007894804677413761,-0.0013384588014850856
49,Aggregated,>50K,-0.00010936614130819519,0.005230065141929914,-0.008594882638560687,-0.0011639630500588543,-0.002621991684752964
49,Centralized,<=50K,0.0010683000526789906,-0.00042934306503723726,0.0018152929150308953,0.0007932752082646803,-0.0013340232102961166
49,Centralized,>50K,-0.00011492402518125111,0.005217947673557527,-0.008544596605675863,-0.0012176594592845905,-0.002672627691407292
50,0,<=50K,0.0018841799102536675,0.00013999395282202436,0.0009977052870766131,-0.0015427463287550772,-0.00015970885971040017
50,0,>50K,-0.0019160121671402057,0.005133882395624667,-0.0295529913139904,0.0057429634787765525,0.00482658221225196
50,1,<=50K,0.001060610561936387,0.00017291010469865735,0.0015789848555958607,-7.500930056104267e-05,-0.00120920135942116
50,1,>50K,-0.002984680497403088,0.007578536013394007,-0.02134560952398219,0.008995312918356129,0.0003972831222466389
50,2,<=50K,0.0016252949453070616,-0.0007253621275289409,0.0037193281906037563,-0.0004245250259129677,-0.00034017446783620543
50,2,>50K,-0.001691051641476793,0.0015843677208523476,-0.015933716085283527,0.005497918662315724,0.005334057055657578
50,3,<=50K,0.0015472549334441291,-0.00027229476703919395,0.0038277347210281475,-0.0016910749128140113,-0.0006163295830341901
50,3,>50K,-0.00025879764538884925,0.0005061158645065696,-0.016511930089511757,0.003954995389940523,0.005495904980808468
50,4,<=50K,0.0015810259563807734,-0.00023979456101120845,0.0019146863972845077,-0.0007902702070825662,-0.0009080101554440167
50,4,>50K,-0.003845157833611044,0.005679095264107883,-0.021238660621839916,0.0067003802929058755,0.002405921935329693
50,Aggregated,<=50K,0.0015402635145606134,-0.00018541089592731964,0.0024111891668827435,-0.0009065765231076547,-0.0006451277715690035
50,Aggregated,>50K,-0.0021615389684111834,0.004134497619233249,-0.02093272356743909,0.0062006205258329965,0.003661260162692745
50,Centralized,<=50K,0.0015382669343904421,-0.00018553633178061135,0.0024064010516149426,-0.0009050496533710095,-0.0006455349406843891
50,Centralized,>50K,-0.002123406123381111,0.0041145660369253136,-0.020863155841749106,0.006182222738532957,0.003680985867926917
