Round,Evaluator,Classes,0,1,4,2,3
0,0,Backdoor,,,,,
0,0,DDoS_HTTP,,,,,
0,0,DDoS_ICMP,,,,,
0,0,DDoS_TCP,,,,,
0,0,DDoS_UDP,,,,,
0,0,Fingerprinting,,,,,
0,0,MITM,,,,,
0,0,Normal,,,,,
0,0,Password,,,,,
0,0,Port_Scanning,,,,,
0,0,Ransomware,,,,,
0,0,SQL_injection,,,,,
0,0,Uploading,,,,,
0,0,Vulnerability_scanner,,,,,
0,0,XSS,,,,,
0,1,Backdoor,,,,,
0,1,DDoS_HTTP,,,,,
0,1,DDoS_ICMP,,,,,
0,1,DDoS_TCP,,,,,
0,1,DDoS_UDP,,,,,
0,1,Fingerprinting,,,,,
0,1,MITM,,,,,
0,1,Normal,,,,,
0,1,Password,,,,,
0,1,Port_Scanning,,,,,
0,1,Ransomware,,,,,
0,1,SQL_injection,,,,,
0,1,Uploading,,,,,
0,1,Vulnerability_scanner,,,,,
0,1,XSS,,,,,
0,2,Backdoor,,,,,
0,2,DDoS_HTTP,,,,,
0,2,DDoS_ICMP,,,,,
0,2,DDoS_TCP,,,,,
0,2,DDoS_UDP,,,,,
0,2,Fingerprinting,,,,,
0,2,MITM,,,,,
0,2,Normal,,,,,
0,2,Password,,,,,
0,2,Port_Scanning,,,,,
0,2,Ransomware,,,,,
0,2,SQL_injection,,,,,
0,2,Uploading,,,,,
0,2,Vulnerability_scanner,,,,,
0,2,XSS,,,,,
0,3,Backdoor,,,,,
0,3,DDoS_HTTP,,,,,
0,3,DDoS_ICMP,,,,,
0,3,DDoS_TCP,,,,,
0,3,DDoS_UDP,,,,,
0,3,Fingerprinting,,,,,
0,3,MITM,,,,,
0,3,Normal,,,,,
0,3,Password,,,,,
0,3,Port_Scanning,,,,,
0,3,Ransomware,,,,,
0,3,SQL_injection,,,,,
0,3,Uploading,,,,,
0,3,Vulnerability_scanner,,,,,
0,3,XSS,,,,,
0,4,Backdoor,,,,,
0,4,DDoS_HTTP,,,,,
0,4,DDoS_ICMP,,,,,
0,4,DDoS_TCP,,,,,
0,4,DDoS_UDP,,,,,
0,4,Fingerprinting,,,,,
0,4,MITM,,,,,
0,4,Normal,,,,,
0,4,Password,,,,,
0,4,Port_Scanning,,,,,
0,4,Ransomware,,,,,
0,4,SQL_injection,,,,,
0,4,Uploading,,,,,
0,4,Vulnerability_scanner,,,,,
0,4,XSS,,,,,
0,Aggregated,Backdoor,,,,,
0,Aggregated,DDoS_HTTP,,,,,
0,Aggregated,DDoS_ICMP,,,,,
0,Aggregated,DDoS_TCP,,,,,
0,Aggregated,DDoS_UDP,,,,,
0,Aggregated,Fingerprinting,,,,,
0,Aggregated,MITM,,,,,
0,Aggregated,Normal,,,,,
0,Aggregated,Password,,,,,
0,Aggregated,Port_Scanning,,,,,
0,Aggregated,Ransomware,,,,,
0,Aggregated,SQL_injection,,,,,
0,Aggregated,Uploading,,,,,
0,Aggregated,Vulnerability_scanner,,,,,
0,Aggregated,XSS,,,,,
0,Centralized,Backdoor,,,,,
0,Centralized,DDoS_HTTP,,,,,
0,Centralized,DDoS_ICMP,,,,,
0,Centralized,DDoS_TCP,,,,,
0,Centralized,DDoS_UDP,,,,,
0,Centralized,Fingerprinting,,,,,
0,Centralized,MITM,,,,,
0,Centralized,Normal,,,,,
0,Centralized,Password,,,,,
0,Centralized,Port_Scanning,,,,,
0,Centralized,Ransomware,,,,,
0,Centralized,SQL_injection,,,,,
0,Centralized,Uploading,,,,,
0,Centralized,Vulnerability_scanner,,,,,
0,Centralized,XSS,,,,,
1,0,Backdoor,-0.0036363636363636364,0.014545454545454545,-0.0036363636363636364,-0.0036363636363636364,-0.0036363636363636364
1,0,DDoS_HTTP,0.029966070891716656,0.03166642418429212,-0.019156816410742312,-0.02006556374806108,-0.022410114917205383
1,0,DDoS_ICMP,0.2003763666797934,0.19994682337754252,0.198511181151256,0.19677817805642167,0.19763677566747925
1,0,DDoS_TCP,-0.01296956142431965,0.1669269330186597,0.4897558720779001,-0.018209953126265173,0.10690959571306541
1,0,DDoS_UDP,0.20101435143357524,0.2001253162135657,0.19974610211137583,0.1953599189741243,0.1979665299168767
1,0,Fingerprinting,0.0,0.0,0.0,0.0,0.0
1,0,MITM,0.20496562261268142,0.22266997708174177,-0.6431945505474912,0.11611280875986758,0.0994461420932009
1,0,Normal,0.17417634139272906,0.17481334933503898,0.1750517054113792,0.173930277366162,0.17361913619953825
1,0,Password,0.0014445616809979776,-0.0010616033362105255,-0.002286646597309456,-0.0022978016344780395,-0.013514039852905233
1,0,Port_Scanning,0.11193987900377467,0.0590322858041938,-0.34253231729389344,0.10788147429178592,0.06367867819413911
1,0,Ransomware,-0.019859375597080516,0.030257174519469607,0.029320952271771943,-0.019859375597080516,-0.019859375597080516
1,0,SQL_injection,0.0,0.0,0.0,0.0,0.0
1,0,Uploading,-0.0047226831979615466,-0.005119577661442851,-0.02790124341187831,0.014356889137393587,0.02338661513388912
1,0,Vulnerability_scanner,0.1794981623607472,0.17290937117843716,0.12416162221617962,0.17877817360117185,0.17583672691544566
1,0,XSS,-0.010663239227432068,0.00845845121872334,-0.00386212049343918,0.0013375442065013067,-0.029634896872738296
1,1,Backdoor,-0.0029030684159167303,0.01568836062018866,-0.004261764068090643,-0.004261764068090643,-0.004261764068090643
1,1,DDoS_HTTP,0.03260968267183149,0.03597394114827659,-0.024848131412003704,-0.018634514989605725,-0.02510097741849865
1,1,DDoS_ICMP,0.1999450611755632,0.20022481475379994,0.19877572244045613,0.19697794598441407,0.1982179608282814
1,1,DDoS_TCP,-0.01437448478585098,0.16292379604009452,0.4932877098050457,-0.022734067414691875,0.10899568360394239
1,1,DDoS_UDP,0.20053501442059093,0.20039807155485714,0.19933787860642632,0.19555617773975476,0.1990380694883834
1,1,Fingerprinting,0.0,0.0,0.0,0.0,0.0
1,1,MITM,0.20903361344537819,0.1657796451914099,-0.4643790849673201,0.03760504201680675,0.051960784313725486
1,1,Normal,0.17430535681333226,0.1750226636821978,0.17508407972772116,0.17393850612960554,0.17371744536633513
1,1,Password,0.011400045328484555,0.006498084544170833,0.004825135185589844,0.003601136291185427,-0.01767965620465046
1,1,Port_Scanning,0.10589801730061499,0.05672231561916788,-0.3382809160153194,0.1047398514652882,0.07092073163024828
1,1,Ransomware,-0.017143978274951416,0.027352508844486523,0.024079425980367726,-0.017143978274951416,-0.017143978274951416
1,1,SQL_injection,0.0,0.0,0.0,0.0,0.0
1,1,Uploading,-0.006242018604553435,-0.007674121548758748,-0.030508226298123577,0.015417779759220122,0.02900658669221565
1,1,Vulnerability_scanner,0.17805404344078626,0.17500834821425204,0.1273075032819104,0.17700024144983204,0.17321809890733683
1,1,XSS,-0.007668817868715815,0.007178674554785993,-0.005078144293586283,0.0052845500069318525,-0.02062218574436349
1,2,Backdoor,8.559567456524475e-05,0.007832004222719947,-0.00263919996576173,-0.00263919996576173,-0.00263919996576173
1,2,DDoS_HTTP,0.028976030771665846,0.03638777276958887,-0.02209657648906022,-0.021170650563134295,-0.02209657648906022
1,2,DDoS_ICMP,0.20019604889350545,0.1999891500163718,0.19912041610704503,0.19730229174960248,0.19798668782807
1,2,DDoS_TCP,-0.0030000205017643184,0.17920357789424723,0.4623270035998007,-0.014796903648845413,0.1053111769645539
1,2,DDoS_UDP,0.20083955305148116,0.1999242525126098,0.19991133794556135,0.1962862912487226,0.19853695752458303
1,2,Fingerprinting,0.0,0.0,0.0,0.0,0.0
1,2,MITM,0.20292017538467844,0.18053455446964575,-0.5645040670395635,0.14105148851599159,0.039997848669248263
1,2,Normal,0.17329278684251384,0.17398587357770026,0.17397926960329257,0.17296249802684696,0.17276866297389476
1,2,Password,-0.0005409949410000684,-0.0028067641544528604,-0.003023950401398326,-0.003551829234070335,-0.012821992594278082
1,2,Port_Scanning,0.11163273151777595,0.0613460710959456,-0.34934235550822273,0.10815481247432854,0.0682087404201727
1,2,Ransomware,-0.019177364422321194,0.026277181032224258,0.03125491223473933,-0.019177364422321194,-0.019177364422321194
1,2,SQL_injection,0.0,0.0,0.0,0.0,0.0
1,2,Uploading,0.0030291272119169774,-0.0048889257777599395,-0.048485934370752146,0.019362965537859787,0.030982767398735334
1,2,Vulnerability_scanner,0.1813108487916329,0.17491925848387035,0.11962691938320855,0.18032042665469786,0.1765585084548104
1,2,XSS,0.00045156398461702874,0.025015366503175807,0.0053691017491486175,0.014726335040948328,-0.03194925055105462
1,3,Backdoor,-0.001481429176669962,0.010035305747775737,-0.002851292190368592,-0.002851292190368592,-0.002851292190368592
1,3,DDoS_HTTP,0.03418827566284691,0.03379849600084307,-0.023716678545848788,-0.020121569251134612,-0.02414852386670659
1,3,DDoS_ICMP,0.20120796895774132,0.2003286248822592,0.19956065516236443,0.19584520602201472,0.19674270510191666
1,3,DDoS_TCP,-0.009588418406740433,0.16472161909079996,0.4736607747021119,-0.017132136197507912,0.10675921344291517
1,3,DDoS_UDP,0.20150472043581888,0.2002667115221736,0.1998428536060551,0.19414258024614328,0.19782464895232568
1,3,Fingerprinting,0.0,0.0,0.0,0.0,0.0
1,3,MITM,0.15383597883597883,0.18373015873015872,-0.3544973544973544,-0.021164021164021177,0.03809523809523809
1,3,Normal,0.17470066067418386,0.17558599229163005,0.17554222207954134,0.17436645712975402,0.17415728344076922
1,3,Password,0.00754965863539368,0.0036048854598512733,0.002182583970492287,0.0006656427016039902,-0.016570660987053315
1,3,Port_Scanning,0.11522559473288804,0.04184608946381079,-0.340387312565153,0.10797284075883168,0.07534278760962249
1,3,Ransomware,-0.019171372882203008,0.02989404767854465,0.027620070968064372,-0.019171372882203008,-0.019171372882203008
1,3,SQL_injection,0.0,0.0,0.0,0.0,0.0
1,3,Uploading,-0.004316238758997851,-0.006627823108002616,-0.022696370114817004,0.011950037185338873,0.021690394796478597
1,3,Vulnerability_scanner,0.17262605474165105,0.16948553807900765,0.11882322503343443,0.17154705950924498,0.16846598993523987
1,3,XSS,-0.0021663250324374665,0.011444747350176792,0.0030150221178215993,0.005605695692951133,-0.02117364040738434
1,4,Backdoor,-0.0025510204081632655,0.010204081632653062,-0.0025510204081632655,-0.0025510204081632655,-0.0025510204081632655
1,4,DDoS_HTTP,0.03360321898144961,0.037395030073335715,-0.026917143009500613,-0.018772553056731187,-0.025308552988553532
1,4,DDoS_ICMP,0.20032365142443817,0.200546653444958,0.19920866474842075,0.19720291397635112,0.19776316145087686
1,4,DDoS_TCP,-0.02348604051247239,0.17199973930772233,0.5023030193874942,-0.02489932990578846,0.10363406291037922
1,4,DDoS_UDP,0.20129391913355338,0.20056722601828966,0.20009871892396408,0.19599048875810668,0.19883421308248472
1,4,Fingerprinting,0.0,0.0,0.0,0.0,0.0
1,4,MITM,0.24031194295900177,0.23575522516698993,-0.5472421695951103,0.032519735166794024,0.038655266302325124
1,4,Normal,0.1637514860320456,0.16435947312010676,0.1643702878841623,0.16342439128818234,0.16321079111848744
1,4,Password,0.009232690796775356,0.0047882657751431995,0.004091327001846089,0.0033399325744816093,-0.01437367127773378
1,4,Port_Scanning,0.10654022573922209,0.05486924263101276,-0.33652851480771023,0.10496546751141292,0.07015357892606236
1,4,Ransomware,-0.01743909829111623,0.025161798569870313,0.027155496303478372,-0.01743909829111623,-0.01743909829111623
1,4,SQL_injection,-0.020862280505543694,-0.020862280505543694,0.008720086083783447,-0.020862280505543694,-0.020862280505543694
1,4,Uploading,-0.005994059452839759,-0.006909908931958809,-0.026491867697329793,0.014038033386528334,0.02535780269560003
1,4,Vulnerability_scanner,0.13831590142257985,0.1334758936132766,0.1065213181392213,0.13733904710087408,0.1339361288365822
1,4,XSS,0.004842251687485367,0.04764093814137457,0.010353655760723685,0.029742460000575004,-0.043016623374415135
1,Aggregated,Backdoor,-0.002099256858338762,0.011690111955857792,-0.00319695169917301,-0.00319695169917301,-0.00319695169917301
1,Aggregated,DDoS_HTTP,0.03189380793588339,0.03505826706962996,-0.023374948306419664,-0.019753814821355235,-0.023823311877738455
1,Aggregated,DDoS_ICMP,0.20040935102732382,0.20020687245324273,0.19903517487319372,0.19682181656975054,0.19766987392132634
1,Aggregated,DDoS_TCP,-0.012604628128313049,0.16916737185557615,0.4840553651253995,-0.019508211845454586,0.10640090566399776
1,Aggregated,DDoS_UDP,0.201038026406884,0.20025693784774515,0.19978705851180056,0.19546572549828709,0.19844004250767722
1,Aggregated,Fingerprinting,0.0,0.0,0.0,0.0,0.0
1,Aggregated,MITM,0.20472788393159552,0.19937042285039738,-0.5219642394586412,0.06252265607476595,0.055343276601882145
1,Aggregated,Normal,0.17195409952818272,0.17266146265034502,0.17271191546141468,0.17163306383484944,0.17140344929343188
1,Aggregated,Password,0.005868383420980472,0.0022452263079786624,0.0011980843790275174,0.0003860740419196531,-0.014994879777851494
1,Aggregated,Port_Scanning,0.11023058468941474,0.054792289142502,-0.34140688554747844,0.10673279580591925,0.06965121590964232
1,Aggregated,Ransomware,-0.01853884555952784,0.027783314589447956,0.02783322208913556,-0.01853884555952784,-0.01853884555952784
1,Aggregated,SQL_injection,-0.01379118537086915,-0.01379118537086915,0.00746767248657145,-0.01379118537086915,-0.01379118537086915
1,Aggregated,Uploading,-0.0036089389265028136,-0.006245996783069977,-0.031298789917033464,0.015039959648875886,0.026113765977730387
1,Aggregated,Vulnerability_scanner,0.16817028741068682,0.16341713648566414,0.1187751714499136,0.167195577262092,0.16376860871842494
1,Aggregated,XSS,-0.003025841773726008,0.02036672278049594,0.0019672390510336673,0.011418615660204377,-0.029418567580585888
1,Centralized,Backdoor,-0.002099256858338762,0.011690111955857792,-0.00319695169917301,-0.00319695169917301,-0.00319695169917301
1,Centralized,DDoS_HTTP,0.03189380793588339,0.03505826706962996,-0.023374948306419664,-0.019753814821355235,-0.023823311877738455
1,Centralized,DDoS_ICMP,0.20040935102732382,0.20020687245324273,0.19903517487319372,0.19682181656975054,0.19766987392132634
1,Centralized,DDoS_TCP,-0.012604628128313049,0.16916737185557615,0.4840553651253995,-0.019508211845454586,0.10640090566399776
1,Centralized,DDoS_UDP,0.201038026406884,0.20025693784774515,0.19978705851180056,0.19546572549828709,0.19844004250767722
1,Centralized,Fingerprinting,0.0,0.0,0.0,0.0,0.0
1,Centralized,MITM,0.20472788393159552,0.19937042285039738,-0.5219642394586412,0.06252265607476595,0.055343276601882145
1,Centralized,Normal,0.17195409952818272,0.17266146265034502,0.17271191546141468,0.17163306383484944,0.17140344929343188
1,Centralized,Password,0.005868383420980472,0.0022452263079786624,0.0011980843790275174,0.0003860740419196531,-0.014994879777851494
1,Centralized,Port_Scanning,0.11023058468941474,0.054792289142502,-0.34140688554747844,0.10673279580591925,0.06965121590964232
1,Centralized,Ransomware,-0.01853884555952784,0.027783314589447956,0.02783322208913556,-0.01853884555952784,-0.01853884555952784
1,Centralized,SQL_injection,-0.01379118537086915,-0.01379118537086915,0.00746767248657145,-0.01379118537086915,-0.01379118537086915
1,Centralized,Uploading,-0.0036089389265028136,-0.006245996783069977,-0.031298789917033464,0.015039959648875886,0.026113765977730387
1,Centralized,Vulnerability_scanner,0.16817028741068682,0.16341713648566414,0.1187751714499136,0.167195577262092,0.16376860871842494
1,Centralized,XSS,-0.003025841773726008,0.02036672278049594,0.0019672390510336673,0.011418615660204377,-0.029418567580585888
2,0,Backdoor,0.08778520034437226,0.07074184945431693,0.09806261791949002,0.08209733018975873,0.09092112981339716
2,0,DDoS_HTTP,0.023944905612774008,0.052218996943068446,0.046623851200113836,0.030570784906517472,0.05031424931749286
2,0,DDoS_ICMP,-0.00014296694601550846,0.0009362356778473154,0.0009518515889091213,-1.955169303990793e-05,0.0009765234438542307
2,0,DDoS_TCP,0.017362878615649526,0.04566409206527488,0.020632801145843146,0.0025375011160562243,-0.06433946274982703
2,0,DDoS_UDP,-0.0003890862681557065,0.001315651074557145,0.0013454430567921153,4.7642955797733146e-07,0.0012594156526389622
2,0,Fingerprinting,0.0,0.0,0.0,0.0,0.0
2,0,MITM,0.3272727272727273,0.3484848484848488,0.23484848484848483,-0.12272727272727274,0.2121212121212121
2,0,Normal,0.0005784615826981143,0.0015306794567635322,0.0005580702197698906,0.0015515161688972785,0.001641697750924237
2,0,Password,0.0005868251483542294,0.0005793773573690361,0.0005570339844134544,0.0005979468869043994,-0.002410556868863443
2,0,Port_Scanning,-0.03773832700483995,-0.06893140532906582,-0.03829583148361544,0.052822085821131876,0.09214347799638932
2,0,Ransomware,0.0,0.0,0.0,0.0,0.0
2,0,SQL_injection,0.0,0.0,0.0,0.0,0.0
2,0,Uploading,-0.008863611699145811,0.03428155042648635,0.009108412273425692,0.021201935975611767,0.01996892417900049
2,0,Vulnerability_scanner,0.0007724736040086407,-0.00020431606739274393,0.001138421479261507,0.0009525759498954474,-0.0007057259263557639
2,0,XSS,0.007631618384582972,-0.001876513451916743,0.01963240181851634,0.015359033082278354,-0.019913206500127605
2,1,Backdoor,0.09941707524340888,0.07798392030963221,0.11124424333580395,0.07835933715020385,0.09764188860741592
2,1,DDoS_HTTP,0.02461152969969638,0.06324100412307097,0.04642853993713791,0.03308269277266855,0.06252129093869047
2,1,DDoS_ICMP,-0.0006157395765610585,0.0008730860156065796,0.0005522555800720974,2.8740821154554787e-05,0.0011939084480662202
2,1,DDoS_TCP,0.01582045915670051,0.04752251562486852,0.020753024913987568,0.003933442581465796,-0.06416985498248141
2,1,DDoS_UDP,-0.0008395139855862506,0.0012450271070443054,0.0008710826220900562,0.00038793989754713857,0.0015385075392331305
2,1,Fingerprinting,0.0,0.0,0.0,0.0,0.0
2,1,MITM,0.2808585858585858,0.298030303030303,0.16393939393939397,-0.13404040404040404,0.19121212121212122
2,1,Normal,0.0009315841141426306,0.0016302183314207464,0.0008801378761680541,0.0015638635177802303,0.0017344237154145422
2,1,Password,0.001150131694468832,0.001150131694468832,0.001150131694468832,0.001150131694468832,-0.004600526777875328
2,1,Port_Scanning,-0.03771810225358862,-0.06909600129860909,-0.03693225860855061,0.049300721724278435,0.09444564043646989
2,1,Ransomware,0.0,0.0,0.0,0.0,0.0
2,1,SQL_injection,0.0,0.0,0.0,0.0,0.0
2,1,Uploading,-0.013952863417915658,0.03975381956754734,0.009973829586107678,0.026211223235136874,0.02514270390041091
2,1,Vulnerability_scanner,0.0008111260677334402,-4.540275475611311e-05,0.0009742743865980712,0.0008519131262424206,-0.0011235757015500133
2,1,XSS,0.006741176789734964,0.0024143921034943203,0.020558055427453613,0.008459250015824359,-0.007084791434952845
2,2,Backdoor,0.1079682064879543,0.0611350562345854,0.11662383426006015,0.06813308966254615,0.09058425779929859
2,2,DDoS_HTTP,0.02274849440747489,0.05837956197692892,0.04476600130293676,0.03787149904648777,0.055503546256204885
2,2,DDoS_ICMP,-0.00022312216970031274,0.0007599013763821161,0.0008889538732269775,-0.0001785541879248509,0.0005546229098178535
2,2,DDoS_TCP,0.018299979350673696,0.04388189635769149,0.021077652256792048,-0.0027946457597487206,-0.05852675452126434
2,2,DDoS_UDP,-0.000568724469158105,0.000925000459497873,0.0011151324296698535,-0.0001744601936609469,0.0006289994778147586
2,2,Fingerprinting,0.0,0.0,0.0,0.0,0.0
2,2,MITM,0.267070707070707,0.28424242424242424,0.16404040404040407,-0.13393939393939394,0.21858585858585852
2,2,Normal,0.0007044636707727721,0.0016491751220798526,0.00064303133941917,0.0014091939428006498,0.0016311300407118442
2,2,Password,0.0008886853699653552,0.0008819218344398855,0.0008717816088810535,0.000902171956006351,-0.0036257231955982854
2,2,Port_Scanning,-0.03680550536973832,-0.06886585426177037,-0.036911831273264625,0.04743467328600589,0.09514851761876744
2,2,Ransomware,0.0,0.0,0.0,0.0,0.0
2,2,SQL_injection,0.0,0.0,0.0,0.0,0.0
2,2,Uploading,-0.0008711078324295844,0.037175945358131096,0.01645103122525545,0.030102791382036975,0.030201768716908595
2,2,Vulnerability_scanner,0.00092883266182421,-0.00010844526896093646,0.0017172883423827944,0.0013446200493580215,-0.0018877186306682837
2,2,XSS,0.008673506947141887,-0.007553086783133725,0.0299015323702271,0.019828546139783278,-0.030446718605290017
2,3,Backdoor,0.10447034010937843,0.06441667399716455,0.11247550064438323,0.08211809550038504,0.09828409563104172
2,3,DDoS_HTTP,0.027453312843884265,0.05705105718951282,0.04913769101018968,0.03359939189019542,0.055720277515469034
2,3,DDoS_ICMP,-0.0005333287305426666,0.0010563255508273862,0.0011849967557472788,0.0004551131758291601,0.0007771549441142297
2,3,DDoS_TCP,0.018418095042278884,0.04742314901640884,0.02062180656673066,0.003385020078108734,-0.06665176633313369
2,3,DDoS_UDP,-0.0010873059864967985,0.001439275992175095,0.0015496836526761814,0.0005550690312047468,0.0010613435985209327
2,3,Fingerprinting,0.0,0.0,0.0,0.0,0.0
2,3,MITM,0.20238095238095244,0.1912698412698413,0.07619047619047618,-0.17380952380952377,0.20396825396825402
2,3,Normal,0.0008900943465641058,0.0015303815295511095,0.0008404367713451692,0.0015865179294977253,0.0018005804253581577
2,3,Password,0.00011470745745691344,0.000837898684643564,0.0008204353419144886,0.0008611544943999021,-0.0027738339669296447
2,3,Port_Scanning,-0.03701159761219962,-0.06463064523124723,-0.03650708598735604,0.0580051091345952,0.08014421969620769
2,3,Ransomware,0.0,0.0,0.0,0.0,0.0
2,3,SQL_injection,0.0,0.0,0.0,0.0,0.0
2,3,Uploading,-0.013102419311985464,0.030669559273142567,0.002456649608080506,0.018784284373095626,0.01719192605766674
2,3,Vulnerability_scanner,0.00042769529058726553,-0.00026426571312384016,0.0005267949088456088,0.0006451024041423874,-0.0003852107963843887
2,3,XSS,0.0034525068347712306,-0.005178760252156843,0.011224527560159831,0.010351927211119683,-0.019850201353893912
2,4,Backdoor,0.10356314473280961,0.06438646883000448,0.11239561759796697,0.0724365460576513,0.08693453483830499
2,4,DDoS_HTTP,0.03338468654429708,0.06046505441766693,0.051186117061621114,0.040069087283472575,0.05999309390862861
2,4,DDoS_ICMP,-0.0005752201635549477,0.0006697978207798754,0.000556095422965656,5.120825118702747e-05,0.000876976391977032
2,4,DDoS_TCP,0.017515210479925578,0.04586982318071593,0.021221862867823682,-0.0022550672480015576,-0.060587490994114535
2,4,DDoS_UDP,-0.0008602602702262004,0.0009049256502529949,0.0007980900317686575,0.00012628072522088418,0.0009577381527704894
2,4,Fingerprinting,0.0,0.0,0.0,0.0,0.0
2,4,MITM,0.3111111111111111,0.4083333333333335,0.22777777777777777,-0.1825757575757576,0.2353535353535352
2,4,Normal,0.0006015577836337493,0.0015966109665777291,0.000489497634999823,0.0013667019449130403,0.0015998973319006405
2,4,Password,0.0015993393493378984,0.0015927841501909487,0.0015796737518970485,0.0016189469361668292,-0.0064694065773561234
2,4,Port_Scanning,-0.036891848897365985,-0.06863788064339774,-0.0378332829422483,0.05008720635438778,0.09327580612862423
2,4,Ransomware,0.0,0.0,0.0,0.0,0.0
2,4,SQL_injection,0.0,0.0,0.0,0.0,0.0
2,4,Uploading,-0.01590656289361402,0.034029346451142306,0.00507015050247942,0.019982800608164496,0.016944505812789733
2,4,Vulnerability_scanner,0.0008880082984620749,-0.0004719467358426932,0.0013578893655775692,0.0010617022241186473,-0.001942952800809583
2,4,XSS,0.00929110524143424,-0.018414764172977893,0.04275690795967979,0.03280817439285578,-0.04685783240882944
2,Aggregated,Backdoor,0.10048412694679068,0.06778104767760726,0.11000766120003412,0.07679567425074742,0.09292684146462309
2,Aggregated,DDoS_HTTP,0.02644085236867021,0.05831409646274132,0.04763310539703181,0.03504013044065241,0.056852331374569534
2,Aggregated,DDoS_ICMP,-0.0004178991131630727,0.0008590365599191444,0.0008267908222804672,6.736140839076106e-05,0.0008757647013933316
2,Aggregated,DDoS_TCP,0.017484355592120814,0.04607394832732595,0.02085899717501945,0.0009644928887540853,-0.06285979256047534
2,Aggregated,DDoS_UDP,-0.0007494688268058547,0.0011662813040385577,0.0011360399445601058,0.00017931905273637638,0.0010895983767075365
2,Aggregated,Fingerprinting,0.0,0.0,0.0,0.0,0.0
2,Aggregated,MITM,0.282574653870254,0.3158861946674386,0.18187601816150692,-0.14640082973122667,0.212217809185873
2,Aggregated,Normal,0.0007401023815065874,0.0015890066341359606,0.000679898073672062,0.0014940903748656142,0.0016809536555289866
2,Aggregated,Password,0.0008689286690299107,0.001008971724743524,0.000993956942029682,0.0010293141125482358,-0.003991241054001588
2,Aggregated,Port_Scanning,-0.03723414160195377,-0.06804841934874685,-0.037304526952370236,0.05151326707566146,0.09107382082740939
2,Aggregated,Ransomware,0.0,0.0,0.0,0.0,0.0
2,Aggregated,SQL_injection,0.0,0.0,0.0,0.0,0.0
2,Aggregated,Uploading,-0.010493283473071872,0.03519311482178202,0.008659782458450548,0.02329838834062844,0.02194461793954712
2,Aggregated,Vulnerability_scanner,0.0007822526981254352,-0.0002559432471726001,0.0011701688452615691,0.0009939067044628898,-0.0012917243941402553
2,Aggregated,XSS,0.007187241874288679,-0.006208698128850415,0.024942854423562824,0.017484535476096897,-0.02498540261673683
2,Centralized,Backdoor,0.10048412694679068,0.06778104767760726,0.11000766120003412,0.07679567425074742,0.09292684146462309
2,Centralized,DDoS_HTTP,0.02644085236867021,0.05831409646274132,0.04763310539703181,0.03504013044065241,0.056852331374569534
2,Centralized,DDoS_ICMP,-0.0004178991131630727,0.0008590365599191444,0.0008267908222804672,6.736140839076106e-05,0.0008757647013933316
2,Centralized,DDoS_TCP,0.017484355592120814,0.04607394832732595,0.02085899717501945,0.0009644928887540853,-0.06285979256047534
2,Centralized,DDoS_UDP,-0.0007494688268058547,0.0011662813040385577,0.0011360399445601058,0.00017931905273637638,0.0010895983767075365
2,Centralized,Fingerprinting,0.0,0.0,0.0,0.0,0.0
2,Centralized,MITM,0.282574653870254,0.3158861946674386,0.18187601816150692,-0.14640082973122667,0.212217809185873
2,Centralized,Normal,0.0007401023815065874,0.0015890066341359606,0.000679898073672062,0.0014940903748656142,0.0016809536555289866
2,Centralized,Password,0.0008689286690299107,0.001008971724743524,0.000993956942029682,0.0010293141125482358,-0.003991241054001588
2,Centralized,Port_Scanning,-0.03723414160195377,-0.06804841934874685,-0.037304526952370236,0.05151326707566146,0.09107382082740939
2,Centralized,Ransomware,0.0,0.0,0.0,0.0,0.0
2,Centralized,SQL_injection,0.0,0.0,0.0,0.0,0.0
2,Centralized,Uploading,-0.010493283473071872,0.03519311482178202,0.008659782458450548,0.02329838834062844,0.02194461793954712
2,Centralized,Vulnerability_scanner,0.0007822526981254352,-0.0002559432471726001,0.0011701688452615691,0.0009939067044628898,-0.0012917243941402553
2,Centralized,XSS,0.007187241874288679,-0.006208698128850415,0.024942854423562824,0.017484535476096897,-0.02498540261673683
