Round,Evaluator,3,1,0,4,2,5
0,0,,,,,,
0,1,,,,,,
0,2,,,,,,
0,3,,,,,,
0,4,,,,,,
0,5,,,,,,
0,Aggregated,,,,,,
0,Centralized,,,,,,
1,0,0.036228052751886945,0.1445863675521751,0.15038851649371832,0.07425708021213788,0.025201839957724084,-0.1876088360897632
1,1,0.04657040733421548,0.18650695646222273,0.1042060115321196,-0.044197434858332246,0.03740788362472582,-0.13733144910152612
1,2,0.09099894059177814,0.06896732584002474,0.07887240822479083,0.01625119014230217,0.08714904671567121,-0.10918959088475799
1,3,0.09755987743437805,0.029032692485620452,0.04846415706025631,0.03341202477921779,0.06278488415498625,-0.07326763480628883
1,4,0.06945417181686446,-0.03249268242688763,0.12096937472443066,0.2040439157105675,0.04096732100756942,0.002858456672093205
1,5,-0.00694481117786847,-0.02546963891865715,-0.011377310867915772,0.04878501971973799,-0.051853784058834354,0.47783474281705146
1,Aggregated,0.06265710016492196,0.06169588066021792,0.08271366158581839,0.057557843856971144,0.0433069029361671,-0.0180734778005541
1,Centralized,0.06265710016492196,0.06169588066021792,0.08271366158581839,0.057557843856971144,0.0433069029361671,-0.0180734778005541
2,0,0.08543255690505905,0.06633013527110407,0.1243890463441975,0.046867618087673237,0.09826781525721968,-0.21663064900326062
2,1,0.09614645493856858,0.1268695584081862,0.13255576996047028,-0.05749619650657017,0.10546432723592068,-0.2215888691182092
2,2,0.10271965359673932,0.025089804527791835,0.08800748215582356,-0.02214866289373063,0.09352975726349659,-0.12666777241970684
2,3,0.11398524606884795,-0.02253979058989271,0.07289037967623162,-0.008108821510564001,0.10416768650756797,-0.08553971951832472
2,4,0.08363679671691077,-0.1201397654537653,0.028359078368006517,0.14085978307567565,0.03949757200892312,0.037703043844567324
2,5,0.07783057852894155,-0.16437384743972222,-0.059971548217947014,0.12540067606357136,-0.039321185263892264,0.4403301152370518
2,Aggregated,0.09600833550318373,-0.015365313813399532,0.06130016069907269,0.02962537737355632,0.06963186669992369,-0.040520543766574164
2,Centralized,0.09600833550318373,-0.015365313813399532,0.06130016069907269,0.02962537737355632,0.06963186669992369,-0.040520543766574164
3,0,0.06529069903980901,0.01748186297523731,0.1158979327938595,-0.04146120547497874,0.058663829620816246,-0.2085716290129246
3,1,0.07498155620741262,0.06633698896242073,0.11108844761194862,-0.12309241063382108,0.08947023100685544,-0.22669535042604852
3,2,0.06250659676212429,0.0018135164270319032,0.07527603188091266,-0.07015982270162223,0.09257543061058057,-0.15577966795079531
3,3,0.08849037652047591,-0.023747573100011035,0.05800968317837027,-0.06248916221573325,0.08377370148261991,-0.11181356974415016
3,4,0.036265434241529504,-0.09452591479088773,0.020596977708377418,0.062197405451449535,0.015243377790198697,-0.015712731909222732
3,5,0.007237600940672895,-0.07872045676090757,-0.133646863435021,0.08513690906133184,-0.012525832980843843,0.17967967289394562
3,Aggregated,0.061181281489146595,-0.013174391142176153,0.044422272872077846,-0.032787347464301106,0.061387140276416,-0.10539109670482039
3,Centralized,0.061181281489146595,-0.013174391142176153,0.044422272872077846,-0.032787347464301106,0.061387140276416,-0.10539109670482039
4,0,0.0877803245188659,0.11156767779047257,0.13980025020172365,0.05829175107157609,0.03775315132372653,-0.11995902191010556
4,1,0.09939766252891595,0.1925105468894276,0.15187385767249328,-0.05356495591414913,0.08229928575662175,-0.11517827485306192
4,2,0.09756895373816007,0.09392531987174192,0.10919908692691806,-0.05024772641377152,0.07441403445534393,-0.01784673621262986
4,3,0.10427372526592738,0.0382320034766872,0.10193183036890648,-0.05327380607060331,0.06710788283926851,-0.020917043764975243
4,4,0.07655489285442865,-0.12329410379335146,0.03812767555516398,0.07968754788718165,-0.0032389767164872946,0.08210733241896247
4,5,0.019773582510161886,-0.20739530430507433,-0.10909192526618297,-0.08532030320805171,0.019425484964696014,0.3190744993930476
4,Aggregated,0.08682497988313258,0.030294545944692296,0.0766277672355031,-0.024580371569537383,0.053500087294239454,0.021904352529194294
4,Centralized,0.08682497988313258,0.030294545944692296,0.0766277672355031,-0.024580371569537383,0.053500087294239454,0.021904352529194294
5,0,0.011712124292270169,0.042660203278852636,0.03911797070883041,-0.052816780917040146,0.037163866625495943,-0.26761253791797235
5,1,0.002082909463365951,0.1166043760203225,0.04936948142994624,-0.14963522492730544,0.07023889071128293,-0.26691095313377683
5,2,0.021934898458274805,0.06612257327031511,0.017998594153089055,-0.13121418768568288,0.07456474583635778,-0.17327790078932095
5,3,0.04397912395894335,0.0457961397542569,0.04697060434648294,-0.11888391165453906,0.08099113892059046,-0.12148392002864834
5,4,0.057558947153854685,-0.0988269953718746,-0.010173072150351693,0.016919999732037137,0.021251983099726927,0.008844507444696798
5,5,0.06195768934505249,-0.09609681991617881,-0.1062497410103023,-0.03584549766642302,0.029561659966939925,0.2792969847982287
5,Aggregated,0.033333657235901766,0.02039873691108909,0.0028009087607124062,-0.08667763460607983,0.05602593270371831,-0.10571845644969494
5,Centralized,0.033333657235901766,0.02039873691108909,0.0028009087607124062,-0.08667763460607983,0.05602593270371831,-0.10571845644969494
6,0,0.0616584916270626,0.10774125658929953,0.1291318049031265,0.05825090186139277,0.06237017417778425,-0.12321639143795245
6,1,0.08735050053565081,0.15995847563098578,0.1286987927100201,-0.03568598882649598,0.08252576005237687,-0.12592990271827215
6,2,0.08797189253529415,0.07255401980712867,0.07422241740158227,-0.03496356326865531,0.08118718031084829,-0.04980193863244714
6,3,0.08770807021492477,0.013348445886626899,0.06236680117625044,-0.03514292905536937,0.07798909518978199,-0.06278220324470994
6,4,0.033756685971998324,-0.10395485458908643,-0.0018787265294014945,0.07377655298277809,0.0196052550453399,0.033920344394611036
6,5,0.02759580691506007,-0.22859972583029456,-0.14892773736210035,-0.07686935775082268,0.010650902446109238,0.2549050206180097
6,Aggregated,0.06973191882903915,0.009869627894706126,0.0443510619175684,-0.014056739917504522,0.062134454070473716,-0.010943147857505163
6,Centralized,0.06973191882903915,0.009869627894706126,0.0443510619175684,-0.014056739917504522,0.062134454070473716,-0.010943147857505163
7,0,0.03614064716083585,0.014604780725504248,0.017703741946724243,-0.053388393826565274,0.009585159384291822,-0.32254081873062257
7,1,0.05294666887191375,0.06783924822835262,0.015441974258713539,-0.1392422176762313,0.02892548364626827,-0.3228185892199563
7,2,0.05779663193095708,0.03333183833503299,-0.007524375372046845,-0.13396247285315344,0.030580018290780595,-0.23113053780751336
7,3,0.068251026126574,0.013041444364072624,0.024813765049027832,-0.1100814691712583,0.028948621024481497,-0.1767358332936134
7,4,0.03463183296569388,-0.08689841280969526,0.004977822432120234,0.03488795213347935,-0.00047984223713335344,-0.047415679087301855
7,5,0.03100493111290975,-0.07730644536672972,-0.07437039698906124,-0.030333241468456118,0.03975212134466384,0.27722108026902265
7,Aggregated,0.04989285744534092,-0.00015994565040312232,-0.00652060111151338,-0.08235869785292665,0.026676802029769665,-0.15377058561851478
7,Centralized,0.04989285744534092,-0.00015994565040312232,-0.00652060111151338,-0.08235869785292665,0.026676802029769665,-0.15377058561851478
8,0,0.0944284010974674,0.0630299105519776,0.1220648760613697,0.027354074188099042,0.08810257143351842,-0.07723979014236547
8,1,0.09202509463014102,0.10956388727959329,0.12025593256131449,-0.03417770566167854,0.0940086236608335,-0.07960274016737862
8,2,0.07627081757961139,0.021531963717629225,0.07217178462677747,-0.01645512829910322,0.09494155243431576,-0.0051894237948591935
8,3,0.08850354915565044,-0.03609088315577724,0.05391855572681766,-0.027860766545027404,0.08298138663101971,-0.017372609127342682
8,4,0.03641386671838318,-0.130567321140588,-0.01737296678409669,0.05993558848798858,0.035913323448333236,0.065536660958625
8,5,-0.07875349250569967,-0.21470131236297646,-0.2005341238420463,0.014761184378651326,-0.026066140742409354,0.23785888206169098
8,Aggregated,0.05345551631370557,-0.026986178931087984,0.02549293000565154,0.0036120171297934094,0.06674910331012568,0.025190795194763447
8,Centralized,0.05345551631370557,-0.026986178931087984,0.02549293000565154,0.0036120171297934094,0.06674910331012568,0.025190795194763447
9,0,0.025280745635160074,0.008973230101749967,0.021097367755038485,-0.054678457234140145,0.01609480924500017,-0.3052693812089896
9,1,0.0509780705689489,0.05789100106195365,0.03752148659317131,-0.12149744737978355,0.02168328393374948,-0.300460853196638
9,2,0.06554645702338242,0.011985066089124377,0.027991332019370936,-0.09247045450511242,0.02441962925419293,-0.21797526401660708
9,3,0.07622989792510096,0.005549348099302087,0.03450498024130737,-0.08841851822953241,0.027373268907892476,-0.13853109169936068
9,4,0.035870956721916494,-0.08453261150158464,0.004921495766559029,0.049337959952413496,0.01013790498904578,-0.019271290145223156
9,5,0.05298860729264757,-0.08716683993349207,-0.014125483688095993,0.047764801456431624,0.02990079635588089,0.2486938423972274
9,Aggregated,0.053447289147842546,-0.01077514198674992,0.020391727498836842,-0.04913372307920534,0.02351173360464522,-0.14060579750243582
9,Centralized,0.053447289147842546,-0.01077514198674992,0.020391727498836842,-0.04913372307920534,0.02351173360464522,-0.14060579750243582
10,0,0.08952171357637681,0.07389526642924835,0.05710876203477132,0.0647108867365798,0.09408295100880924,-0.06378099427588076
10,1,0.08442676704515495,0.13347383337762653,0.06778542186045282,-0.03656752612114139,0.09956895411492178,-0.07545572525726044
10,2,0.05887773820015653,0.08167885992154042,0.0647079914601415,-0.05150747869226858,0.07841842467350237,-0.005707839898556769
10,3,0.053318119723178674,0.03480179508341046,0.07033136726838743,-0.03980683219467422,0.07025091424849933,-0.026325531171164214
10,4,0.008843752653422519,-0.07514245044872903,0.008870465648707674,0.05299947043330766,0.013144248043835889,0.06817472242895244
10,5,-0.09178561181850992,-0.10141712186582331,-0.06059802105395919,-0.12010077664895855,-0.06807563197246459,0.23564167742313727
10,Aggregated,0.03776106709916234,0.032747215421185645,0.038745309581250956,-0.02936552342183612,0.05283165329220052,0.023347155875799084
10,Centralized,0.03776106709916234,0.032747215421185645,0.038745309581250956,-0.02936552342183612,0.05283165329220052,0.023347155875799084
11,0,0.03335189782737216,0.010664340602323127,0.022970865420044746,-0.027334291700551062,0.022343090193145693,-0.3090506969835567
11,1,0.0449846605438264,0.07744555867861652,0.032086688547484636,-0.08663693365304628,0.032535879634763495,-0.29423494641425363
11,2,0.044645370288101144,0.052640329959098925,0.014803630017245318,-0.08268411103641896,0.04295409230125879,-0.2194202725558376
11,3,0.059746578623443014,0.037564023752134336,0.0272384303505381,-0.07689078845524056,0.04396228617986599,-0.1586588094710769
11,4,0.018940571284775477,-0.058316189643712484,-0.008147917879874856,0.04439377157382064,0.02210549638951401,-0.04268718748070515
11,5,0.0020142073099895397,-0.009218147975192976,-0.054328796652185235,0.01350786090051344,0.03195681997197469,0.24027856521588184
11,Aggregated,0.035456017850722804,0.02406586994178208,0.006420340839480605,-0.04078428388623497,0.034718668310124795,-0.14734312492062407
11,Centralized,0.035456017850722804,0.02406586994178208,0.006420340839480605,-0.04078428388623497,0.034718668310124795,-0.14734312492062407
12,0,0.06934671074084922,0.06563917478835085,0.1122085049770638,0.036793192084520164,0.041283758945737846,-0.18007659154992417
12,1,0.07661649866224834,0.09446003188471457,0.11360971077783576,-0.02125525141089098,0.05477298248987538,-0.19382003649010038
12,2,0.07615278943837729,0.03959181625447203,0.09663890691935638,-0.010177687705573603,0.04608703368866224,-0.13648085858471035
12,3,0.06952612311417682,-0.010205307727089375,0.07751577403679066,-0.02498722598015788,0.025021143915087838,-0.09553486251552401
12,4,0.028685406836429353,-0.09116088484468009,0.015682339334939278,0.049101064985152695,-0.010110709693539048,-0.0008643045321926998
12,5,0.0046269297446846405,-0.16774190612371218,-0.08971278155272022,0.00638959313218914,-0.008392719839667221,0.1853462681591607
12,Aggregated,0.0581439917834943,-0.006332429661784553,0.059951367247310976,0.005915943626115802,0.029657074131737918,-0.08044908526530804
12,Centralized,0.0581439917834943,-0.006332429661784553,0.059951367247310976,0.005915943626115802,0.029657074131737918,-0.08044908526530804
13,0,0.057450248825012366,0.028184437741966162,0.05964638237904048,-0.015802438664195104,0.03180841638965387,-0.2627490630335907
13,1,0.059375577344168165,0.053256513285652556,0.07598776465013783,-0.06676504126443752,0.0343935070042599,-0.24309990650933788
13,2,0.0630697368553917,0.028567185244728423,0.04713758292578741,-0.05777644127451157,0.028982654542777247,-0.19633437263368084
13,3,0.0743483625514556,-0.006581186236698698,0.05863298959112412,-0.04245640621413017,0.015898301578217797,-0.1305538115958065
13,4,0.049649609382280455,-0.05472067246887364,0.004983169224236806,0.054358693418680194,-0.008222108611000166,-0.05962083189295807
13,5,0.011202623423263783,-0.05005171171610166,-0.09403338445000162,0.048722040023498954,-0.014199915831817714,0.1462365555002364
13,Aggregated,0.0545291707076696,0.0052113788455086804,0.02666849783106384,-0.016984272361506604,0.018156448340678293,-0.13774018790227702
13,Centralized,0.0545291707076696,0.0052113788455086804,0.02666849783106384,-0.016984272361506604,0.018156448340678293,-0.13774018790227702
14,0,0.07232038084813991,0.07559627814283439,0.0750052061361572,0.01446426298152553,0.0609911332276131,-0.2010076468985803
14,1,0.07235281217333996,0.10550599538585867,0.06101998405384106,-0.04947187326339553,0.06619694212349418,-0.21379275124016012
14,2,0.07958676849992809,0.08294141951594448,0.03271035669234893,-0.03757428489402484,0.07246576432533555,-0.15954443360786835
14,3,0.07061756762432778,0.06066068110840879,0.03118538367587848,-0.04833372463873399,0.05761839620721493,-0.11726928704540847
14,4,0.02500910690515152,-0.01796559314200745,-0.00011362254357878302,0.04704289295575883,0.018543323657894455,-0.010545734536846365
14,5,-0.010290664875134142,-0.0677668235282601,-0.12229365667932432,0.016804441432940027,-0.0010926903666024568,0.17897086192089903
14,Aggregated,0.05556657794091054,0.04591989691257654,0.01490801015135205,-0.011803086694739992,0.04975919626875048,-0.0992434446143431
14,Centralized,0.05556657794091054,0.04591989691257654,0.01490801015135205,-0.011803086694739992,0.04975919626875048,-0.0992434446143431
15,0,0.05011440601981614,0.015940793868516052,0.052805007051451594,0.026205652250219435,0.04581324497189306,-0.2217334704950734
15,1,0.06524803454802375,0.06977080434562237,0.049983076090450405,-0.02454007287908163,0.0509899437540905,-0.20404586715504563
15,2,0.06513881171478264,0.03373932936801753,0.02493227201416329,-0.030606524268262155,0.04308909042221684,-0.14203676019636535
15,3,0.06097535914815363,-0.03279950238933324,0.03140771489872783,-0.024846250985053997,0.028743693382330588,-0.08743076156459328
15,4,0.026196967462360554,-0.10654221576201751,0.013651505362655044,0.04688790601590795,-0.0005073583412936652,-0.02812828647664862
15,5,0.006890657682877371,-0.08496890825959988,-0.06422529882521018,-0.03333994664341236,-0.01901804898660375,0.17586805650190612
15,Aggregated,0.04820272106341817,-0.010927075630926023,0.020059673082926426,-0.008431206968113624,0.028099630562358497,-0.09559462937391079
15,Centralized,0.04820272106341817,-0.010927075630926023,0.020059673082926426,-0.008431206968113624,0.028099630562358497,-0.09559462937391079
16,0,0.0665549133847732,0.06068571143922087,0.07359294279231023,-0.0020148446711292576,0.04991242467345486,-0.16631765513734106
16,1,0.07072678406715983,0.09063963174133091,0.04380705801116695,-0.07457810944181557,0.06039808521918655,-0.16137828874423446
16,2,0.06618003172421448,0.051115629857352296,0.013419327237286297,-0.09324009475037201,0.06115034458779946,-0.0920191462769324
16,3,0.059992946697605486,0.028432272885705732,0.021051235111886998,-0.08673068296783762,0.05368684748393197,-0.09222075966429545
16,4,0.029284044334440592,-0.03411382144896428,0.006467837687704612,0.04004954562480721,0.025737645227766153,0.0031476076457398125
16,5,-0.010983646241424986,-0.11100073709901967,-0.12780969649374016,-0.06979638280740905,0.020777735119810087,0.252443811332956
16,Aggregated,0.05073303203530584,0.01980410466442665,0.003138314804377905,-0.0540076983563898,0.049444041736901506,-0.0473455081594492
16,Centralized,0.05073303203530584,0.01980410466442665,0.003138314804377905,-0.0540076983563898,0.049444041736901506,-0.0473455081594492
17,0,0.03311068853912864,0.00466187782970617,0.046173793072381196,0.010530688856761556,0.03634233368123617,-0.278717411574112
17,1,0.027274929555642688,0.037281319311890146,0.051173214519995465,-0.0098318264088842,0.04767692527973878,-0.24283426430411229
17,2,0.02458210164472842,0.022525526396047147,0.03873233684955602,-0.013131144916275253,0.05431759498303234,-0.18939248429084732
17,3,0.03244737665046834,-0.017972423600235068,0.05065967993882929,-0.006709046890540888,0.05151768724850231,-0.12425590078601484
17,4,0.018437755805894174,-0.0799815776595831,0.011486348807617699,0.0312699796218925,-0.00016704755603275977,-0.06248710345829653
17,5,-0.0341057153121353,-0.02537093804781035,-0.050089618513585184,-0.005106033515680859,0.015441532995763696,0.17370251589961933
17,Aggregated,0.018000538472532666,-0.004791099532785734,0.02588061689965669,0.0006810502230317413,0.036418548197326435,-0.13446225894879715
17,Centralized,0.018000538472532666,-0.004791099532785734,0.02588061689965669,0.0006810502230317413,0.036418548197326435,-0.13446225894879715
18,0,0.05261624655326374,0.07074979377139182,0.07690979371436196,0.05456290500736363,0.0603255321991602,-0.14914629116015796
18,1,0.06531895301933659,0.10270714556983833,0.0670053935768405,0.002266862850474492,0.06344989499404328,-0.168113273067265
18,2,0.06579415854239697,0.07302945283320833,0.046831898240869425,-0.015205823457194416,0.06320416216706996,-0.11189728844888526
18,3,0.04913798276232764,0.03588412844467196,0.04228880738188782,-0.0046551799822084836,0.05242106635600003,-0.08318510585397064
18,4,0.015531214725722614,-0.030696635472023184,0.01973042211007692,0.04766327481057555,0.022270134846737937,0.0012128287885921345
18,5,0.009464543634200311,-0.08877346132539227,-0.07543643568287554,-0.07223438161186661,0.004311325299828936,0.17837120918496369
18,Aggregated,0.046601439495236735,0.03300881731804481,0.031905877132069264,0.0006062901302464962,0.047633202427227246,-0.0638527806238406
18,Centralized,0.046601439495236735,0.03300881731804481,0.031905877132069264,0.0006062901302464962,0.047633202427227246,-0.0638527806238406
19,0,0.03245865534042115,0.04974345412686609,0.044146583709951254,-0.023625835252299297,0.015941647010755376,-0.2374998202310074
19,1,0.05636825005114339,0.07331862509192968,0.03083863283657121,-0.07215567433825029,0.04500466937592322,-0.21084894933807494
19,2,0.04738397728409696,0.047025920427874526,-0.003693241627440924,-0.054917550909801764,0.04941809061720991,-0.1681842420655531
19,3,0.03203279254128183,0.02909622099172696,0.01601554659414111,-0.0441881108789798,0.030323746535249704,-0.10190588466852321
19,4,-0.002160386326376827,-0.011846114308299521,0.007354120919872241,0.028215843687178468,-0.012184569733142333,-0.04139786278615612
19,5,-0.0036806767745777044,-0.05822397437839712,-0.07642918441193187,0.05838004560825834,0.0012999617520188503,0.14826747985401337
19,Aggregated,0.02992971670715338,0.025292752709408055,0.0028428305393549246,-0.021701435474554547,0.024841673630088178,-0.11280636209349153
19,Centralized,0.02992971670715338,0.025292752709408055,0.0028428305393549246,-0.021701435474554547,0.024841673630088178,-0.11280636209349153
20,0,0.07214184398110038,0.012263333322396184,0.10997169792209154,0.03206303997588678,0.01668856549081766,-0.1646939033273683
20,1,0.06561586225734507,0.02492882155352506,0.09217265988672542,-0.011853120779043658,0.034861029703346036,-0.1678764287805236
20,2,0.058392919101094086,0.013741718070652666,0.06711036987670203,-0.014849929745113835,0.04748235701225473,-0.12872094682991075
20,3,0.04430181194379253,-0.02781629512373848,0.06619893274734027,-0.03212617165807485,0.04652135702360114,-0.09786574498219955
20,4,0.02400053952414583,-0.05410078742462655,0.017353763411341375,0.031901018423147465,0.0043855853945694665,-0.019542721098947342
20,5,-0.02435488732054362,-0.03819589592176384,-0.11578618925760428,-0.03430283624814631,0.028224485296048308,0.12211119775666239
20,Aggregated,0.043008311722126755,-0.0061737816806212535,0.04168594359599846,-0.004131081507195873,0.03172131818831282,-0.08466043615957049
20,Centralized,0.043008311722126755,-0.0061737816806212535,0.04168594359599846,-0.004131081507195873,0.03172131818831282,-0.08466043615957049
21,0,0.02018450330119199,0.0372780688904157,0.06294122546876933,-0.020030682977860183,0.05359248101684791,-0.21954384901117513
21,1,0.03522142371762805,0.08543721867824564,0.056053047226757975,-0.07358388657245818,0.06168374344856197,-0.19392207525456628
21,2,0.042911892960264986,0.047495705682293596,0.03422096895568119,-0.04769568085156946,0.04532051983880019,-0.151580562038055
21,3,0.03724748082878261,0.003655104448642611,0.04337424434245339,-0.031241316222185494,0.03650491913272617,-0.08654628473569037
21,4,0.00571322150318768,-0.06263751732758413,0.029808686499267236,0.03533785059170514,0.006324140098063585,-0.0351685681447976
21,5,0.021656816878339095,-0.07924204166772239,-0.06334890360481252,0.05992436830523588,-0.020828531148336386,0.13322190010536328
21,Aggregated,0.028822964205424552,0.010722459681853268,0.028274614579220755,-0.016851519814871145,0.03326379379462864,-0.10280133843940721
21,Centralized,0.028822964205424552,0.010722459681853268,0.028274614579220755,-0.016851519814871145,0.03326379379462864,-0.10280133843940721
22,0,0.02382094924896125,0.07622264094956366,0.07978849345946835,0.020373977994762878,0.004902601519738635,-0.2006945123505172
22,1,0.03176821427475896,0.08622048526320453,0.06007184858767949,-0.032478312980019054,0.0125808883399474,-0.18922845557002874
22,2,0.0372887352641016,0.061565117882258207,0.05306201726126554,-0.03714176569390259,0.015954561349969715,-0.1571105256336424
22,3,0.033248840760476475,0.0240037545478886,0.04104178671034938,-0.050938804748500356,-0.008409559950472184,-0.10396670877088253
22,4,0.0014974534467997712,-0.023540277956695225,0.025642597546922812,0.04986214987304499,-0.029536586657321066,-0.027400790314780963
22,5,0.012938842148327283,-0.08412988114077403,-0.044147782040037525,-0.024990606169781222,-0.012900322240837167,0.11073034179522799
22,Aggregated,0.025405404483478364,0.02970405223073831,0.03936600416004524,-0.01462543514868558,0.0002613363820513772,-0.10571209967928402
22,Centralized,0.025405404483478364,0.02970405223073831,0.03936600416004524,-0.01462543514868558,0.0002613363820513772,-0.10571209967928402
23,0,0.06882025628876658,0.06436733250455234,0.0770450911611101,-0.005035073900402824,0.05211330577471675,-0.17044477540351294
23,1,0.0858309123114612,0.08923399131649334,0.05822176412375273,-0.050178810704245305,0.06963686510065988,-0.15738529073788135
23,2,0.0723319905834093,0.06579192506685658,0.030940881276110662,-0.02866597594658005,0.06587507128854887,-0.10953462955718932
23,3,0.05662649233211914,0.042575617358550484,0.03697653314811133,-0.02087313881686818,0.05025233657051364,-0.05627164320530454
23,4,0.010689374972944766,-0.010890900570472175,0.013158661748372335,0.04348323839373376,0.0071242034977463805,-0.025475188643796217
23,5,-0.03636860482377124,-0.05599076391511888,-0.1078157647181796,0.06010629809184891,-0.00196473834624745,0.1577093245186988
23,Aggregated,0.04646109581441038,0.03684969794836046,0.01785587390947431,-0.0031118754270141793,0.04381408612594468,-0.06752790409585183
23,Centralized,0.04646109581441038,0.03684969794836046,0.01785587390947431,-0.0031118754270141793,0.04381408612594468,-0.06752790409585183
