Round,Evaluator,2,1,0,4,5,3
0,0,,,,,,
0,1,,,,,,
0,2,,,,,,
0,3,,,,,,
0,4,,,,,,
0,5,,,,,,
0,Aggregated,,,,,,
0,Centralized,,,,,,
1,0,11.15571540091824,-2.2979604760301253,-2.2079733571011557,-2.0154848417747147,-2.0066146864883865,10.545520514264377
1,1,11.229574107247757,-2.3248322698691486,-2.2344804598429926,-2.0333504249753167,-2.024294065938924,10.614641989252508
1,2,11.617590259619167,-2.4718446813560524,-2.3813500400575007,-2.103425765616299,-2.0924820828580506,10.982645271883943
1,3,11.670953180880455,-2.4972241626721217,-2.4067608030614895,-2.1194612963700115,-2.108322202697678,11.02662442421548
1,4,11.424096336579252,-2.4257627413166776,-2.3352020759597094,-2.08308798352663,-2.073542518250078,10.794523585191746
1,5,11.232148585199498,-2.3381182413939774,-2.24783588091393,-2.0313342146805837,-2.0224890155817477,10.61279144016956
1,Aggregated,11.479281407123448,-2.4234206252151447,-2.3330365952064014,-2.0803922699481996,-2.0701551876026296,10.849097634591436
1,Centralized,11.479281406968193,-2.423420625208142,-2.333036595138694,-2.0803922698000714,-2.0701551875051916,10.849097634606348
2,0,11.043709410697804,6.2643877509586625,6.6158583372055455,0.03697664402748171,-0.1609798794262229,10.880928213381651
2,1,10.373919576206996,6.5666382170904525,6.887931390575416,0.3849683881082432,0.1872343753488107,10.302742912752139
2,2,13.126500399679111,6.437591116304543,6.889250382041681,-0.41378868795751944,-0.6279141753478551,12.872602260361669
2,3,13.46452334832747,6.521516654802113,6.9865279933765665,-0.476423833158587,-0.6938158725006682,13.199231373430255
2,4,10.48566890372713,6.3484298648945705,6.671608617248078,0.3071438486173951,0.1022640959483062,10.370373574897615
2,5,10.663451937467762,6.356611037109856,6.68929380795689,0.20610556141144892,0.00536695642798573,10.537523892464245
2,Aggregated,12.247735914677024,6.4463616349759745,6.855054431393907,-0.17826394914922242,-0.38743900086831834,12.044574693344593
2,Centralized,12.247735914317264,6.446361635479659,6.8550544317417295,-0.17826394751381644,-0.38743900082184457,12.044574692115404
3,0,0.8887359332278709,-0.39955433823056885,-0.06121266487615375,-0.0059692172923526245,0.02833516924153005,0.842021248742568
3,1,0.9502922379939092,-1.0595385854533204,-0.5641087784477775,-0.4582012185303386,-0.4064839882469493,0.8493500400588996
3,2,1.1948595448121564,-0.3348120244188495,0.08617709658883992,0.1530571995531812,0.19482234075166416,1.132189441893825
3,3,1.274727395977221,-0.338476175296353,0.11730485954600528,0.18224360938515727,0.22756456721983664,1.2105300326537534
3,4,0.8427192541498458,-0.6687684242539175,-0.2874339144277043,-0.20803329375698718,-0.1684206682948829,0.7657127535073458
3,5,0.8144752435546921,-0.5321215231494397,-0.18078216344992887,-0.11670818124437121,-0.08028521379769557,0.7577260497173293
3,Aggregated,1.0981458117109042,-0.47767899269725433,-0.05398059750884491,0.01668682211570888,0.05941254260674857,1.0314551452113148
3,Centralized,1.0981458110093762,-0.4776789914261081,-0.05398059707713732,0.016686821378203712,0.05941254381193925,1.03145514608073
4,0,1.5442317357776245,-0.13614034449814438,0.17055683876731798,-1.0527433808434392,-1.1900530420639062,1.4697101126613332
4,1,2.0009776291741264,-0.3232923350296224,0.12684848253169018,-1.4518876682784005,-1.617098653825851,1.896464228930315
4,2,1.747271606825735,-0.27570940095675894,0.1427152161287236,-1.38597568226598,-1.5833202049677204,1.6724681717330454
4,3,1.8005430242864584,-0.28898096317378424,0.16575168248841143,-1.4835302435468627,-1.689625214766702,1.731431146663776
4,4,1.47065326695058,-0.2758957385827125,0.07364538281421609,-1.1577267055170068,-1.3026899203383908,1.4067570209916664
4,5,1.384468640688858,-0.23634227553660223,0.08354909503950379,-1.0448621830920866,-1.175924387728196,1.314417448054653
4,Aggregated,1.7325812603683375,-0.2641881924254677,0.14387624041488467,-1.3436936627983564,-1.5236671172759075,1.6562464638811065
4,Centralized,1.7325812616604657,-0.26418819465896864,0.14387623980029504,-1.3436936656854224,-1.5236671167212763,1.6562464638121546
5,0,1.4003962726248531,0.05266503818425257,0.2975787555640119,-0.6797096283987842,-0.8233234306909349,1.395735737806447
5,1,1.8095209015562166,-0.1301440139380968,0.2204507730627597,-0.9783543607389125,-1.165554843374576,1.755839358910677
5,2,2.3818576190443195,-0.707498861130903,-0.2588247351993951,-1.2164070200965555,-1.5076551528322808,2.1784405385986676
5,3,2.435127666340482,-0.7606980366749283,-0.2733474223785459,-1.3006438393045607,-1.6087122426921008,2.236327771967582
5,4,1.853769735195226,-0.444151360814665,-0.12382502695022879,-0.8951524819119808,-1.0824653831890632,1.737202963794618
5,5,1.7473896244316645,-0.38483000632890524,-0.0917615192742947,-0.7971374690217424,-0.953643088075837,1.6223369632767874
5,Aggregated,2.109975060686175,-0.5000368954359077,-0.0991182812562745,-1.0885686657344482,-1.3352803630275656,1.9668274180879375
5,Centralized,2.109975060623218,-0.5000368942187245,-0.09911828082756122,-1.0885686651408388,-1.3352803628626828,1.9668274175452896
6,0,0.9403434801516265,0.06816971910252968,0.39550361356444347,-0.6423717084544698,-0.7228735239143816,0.9413461574918859
6,1,1.226095216467984,-0.14879081904259805,0.2728832743786925,-0.9350861213336449,-1.0562371239667945,1.3303943844931043
6,2,2.559187613426346,-1.1606472910774268,-0.386363550044334,-1.5652550987182796,-1.8316886707214204,2.8376339257243126
6,3,2.6289686776269314,-1.2563239924552823,-0.4461861409584968,-1.6572816485227893,-1.9367300902039084,2.955895299800125
6,4,1.8346759369712478,-0.7277720861247379,-0.22826676619757835,-0.9652997570930373,-1.1017509567901662,1.9868337935452338
6,5,1.7093419681092203,-0.6393126096818688,-0.1733421783711157,-0.840534788462188,-0.9477086286846246,1.7769673245372442
6,Aggregated,2.0707558189900004,-0.8167507025257907,-0.1788361675211713,-1.2956705059703029,-1.5022481755657298,2.2800085052977126
6,Centralized,2.0707558176529024,-0.8167507039558279,-0.17883616739525451,-1.295670507151515,-1.5022481764980993,2.2800085059153012
7,0,0.6852541347596506,0.3161456747950349,0.3820391874051847,-0.6652382755857346,-0.7835488401437524,0.7318788284800503
7,1,1.0578466659692989,0.21734909048726261,0.30761402206240757,-0.9662198120185705,-1.1327347162311825,1.1473556558238336
7,2,3.1190535067019733,-0.7260616326632529,-0.5220276720043072,-1.9943452039333958,-2.3941662550207363,3.1767461870819673
7,3,3.226100433966283,-0.7767371529507822,-0.5665377593071373,-2.0862716646265067,-2.501548928723091,3.3138770981940784
7,4,2.0250612496505487,-0.5389592152423496,-0.44908197938662275,-1.1391290657549404,-1.3199357269595935,2.060645697615388
7,5,1.8535067061409147,-0.4778172349709733,-0.3664233860300371,-0.993277379599922,-1.1294189542595927,1.8217660617081726
7,Aggregated,2.377827603594745,-0.43512853170273363,-0.27687175881772774,-1.5800626337928878,-1.8834992682914378,2.440783300798832
7,Centralized,2.3778276065942268,-0.4351285295576736,-0.276871755491463,-1.5800626309283006,-1.88349926904392,2.440783301188582
8,0,0.4253586550481847,0.5173946169899567,0.6221999512735544,-0.5221941843283309,-0.7180869547221717,0.35931699735796824
8,1,0.7796478787367852,0.46980318181822955,0.5932499697462015,-0.821299802450988,-1.0806030857103794,0.8748869821945908
8,2,3.1938061025364415,-0.571311151969014,-0.2563421527963976,-2.0477409119516263,-2.626509583140622,3.5397044420832526
8,3,3.2911758467522056,-0.6129439070203007,-0.2876531869965374,-2.1370537487859695,-2.736850527143793,3.71456424582725
8,4,2.0667790165245323,-0.4890805806687489,-0.42560086885345805,-1.123579294743362,-1.4178274852485375,2.2642553831766863
8,5,1.8648205834440381,-0.4149732694654926,-0.32819533624341946,-0.9709053570132156,-1.1946020738406744,1.9361546882593477
8,Aggregated,2.3468651482603358,-0.2687857215060622,-0.035418413029740275,-1.5684530925711166,-2.016797032059096,2.5973096831760314
8,Centralized,2.346865147461375,-0.26878572394642497,-0.035418415242253296,-1.5684530935139782,-2.0167970327681144,2.5973096805662723
9,0,0.5248910872561633,0.5414101650837306,0.6643056779450698,-0.5446098152783801,-0.6965673938098911,0.4713600219995579
9,1,0.7675273066881494,0.5793852342169166,0.727422042067611,-0.8567713723973469,-1.0712326625501634,0.8287729826642241
9,2,2.772968787441659,-0.4578753813494283,-0.06390812713197154,-2.2756816115859477,-2.7802824419375236,3.1215521602798466
9,3,2.8282644322622232,-0.4810506959148905,-0.08212444267709233,-2.3804045905763394,-2.9051874296700078,3.2413504047320916
9,4,1.8747841533392202,-0.619489374939853,-0.4601195613906354,-1.2182108376287701,-1.475008187689636,2.06933656950311
9,5,1.7083731457921147,-0.5555781090901939,-0.37286272023710476,-1.0427804711751059,-1.2389107392044623,1.7983876042038232
9,Aggregated,2.073608342767195,-0.19212366072729795,0.1043137959557406,-1.7278461478564389,-2.115064067500609,2.319739013644654
9,Centralized,2.0736083446349336,-0.1921236596315326,0.1043137974322496,-1.7278461459512282,-2.115064065174185,2.3197390150462147
10,0,0.29216384696578873,0.6019998380860739,0.9269656871795885,-0.4888678798002427,-0.7642154753504519,0.4737941974099841
10,1,0.6733834060546292,0.6153565846894088,1.0955698812698789,-0.7992890509913592,-1.1764683980986044,0.8890550714534723
10,2,3.5356227237947926,-0.8642619809884377,0.3307080529266014,-2.1563841661736634,-3.016073594526297,3.416287728363965
10,3,3.640183224020478,-0.9122872608269983,0.3352535110010428,-2.2541716113938484,-3.1481891612652575,3.549447339734088
10,4,2.6437609538356015,-1.2789432181025466,-0.42244306075705035,-1.18465317518326,-1.6601262813695599,2.483734796651752
10,5,2.3672352380520048,-1.1159019938594112,-0.35269738151463614,-1.003607058925257,-1.3695023388769203,2.1483835954659183
10,Aggregated,2.5833368573978266,-0.5010030956119426,0.44059143415242114,-1.6338480061266318,-2.3015841824604775,2.5540872341154826
10,Centralized,2.5833368584111613,-0.5010030957918222,0.4405914330746491,-1.633848006586819,-2.3015841814861315,2.5540872363639764
11,0,0.31226738709603924,0.7115726325138441,0.7357269071895445,-0.21342867325960566,-0.7105455182210535,0.31802860210252665
11,1,0.5403220747653495,0.9092930361944415,0.8380442499388253,-0.4729408107513163,-1.1489724767364107,0.6072063551756961
11,2,2.3838949758810744,-0.28095973148144615,-0.21403387829213202,-1.2688569234993268,-2.84584222682105,2.546712342596746
11,3,2.4200989929751024,-0.2800720676331989,-0.23313059262072333,-1.3477581458873962,-2.9875271472966443,2.631573523549896
11,4,1.9591703678622379,-0.85393116490484,-1.2161306156054232,-0.553669285909838,-1.5744327158801943,2.0637412839637235
11,5,1.795659160435454,-0.7534699507965144,-1.04542185401372,-0.45423528477258807,-1.2771497737033366,1.7915108946252454
11,Aggregated,1.7820327362213864,-0.0332370643030945,-0.0436089674211394,-0.9413119240999527,-2.1802914912821647,1.910273283801135
11,Centralized,1.782032734962235,-0.033237064721314276,-0.04360896937432686,-0.9413119252062075,-2.180291489027687,1.9102732845746155
12,0,0.14604858139505872,0.4918187611268847,0.5200216100631019,-0.13961892867680398,-0.289318652736999,0.11359304453077809
12,1,0.3787013727885919,0.5672128718102674,0.5664644703263318,-0.34161142717375426,-0.606636289077087,0.43205136043322806
12,2,2.184560350847858,-1.0431481363260509,-0.7780225910659299,-0.8341493836240199,-1.449462015828892,2.394255116706696
12,3,2.232208644122342,-1.0761084555760272,-0.8212026453679508,-0.884426846418792,-1.5599466112729452,2.5110129099796565
12,4,2.1817112985565474,-1.8988761004769994,-1.8987573420282444,-0.2506407497551573,-0.5519968979048074,2.440637265287726
12,5,2.0008226927637516,-1.6701460734865086,-1.6523354606574618,-0.17126381409713443,-0.410451925285366,2.1313149585450013
12,Aggregated,1.6442941770131196,-0.6947298948249839,-0.5335230234256645,-0.6084924225240576,-1.0861043608886907,1.8163099406404144
12,Centralized,1.6442941772229804,-0.6947298939420747,-0.5335230231498412,-0.6084924232870367,-1.0861043604899547,1.8163099406254268
13,0,-0.2700941994857005,0.5892519259716744,0.6786048231593588,-0.20324139164682464,-0.05752202836420668,-0.40659812924660005
13,1,-0.09285183267750523,0.9064662939185362,0.7612392048985547,-0.5158049426956721,-0.3369776870310602,-0.07230250449444714
13,2,1.7640742406632082,0.14934031369110246,-0.6421591955793758,-1.3612352220702497,-0.8420037188065416,1.9482802326744635
13,3,1.8473661808454835,0.21094201488292777,-0.697983561176449,-1.449745508939187,-0.9489518777648166,2.1369151391443544
13,4,2.1375516828624743,-0.7955493109754871,-1.76511875029727,-0.8601061835065715,-0.16805382962751692,2.619868754123433
13,5,1.928112730770501,-0.7480977787688192,-1.5479018782918763,-0.6941890515934155,-0.08281232180008592,2.263686560816593
13,Aggregated,1.2700966821500594,0.22930757429064536,-0.39196259797610744,-1.0360011082403748,-0.6078837320750208,1.4432194688359958
13,Centralized,1.2700966815429635,0.22930757473434532,-0.39196259850525345,-1.0360011078686162,-0.6078837314184617,1.4432194686800992
14,0,-0.7365443995717582,0.5362609876263256,0.6161775068573564,0.0908889326363169,-0.018826932821403373,-0.19946851870480486
14,1,-0.5156761651417417,0.68715964113716,0.7808967260342446,-0.06499372641517588,-0.3280385134835693,-0.15051360724335744
14,2,1.307471055504568,-0.6196790275204694,-0.3245795266617272,-0.2804912207745877,-0.9377890637209341,1.0276464402678456
14,3,1.4340357229854426,-0.6281225717102781,-0.3251958204512317,-0.3311058094195918,-1.0676180547527512,1.0968658091889556
14,4,2.237166688285408,-1.6169042777936615,-1.320325721715285,0.10236570251332999,-0.4069088459390451,1.3556481816470052
14,5,1.975218641890652,-1.452098744624338,-1.198793992376358,0.13080465800934063,-0.2971939152693333,1.2352622117607093
14,Aggregated,0.8915171151353617,-0.38076802784658176,-0.14462306274085499,-0.16624406818749257,-0.6919179005048116,0.7395277356089694
14,Centralized,0.8915171160512484,-0.38076802625914863,-0.14462306254298712,-0.16624406771680847,-0.6919178983732478,0.7395277378604576
15,0,0.07755158801553805,0.39851577824995116,0.21101299583616395,0.008896923227729185,-0.015844330191210374,-0.08046393511814047
15,1,-0.106749092050565,0.5820978598443678,0.16772774298250787,-0.21086009249279264,-0.1360716012524152,0.060660681259577055
15,2,0.3799775981328934,-0.5335598450581768,-1.3855933610208888,-0.6605808154737449,-0.04974066315587907,1.4599318660312248
15,3,0.28618863875103195,-0.5069117354561762,-1.4742498615976867,-0.751056953177032,-0.11078284544336738,1.565572194057296
15,4,0.4000762973313079,-1.540374820871399,-2.777719638204647,-0.1478124425451366,0.6659523023849424,2.004570936605563
15,5,0.466696886300652,-1.4309940792504408,-2.4986347913975084,-0.08285486355999877,0.6064168671688281,1.8215571809654503
15,Aggregated,0.24690683302286007,-0.3472662959506891,-1.1126528012116088,-0.46565974765057805,0.004555134401600065,1.1286475430966447
15,Centralized,0.24690683257316207,-0.3472662945956005,-1.112652799056058,-0.46565974598970017,0.004555134777845193,1.1286475448339823
16,0,-0.3095138281263846,0.35876695600881825,0.4309749764635952,-0.04062699472005686,-0.1707904529499055,-0.15255084694461904
16,1,-0.11691773517748733,0.5321073540100048,0.6087848121429117,-0.22738400162263,-0.4339031047956312,-0.02267671393589637
16,2,1.685686182934558,-0.6538340818080076,-0.2651322518179723,-0.5787756948888341,-1.0390222930579067,1.5212726124194733
16,3,1.8226932292221385,-0.6446424028311758,-0.2594063579339888,-0.6293414447341867,-1.1567751139030333,1.6418659137767873
16,4,2.3385118072113182,-1.5794630669263237,-1.2323394906521736,-0.1516958678853789,-0.4083737587746733,2.083923648903572
16,5,2.118433138702792,-1.4564868684135612,-1.1543612862795611,-0.09676737127949858,-0.3090526109269907,1.8938087601123972
16,Aggregated,1.252907150107236,-0.44116247773128897,-0.1498634995610765,-0.4149745557142537,-0.7863778444033038,1.1568567863869628
16,Centralized,1.25290714905494,-0.44116247749145043,-0.14986350127442472,-0.4149745549902327,-0.7863778434934171,1.1568567851203129
17,0,-0.39219057258755285,0.3625232982819213,0.457711312125985,-0.059285948848549395,-0.028999590530635302,-0.17775329758774056
17,1,-0.20089048746704527,0.46374530532780345,0.6028412252224371,-0.31212078055372466,-0.24429476267597228,-0.021185182546544144
17,2,1.444626782013463,-0.7669960484039495,-0.3701239931755313,-0.8221019751623412,-0.5134248101777076,1.3055376009955932
17,3,1.5814264190770202,-0.7904906799916666,-0.38215378782267045,-0.9083422141425631,-0.6246415293960949,1.4400789184679563
17,4,2.3425277857688993,-2.040897237592362,-1.3790135538942396,-0.46917920523368295,0.057976804798812155,1.992788029755351
17,5,2.119936277773309,-1.8466954129272757,-1.284607482533523,-0.37222993449295844,0.0799624754944368,1.8228587610855351
17,Aggregated,1.0847928131294688,-0.5775410187860254,-0.23141631983687824,-0.6209047088136327,-0.3721287248975519,1.0186401624216053
17,Centralized,1.08479281551437,-0.5775410161073239,-0.23141631967048656,-0.6209047062503543,-0.37212872446434053,1.0186401616601222
18,0,-0.16200766807807165,0.2813587314684164,0.34767736160549806,0.04533749461652451,-0.0822742272060152,-0.11794843012647899
18,1,-0.1666442805583972,0.40526109390409143,0.5276252115058684,-0.09945482281093337,-0.3194233730398233,-0.14312865669207558
18,2,1.0514844215295696,-0.7902900780571309,-0.37436409069658455,-0.35120991260377027,-0.7419758012213866,1.0101405149510005
18,3,1.0840049596677737,-0.8066309055936433,-0.3603246128992651,-0.40580041746178824,-0.8698567522691943,1.0580286441311275
18,4,1.4868957771790472,-1.8775986955713546,-1.3387198595062642,0.0376762079207051,-0.21202353824045975,1.4648520984978977
18,5,1.4378842348095124,-1.740345831609955,-1.2973480829525514,0.05997038299864445,-0.16263272507108348,1.3942376771292613
18,Aggregated,0.7655346399737722,-0.5935282657665985,-0.25085634889009295,-0.2291511791470449,-0.5623974677041145,0.7509816424051088
18,Centralized,0.765534641307875,-0.5935282656496779,-0.25085635099618253,-0.22915118123963762,-0.562397465460125,0.7509816421892538
19,0,-0.2802777503308734,0.3139429521677523,0.39953634505070756,0.009506324250156694,-0.1517419638781901,-0.07047875147417279
19,1,-0.15363462613196535,0.4926446081144661,0.6410965070865978,-0.15104737028509357,-0.4079231412128989,-0.08960467645806847
19,2,1.3901684144366384,-0.6280063615511957,-0.31710006327605916,-0.34904596752350536,-0.9680257239260182,1.1180567253506128
19,3,1.500619479487279,-0.6271825135278375,-0.29106406273501756,-0.41347666347439216,-1.0977896278140047,1.1939186243078073
19,4,2.1332950759870863,-1.5940383908598492,-1.187783671239945,0.19806282944498355,-0.44260492919944433,1.4328342697412562
19,5,2.0095496716804213,-1.4929788460080893,-1.1693308878101245,0.19352889713772486,-0.3542812922313953,1.3766852242386525
19,Aggregated,1.0482790144640113,-0.44308650510875164,-0.1733234058219379,-0.22604700274656797,-0.7456213746077398,0.8355951238228481
19,Centralized,1.0482790146543866,-0.44308650531710914,-0.17332340571251117,-0.22604700425905044,-0.7456213756825179,0.8355951234406048
20,0,-0.2989458466620028,0.25799272489801595,0.28406874100098184,0.020405701787122154,-0.03345616273787002,0.053828394729373966
20,1,-0.10389913404191876,0.3149263878801987,0.33152917966998574,-0.01235977447427898,-0.22006743463679396,-0.026993355393996884
20,2,1.5377445256308802,-1.2027624187186012,-0.9209562063311855,0.15813613309946378,-0.4420483564087085,0.9386427812104033
20,3,1.6859845237178992,-1.2491000106907735,-0.9801876521596696,0.17190131973328424,-0.549157823466717,0.9631700778501922
20,4,2.4337626082186024,-2.564979894307302,-2.1993816221798994,1.0325342386720988,0.32611176052643287,1.1422740330134888
20,5,2.267405195682717,-2.3325204414841645,-2.0308322822880416,0.8785524270676297,0.3094330652773071,1.1186019511580032
20,Aggregated,1.1850758039002105,-0.9407746370739839,-0.7305022714668717,0.21144233003855684,-0.2962986592422053,0.7069490325828051
20,Centralized,1.1850758050469412,-0.9407746342214014,-0.7305022694762056,0.21144233031436993,-0.296298659497035,0.7069490329575546
21,0,-0.007472797676962747,0.182144302877696,0.31085550872792117,0.013514927483572711,-0.121857275634672,-0.006578090510841683
21,1,-0.05663754899338971,0.2994119550584965,0.5094291550253215,-0.11224345164357445,-0.3392317519264073,-0.042410935384158244
21,2,1.143596609226327,-1.0730193727434374,-0.4966140515455476,-0.34100661050969805,-0.6309575867737085,1.1301694119342938
21,3,1.1649508155355939,-1.0789816148957674,-0.48860213333722713,-0.3828299782669274,-0.7460563995012273,1.1855820717766368
21,4,1.2689824884759286,-2.2121405065433484,-1.1954334410240066,0.3473652101917177,0.2067184896759033,1.3209860797468576
21,5,1.2607370174532737,-2.0467871280954624,-1.1848523554402073,0.32541921683519753,0.2036296281702759,1.2874810376854826
21,Aggregated,0.8319765506187248,-0.8265777557973237,-0.3190379433521621,-0.19205824397294818,-0.4545954388391916,0.84077544400238
21,Centralized,0.8319765488139366,-0.8265777558003166,-0.3190379449216068,-0.19205824445112754,-0.45459544172324917,0.8407754421975928
22,0,-0.20806842210371357,0.34175714582989924,0.523174608968256,-0.04823382515064725,-0.03513473670145519,-0.5319213063721564
22,1,-0.08866922398317427,0.41182651501725426,0.7921027435458231,-0.26474008015945577,-0.2637493687471129,-0.2597300179918406
22,2,1.6154199999463295,-1.2691595699195308,0.18843094271831587,-0.6778415912332294,-0.6135734751697117,1.6825528605211528
22,3,1.711388264217123,-1.3123387504757251,0.24327539378354268,-0.7327120057167653,-0.7224008084786278,1.8783367632947827
22,4,2.1329943512366496,-2.618088485788223,-0.34699901062450755,-0.24839904236651067,0.156909086314753,2.937247955532571
22,5,1.9826389547045127,-2.3085239183309274,-0.4281367637833042,-0.16042650899501532,0.19768795009536191,2.569857283876051
22,Aggregated,1.1970137446970064,-0.9557439983233665,0.2698724438850521,-0.4913979104976074,-0.42251096194871746,1.2779217962459504
22,Centralized,1.1970137429731609,-0.9557440004654282,0.2698724422706373,-0.4913979098080725,-0.42251096044672587,1.277921796566734
23,0,0.017131418184790685,0.2693441556409551,0.30249841740779365,0.0537545590600856,-0.0590607359485782,-0.019177435854390506
23,1,-0.10998618970726239,0.36014077372668346,0.40931966437475614,-0.07269489531071294,-0.2516164187857653,-0.02507254947826964
23,2,0.8706881807539202,-1.0110035533106514,-0.8184907248833483,-0.26052210145645555,-0.4068185338027739,1.18606329179086
23,3,0.836044669635551,-1.0412396004878506,-0.8369507920670531,-0.2961487452429375,-0.5068393331894526,1.252597306307358
23,4,0.8837252964954282,-2.166750520343591,-1.9657051622771033,0.33829623170190687,0.5198959210822689,1.4641951249297906
23,5,0.8988599583290126,-1.9589699656251716,-1.8358696232125078,0.3095299652655765,0.47633489960712416,1.3744139019641832
23,Aggregated,0.6037105469590054,-0.7678122398230712,-0.6182601190159402,-0.13204576311437669,-0.26009744873769103,0.8916418095908045
23,Centralized,0.6037105472438139,-0.7678122393044188,-0.6182601167719449,-0.13204576324029207,-0.26009744873019536,0.8916418097197193
24,0,-0.13687458850702897,0.31054669793083967,0.2438627268594289,-0.027434280477866807,-0.10441898620493426,0.018351270711127583
24,1,-0.03363801081460977,0.5457166549367573,0.29133030730424914,-0.17182128412317518,-0.3049036141804776,0.08952654660387009
24,2,1.6285141176076388,-0.6212118167143348,-1.003516292209223,-0.47600813160991134,-0.5881591915450773,1.5254605597034303
24,3,1.7303528232906435,-0.5882413376768855,-1.0513331847680218,-0.5329381139778644,-0.6923408698462277,1.6429682109464665
24,4,2.2228733497379967,-1.6908782138484308,-2.262779596798213,0.241421737211792,0.4213399102299004,2.0131712365909045
24,5,2.043078539361046,-1.5400009321779227,-2.053930347948979,0.2643784644644434,0.42483795193623164,1.8165130456334149
24,Aggregated,1.2331891060711997,-0.43068886038922694,-0.7930066895289858,-0.30152515272767566,-0.3928767495962933,1.1898367230075642
24,Centralized,1.2331891063560119,-0.4306888612466512,-0.7930066903699239,-0.30152515220002585,-0.3928767486594221,1.1898367236761114
25,0,-0.04824947759240212,0.03738533747835177,0.405057348996371,0.05142297399005063,-0.15425301565053326,0.0717470758030687
25,1,-0.04779460254027695,0.07562127113563635,0.5645001195164928,-0.036432886213618745,-0.23679275310032735,-0.020006032889395127
25,2,1.3740814807851915,-2.010099281701355,-0.40914356940086993,-0.08953233168136027,0.0866998112091031,1.1024186183840792
25,3,1.406886189946205,-2.0593623329749273,-0.39906226426103186,-0.10677840119917406,0.04270450961279484,1.1296475993378807
25,4,1.7047441910460477,-3.465607060214818,-1.3912564362321156,0.7633579487809061,1.4874987924008864,1.1378172876142032
25,5,1.6277344577915345,-3.041923839029541,-1.2905809025154795,0.690164325991043,1.2646334624355495,1.072322366804112
25,Aggregated,1.0160142793889886,-1.5851687991688836,-0.26215317869283844,0.02785734408360927,0.14379773787320285,0.806633332535851
25,Centralized,1.0160142791266624,-1.585168800505982,-0.2621531765852552,0.02785734467271149,0.14379773446898889,0.806633331065338
26,0,-0.06277676409233651,0.22463465585183984,0.3338024096241681,0.022945343151887402,-0.12462529816108618,-0.06241513926553066
26,1,-0.21369514942922685,0.48494823813167803,0.6657782878695659,-0.06586248462661075,-0.33884501424754404,-0.11887877443325728
26,2,0.9054983524584803,-0.49680285229068843,-0.27499791842097143,-0.057540618799121944,-0.5829749272116084,1.0080614222854651
26,3,0.8912182873972262,-0.4328495712689733,-0.1854041703385504,-0.08136845477085591,-0.6899437896991334,1.068011537366996
26,4,0.6231794848991679,-1.2290833070687945,-0.4474438798034005,0.798906195336164,0.32616530037996555,1.0201251737914625
26,5,0.6928906808372021,-1.123880708267948,-0.5345184436005987,0.7108492804599413,0.3647067624385662,0.9861273040192674
26,Aggregated,0.5776996324817817,-0.3162938526209087,-0.054867860688380114,0.040176054997099434,-0.4072228518223571,0.7149678224159334
26,Centralized,0.5776996308298915,-0.31629385169603047,-0.054867858775664656,0.040176054390008424,-0.40722285021543675,0.7149678234682251
27,0,-0.32214850433819914,0.42707306928362077,0.5230888093041683,-0.07848654494918876,-0.13543079113677653,-0.1869255649996039
27,1,-0.2673799070429633,0.567816201242497,0.7376382228009641,-0.0872182853723226,-0.41823052176070874,-0.2112135160763603
27,2,0.9856462453227702,-0.6855663555686369,-0.3790917161259805,0.13948594076501197,-0.7266808490110728,1.0280965590761606
27,3,1.064737806110019,-0.677537103820942,-0.34626746054872853,0.16244948698484693,-0.855286824050505,1.0983697832607195
27,4,1.618555486090267,-2.0072086823127573,-1.0632613693027193,1.4273299041628034,0.02159169359322277,1.4108155111192726
27,5,1.4799416199827644,-1.722431192160728,-0.9915986686204263,1.1820998926845467,0.13568887460036952,1.2568912287672989
27,Aggregated,0.7129741822654171,-0.4859844577423614,-0.15968134546809706,0.2189731094657986,-0.543699702806253,0.7377721240128315
27,Centralized,0.7129741830898606,-0.4859844553799476,-0.15968134779303575,0.21897310745115373,-0.5436997011438656,0.7377721229635327
28,0,0.0318258468089662,0.35808658861147263,0.24714068291667146,0.004356727769015952,-0.0890052777516703,0.043591792545421684
28,1,-0.009098221179913078,0.5834225033467992,0.3300949840855907,-0.12283363160886769,-0.28607430627811553,-0.10982081614240104
28,2,1.0820288461447982,-0.6624890809982604,-0.8203967677562733,-0.21743870621438086,-0.31793567724936533,0.9264330896043306
28,3,1.131700235947471,-0.6260470934123804,-0.849606986082872,-0.25912414160014535,-0.42126475251827245,0.932021742557103
28,4,1.1898815463369001,-1.859790185395518,-2.5049301938849355,0.47724485121206517,0.7916496337760509,1.0122100203250215
28,5,1.1427708078035481,-1.6279507219012006,-2.217136774386372,0.4652605431950088,0.7389249850006103,0.9216830078862759
28,Aggregated,0.8041527217880214,-0.4572131902190239,-0.6949846885381669,-0.10481379524504918,-0.18563396855927172,0.6616350008338162
28,Centralized,0.8041527227398793,-0.4572131900721233,-0.6949846853288293,-0.10481379563328871,-0.1856339657126844,0.661635000363133
29,0,0.3120923925194985,0.25704074613690486,-0.2974113140689922,0.09603963795771994,-0.17782262507004087,0.16638422725074153
29,1,0.34026819675376685,0.371350961848227,-0.28990859613748277,0.01992567369566555,-0.41725497662443894,0.3502472714231997
29,2,1.7273783583299862,-1.1986041175859543,-1.637548775044492,0.05219912339762166,-0.46426620190830514,1.8102061585358995
29,3,1.7778034934828544,-1.2027716780375095,-1.6932852024207532,0.04043927147473487,-0.5611853958193262,1.9647736721923932
29,4,2.504885228083607,-2.7681893727045623,-3.7193023364749713,1.107080397878894,0.701611316010537,3.033490735752372
29,5,2.2768470571911545,-2.3871715999643968,-3.2719983613105463,1.0115528563917797,0.6856027459127005,2.561068114586259
29,Aggregated,1.4234802714890293,-0.9325858871284513,-1.4903671352233792,0.16765756016332475,-0.31096497155360575,1.532045697388916
29,Centralized,1.4234802688343176,-0.9325858890141889,-1.490367133767857,0.16765755970313426,-0.31096497230760106,1.5320456971910508
30,0,-0.0992324557138937,0.2381005429846906,0.40213963300100497,0.023829834988549396,-0.18086662332857956,-0.0040650121666329754
30,1,-0.1522739751233106,0.37258593043642585,0.7526239275303573,-0.03490138347952338,-0.39871562893692214,-0.07604382470022387
30,2,1.0047891736940668,-0.9277503808240503,-0.3879787380535633,-0.04108761500246432,-0.35555787202184813,0.9281578365758167
30,3,1.004249440868594,-0.9172805108765434,-0.28792144896495375,-0.05209090861847807,-0.4548442404166062,0.9529584924128401
30,4,1.3060497604456711,-2.6418888202715443,-0.1969825545110478,0.8482022497183762,0.6707401271659934,1.1028538107693509
30,5,1.265820689876006,-2.2451399607364517,-0.2840005575575221,0.760158907231987,0.6443893991986335,0.9835701279644863
30,Aggregated,0.717947261872972,-0.752307360147216,-0.06848040055909192,0.06413029829151462,-0.24841496616013076,0.6752428300788811
30,Centralized,0.7179472615282052,-0.7523073610586053,-0.06848039793135768,0.06413029932057299,-0.24841496649965356,0.675242830446138
31,0,-0.5699543525285045,0.5993366691647793,0.6449939938111704,-0.09029851255979518,-0.8046604166744634,0.35716302000161465
31,1,-1.0303716835860255,0.9103289249682376,0.9301671506095474,-0.2509719156680771,-1.0960419505964887,0.36241264601136136
31,2,-0.42613574420720973,-0.05809133417595152,-0.07176740478476062,-0.2518874605163656,-1.5118025024865571,1.7309658122990927
31,3,-0.602271286554282,0.0386777788966263,-0.023818875746939975,-0.29562814439210916,-1.6274897468311602,1.7901905101037068
31,4,-1.373980964340844,-1.0297112094368994,-0.6292399057343759,0.648469889546228,-0.5640892182920273,1.8024541808854762
31,5,-1.1751295590659836,-0.8881021232160795,-0.5886094885611993,0.6572937793447649,-0.378672403678581,1.5320959296657681
31,Aggregated,-0.682794690937117,0.09555953801869622,0.12261507445522717,-0.13634505915050513,-1.2658396303880382,1.3532807525932526
31,Centralized,-0.6827946908831523,0.0955595402626903,0.12261507298021997,-0.1363450588761913,-1.2658396303190838,1.3532807523264245
32,0,-0.10094654335403352,0.40947618809362546,0.5030545558128366,0.01815617821575947,-0.22924037691809881,0.02430042989214544
32,1,-0.3001544587682102,0.7446185382994523,0.7974446953135577,0.04027149211030098,-0.43084555243131617,-0.01728132148103351
32,2,0.5734933986709038,-0.37563862912189866,-0.2577033863499972,0.208918407736069,-0.3591461871071625,1.0174067276668832
32,3,0.4958890550540727,-0.2914632455238111,-0.17620522726453766,0.2517265521896745,-0.4347382254473718,1.0610879606198815
32,4,-0.12422580440109539,-0.9267044307319575,-0.5772999045567242,1.7976392476227387,0.9729384291476584,1.023944731505801
32,5,-0.0040327650156521365,-0.714091034624374,-0.4937226216328466,1.4884175270886857,0.8987249700335945,0.8717360176800415
32,Aggregated,0.2575571259601321,-0.13293565445328082,-0.009203710824647566,0.33760669568768065,-0.22249738989506487,0.7356093660046279
32,Centralized,0.2575571267231194,-0.13293565309819178,-0.009203709809081731,0.3376066965743355,-0.22249738941238942,0.7356093666282081
33,0,0.22465705395554053,0.7099546897993392,0.7771891000155859,-1.5132466830539038,-0.1386726545603851,0.24402178115127174
33,1,0.12188853532310881,0.9855223670105228,1.0781172695125352,-1.7581672266461288,-0.3724038746392775,0.26839473932625924
33,2,1.1981369010469631,0.0686482933128478,0.03904031798433827,-2.1143737358892207,-0.20184981596326393,1.3477609250893567
33,3,1.1572578559837645,0.1786909926172786,0.13126464506746507,-2.1919934857385437,-0.2835422515747527,1.3874150268469634
33,4,1.301621639124353,-0.6827357574633995,-0.7776752136585892,-1.7030099313210423,0.9604709394259114,1.9739916031572635
33,5,1.189895454170697,-0.5164326394303808,-0.7222526019981584,-1.389005938524352,0.8719502727821012,1.6542013598926955
33,Aggregated,0.9017193910319437,0.24392327170095668,0.22558820275973895,-1.935238878725479,-0.1110663768723995,1.1049400536752711
33,Centralized,0.9017193932354575,0.24392327231629554,0.22558820444310856,-1.9352388734130175,-0.11106637366680143,1.104940055854804
34,0,0.051647916862213386,0.4625305786336114,0.5357451153569912,-0.15962381131807565,-0.610512377024719,0.022412226316763265
34,1,-0.01763662903727084,0.7164749621106449,0.8185316709631416,-0.30780603894361525,-0.8733778820389339,0.007339153285777793
34,2,0.9052455782613237,-0.3535102869755338,-0.31568627770248703,-0.22139898638044705,-0.8938774123460563,0.9939876814385427
34,3,0.8959275845720581,-0.26942320886482896,-0.24109095433157246,-0.26142884006421413,-0.9909825999907481,1.0121287851942993
34,4,1.0345929864257868,-1.3027423500741842,-1.2366635204979395,0.5815754798203323,-0.08985407744052933,1.6289728002895958
34,5,0.9395626018244028,-1.103830998462742,-1.1132504112762294,0.5604474315428447,-0.0046220219249860075,1.3760116329627465
34,Aggregated,0.6608832397300773,-0.16078697216503596,-0.1130155356306863,-0.14436169411528169,-0.7808939977505909,0.7815810694588101
34,Centralized,0.6608832396498789,-0.16078697089913685,-0.11301553256299655,-0.1443616950858827,-0.780893995174571,0.7815810685466714
35,0,-0.11351144603395653,0.34472172421851094,0.4517591351480856,-0.030164487965938857,-0.271716443756239,-0.11802361258253312
35,1,-0.09630191083000916,0.5100733156210028,0.6668355521026411,-0.01735838181419835,-0.4842209417820601,-0.3341824136136646
35,2,0.7309231227058679,-0.5854208756231594,-0.37001201942451983,-0.040933203847775206,-0.16078705950555378,0.5873868625410954
35,3,0.7511729332958552,-0.5577243666841544,-0.2969264520339679,-0.00719283399670562,-0.22855669639094853,0.5231522703245995
35,4,1.4778517598455083,-2.3488482055676263,-0.39197330915516815,1.304480032816496,0.8245954531918177,-0.23487720533636566
35,5,1.349515184709643,-1.9192543393857209,-0.3528088420066778,1.061738344179155,0.6969951561904365,-0.19088959625436128
35,Aggregated,0.5801963948016292,-0.4708459280925689,-0.08590175575242039,0.11630510147214655,-0.13504657840557752,0.24518797584876928
35,Centralized,0.5801963933918265,-0.47084592924829294,-0.08590175621186256,0.11630509960515092,-0.13504658001549572,0.24518797236736078
36,0,0.029009373285339486,0.42657873651378,0.33135026821409685,-0.12239189284511179,-0.46145934650010983,0.045043670030372795
36,1,0.04419117359608852,0.659866774412089,0.4655698842545096,-0.22853729090239602,-0.6813433974158403,0.06312697230058618
36,2,0.7422201038394126,-0.24401857151467074,-0.55086390180784,-0.07951873530347041,-0.46612845977333295,0.6617271654970724
36,3,0.7525873077537845,-0.15443982360671799,-0.5414423755059562,-0.10801409831615336,-0.5356823135675692,0.7018911113402762
36,4,1.3503605940201746,-0.7846039947849344,-2.162754839175274,0.608776389972743,0.19429940612364435,1.3832666125759114
36,5,1.1777866432042132,-0.6204201527422764,-1.8688966024783786,0.540185395892476,0.1938085941086557,1.1311913279623418
36,Aggregated,0.6064631526353071,-0.0480744528565475,-0.4502001164366642,-0.038932319035835966,-0.43952847819188157,0.571000519946947
36,Centralized,0.6064631548725549,-0.04807445418165608,-0.45020011581458313,-0.038932316591727543,-0.439528480270984,0.5710005231293075
37,0,0.43219275184897565,-0.5626956297197624,1.0810426627404692,-0.1253396891609148,-0.9415178561793296,-0.009149046215990086
37,1,0.3554636634930136,-0.47942412904125575,1.4479290337578858,-0.2413442747848525,-1.1709922441487615,-0.2310235816298878
37,2,1.2497460680398997,-1.5862986342650676,0.3622358368951067,0.01488088576005952,-1.0982682857284525,0.7443195382906986
37,3,1.223897754909738,-1.6011574862558502,0.4778317737774278,-0.0024941228703482922,-1.1812037817106313,0.6839543437633506
37,4,1.4168945157833372,-4.069694661668873,0.765070550087286,0.5631242084375078,-0.39174559284535576,0.3823283594391298
37,5,1.3687964830917037,-3.5930234285763207,0.6811146136674336,0.5206864949930917,-0.29009932963240515,0.2541161502498558
37,Aggregated,1.0168166583382738,-1.5507442458833502,0.6934415000042083,0.01514724167589787,-1.0225059888829193,0.43219067753095736
37,Centralized,1.0168166600287616,-1.5507442422216848,0.6934415030516581,0.01514724301824505,-1.022505989277533,0.4321906765929639
38,0,1.3957704030940359,0.6889659211380654,0.11920685696832409,-1.4302080927583982,-1.50367661518487,0.9391127410171549
38,1,1.5450119474559443,0.8393221823207461,0.25918657072704243,-1.5627729647797315,-1.711933652017588,0.8967593891712297
38,2,2.208304657076517,-0.23291603770059913,-0.17101375943465308,-1.4970938852504145,-1.9045331067015685,1.7807922398740637
38,3,2.2684176596874,-0.19088776327544027,-0.1462294636459296,-1.5298864590686694,-1.9786633221195251,1.7700496147714675
38,4,3.952876724471476,-1.9143455577816104,-2.440361436732866,-0.6569844559105698,-0.7607655556992745,2.3356276928823734
38,5,3.5354798853717706,-1.6212281271981988,-2.202406871605413,-0.5306624768722885,-0.6634283300055661,2.005775487921329
38,Aggregated,2.1960109476554455,-0.1171695836786454,-0.3122824262544642,-1.4010114537558411,-1.7034315407205685,1.5786093600599809
38,Centralized,2.196010947870552,-0.11716958397694689,-0.31228242658274524,-1.4010114563498501,-1.7034315377330798,1.5786093614270587
39,0,-0.6696598700218703,0.47752522461688857,0.698466852106372,0.009690614723685915,-0.32781455479471766,0.027576722054826072
39,1,-0.9471908441192012,0.7507019814999262,0.9763276349433043,-0.008989508130511324,-0.4994990737920667,0.00519035880803499
39,2,-0.32018456007775065,-0.09069270285128346,-0.08182928170061722,0.06963420927203415,-0.19800906228506968,0.7328800976550001
39,3,-0.4551618839558015,0.04635138375106824,0.024070132617768893,0.0738713341282796,-0.24802710332423467,0.7038525918877288
39,4,-1.4809148203750697,0.24870320259033687,-0.5518968582309712,0.8697358719568293,0.5980564702251818,0.821302119021627
39,5,-1.241683028263572,0.3071180526469185,-0.49406542425148514,0.7622224864225826,0.5117438550010373,0.6607938324170246
39,Aggregated,-0.6193156316991815,0.19241318560854578,0.15806479058314366,0.13818540202385496,-0.18614038475026323,0.5223792596611019
39,Centralized,-0.619315630893472,0.19241318557856604,0.15806478883119623,0.13818540122152048,-0.1861403851205156,0.5223792584371738
40,0,-0.033062783410031514,0.4926640601409916,0.550518980949316,-0.19374863315808497,-0.27842201535860295,-0.2946255290940749
40,1,-0.10916780647995455,0.6974229536294505,0.8771327755038475,-0.28032934577705265,-0.4317097230980086,-0.45848582465388427
40,2,0.5729307395877904,-0.19204822825051085,-0.2627766783241306,-0.07644521275482806,-0.08014674861669119,0.24917279809925338
40,3,0.5330251985487279,-0.12187207189555486,-0.15246420650119405,-0.08307289575547258,-0.11680533432224614,0.19312780101501123
40,4,0.5152229584290974,-1.1897131310631168,0.3272279524740071,0.5200040685244244,0.8273376194112654,-0.2884949063025642
40,5,0.4655231708496967,-0.9391675361201335,0.2876821102832546,0.4327159554524783,0.6733955978433147,-0.3102354918229818
40,Aggregated,0.3693273573249401,-0.05004196503796183,0.11240136386747848,-0.05943505277877602,-0.07212493871648501,-0.00832861369085994
40,Centralized,0.3693273579859956,-0.05004196447321682,0.11240136381688845,-0.05943505295265799,-0.07212494007757234,-0.008328613016312767
41,0,0.17230769327542766,0.7591287454408615,0.7993406474230136,-1.3995053903012205,-0.5756136135415325,0.19579918871295388
41,1,0.10405676817722423,0.9452223597905209,1.046919856388307,-1.5326776962473887,-0.7741359029322413,0.13837463661478142
41,2,0.7450189523199261,0.009261220582907178,0.17631251113602847,-1.4370169303577502,-0.5608665855951759,0.8740952620968412
41,3,0.6994926849349449,0.08356212561890429,0.2550017949148487,-1.4751095486915764,-0.6201836653207277,0.8132498722286203
41,4,0.8790113341413639,-0.9515682437366425,-0.6218116836649961,-0.9634905602379716,0.19316233061251784,1.2140620761455094
41,5,0.801562911997476,-0.7454292385115574,-0.5245442527588048,-0.8283699180051507,0.15135891506590465,0.9947195289833761
41,Aggregated,0.5709279471826074,0.16990317801538474,0.3234778568994898,-1.393140466928227,-0.5252606643900499,0.6825641265216837
41,Centralized,0.5709279429472032,0.16990317732509932,0.32347785550317754,-1.3931404691137583,-0.5252606644297748,0.6825641251306198
42,0,0.05306139957373164,0.33788536241682365,0.4715042064835241,-0.11312310119472661,-0.29259069355437384,-0.14344479747117964
42,1,0.09002069133897193,0.4703958957734752,0.6510831134918481,-0.17907683568614108,-0.4432778501592174,-0.15307462000695987
42,2,0.49678922000634623,-0.3033647251267062,-0.19041994736359164,0.0014151728456636074,-0.1106022668635071,0.49189440350409286
42,3,0.47615202098689147,-0.22287747278401276,-0.09770854590140843,-0.0058686195780599726,-0.13427786907852138,0.4313113832663429
42,4,0.8838564678418506,-1.5395093015857289,-0.5903567040804507,0.7520619579770367,0.7644045310567127,0.9866427727175259
42,5,0.7998596197146278,-1.255649154085655,-0.5081195489809467,0.5967594900461594,0.5958284140664669,0.7856401165824233
42,Aggregated,0.41051189382350295,-0.20651549403974956,0.007919936188705566,0.035789869056157934,-0.09839838741077721,0.3384621354412959
42,Centralized,0.4105118926850185,-0.20651549671245387,0.007919938315775117,0.03578986807731604,-0.09839839006249614,0.33846213648384427
43,0,-0.09159232878469782,0.33157025435839943,0.5203954513854014,-0.04459770459898752,-0.35094696246659346,-0.3182392355236304
43,1,0.06105537429352038,0.442098917710808,0.6814939957531785,-0.10898482014397472,-0.5325993692846597,-0.4926863004113099
43,2,0.5814137537463206,-0.5275596407626238,-0.056651130704302076,0.04733889843136355,-0.16894446137983163,0.1154081550804914
43,3,0.6075822307068784,-0.4926803803651149,0.016632693495692897,0.05207689903863106,-0.19574052965223515,0.0006313056616610524
43,4,2.096718473352608,-1.902639522305955,-0.9670335529374776,0.6357004002331246,0.47138920846488097,-0.4118711308107519
43,5,1.740888936904209,-1.558222006454479,-0.7978782955426865,0.5567218884527066,0.39247666835285044,-0.35647665309890686
43,Aggregated,0.5758309945236798,-0.39844534871705184,0.054993700550930155,0.07759773131322013,-0.1839923846812894,-0.12417327963850106
43,Centralized,0.5758309948219787,-0.39844535222244937,0.054993701484052554,0.0775977290017719,-0.18399238565863327,-0.12417327947211412
44,0,0.1190102445697671,0.5202795471380866,0.8214526437497978,-1.0874052346700533,-0.6079719236105173,0.28333206600394667
44,1,0.005006628633986862,0.6396467199878331,1.0516492279381486,-1.209032035782286,-0.8147856931610047,0.34606427988760524
44,2,0.586229460163371,-0.414640349862478,0.31176996455026956,-1.166803275204302,-0.5526051386728357,1.100533394063554
44,3,0.5074086117416764,-0.37563792856161027,0.4274073738093209,-1.186547552222906,-0.5983882801784189,1.0909189481701649
44,4,0.3780943626257296,-1.6866132919812524,0.1547276500251219,-0.8402231880238141,0.04879961853154787,1.69920858220984
44,5,0.4395811901569426,-1.402748989676907,0.14764055036798712,-0.72298080056801,-0.011970575162935976,1.3856446729510417
44,Aggregated,0.3940242302081739,-0.2532640093709892,0.5040145497923143,-1.1221975299450493,-0.5445400573193218,0.9264743422478533
44,Centralized,0.3940242300110594,-0.25326401011373767,0.504014553470844,-1.1221975277685081,-0.544540056345724,0.9264743385625781
45,0,0.12479643347700886,0.40022081556541106,0.5833624442428426,-0.4856386481884308,-0.5983316436738333,0.14501781335152336
45,1,0.1604789522205089,0.5145809403320537,0.7267164972646207,-0.5804687537032026,-0.7897459933110578,0.23052361943378458
45,2,0.732081441832428,-0.32135476525417045,0.06353806160406113,-0.5175606675173384,-0.5251548306067001,0.7594953177254441
45,3,0.7046158798357693,-0.2473903792473482,0.13459838236504756,-0.5398793587632967,-0.574034809001168,0.751272198404566
45,4,1.20965630232857,-1.6581986228245067,-0.6071504685599789,-0.010879278959980483,0.21007102709090034,1.4293836347536748
45,5,1.0987114238483928,-1.3665086410643692,-0.4893428793156469,-0.01982705754672198,0.15431736147172131,1.0961900373735547
45,Aggregated,0.6062980361250804,-0.2175887716506738,0.18071575141676222,-0.4699852369147691,-0.5049700414656599,0.653455306979891
45,Centralized,0.6062980366369867,-0.21758876898846466,0.18071575104576054,-0.4699852349780701,-0.504970041892129,0.6534553073433931
46,0,-0.039021200233398404,0.29171073199332853,0.47460535459250663,-0.2563256813467867,-0.3703127213079447,-0.08640114246367349
46,1,-0.12117477875073052,0.46775843055098243,0.6576427071514075,-0.32710152597748354,-0.5424088882078919,-0.08806910702709801
46,2,0.4001342539105863,-0.12861086936161675,-0.184157391009288,-0.23997972000556428,-0.3012868561408704,0.5025563650876109
46,3,0.3084937674833801,-0.033280766793839546,-0.0846311253593649,-0.2492446227069806,-0.33475892408222496,0.43929130157005986
46,4,0.13829425274398216,-0.3318909459819151,-0.23992919872030033,0.022952548681907103,0.11445077476608426,0.6704013468400123
46,5,0.16692893796374733,-0.17154454281055032,-0.2090030976961368,0.013726293676407172,0.07974177018310465,0.4525999555495837
46,Aggregated,0.20824725816751383,0.029412434685559388,0.05286667602687789,-0.2272048968473602,-0.30860031985777675,0.32339411496572096
46,Centralized,0.20824725698668173,0.029412434442724067,0.052866672606550084,-0.22720489907861183,-0.3086003203715574,0.3233941139205495
47,0,-0.06231906753395582,0.3009484849548318,0.5410896104673134,-0.19327930247795871,-0.40015163648235635,-0.15913032074344122
47,1,-0.10084939942097199,0.45260388905709353,0.6672481244090976,-0.27984013522824863,-0.6094755470764343,-0.11859135263017125
47,2,0.3259994824944589,-0.09765602303668411,-0.16913328951017095,-0.21566870301425953,-0.2627911971044198,0.4520423742435516
47,3,0.2508401466040749,-0.0013796612765356424,-0.10795495206223625,-0.22992262957047147,-0.3023165243984405,0.405913014587671
47,4,0.25157002712615245,-0.3859520149131522,-1.0928098432574653,0.21182236705330507,0.33168112949983514,0.875829624617995
47,5,0.26774254407047376,-0.23467574044826145,-0.8697290908998214,0.17903499376776075,0.22415226124834398,0.6407931122870902
47,Aggregated,0.18065375078300103,0.040619946802430314,-0.026689415349786128,-0.17788781490555133,-0.2800055179778007,0.3064841305928349
47,Centralized,0.1806537483426402,0.04061994877810304,-0.02668941584145563,-0.17788781444686197,-0.280005520165582,0.30648412891620996
48,0,0.14988730404030176,0.5020533361886289,0.5924612741031388,-0.6754062132338601,-0.638610250181216,0.1859474379878989
48,1,0.19075998380518946,0.6502631269446648,0.7248764475853166,-0.7999214342024511,-0.8366559179443338,0.21879114059602442
48,2,0.827995673130032,-0.12730437381358647,-0.02783058895470604,-0.8068466470577229,-0.8010827071463325,0.8977225363571614
48,3,0.7631505831533877,-0.025440169484520013,0.04368275131277834,-0.8242769888374721,-0.8453087292379639,0.8715196092006346
48,4,1.4350439290562267,-1.470173962911833,-1.1946220572992519,-0.4116117568101617,-0.13205971518504045,1.5361819459880421
48,5,1.2741073950044992,-1.1966815532267814,-1.0185193472255512,-0.3406297824881006,-0.12726105707763474,1.2201422515641092
48,Aggregated,0.6838228752087301,-0.03828438534543415,0.061978137654974376,-0.7420346716230709,-0.7179198104896135,0.7487747281557167
48,Centralized,0.6838228769003429,-0.03828438525849377,0.06197813848541662,-0.7420346691272328,-0.7179198100301707,0.7487747275831048
49,0,-0.10053964908970078,0.5230368658564788,0.5154345347482215,-0.23743933342946885,-0.6732352427474793,0.02129956398530523
49,1,-0.24526863648575245,0.6390992804608644,0.6635578988248158,-0.26975688948615023,-0.8776677631634562,0.11552792839463177
49,2,0.013079484105566523,-0.03312426699263183,-0.00649998517559101,-0.17765463269513687,-0.7158592553887483,0.8358550144818849
49,3,-0.07868974800536953,0.04792604272176802,0.07513964384577877,-0.167969841314421,-0.7565341339250669,0.7915191041949007
49,4,-0.3351911911590576,-0.8022199612179376,-0.9195468698706554,0.2654137617317252,-0.14014244365334314,1.7140254572407216
49,5,-0.21660506065631752,-0.5872399381070709,-0.7584563454494767,0.22549203718305372,-0.16575795499918364,1.3497466172466717
49,Aggregated,-0.10031186775319592,0.08786482598353476,0.08945314374549397,-0.14691283317009024,-0.6791160015631165,0.6861166236656149
49,Centralized,-0.10031186546873085,0.08786482522654429,0.08945314242788059,-0.14691283361903792,-0.6791160004501109,0.6861166229715784
50,0,0.3692349563105007,0.6160507991226277,0.5466646756490464,-0.8198557759192906,-1.0728102765783174,0.3767183453969223
50,1,0.36414066078915924,0.6760735380608078,0.8000969861662907,-0.9198903493713596,-1.2864618273193225,0.39570869427658834
50,2,1.0089951645514172,-0.037392012079711295,0.3696490369397062,-0.9555589826244127,-1.4699376914074407,1.1328609931680451
50,3,0.9462051999815453,0.014520165477236786,0.48578113838980685,-0.9664923833068492,-1.5169995288707943,1.0829580994603027
50,4,1.0412328076317052,-1.6211029908668728,1.034107250672196,-0.5574210981057199,-0.8679637650476661,1.1874702466891605
50,5,0.9372779677995656,-1.3161122488579704,0.8519699716145414,-0.47660010012494664,-0.7564193235651634,0.9334801773397694
50,Aggregated,0.806196288774939,0.00488608552861126,0.5565755251420793,-0.883223042534097,-1.324890232909874,0.8979697838454754
50,Centralized,0.8061962869341786,0.0048860834030391275,0.5565755216569221,-0.8832230466016007,-1.324890232717248,0.8979697811862621
