Round,Evaluator,2,0,3,1,4
0,0,,,,,
0,1,,,,,
0,2,,,,,
0,3,,,,,
0,4,,,,,
0,Aggregated,,,,,
0,Centralized,,,,,
1,0,0.12499440467814234,0.11582780357234825,0.1298432121973638,0.11766470848619955,0.11635084889461604
1,1,0.14020026006699074,-0.03693407176281126,0.1643722206058886,0.10469556671057585,0.11174922158598459
1,2,0.13912920373445561,-0.005600848323435522,0.17619592485764457,0.10547252281557899,0.12156686969272697
1,3,0.15037222387688798,-0.0010967757934984821,0.1634666371485088,0.11805870217715593,0.12133624802202835
1,4,0.14669681687173658,-0.0066996196524316725,0.168185906576022,0.1116324668198063,0.1185325555496349
1,Aggregated,0.1422566427948751,0.004260010689908696,0.16339328237503728,0.11143170566959505,0.11870745721591652
1,Centralized,0.1422566427948751,0.004260010689908696,0.16339328237503728,0.11143170566959505,0.11870745721591652
2,0,0.03161721301698346,0.06551084407983776,0.025993858385224448,0.009462239909984167,0.004436921345079286
2,1,0.07151133993036811,-0.037431625988732814,0.07419015587300108,0.06761940652182809,0.08318988501095909
2,2,0.0649960559173937,-0.033194075926175896,0.08235500083809955,0.04817645198662214,0.09340180828391151
2,3,0.05979375371998293,-0.023766073313240578,0.066934567226227,0.04182572156362871,0.08239831278362683
2,4,0.058523203642185745,-0.03598993645421902,0.06640498442264997,0.023868455578263503,0.07829207574374569
2,Aggregated,0.059612565035157467,-0.019131595334674664,0.06671840414709779,0.041058678684770984,0.07358524090002122
2,Centralized,0.059612565035157467,-0.019131595334674664,0.06671840414709779,0.041058678684770984,0.07358524090002122
3,0,0.012289064998106633,0.05349647135633971,0.016535765889402265,0.006083319994341761,-0.011220269570643777
3,1,0.027264826586680266,-0.06959485182922241,0.03774307046085165,0.029485969604087663,0.010509390581600487
3,2,0.035872366370518334,-0.07495292761579471,0.035886104963209334,0.03970765297475503,0.00781856386845174
3,3,0.037143773406416135,-0.05189147173112634,0.03646643477931723,0.03618622932800319,0.004309357453920526
3,4,0.045234749137344724,-0.03732365013114723,0.03691146879518037,0.04052069788268036,-0.0054510445183945455
3,Aggregated,0.03305503395004647,-0.04320316228565815,0.033930304396091814,0.03223641747223589,0.002542561823686923
3,Centralized,0.03305503395004647,-0.04320316228565815,0.033930304396091814,0.03223641747223589,0.002542561823686923
4,0,-0.004720619378245518,0.007670687719345148,-0.0073531773421516,0.034099096872123855,0.03662878679753055
4,1,0.02393876245927105,-0.06613349053880996,0.0037873006359941896,0.0625661632291553,0.06741042306442184
4,2,0.03476839005877062,-0.06539097970749964,0.0025086021361144756,0.05664561450154696,0.06945010216800339
4,3,0.03441534707390905,-0.058751094567070276,0.0018819867777049415,0.047094476922990805,0.059633249746407026
4,4,0.026599904574880793,-0.06086771297825943,0.0052128436096029445,0.060037871896770297,0.06444894104878046
4,Aggregated,0.02463352487797184,-0.053511633914774585,0.0024253500452402496,0.053164180795622885,0.06078194010439914
4,Centralized,0.02463352487797184,-0.053511633914774585,0.0024253500452402496,0.053164180795622885,0.06078194010439914
5,0,0.02534957263626387,0.023353860669102344,-0.03834594707554741,-0.0027671092511696396,0.012513946331836686
5,1,0.03866281329244117,-0.05816171844900306,-0.014516748682164122,0.01414121247386855,0.04403369975482262
5,2,0.04051191466279565,-0.05498700877528444,-0.025342719561444314,0.004816197960768085,0.035955253417810536
5,3,0.028623706725919358,-0.046167208317271884,-0.027137420320484884,0.007810443689937735,0.03239607038067712
5,4,0.03171261581812038,-0.05026256566942644,-0.03132429597655596,0.017764303719870735,0.040704804424370654
5,Aggregated,0.03331924928066455,-0.04159038553627096,-0.02566446799522264,0.009494169967522616,0.03448406247699225
5,Centralized,0.03331924928066455,-0.04159038553627096,-0.02566446799522264,0.009494169967522616,0.03448406247699225
6,0,0.015288889220219355,0.0026511395286022994,-0.019670288971337633,0.008826578187558118,0.012095419679323838
6,1,0.03896674021601919,-0.06896061741022327,-0.0048298799719534305,0.04243626837252082,0.025061002492321245
6,2,0.044391850699265684,-0.05711745354816136,0.0016848222258029658,0.03930015934204474,0.02699436065624345
6,3,0.02715625461791838,-0.05309069836003928,-0.0027562639774444896,0.046153792010931595,0.022181967666159493
6,4,0.0331341831339833,-0.060316359636404686,0.0036280650809632792,0.037087176374047945,0.027513962269799963
6,Aggregated,0.032522475215835615,-0.050689553234480184,-0.0030788397439106183,0.03594247414254358,0.02334399178538675
6,Centralized,0.032522475215835615,-0.050689553234480184,-0.0030788397439106183,0.03594247414254358,0.02334399178538675
7,0,0.01820601014282662,0.011181710654910203,0.005893494791357676,-0.09084586615181442,0.012038618356961258
7,1,0.027899666149156895,-0.03893411828067101,0.016495349812733203,-0.07022818685818152,0.042272825469406736
7,2,0.029227756539115326,-0.03650164845685077,0.016843944626738692,-0.06768831008774204,0.038009530318115936
7,3,0.024581976131202922,-0.035841943378701814,0.017746898628196856,-0.06340376010041361,0.03228676511135002
7,4,0.03159240010613718,-0.03266675149350999,0.01628307581075374,-0.07149799259615924,0.041729078175264465
7,Aggregated,0.026605843897251756,-0.02897772678830272,0.015220665051375367,-0.07067283439638429,0.03442342404402552
7,Centralized,0.026605843897251756,-0.02897772678830272,0.015220665051375367,-0.07067283439638429,0.03442342404402552
8,0,0.02639873866622947,0.025787163910741415,-0.01628007963169522,0.02927790398292419,-0.0016273017874710602
8,1,0.042027152204806115,-0.018592695924152487,0.002755322314405656,0.020720125487725047,0.006915650382204247
8,2,0.03687996384776434,-0.023942815919190716,0.0011546435279333818,0.016220489348496785,0.004658315320422285
8,3,0.03754092480823996,-0.020719127050722447,0.0021373809915167536,0.015152517793439187,0.0017415806564487046
8,4,0.035625809252879156,-0.022517047766878667,0.011667271606892122,0.013517074974675134,0.013028064888448916
8,Aggregated,0.03598221448804249,-0.0145121644213177,0.001606247668129009,0.018085441868034496,0.005435327345585455
8,Centralized,0.03598221448804249,-0.0145121644213177,0.001606247668129009,0.018085441868034496,0.005435327345585455
9,0,0.016328180441398624,0.01624080775189342,-0.029687081886787443,-0.013552264829418703,0.011043677663357005
9,1,0.027526994536723314,-0.025356723941782122,-0.026910760789110064,-0.006753608776791898,0.028623756678134642
9,2,0.029608028125994692,-0.02304228920078014,-0.0191616681627031,-0.004095683580469815,0.019560197213501457
9,3,0.023835236781569926,-0.02302585005551477,-0.022965918093642554,-0.010267651029915451,0.03299878041511968
9,4,0.020705870361173082,-0.029842001517528922,-0.016268523265799976,0.005146185239613149,0.020001159089666747
9,Aggregated,0.023830647016105,-0.019171764783297265,-0.022263372690937717,-0.005320800073475412,0.022980017514360275
9,Centralized,0.023830647016105,-0.019171764783297265,-0.022263372690937717,-0.005320800073475412,0.022980017514360275
10,0,0.007476712036997359,0.01953467572174996,0.012520273636539245,-0.057217517397443775,0.011077150082627548
10,1,0.02019347503342781,-0.010976356495458766,0.027989206102934632,-0.03085140424761501,0.012124388213151273
10,2,0.01851501832905901,-0.007498855522220049,0.023520961381958028,-0.03507039014506138,0.007456002329446898
10,3,0.012478508199906913,-0.0059044965187179145,0.028190835391281522,-0.03367805674818185,0.004894576011552073
10,4,0.016568498620196735,-0.02039762510634289,0.017760102184094895,-0.02522594489036196,0.011306953860872826
10,Aggregated,0.015415234786476767,-0.006605232374840007,0.022372356278020592,-0.03480143829496631,0.009226938669057903
10,Centralized,0.015415234786476767,-0.006605232374840007,0.022372356278020592,-0.03480143829496631,0.009226938669057903
11,0,-0.02856681223251379,0.024092742686927352,-0.004504525598821154,0.01402405063878944,-0.008399510508013115
11,1,-0.006034709970917919,-0.020880764341755904,0.001990371294232951,0.022253198640453765,0.004561112453873203
11,2,-0.013061650468157,-0.013333258590772239,0.004251110739445752,0.020376393423550118,-0.0011566591760962123
11,3,-0.016000390703781106,0.0014591836707677922,0.003268674714074841,0.01857720528878982,-0.005064919063043372
11,4,-0.003628398814248061,-0.03297779600869425,0.011474906324433154,0.016659720595935498,0.011320355132129721
11,Aggregated,-0.012482842308848082,-0.010384368414074592,0.00379285896310369,0.018531469079619774,0.000745990587239472
11,Centralized,-0.012482842308848082,-0.010384368414074592,0.00379285896310369,0.018531469079619774,0.000745990587239472
12,0,0.0027166693092268196,0.016336308702957308,-0.011693409950077198,0.015298500593110392,0.01730753409875155
12,1,0.013710270982672346,-0.012426300598046282,-0.007013629039399745,0.010964634975491076,0.0035414227545703114
12,2,0.009377699890014277,-0.009324058453171524,-0.002733784072615593,0.010938058544525514,0.01122301118491367
12,3,0.0024208748477513938,-0.005268539884025343,0.009398690251345628,0.01188580603765471,0.008117710886204442
12,4,0.02950214081729123,-0.017189120529343835,-0.010171664501145,0.004011038968949972,-0.002159849762052429
12,Aggregated,0.012057413720302642,-0.006863203067470958,-0.003923906585278312,0.010360743528085048,0.007013180005065188
12,Centralized,0.012057413720302642,-0.006863203067470958,-0.003923906585278312,0.010360743528085048,0.007013180005065188
13,0,-0.05060057797957955,-0.0015518804082978695,0.013555204149352632,0.01921949751495153,0.016559562024967684
13,1,-0.008056647957559527,-0.011177043380848893,0.014771496272481107,-0.004446194463014886,0.008942516793390714
13,2,-0.025988439866604506,-0.015723765683255418,0.016665535380936628,0.002335691644038207,0.014300778624598748
13,3,-0.0299845755464249,-0.01638872289217631,0.020392809823779525,-0.002979869075139489,0.007400778155921406
13,4,-0.006185797934701796,-0.01394386762476577,0.015939482586608697,-0.0102028891680885,0.007938040810523104
13,Aggregated,-0.022453922456752148,-0.012336291741775559,0.01636879577354749,-0.00032244375733568126,0.010689617519020169
13,Centralized,-0.022453922456752148,-0.012336291741775559,0.01636879577354749,-0.00032244375733568126,0.010689617519020169
14,0,-0.06981328861012677,0.02580052263377875,0.028272433530179764,0.013153826932187038,-0.029906112728126186
14,1,-0.030309086084753998,0.008771399785944045,0.007799263490701171,0.023779873710805404,-0.0007038894414917951
14,2,-0.04438424116961532,0.015483923518648244,0.01268304016377529,0.0237541485765579,-0.012536222591770254
14,3,-0.03817353040058775,0.016024119840772,0.014248362036963828,0.01641394671245008,-0.013084716868172646
14,4,-0.02890054042210551,0.004822626002319804,0.0009968036834899052,0.023350614502569558,-0.00048019816975185535
14,Aggregated,-0.040448994412998644,0.01340357047456664,0.011777152476554923,0.02035363289081622,-0.010201143115524332
14,Centralized,-0.040448994412998644,0.01340357047456664,0.011777152476554923,0.02035363289081622,-0.010201143115524332
15,0,-0.018392759971949786,0.019385885684379035,-0.020807756110290496,0.013607697095356499,-0.01803142852907124
15,1,-0.007166300276349171,0.006843811358091315,-0.018291606573272844,0.028013136455338043,-0.013954254403776085
15,2,-0.008072372163897334,-0.00028566475846191576,-0.019845982091686847,0.019458090016124117,-0.014267951682223771
15,3,-0.01144305740652363,0.012404265925871872,-0.01612463658050854,0.01923544873749493,-0.018815321328508182
15,4,0.0011900914570882196,0.001693752188566013,-0.01311493744284056,0.029128751407888585,-0.0064482818208984
15,Aggregated,-0.00815954078302857,0.00728018893404947,-0.01731158145320105,0.022095339233186913,-0.013976689756585328
15,Centralized,-0.00815954078302857,0.00728018893404947,-0.01731158145320105,0.022095339233186913,-0.013976689756585328
16,0,0.02667267661870956,0.014011679217190506,0.023702477378186055,0.004537603595847807,-0.03054707749835534
16,1,0.01123045926776644,-0.008107845818671794,0.012156663773952974,0.011129707778480465,-0.016317237349871644
16,2,0.0265119090716678,-0.0030545394040564,0.020758286070053557,0.01508472893374218,-0.02267640976287509
16,3,0.03124219346643531,-0.006894446822325197,0.02019229505055742,0.009480615709380694,-0.025641363398211065
16,4,0.005199624282218903,-0.004894171386402827,0.010991192130443438,0.013965266028895357,-0.014661564019124466
16,Aggregated,0.019699949186858752,-0.002735978015864075,0.017193691340889335,0.011144472518131492,-0.021314846595711753
16,Centralized,0.019699949186858752,-0.002735978015864075,0.017193691340889335,0.011144472518131492,-0.021314846595711753
17,0,0.004069361621439523,0.020584024306774758,-0.003941130889943338,-0.0008103478865433925,0.010342108835105565
17,1,0.011610507486214382,-0.003999574072921031,0.006292089374971641,0.012450950901381923,-0.018182062654883233
17,2,0.008617244521199986,0.0008745055938724193,-0.0019018185697059228,0.00832490427075753,-0.001672243846581541
17,3,0.005840569866418723,0.006563975219745073,-0.0030436497794414006,-0.0019897999963209103,0.011573852711499012
17,4,0.015324211718057928,-0.007630793764784693,0.0065440603074746325,0.012232072744125386,-0.020559034682183046
17,Aggregated,0.00932590240094603,0.0022318849502452496,0.001118955120296063,0.006355271258346764,-0.004440689102406925
17,Centralized,0.00932590240094603,0.0022318849502452496,0.001118955120296063,0.006355271258346764,-0.004440689102406925
18,0,0.021631294574511503,-0.019537370992376138,0.006445967027624571,9.591433041511999e-05,-0.00902325405358243
18,1,0.006185231772217468,-0.007195008325095789,0.0058908959212922605,0.010933351752558211,-0.006804051595378365
18,2,0.01495581598128557,-0.02503340219153315,0.003345429477901831,0.007909817966509821,-0.015420253203706517
18,3,0.01055109478356227,-0.019559689843314534,0.008151251421635027,0.0038560111852419033,-0.014164518540173638
18,4,-0.00039750222511561093,-0.01235290771456852,0.001137649688935107,0.0055685003324091355,-0.00576592052944637
18,Aggregated,0.009902936920700791,-0.01647383094053058,0.0049461908124591135,0.005974645978372121,-0.010194460691234348
18,Centralized,0.009902936920700791,-0.01647383094053058,0.0049461908124591135,0.005974645978372121,-0.010194460691234348
19,0,-0.007088377537214455,-0.008878391191668712,-0.015581823099813152,-0.023127217920350766,0.0038813756016227276
19,1,0.0006295388210465806,-0.009686827787312736,-0.008910078623969024,-0.01208549369241031,0.008617845454525482
19,2,0.005483764230931263,-0.01447776647896124,-0.012955149341039914,-0.020115284218108466,0.013846638462269086
19,3,0.0023238757636265743,-0.012467583722307525,-0.010394885698256095,-0.0182554614789792,0.010218183938280858
19,4,0.0026197328500713267,-0.009244725567202731,-0.009443195996826134,-0.010279928829866157,0.012963231689032774
19,Aggregated,0.0012143845746586909,-0.011053111259257748,-0.01117647080364855,-0.016322472277274194,0.010205781400083136
19,Centralized,0.0012143845746586909,-0.011053111259257748,-0.01117647080364855,-0.016322472277274194,0.010205781400083136
20,0,-0.006166734310766134,0.01087785441948868,0.02848452354018353,0.021651888559925267,-0.033900947355053807
20,1,0.0059804363335966134,-0.0014852999691315723,0.010649453444639308,0.009406040981794062,-0.011471911882180493
20,2,0.011754086745200423,-0.0052729702150502876,0.029504047214302005,0.012188610514418961,-0.01958707840860412
20,3,0.002982704724797484,-0.006101534012806988,0.03144296688830794,0.021869405073448315,-0.020891851143068442
20,4,0.009085456673080965,-0.002133960501665762,0.010310138886946145,0.013410587519927707,-0.008379586821103617
20,Aggregated,0.005294891083507808,-0.0015309033792620108,0.021652220476650323,0.015319540523554711,-0.01790381216615043
20,Centralized,0.005294891083507808,-0.0015309033792620108,0.021652220476650323,0.015319540523554711,-0.01790381216615043
21,0,0.0021849044239854324,0.006592502310909868,0.007112690072606607,0.010720961831890485,-0.0002538156132406747
21,1,0.003996198078840685,-0.022812101288567897,0.00645589074264582,0.010901229777093187,0.0008884841501016242
21,2,0.007354657074049779,-0.014719259466971675,0.00023875534769128847,0.010003164939952059,0.013882379727921725
21,3,0.005564427010373711,-0.011975242206157343,0.007650110168172813,0.005535648378453178,0.0061018997631458165
21,4,-0.000527893124506044,-0.026387281198255178,0.0020204302810811407,0.005748492803529738,-0.0007745040218665992
21,Aggregated,0.003773250946536814,-0.015035063436049918,0.004559297533371629,0.008468878459004335,0.004144331186797251
21,Centralized,0.003773250946536814,-0.015035063436049918,0.004559297533371629,0.008468878459004335,0.004144331186797251
22,0,0.006408516473393824,0.008393429014686841,-0.027793195158750398,0.007830445641309447,0.0026213112596537172
22,1,0.017500608379917047,-0.020466428397770957,-0.010586290756685829,0.008515418629980271,0.005043995530600146
22,2,0.015895662994880842,-0.024972802445603254,-0.0076033092460762175,0.01661364729634206,0.005938010117137506
22,3,0.0099439494019502,-0.019102285256243655,0.0011577862475596592,0.007332182891375011,0.009291025667951872
22,4,0.01870509194692913,-0.01612268231757282,-0.004095769479256073,0.013374049844596296,0.0060083214044645335
22,Aggregated,0.014053203128042684,-0.015826682410373265,-0.008675991391566265,0.010868568256822983,0.005937357491689323
22,Centralized,0.014053203128042684,-0.015826682410373265,-0.008675991391566265,0.010868568256822983,0.005937357491689323
23,0,-0.03319886345460078,0.007310028201289307,0.013531465045838187,0.014055614070960117,0.004401766878995167
23,1,0.00039242595726147,-0.0017298919292711768,-0.002380287410215931,0.008026945701182559,0.0017626249632259469
23,2,-0.021274472049009674,-0.007043763815251728,0.006866126580103862,0.012637305566375273,0.00020239069177701945
23,3,-0.02065107888496023,-0.00866392190480911,0.011928824117832379,0.005874590000010516,0.0005447555632827357
23,4,-0.0022819181561069767,-0.00523506735669997,-0.0031243202309242323,0.0040290776252835635,0.005499657656085932
23,Aggregated,-0.014333070209620848,-0.003609584488796913,0.004978852810339566,0.008610524984045341,0.002425698972156152
23,Centralized,-0.014333070209620848,-0.003609584488796913,0.004978852810339566,0.008610524984045341,0.002425698972156152
24,0,0.02013713741044017,0.0031165037491882133,-0.020188565575112997,0.007479361711005615,-0.029712857027630785
24,1,0.0043615797014464365,-0.0020310829561742184,0.00022890559646288427,-0.00010826665028071947,-0.002278246254062806
24,2,0.01874052579621292,-0.005004563241210019,-0.007597380467362826,0.007430914418593933,-0.019168160765590185
24,3,0.019953417216677573,-0.002546397538772677,-0.007950560033826628,0.012078312488128039,-0.021224372969078493
24,4,0.00845985084590949,-0.00417847077466845,0.0012997405955038324,0.0030382409120742267,-0.002490016712937306
24,Aggregated,0.01393125979605644,-0.002397920797239985,-0.006070681012505926,0.00587211433299036,-0.01412025461144481
24,Centralized,0.01393125979605644,-0.002397920797239985,-0.006070681012505926,0.00587211433299036,-0.01412025461144481
25,0,-0.00326323990507331,0.005796291356973723,0.009312930892497736,0.002536654459266424,0.020138547376390654
25,1,0.00664061972659778,0.001481696197807647,-0.0017641136072289528,-0.025106987928591465,0.0009869357673485144
25,2,0.0031698149447605536,0.002524088415217622,0.012021460640698697,-0.03231632826314094,0.014343110938856792
25,3,-0.003726407092139383,-0.005789496077362324,0.0228619061835314,-0.03226727852900207,0.012773154966246453
25,4,0.007800556980510137,0.0031499947896561687,-0.0020076985418319188,-0.030654961664687588,-0.00142256303986365
25,Aggregated,0.002435436718695496,0.0012252954400583937,0.007989417372602059,-0.024974834797265585,0.008735683905060696
25,Centralized,0.002435436718695496,0.0012252954400583937,0.007989417372602059,-0.024974834797265585,0.008735683905060696
26,0,-0.007343647282992947,0.010452700607742704,-0.005573489747274779,-0.03398376886304565,-0.02351041611283879
26,1,0.00748071163494185,0.014921089865227508,-0.0003424592247163183,-0.01833444464237301,0.0030754084733665235
26,2,0.014209692149711997,0.014093691615469474,-0.0018166803080737408,-0.03022728812042755,-0.006489959662845288
26,3,0.013721191669249455,0.012341501858755257,-0.00510885932909009,-0.027667776978648573,-0.012012601461561771
26,4,0.010079859708259479,0.014133279508253532,-0.002834140095304429,-0.018917636083437987,0.009343390612301014
26,Aggregated,0.008416797732217167,0.013292109684710594,-0.00293876259865626,-0.025295644587045196,-0.004963263240953867
26,Centralized,0.008416797732217167,0.013292109684710594,-0.00293876259865626,-0.025295644587045196,-0.004963263240953867
27,0,-0.006362259350943445,0.016527622814493936,0.015174358476310672,0.0165956670988978,0.010651391673796754
27,1,0.0024556733101097905,-0.005743991640927722,0.0006850121697279388,0.007425686360045915,-0.00014343891810580933
27,2,-0.015664434359525026,0.010198011201974536,0.009357910864373013,0.01605316700916117,-0.0010832883117029939
27,3,-0.008282767936448615,0.0075906918459774505,0.020969053949610603,0.015022768643368795,-0.007946739323328017
27,4,-0.0014225284808158914,-0.0075321267477274694,0.003356565813736114,0.006460729356457225,0.0015818203296090203
27,Aggregated,-0.005773594421113395,0.0034477692992743187,0.009554415083121947,0.012000354828658404,4.56814252385603e-05
27,Centralized,-0.005773594421113395,0.0034477692992743187,0.009554415083121947,0.012000354828658404,4.56814252385603e-05
