,BeforeLocalTraining,AfterLocalTraining,BeforeLocalPartialEvaluations,AfterLocalPartialEvaluations,BeforeEvaluation,AfterEvaluation
1,1786789545.2517648,1786789545.2982526,1786789546.6507163,1786789547.0577595,1786789547.085084,1786789547.0920625
2,1786789547.161326,1786789547.203409,1786789548.9159873,1786789549.3359501,1786789549.3636947,1786789549.3716319
3,1786789549.4293895,1786789549.4735372,1786789550.803351,1786789551.2191608,1786789551.2453701,1786789551.2524142
4,1786789551.3143487,1786789551.357431,1786789552.6027184,1786789553.1183393,1786789553.1444707,1786789553.1519637
5,1786789553.2646353,1786789553.3061454,1786789554.6957247,1786789555.0949903,1786789555.1218562,1786789555.1286044
6,1786789555.189561,1786789555.2323134,1786789556.4686904,1786789556.8734763,1786789556.8995385,1786789556.9060657
7,1786789556.9680974,1786789557.0133867,1786789558.32808,1786789558.7253556,1786789558.7514274,1786789558.7579687
8,1786789558.8337657,1786789558.87534,1786789560.1923716,1786789560.5937512,1786789560.620274,1786789560.6268177
9,1786789560.6909127,1786789560.7319033,1786789561.968786,1786789562.3778353,1786789562.404106,1786789562.410882
10,1786789562.4645703,1786789562.506599,1786789564.0480297,1786789564.467771,1786789564.4951906,1786789564.5029988
11,1786789564.6082249,1786789564.6540227,1786789565.994796,1786789566.4118464,1786789566.4386427,1786789566.4458547
12,1786789566.5017395,1786789566.5458648,1786789567.8384478,1786789568.333249,1786789568.3596282,1786789568.3663695
13,1786789568.419189,1786789568.4632626,1786789569.7891939,1786789570.1841733,1786789570.2106147,1786789570.2172365
14,1786789570.287221,1786789570.3302448,1786789571.5830436,1786789571.9877753,1786789572.0145612,1786789572.0212295
15,1786789572.0749881,1786789572.1179192,1786789573.4273694,1786789573.8260574,1786789573.8530197,1786789573.859753
16,1786789573.9269304,1786789573.9680073,1786789575.2718592,1786789575.6782317,1786789575.7048738,1786789575.7116632
17,1786789575.776353,1786789575.8190901,1786789577.051038,1786789577.462706,1786789577.489037,1786789577.4956634
18,1786789577.5572124,1786789577.6016924,1786789579.2022266,1786789579.6230404,1786789579.649745,1786789579.656756
19,1786789579.720048,1786789579.7628717,1786789581.0166,1786789581.4478211,1786789581.4821289,1786789581.489211
20,1786789581.5476081,1786789581.5911522,1786789582.9742782,1786789583.4953477,1786789583.5224028,1786789583.528903
21,1786789583.5825524,1786789583.6245594,1786789584.9312322,1786789585.3273463,1786789585.3536503,1786789585.3603244
22,1786789585.428331,1786789585.4710522,1786789586.7056744,1786789587.103848,1786789587.1300843,1786789587.1367743
23,1786789587.211934,1786789587.2603993,1786789588.560732,1786789588.9576516,1786789588.9842968,1786789588.9909365
24,1786789589.0655246,1786789589.1068268,1786789590.4193094,1786789590.8179107,1786789590.844872,1786789590.8516934
25,1786789590.9207664,1786789590.9621294,1786789592.2116325,1786789592.6235626,1786789592.6511586,1786789592.6581533
26,1786789592.733008,1786789592.7764518,1786789594.470737,1786789594.8745408,1786789594.9009001,1786789594.9080517
27,1786789594.988394,1786789595.0315032,1786789596.2980416,1786789596.7121146,1786789596.738416,1786789596.7452548
28,1786789596.8054655,1786789596.8489125,,,,
