Round,Evaluator,1,2,3,4,0
0,0,,,,,
0,1,,,,,
0,2,,,,,
0,3,,,,,
0,4,,,,,
0,Aggregated,,,,,
0,Centralized,,,,,
1,0,-0.12700375367267983,0.0810740718441008,0.03286944412251113,0.06898551806896001,0.023081909304697883
1,1,-0.04290997986272876,0.037625352025088314,0.04074412957446579,0.028245868906411915,0.034649323558164156
1,2,-0.25656086104162085,0.13524279018341356,-0.008245689283755709,0.13484595627184792,-0.042112550926780824
1,3,-0.16654063243789927,0.10374063599717315,0.030598428640595653,0.09528554792744418,0.010452259702148773
1,4,-0.2449512951970632,0.13430499560088688,0.0008234819807397538,0.13230073381994242,-0.02935090965575747
1,Aggregated,-0.1675838012955964,0.0983931580338553,0.01936023589976181,0.09192776593638377,-0.0006524685378069906
1,Centralized,-0.19476374784520115,0.11367555877611243,0.01634395846164325,0.10648965776688342,-0.007508899050164286
2,0,-0.024250030949200044,0.052815005859888776,0.04470445328545893,0.06500818479889751,0.026845687242313548
2,1,0.02638842711882967,-0.00436224917605372,0.03888910072481795,0.007739631430105091,0.0356757723462717
2,2,-0.11014540222355877,0.16604951042746025,0.04410988865486265,0.14847988897686187,-0.022590102538514036
2,3,-0.04565731801128182,0.08060609315538994,0.04447792180109525,0.08364417950937157,0.012391137444025297
2,4,-0.09989057527904578,0.15212009062890117,0.0435788205048917,0.14276541967543283,-0.013307628222797954
2,Aggregated,-0.05070493833506428,0.08943799085778813,0.043151984565428805,0.08952092078921792,0.0078055666145959495
2,Centralized,-0.0683748901876586,0.10976106511906494,0.04540698120722382,0.10817301734473128,0.0015623512966807815
3,0,-0.05580611516687154,0.020348054788859076,-0.0036876085698278843,0.026755237403810986,0.01361642542043756
3,1,0.004228386729311818,-0.012735497255922148,0.023157746925839346,-0.017512200187690032,0.012481400085842956
3,2,-0.1452954390467197,0.10174247511071635,-0.033251032148419506,0.1094111727087393,-0.01608999007347592
3,3,-0.07543326105161549,0.039323975774888296,-0.0037948362587485675,0.044050070173274905,0.00339143245735972
3,4,-0.13915906907852862,0.09213710428262828,-0.03211194889751413,0.10090077328236252,-0.012811650653120015
3,Aggregated,-0.0822861137460897,0.04815782050936976,-0.009934811744022066,0.05271509196812296,0.00011911174925469115
3,Centralized,-0.10327167795594369,0.06333572784464549,-0.017185070357104235,0.06959076551521037,-0.002464707043053575
4,0,-0.060895734526529015,0.036455374571585916,-0.007483624490538221,0.037832565655390143,-0.009938199338025748
4,1,0.0022950645950870576,-0.009075033905415907,0.017436515087063734,-0.009087121411113376,0.007946254575720142
4,2,-0.1455121067253678,0.11561378262963364,-0.04948819127224157,0.11560727583682313,-0.05535232366468593
4,3,-0.08069048935642432,0.054352148510397685,-0.015416919784725263,0.055790810273870124,-0.023035922470164734
4,4,-0.13923256704473114,0.10544325612005129,-0.04252369139734342,0.10954383798628561,-0.0518074565298189
4,Aggregated,-0.08480048064980647,0.06055239158377209,-0.01949235340327885,0.06193162540016132,-0.026434412882459693
4,Centralized,-0.10543641989783033,0.07677898839913026,-0.028072455562696056,0.07821647241673375,-0.03454297504971397
5,0,-0.05741820231929186,0.02827814295401637,0.01526534848436002,0.023576014239289424,-0.0053160133239098595
5,1,0.002809951346102222,-0.00693452219913747,0.020236574450835605,-0.029627303093650956,0.011568804545197674
5,2,-0.1504412793951764,0.09214720136745212,0.0012167362429221034,0.11292617966828845,-0.048057401113413487
5,3,-0.07523957586348116,0.04441831845111657,0.01378644624419782,0.04310167942734304,-0.020775549750288003
5,4,-0.14317126081379092,0.08762809965357271,0.003943973214238999,0.10354732971858244,-0.04102779625902155
5,Aggregated,-0.08468488945440822,0.04910271592395716,0.010890668998710815,0.05069828847761569,-0.020719096637112237
5,Centralized,-0.10573024892933994,0.06285295812890145,0.010036526154456963,0.0676157195887909,-0.027657408995312337
6,0,-0.030061113497007366,0.017594732971628026,0.007975704985473791,0.01533566580737396,-0.0039550714094559215
6,1,0.014944024238771718,-0.024113621165271357,0.02102089135930756,-0.027450350295511437,0.007284164864885601
6,2,-0.10438937076338266,0.094023318336167,-0.004623289401575839,0.08341368979371412,-0.05156428769551507
6,3,-0.04142693016806522,0.034946292069878274,0.009746695058632569,0.02961081093433924,-0.01860626517645429
6,4,-0.10067224444933957,0.08474835041848015,-0.0028166179252128204,0.07903428837062552,-0.045637491887761256
6,Aggregated,-0.05231518716950216,0.04143449423062133,0.006261791927851146,0.03598353294355129,-0.022492947387284204
6,Centralized,-0.06964646952356306,0.057697924039363434,0.0034552863951117343,0.05100114834896097,-0.030387453058597892
7,0,-0.0665617644131679,0.03579073814221818,0.007437963164736811,0.021976333628768947,0.0006340321585568705
7,1,-0.005310229475688859,-0.00381937735981517,0.020244826919008307,-0.018073482310887113,0.009018324736161131
7,2,-0.17463379166280044,0.11057244257348584,-0.012243965383207465,0.09406404110812248,-0.0473350897351467
7,3,-0.09459477633305285,0.049675511744272906,0.004517092937772638,0.03520983597215963,-0.015434938217735027
7,4,-0.16605032183939805,0.10054253434795363,-0.011751709275079496,0.08496765441546192,-0.041599976870095125
7,Aggregated,-0.10142223839586495,0.0585472115511865,0.0016424868986463096,0.043623798244755485,-0.018940746323800543
7,Centralized,-0.12571013707697049,0.07341859337629225,-0.001744833941358792,0.057591894466257246,-0.02614973404423098
8,0,-0.08511164252562922,0.03058990707527758,0.018663818735882253,0.033932245202115345,-0.004538348337407126
8,1,-0.009685335206254102,8.600233221539391e-05,0.014929476803151414,0.0005909236535716049,0.012406872664795092
8,2,-0.19385996056699867,0.10803508901119867,0.02625256463503218,0.10080858792892254,-0.055237570671885644
8,3,-0.10937098365866617,0.04896736241594138,0.024499764837455716,0.04841042758273862,-0.021428625688642698
8,4,-0.18383367223423247,0.09962028731710974,0.027775265653717962,0.09348942112361962,-0.04708872112747797
8,Aggregated,-0.11636403145733026,0.05745455035972581,0.02242352077147785,0.055441647642215486,-0.023174341198691606
8,Centralized,-0.14252600280820316,0.07121506265961107,0.025413152112643403,0.0683113326874994,-0.03175913006721169
9,0,-0.05320033103567893,0.013888098558427453,0.017688977743979935,0.02472394697290328,0.006300740004643497
9,1,0.009259428870827912,-0.02901356466103708,0.014824851292512257,-0.012001222512928723,0.018005402847024423
9,2,-0.15656655146935503,0.10749106980883093,0.014655377028942632,0.10014381154352006,-0.03780095354966572
9,3,-0.07324406501859237,0.03543745329358076,0.01715918065519727,0.039831827539544375,-0.002278989149856103
9,4,-0.14725311871756783,0.09536632052467427,0.015846448973556172,0.08898236424765894,-0.03132711929239213
9,Aggregated,-0.08419318174252405,0.04462764320920167,0.016034990297606154,0.04833115231853521,-0.009417492640989306
9,Centralized,-0.10573855691744047,0.06053078978080336,0.01697970789921556,0.06214149133282485,-0.014403682423922072
10,0,-0.050688189312216435,0.01952827630226863,0.010245525842118268,0.03554210907164691,-0.008868112167254048
10,1,0.0013629462475735858,-0.023146294113629694,0.016438938274361624,-0.013244387276795232,0.007545077728698187
10,2,-0.16147666256269907,0.09101229854683268,0.0009572733334339705,0.11815578024357672,-0.0668331126675258
10,3,-0.07845773480991804,0.03587844246411999,0.011024661164989808,0.05268269544006829,-0.023275867743379523
10,4,-0.14822549946388128,0.08325751952001886,0.004265813327838502,0.1100657242081997,-0.05840562793097095
10,Aggregated,-0.0874895677091698,0.04130089495883858,0.008586973162057934,0.0606343126147422,-0.02996403503937934
10,Centralized,-0.10976870536714381,0.05486309372340643,0.007951724359906044,0.0767091587368104,-0.038762374835991716
11,0,-0.043499242928885656,0.021428579957496488,0.007121126565010829,0.016572421881098722,0.001389965570658456
11,1,0.0027122274794069,-0.023806490990212044,0.027852777878811234,-0.025881251522653404,0.014161750017921424
11,2,-0.13627682265140298,0.11805277953586915,-0.009680830633354757,0.11132183088945614,-0.03977192198550875
11,3,-0.06637141654050027,0.04531219770336854,0.0058364082921899966,0.0384460057822125,-0.010235904048331662
11,4,-0.13213186884251096,0.10577292430832083,-0.009841645038102146,0.10187344548031536,-0.03462655101606282
11,Aggregated,-0.07510642018903672,0.05334555838352442,0.004259299449697496,0.048459929652606024,-0.013813975857422525
11,Centralized,-0.09357470493698146,0.07182875142964434,0.0004353030866151797,0.06602801646486342,-0.018978717857916293
12,0,-0.05777146551636639,0.04026440106134491,0.011710415298127103,0.026222296362871367,-0.026042549831673777
12,1,0.0018820461130248712,-0.0023676467699431975,0.0259832135212762,-0.0018897504076194375,0.001578769341837256
12,2,-0.158192484611695,0.10118869458189386,-0.0050381765197732836,0.09368989779365881,-0.08311223663377144
12,3,-0.08148546267545903,0.05339869530190396,0.009336620988741034,0.03938154429436447,-0.03951138081466453
12,4,-0.1482423831135077,0.09282999289336456,-0.002620803586531073,0.08867674343145625,-0.07594588623918569
12,Aggregated,-0.08875464300669571,0.057058433547986384,0.007875543219877459,0.04921129870462209,-0.04460280692554984
12,Centralized,-0.11178964890315475,0.07022875595652313,0.004202452677238159,0.06009943282123475,-0.0558770606569334
13,0,-0.042336915658751105,0.020252811577160284,0.0016346152124493843,0.02942121033632102,-0.006296089156510368
13,1,0.006125795137407402,-0.030457502337417904,0.01956337029083249,-0.023688616727823297,0.0024755660039048775
13,2,-0.12801422819681263,0.11926085716433817,-0.017500308272086144,0.1216312773475127,-0.046395042768835645
13,3,-0.0669857588600383,0.045818280931440344,0.0006002469944989652,0.057457027133741435,-0.017590774303672767
13,4,-0.12448922791753901,0.1118510576411638,-0.014017863529308556,0.11616455194010591,-0.03860145614898478
13,Aggregated,-0.07113351334946848,0.05333791375211397,-0.0019425046291674034,0.06019021460755822,-0.02127943158870762
13,Centralized,-0.08912227382171893,0.07362863372386923,-0.005494255825033078,0.08058539777324938,-0.025728890868211004
14,0,-0.043415232462057175,0.02261602830922436,0.018317935792236194,0.03117955581377001,-0.03050765606287562
14,1,0.00921960429024905,-0.015633972722856868,0.019855855979743976,-0.007969248917866278,-0.0012574298055071228
14,2,-0.13114098644927713,0.10472125364818208,0.009123414168977498,0.09535136040323518,-0.09088299395268558
14,3,-0.06245163716264592,0.04290867475330969,0.01643791363009676,0.04661201784474033,-0.04763365147795041
14,4,-0.12519678340951812,0.09779274251371119,0.011374353678663577,0.0922245189607808,-0.08361146753784197
14,Aggregated,-0.07059029965541583,0.050475133218717896,0.015022342737038135,0.05147463546137428,-0.050774606374322725
14,Centralized,-0.09068554269483751,0.06662378718610708,0.01428694214920151,0.06513564602057072,-0.06242309946263011
15,0,-0.027167596645992453,0.01210359310507999,0.013828803664938995,0.013587136641863794,0.001612030479722428
15,1,0.021669369988071216,-0.03019841299432309,0.018002703410301305,-0.027502923142942247,0.013721836475084404
15,2,-0.11483504598123435,0.09887908919015578,-0.00042329520653410223,0.08897064391043696,-0.05212954370245581
15,3,-0.0470047628876306,0.034628546175727845,0.009833685948526332,0.03274602981465749,-0.01620355611887632
15,4,-0.10832215423631884,0.08634893816378936,0.00302945669948399,0.07947282958976977,-0.0470065778849211
15,Aggregated,-0.055125503740983316,0.04034670021521036,0.008854986460507256,0.037449581594233214,-0.019997844633537997
15,Centralized,-0.07444775416593163,0.05683890598058669,0.007491189116228802,0.05248771872095195,-0.028462432767041575
16,0,-0.028306612192822562,0.011916791214113964,0.007452783903264278,0.014544893049382012,0.0011180105073622197
16,1,0.0259832983419721,-0.033397311376093156,0.02247864385085286,-0.027972717746212638,0.017235421531284753
16,2,-0.11649848498507064,0.10927509314497508,-0.03193491463688165,0.08963570232315585,-0.0446046152504792
16,3,-0.05118347219400086,0.035532001395015084,-0.004531481032330492,0.03377081782120205,-0.014583521829281547
16,4,-0.11079602764160011,0.09991228487219958,-0.02755212190727425,0.0835961009622649,-0.03601284468628421
16,Aggregated,-0.056153547929641494,0.04464098280633679,-0.006814870781777642,0.03870944579752242,-0.015366973987156352
16,Centralized,-0.07620519831052976,0.06399164915461933,-0.014024169255736246,0.0544639876460521,-0.02280099787851181
17,0,-0.06098936522666854,0.021299293054217024,0.009214267243079334,0.017765070927209758,-0.01828207157172644
17,1,0.007452689878033118,-0.012424977644873185,0.021069110157772495,-0.008138264340852526,0.015777060466225363
17,2,-0.16565599766726058,0.09248643249640308,-0.0075755400245467956,0.08790631005480085,-0.0730399013166481
17,3,-0.08442549267194174,0.04028188527125321,0.008706091125847935,0.0402269490993842,-0.03243814475497235
17,4,-0.1584758348398688,0.08371035181513835,-0.004592945242786623,0.08321781114922795,-0.06996201423191992
17,Aggregated,-0.09241068523993715,0.045065850245586354,0.005365419850410742,0.044190781638723524,-0.03558479168422835
17,Centralized,-0.11744779679893483,0.057685718515795785,0.0026853746893389023,0.05666837868705737,-0.0473612019083086
18,0,-0.03162731553732011,0.019424662551298433,0.0037497468502256438,0.03372049502610249,0.00838705588202983
18,1,0.004989072810505782,-0.030620689842624355,0.02408801139857865,-0.04001562340286055,0.019386741520396367
18,2,-0.11690940141739453,0.10553928773580555,-0.015676619983476296,0.12485249118056278,-0.024829593933145117
18,3,-0.05803518429269804,0.036435896362427986,0.0011627337173309973,0.0503550529564937,-0.001370328977784748
18,4,-0.1108485390868314,0.098975618499634,-0.012815195473779094,0.1217027280595637,-0.022921517955978025
18,Aggregated,-0.06248033237694666,0.04594444117494877,0.00010332209957402685,0.05811521822998446,-0.004267237364096475
18,Centralized,-0.07885526805389405,0.06395339396227775,-0.003769828720192575,0.08142497543436913,-0.009408336714031289
19,0,-0.03024159542450752,0.00898425538873901,0.0063670944799132856,0.015712863278621213,-0.002272653687863621
19,1,0.018719521537479373,-0.041384549170782006,0.0265571331443878,-0.03408592067396956,0.01894874088649615
19,2,-0.117191142925849,0.10426238973319182,-0.015080142611759906,0.09795037960370108,-0.05170046339087135
19,3,-0.04993985739209485,0.029352665923501074,0.001463142094614628,0.03751166317490733,-0.014121396638444734
19,4,-0.11126538683866952,0.09567881628388118,-0.016691736174868417,0.09215459649967567,-0.04584714943355843
19,Aggregated,-0.057977146747025046,0.039371799369840525,0.0005252129660233793,0.04184253648283411,-0.01899528620463972
19,Centralized,-0.07658680028129985,0.05813738098543777,-0.004949525898407718,0.06073746773841058,-0.027771417867500717
20,0,-0.060536083620448995,0.02026180730321597,0.0012818202158771867,0.04357359949776459,-0.015403119644477489
20,1,-0.0031250432761254637,-0.024988430406589986,0.022272667027430828,0.0037837628340849877,0.016002410632308235
20,2,-0.15668556602531164,0.10057212992996843,-0.022788645331044518,0.10711838352720658,-0.06580578611547377
20,3,-0.07921269887876395,0.04156655243297729,0.001467792881986398,0.060601769172349086,-0.026918863855223154
20,4,-0.14904995127435464,0.0938273504361071,-0.01924300829269927,0.10234999366826833,-0.06031872013760477
20,Aggregated,-0.08971458037659802,0.046242036975099404,-0.0033999286742492536,0.06348072737895953,-0.03048515132923058
20,Centralized,-0.11124022780395067,0.06157525371724993,-0.00914730201068664,0.07757280181385648,-0.04128029226397561
21,0,-0.013048792622457927,0.0066044466227809144,0.02012187606084278,0.011591164882183093,-0.004257061569186487
21,1,0.026982754556831245,-0.04272452976667941,0.011896235851758011,-0.04209157711031481,0.022918029232208308
21,2,-0.09427029215219804,0.09247579742528428,0.010403289898393894,0.08994439363664161,-0.05839063035340243
21,3,-0.03705472347334767,0.02276482995693664,0.013696092813853526,0.02555012889461887,-0.02328238082270974
21,4,-0.08765663687843235,0.08453425989801296,0.010819205203932904,0.0848177800383794,-0.05529367819955611
21,Aggregated,-0.04100380768810301,0.03272459698106202,0.013387655451737835,0.0339561306677955,-0.023657258401205986
21,Centralized,-0.057991790184852454,0.050640105642330804,0.014195615672637928,0.05222138151904546,-0.03450078894028923
22,0,-0.029981784340941873,0.01770994194766304,0.012455470890839333,0.01968591775771665,-0.028044267552682318
22,1,0.033966217663023414,-0.03030277378181491,0.024029647875542966,-0.02579233089522898,0.018920492810162712
22,2,-0.12383461280613832,0.09291074092549717,-0.0066941895672101605,0.09699704115741711,-0.09311902932838802
22,3,-0.05355535049279213,0.03519229745630141,0.00942188860799617,0.04252867959802017,-0.04039153635639602
22,4,-0.11959904026223876,0.08912091635321805,-0.004734581991997302,0.09029737738591634,-0.08804684903447142
22,Aggregated,-0.05859342065065965,0.04092030403820273,0.006897075894234723,0.04473774085318248,-0.04613108932675296
22,Centralized,-0.08109736451263926,0.056781518992217346,0.003754733085658211,0.06033346052886882,-0.06031943496809988
23,0,-0.02032397545090118,0.004297779896642199,0.006875025853850149,0.0050957110179495075,0.0022464024764107748
23,1,0.03536675591069091,-0.03965247111330591,0.013386560323421167,-0.04468667933046962,0.027993782083340822
23,2,-0.1002691747956686,0.08609384464916961,-0.008741453616687675,0.09064454889205269,-0.0416861578280254
23,3,-0.03885840477676603,0.025614657755158896,0.003899602382486604,0.028449043874482195,-0.006584069422093252
23,4,-0.09623746764474059,0.08126409283541003,-0.007073727123933891,0.08623213596541551,-0.03749768517199194
23,Aggregated,-0.04405804408710644,0.03151747036426845,0.0016702756007042417,0.03314043076281097,-0.01110230339445521
23,Centralized,-0.0625059556999657,0.04825463213700883,-0.00017186361825808166,0.05193666852823826,-0.020048921347267427
24,0,-0.021718878443955997,0.006118418986827496,0.014965642261162275,0.009046375528698946,-0.007239037595307032
24,1,0.02142948741324718,-0.03985445160209232,0.019980156540288056,-0.03944804422018627,0.0278098690447428
24,2,-0.10261793439014794,0.09229822662332555,-0.0021535917222574356,0.08347116589026185,-0.06700702427581562
24,3,-0.04077075007439273,0.02415805407894463,0.009551377502746499,0.026354278780075627,-0.021374312859419282
24,4,-0.09290129569291863,0.085557164083492,-0.002263044182914553,0.07915685408340321,-0.061796642306984964
24,Aggregated,-0.047310274234997916,0.03364910650195373,0.008017370836140797,0.03171029809216924,-0.025917022459622706
24,Centralized,-0.06348379803218314,0.05024843885493455,0.005590511434204407,0.048382504204662204,-0.03821226227194161
25,0,-0.024522433175556666,0.019039198666523118,0.009757310708413697,0.015031832270667579,-0.012114375493182002
25,1,0.028652924139404488,-0.027526422338044986,0.020103851308651645,-0.026547163256413094,0.023487425949468073
25,2,-0.11886062173397631,0.09924692608026212,-0.008834045049689106,0.08285698808632437,-0.0681219522528263
25,3,-0.05014974746825737,0.038076062326986744,0.004968183144644093,0.03232654116302719,-0.029725615242492065
25,4,-0.11328139890807153,0.09230154381833841,-0.009954573831417351,0.07856736833515167,-0.06336763835159011
25,Aggregated,-0.05562517344243865,0.044221555985300046,0.003209762248115625,0.036441939000164875,-0.029964328107420453
25,Centralized,-0.07688191414310407,0.060791688852886244,-0.0006637872606736188,0.050813455373309786,-0.04196494936002481
26,0,-0.03771883557196663,0.012452122348057855,0.011968302078640906,0.019126546783987404,-0.010413124092780269
26,1,0.0220468145792614,-0.032461842580676185,0.009151907362271184,-0.024688376449977616,0.023682094210152646
26,2,-0.13232260735007378,0.0996944699634056,0.007103696048417211,0.07993718091488358,-0.05339710741945956
26,3,-0.06532366044953564,0.035016221860876245,0.01184138975572683,0.031707312339744914,-0.013230722670980162
26,4,-0.12590562501936675,0.094543644555498,0.00727557847225277,0.075597815492013,-0.0477381365090029
26,Aggregated,-0.06783765019979127,0.041842449875256926,0.009468444095910565,0.036331272657176186,-0.02021601871999286
26,Centralized,-0.09018510721559471,0.05970744152475063,0.009824410224848514,0.05110411679515318,-0.029449197091645514
27,0,-0.034394893507563126,0.009451101957945187,0.015119688022241371,0.018840871383997194,-0.01200709313087931
27,1,0.024424116663592194,-0.02648451535523295,0.013815837938908978,-0.03426294032313747,0.018543251646751708
27,2,-0.12955395385319934,0.09016498599595225,0.005331152128133659,0.09827895007954573,-0.06053108558051191
27,3,-0.05973205309887099,0.029293984214378888,0.012785962567045754,0.03738299439557489,-0.018906050066141714
27,4,-0.12209928053757395,0.08204526046838753,0.005590556794457465,0.08899660123466276,-0.05513232947779099
27,Aggregated,-0.0642641088996863,0.03688861680882301,0.010529246115592254,0.04184150323399957,-0.02560303420115229
27,Centralized,-0.08450001991069549,0.05131166727204384,0.010468220423507207,0.05847490524260832,-0.03477112290996974
28,0,-0.02869754317185488,0.006673074452090098,0.01137815992946483,0.017822744123163307,-0.002539012450649231
28,1,0.016932939523849038,-0.03017710540790845,0.012888694392808289,-0.03142231279888346,0.03499648379914834
28,2,-0.12414492785258587,0.0877218213788386,0.008041288894105365,0.08667149418283253,-0.054491243502719056
28,3,-0.05875420274300951,0.02763165383023777,0.011928312077694217,0.031614928117711515,-0.010341622294122773
28,4,-0.11987634714887387,0.07976350303471018,0.010166120999308676,0.08358287972805344,-0.05147157542972083
28,Aggregated,-0.06290101792698612,0.03431700720722331,0.01088060301940345,0.03764830446879328,-0.01676513093928654
28,Centralized,-0.0819204074107566,0.04849104214233628,0.011456950258316086,0.05347494637867213,-0.02899921809152699
29,0,-0.027129564881524907,0.007598086319184299,0.0018720243715461419,0.018946513280313753,-0.004517670667300672
29,1,0.031065272522055466,-0.038490371862151644,0.022604089552588465,-0.04000875525561472,0.01835287856955713
29,2,-0.11853563722982895,0.08962938630735987,-0.027866191266997617,0.10471559565128483,-0.04634509630479952
29,3,-0.05100856870999522,0.02602549622122836,-0.002995026253558734,0.03993976490028138,-0.011153226351383804
29,4,-0.11083202534047414,0.08376143105615268,-0.025847136498978227,0.09861365463015445,-0.04042710860637318
29,Aggregated,-0.05528128136004562,0.03369865633462874,-0.006444064715314153,0.04443469977196311,-0.016815144384730467
29,Centralized,-0.07542822726158717,0.04985511990414669,-0.012240171818191219,0.06341117131019695,-0.024271458755015195
30,0,-0.01741215084164651,-0.002739343439836908,0.011821754015975553,0.008102281283917176,0.0030915472150636353
30,1,0.039321779588414235,-0.03324217328412663,0.017815908550406778,-0.039563053607135384,0.02636900639970565
30,2,-0.10098892419853671,0.07560909541803382,-0.00695054576824648,0.08497171368236738,-0.0522622311217672
30,3,-0.038444528286023065,0.015914095787837545,0.007138544884209332,0.025487182756097567,-0.01130941628302695
30,4,-0.09542277813366362,0.06636995184723932,-0.004900602348989883,0.080305269425592,-0.05012680827976986
30,Aggregated,-0.04258282997685133,0.02437716723916177,0.004986226278294249,0.03185472746702437,-0.016843492182287215
30,Centralized,-0.061842238711739425,0.03752236071997462,0.0027877654106175415,0.04870549682481799,-0.027274212646224833
31,0,-0.02124559036854731,0.010428192963186122,0.011705811006280011,0.005014271825047606,-0.011599131438590522
31,1,0.025043396048944108,-0.03285512167226589,0.018189316447155178,-0.0376996025426151,0.01323861006647608
31,2,-0.10480844444637791,0.07691087222898195,0.006086446368119208,0.07133616917342546,-0.06005621005366773
31,3,-0.04073295295916515,0.02763516485070047,0.013384489335908788,0.023420752056296196,-0.02370807063768647
31,4,-0.09621069314123525,0.0734817560410105,0.006674205332053035,0.06555608332344695,-0.05458354148530387
31,Aggregated,-0.04758488420386898,0.031114968916454423,0.011208610664626117,0.02552061716034447,-0.02733832214511883
31,Centralized,-0.06589381478225906,0.04635709802913222,0.010109324340785653,0.039782124018185296,-0.03681029738481055
32,0,-0.036798633483924044,0.006659393119182875,0.011589979011328792,0.01687909478715246,0.015070781032735956
32,1,0.019133463460335995,-0.029944373232455874,0.019054187693277987,-0.027687850941762834,0.02637402682941731
32,2,-0.12532280191341386,0.08024333721260872,-0.007979834434385635,0.07822642396350567,-0.017843901408919876
32,3,-0.06249856999193073,0.023334792355518,0.006245025407115889,0.0297794431256479,0.0068370016401597365
32,4,-0.11827524019197092,0.07689602247108672,-0.008875132178129878,0.07613325968391578,-0.016150849959261016
32,Aggregated,-0.06474578133327223,0.0314322500127074,0.004008427603729884,0.03466098003130394,0.002859746722380746
32,Centralized,-0.08463380582022383,0.04497007876384683,0.0004569929610837353,0.04956832908430133,-0.002692612178647241
33,0,-0.029817890063995246,0.0008468673711678013,0.014398534822849307,-0.0008817575349600703,0.0070386712583518736
33,1,0.024400823038945706,-0.03788573380073136,0.017240958924049223,-0.03413507036723489,0.026136625652634964
33,2,-0.11447432062667177,0.08153842608825838,-0.00390304382442495,0.07486880273764172,-0.032677650842199826
33,3,-0.051828403571086694,0.01930828804145681,0.009488252361776061,0.020789532409223578,0.00016825327723219246
33,4,-0.10917869441295498,0.07482918089365086,-0.001875544635708487,0.06899857179391204,-0.030748143425200512
33,Aggregated,-0.056173186393786205,0.02772161943760514,0.007070930436518885,0.025922724747124207,-0.006013410617425971
33,Centralized,-0.07484328912227385,0.043563925206725036,0.005138218835382147,0.040299742773145,-0.013290030206032843
34,0,-0.028956861522572576,0.01939740914477693,0.009427649457831424,0.016881700480319124,-0.016057858620817506
34,1,0.02571027961176026,-0.020637011151935402,0.007523510628112805,-0.03471366258564913,0.02219963764902609
34,2,-0.11252531958399631,0.08759335433975728,-0.0003975984848626315,0.08303201677127818,-0.06744511149478503
34,3,-0.046649412878456746,0.033526601332253686,0.008530192960467257,0.030847990938129063,-0.028712408056775326
34,4,-0.10646203592055624,0.08363000748023668,0.0010973404963993294,0.07935932788895347,-0.06540277564063361
34,Aggregated,-0.05377019785387359,0.04069679868886228,0.0052367274577080234,0.035076035325959064,-0.031079487260018867
34,Centralized,-0.07372418538394661,0.055630056005398006,0.005151658027212421,0.050472471815505564,-0.04341931833762178
35,0,-0.012084027068015098,0.004252380005631571,0.009741618772756718,0.0021751781082956704,-0.008255525732360035
35,1,0.03519335375250943,-0.029950036464355897,0.01504269837541562,-0.03875743567817676,0.019783217884829986
35,2,-0.09354166831490754,0.0726152368690586,0.003951289133555239,0.0848559843691243,-0.06386297627457725
35,3,-0.0352796281393819,0.02311935966590677,0.008883599314504286,0.022438427750204475,-0.01957414201454372
35,4,-0.08552618685937265,0.06763538861323744,0.0019154990569782537,0.07925958556384356,-0.06011856487308772
35,Aggregated,-0.03824182332785639,0.02752953948589172,0.007907676957407008,0.029988295968047987,-0.026401456687046958
35,Centralized,-0.05642064563056614,0.041589195437185845,0.0074133697002864984,0.04622186136296657,-0.037052326305326545
36,0,-0.03045995731790461,0.007776087490891184,0.013355254126294814,0.019043435857419664,-0.005544444243009871
36,1,0.02098116760819858,-0.03601837157808337,0.023857598931812343,-0.0265997218795932,0.019331956944559064
36,2,-0.11442042007429269,0.08798205397205913,-0.0024762181975439214,0.07431498059429548,-0.05024278745212403
36,3,-0.055942937039325846,0.02860294117623981,0.0068976305944446255,0.031651050423161416,-0.012861470796253903
36,4,-0.1104198103267585,0.08345735010982319,-0.0023466118602358606,0.07031473923274169,-0.044625133148443116
36,Aggregated,-0.05804595828375001,0.03435398080543679,0.007858784260624396,0.03374040437395032,-0.01878520178771266
36,Centralized,-0.07750862222072483,0.050335838678812535,0.0043933758221766745,0.04838833730714689,-0.02760875552824921
37,0,-0.029648828071816197,0.0015162014511405197,0.009579660136482447,0.008455235125023353,0.006329447627556034
37,1,0.018359808165730403,-0.03786846354912723,0.02468620314599741,-0.03362049063791159,0.024120178444987473
37,2,-0.11520126876817233,0.0913646679309234,-0.019037243405012325,0.08017885592265574,-0.031141671752398025
37,3,-0.05183673249977297,0.025299304037516294,0.0016717873891438065,0.027360954668672263,-0.0016464939663093296
37,4,-0.10803532393337814,0.08411077761332872,-0.0190214461370148,0.07640937341320853,-0.02835247072287435
37,Aggregated,-0.05726623299004401,0.03287820453522364,-0.00042192317122906765,0.03175130029091405,-0.006135473131987785
37,Centralized,-0.07540573978052731,0.049780481570990694,-0.006370544272903559,0.047797681459053845,-0.013088640565046047
38,0,-0.020049106087411058,0.0005409096177492263,0.018973737244822826,0.005072379967609635,-0.005685946331679026
38,1,0.03275556502438225,-0.03507980683322484,0.014519184359025729,-0.0348512121155432,0.0262552640735059
38,2,-0.10325820456406141,0.08259304536366176,-0.0008296199124636416,0.06777094263347005,-0.049109119534447444
38,3,-0.03998409549500326,0.021743725974415627,0.00983740028313897,0.019517980954495515,-0.009890080322007399
38,4,-0.09736896137711995,0.07762622034071365,0.00022916074052578377,0.060786502523850434,-0.04581185851855876
38,Aggregated,-0.04557459853296485,0.029478904897214782,0.008546994232982906,0.023654757853772024,-0.0168447900651046
38,Centralized,-0.06446455350130324,0.045086223940564316,0.006942204045914616,0.03692915886790478,-0.026279635018750747
39,0,-0.024798374222446972,0.00745788335785248,0.011715605872760838,0.004995541696284957,0.0025685362938913676
39,1,0.022796987457307818,-0.03098846176265028,0.01561939535356293,-0.038508916425333564,0.027412614193072418
39,2,-0.10677208729560589,0.08093543379854742,-0.008445528672442863,0.08172888141518687,-0.03598352588659514
39,3,-0.04785550921492491,0.028992574135279343,0.002862140274881625,0.023109501734030445,-0.006716419827816831
39,4,-0.09958399200556554,0.07484922960636667,-0.005732020950293437,0.07640759333681871,-0.033479189772966975
39,Aggregated,-0.051236656492081464,0.032244098585129645,0.0032050161232231936,0.029540763639627526,-0.009236619254587148
39,Centralized,-0.06892840320908927,0.0474153822471038,0.0006222224814641223,0.045575255879629614,-0.017364149809256334
40,0,-0.013747547583976238,0.005236281138408268,0.0035596525592981915,-0.0004520763160818545,0.0027135414546056486
40,1,0.03704609749949219,-0.03889407367671027,0.025061406945906174,-0.04568313105428443,0.023997423494698914
40,2,-0.09626737228114884,0.07795663110529888,-0.023667546245799274,0.08102757252107,-0.04739709393605475
40,3,-0.03593136817033163,0.02495483085984206,-0.0016128594040444404,0.02357771870998122,-0.01302696274959118
40,4,-0.09211940865787412,0.07407204442986076,-0.02306023757438606,0.07539088624763121,-0.04472724653733851
40,Aggregated,-0.04019754221046158,0.02865956469920966,-0.003941568373566995,0.026766221392785006,-0.01568450029760535
40,Centralized,-0.05956915828320041,0.04506608416240335,-0.010078567523153677,0.04365438156902511,-0.025236937778831927
41,0,-0.011242734898497652,-0.0016045470384163467,0.010676931240706521,0.0029116060844411244,-0.002353959072333183
41,1,0.04085052846285778,-0.04747240283847902,0.013165298847333856,-0.03382078818751259,0.023808147754300086
41,2,-0.0943028260575539,0.08228670286867441,0.001983366808472194,0.06455161801180981,-0.051327996250346654
41,3,-0.0331870027804525,0.021603734163433738,0.009623240909958673,0.019832371478847557,-0.0141757552172967
41,4,-0.08826045146716592,0.07735172241351765,0.004036342560041404,0.06290993612826044,-0.05037221205015686
41,Aggregated,-0.037222228258869235,0.02642678673970355,0.007897510345408823,0.02327207993532736,-0.01888048679885697
41,Centralized,-0.05657296785052576,0.04353475229271442,0.007372529017937312,0.03736647338138692,-0.028776105101243135
42,0,-0.01777617571216601,0.006328980403479334,0.008371193012356093,0.004128733835417187,0.0028606818173600723
42,1,0.03374582515946871,-0.0359375752025514,0.018442599333268764,-0.03452569067895187,0.026986258842976
42,2,-0.10661360262110825,0.0809154066149572,-0.0014075994027574017,0.0694489358530195,-0.04782523169003774
42,3,-0.03986523187396458,0.01984596659875449,0.005781315676405266,0.019263835680064786,-0.008408391335067256
42,4,-0.10150280967575045,0.07441518666701166,-0.004613954845822118,0.06672752905333668,-0.047049172458031085
42,Aggregated,-0.04639563006036629,0.029108027880904358,0.005315930455018798,0.025003543738865666,-0.014683195410800171
42,Centralized,-0.06637097146936134,0.044146293725931464,0.003280326895363602,0.039331245981636544,-0.02523711816917064
43,0,-0.013202851114886,-0.006403153777899043,0.01416981141931588,-0.003933062928176699,0.005868716197001901
43,1,0.03413513445213492,-0.03187591098585491,0.015689277120025765,-0.03494044168414608,0.02155547672858302
43,2,-0.09398646311108368,0.06686162182595402,-0.004745444663875531,0.06467870674282457,-0.0290103207826749
43,3,-0.03465213064529671,0.01586174880115877,0.008006942655292231,0.013319079483675436,-0.0012119519020643232
43,4,-0.08652970434043748,0.060624896946690106,-0.003694872096286178,0.06009001092551015,-0.026624995439672235
43,Aggregated,-0.038841345330662774,0.021008974488316144,0.005886319756767372,0.019837914292167986,-0.005882067159737064
43,Centralized,-0.057866773589755054,0.03497202447759142,0.0036192316502471436,0.03373863661492701,-0.01218731364794715
44,0,-0.026536257751175348,0.0036068245494177216,0.012880020235339917,0.007120849112988141,0.01051959600341626
44,1,0.019600676819975703,-0.03410469816368007,0.0226923472998922,-0.037315894474389315,0.022915242658431915
44,2,-0.11733520318886675,0.07460081161939039,-0.009268007938217823,0.07355782709316888,-0.02629742922654729
44,3,-0.05490674514662386,0.020517959400953856,0.00653856087434746,0.023383905387623017,0.0044663194836995265
44,4,-0.11169578603484617,0.07277912776483109,-0.007628487916509193,0.06870408778951685,-0.025124657733838915
44,Aggregated,-0.058168088185705825,0.027474440202300204,0.005044443143067496,0.027085042862029944,-0.0027014314898224194
44,Centralized,-0.07798861148071919,0.042342597125618185,0.0012557739045206573,0.041805557501292535,-0.00938184878963546
45,0,-0.010558611392370864,-0.006643337053183211,0.01534061159986689,-0.006625048679606411,0.006659389609799496
45,1,0.036296311840848486,-0.04069388922755666,0.020585237402799605,-0.04403628907270601,0.027695409419292716
45,2,-0.09106731568989006,0.07087580924863654,-0.0019206453793260423,0.06648937577825477,-0.03972942118724218
45,3,-0.03004583362211884,0.015225136356402946,0.009424359492750086,0.012679521657079092,-0.0018928209213475507
45,4,-0.08168812419082272,0.06578513915632235,-0.0014735887898534676,0.059537385254187725,-0.03624609792397226
45,Aggregated,-0.035407029845712486,0.020904258921030237,0.008392406717912271,0.017603838237002137,-0.00869932459580181
45,Centralized,-0.053424700689283164,0.03587936554342252,0.006581886906226658,0.03210965945408896,-0.017283426513037173
46,0,-0.013949516832663203,-0.0009022744892466831,0.014436316397562241,-0.006632031534990473,0.009431771264749806
46,1,0.026158074542968177,-0.037388494423527464,0.024036507972049946,-0.04579593743121367,0.026029849224128054
46,2,-0.1014791974643437,0.07381636863428757,-0.0044809870304818806,0.07789743205057077,-0.03728494659397137
46,3,-0.037596386344496704,0.01662442191302867,0.0066037025535103135,0.013593540140218114,-0.003811432558333962
46,4,-0.09170643462569887,0.06783485720866042,-0.0033111989608765047,0.07112784341912923,-0.036489400108528386
46,Aggregated,-0.04370879653445641,0.023991590444917027,0.007458191004097638,0.022032138841461643,-0.008421384124606567
46,Centralized,-0.06058169736735822,0.03847184068650817,0.004566579857303007,0.037779539370173386,-0.016424192145351495
47,0,-0.014418470811948773,-0.006813330842693751,0.013427159505273336,-0.0018460708197810594,0.0052807491159821375
47,1,0.04158145809743852,-0.04236867450776745,0.00974249384946713,-0.04058720991438692,0.031664639498600815
47,2,-0.10317126676127919,0.07201235523049912,0.004270202028335165,0.06729644699369196,-0.047289823384626124
47,3,-0.03824317463455017,0.015769254350270098,0.01076355253651904,0.02003035335621954,-0.010325644110437036
47,4,-0.09262370586003156,0.0643117951133249,0.0036999308677231222,0.06331894136633483,-0.04649892155786121
47,Aggregated,-0.04136873628155116,0.020576907857394668,0.008381242768905436,0.02163737239675719,-0.01342973815818575
47,Centralized,-0.06132143128154801,0.035142793963987486,0.008492407685851156,0.036565294012504156,-0.02400870895710152
48,0,-0.013753009177599399,-0.007491601791276044,0.01555903583807568,-0.0028658390724258685,0.006471689884649127
48,1,0.03512402646416772,-0.04587488617738301,0.01817284497213602,-0.04456789231616961,0.035806634306255046
48,2,-0.09370583719000099,0.07963296620811011,-0.006853188847625008,0.0682846902596445,-0.045503821718329375
48,3,-0.031380056437303676,0.015020001045054547,0.008722492506263694,0.015212407748173761,-0.003971036203038638
48,4,-0.08642660483532869,0.0719347341440985,-0.0021126031077136898,0.06391153796393047,-0.04012852226617745
48,Aggregated,-0.038022350679658805,0.02263818752875901,0.006698798587804864,0.019989585927895993,-0.009461244298917721
48,Centralized,-0.05546987661328326,0.03877226033694125,0.004237608736276392,0.034915545510755305,-0.019769609735276233
49,0,-0.013854526155593239,-0.003093302185337183,0.010270020133221407,-0.006990091436646056,0.016682626063193113
49,1,0.031102802594781605,-0.03337846279878749,0.021109016517682194,-0.04459822192886822,0.030508485680752335
49,2,-0.12039504610510386,0.06974693953880548,-0.00394418377170593,0.07813535640585953,-0.024448740082770207
49,3,-0.04586759662151116,0.01989285522564676,0.006309625013171735,0.016862299958368427,0.0052988244337075574
49,4,-0.11209322081141991,0.06571487854427838,-0.004184063085980706,0.06842245055343531,-0.02069040452584879
49,Aggregated,-0.052214162399543684,0.02377142969822737,0.005913323235967985,0.02236070088765494,0.0014728806580639993
49,Centralized,-0.07233076671751147,0.03705875175505239,0.0031744810188742384,0.037302403948077066,-0.0050665397786346785
50,0,-0.02164573434173001,0.0002954255295551646,0.01060900635384267,0.004821296633006128,0.011600765849248405
50,1,0.022809857087365257,-0.02868339792243435,0.023632045429127686,-0.031947499903159336,0.02591662659327247
50,2,-0.10854806440261294,0.07126110819695365,-0.010494260138409317,0.06352439764220462,-0.023954735794527424
50,3,-0.049311598975132695,0.01893373206837979,0.004345240947068087,0.019109498711637776,0.001166740385289435
50,4,-0.10100091287798822,0.06776399560411946,-0.011020460250755326,0.05803455011527905,-0.02061884331947113
50,Aggregated,-0.0515332145222739,0.02590903159732527,0.003416087727561011,0.022704108957170205,-0.0011755010069919884
50,Centralized,-0.0702918920311452,0.03965741051126442,-0.0007017170216093327,0.03524767106758505,-0.007806038328248812
