,BeforeLocalTraining,AfterLocalTraining,BeforeLocalPartialEvaluations,AfterLocalPartialEvaluations,BeforeEvaluation,AfterEvaluation
1,1785155020.5438905,1785155020.700491,1785155022.8834467,1785155023.354414,1785155023.3554275,1785155023.3825128
2,1785155023.4460764,1785155023.590421,1785155025.4819455,1785155025.9794564,1785155025.9802299,1785155026.0064516
3,1785155026.0224676,1785155026.1650424,1785155028.0326705,1785155028.4339519,1785155028.434724,1785155028.4613676
4,1785155028.4740348,1785155028.615079,1785155030.4614472,1785155030.8664398,1785155030.8672183,1785155030.8948815
5,1785155030.967309,1785155031.1103666,1785155032.9998658,1785155033.4039729,1785155033.4047532,1785155033.4312942
6,1785155033.517312,1785155033.7504733,1785155035.5465426,1785155035.9524808,1785155035.9532428,1785155035.9795117
7,1785155036.0672784,1785155036.215505,1785155038.2948291,1785155038.7229507,1785155038.7237227,1785155038.7511349
8,1785155038.7582257,1785155038.9015958,1785155040.7809775,1785155041.187008,1785155041.1878037,1785155041.215419
9,1785155041.3209305,1785155041.4647636,1785155043.394035,1785155043.8709013,1785155043.8716354,1785155043.8976789
10,1785155043.9040759,1785155044.0451639,1785155045.8687646,1785155046.269378,1785155046.27015,1785155046.2966218
11,1785155046.38046,1785155046.5226212,1785155048.3528032,1785155048.7578897,1785155048.758647,1785155048.7852907
12,1785155048.8018646,1785155048.9440737,1785155050.834241,1785155051.2436666,1785155051.2444346,1785155051.2714171
13,1785155051.3574126,1785155051.5009627,1785155053.6035972,1785155054.0965407,1785155054.0973086,1785155054.1236672
14,1785155054.1384072,1785155054.2812457,1785155056.231426,1785155056.6465366,1785155056.6472938,1785155056.6774077
15,1785155056.68746,1785155056.8417995,1785155058.6663043,1785155059.0716321,1785155059.0724192,1785155059.0999947
16,1785155059.1777792,1785155059.3196228,1785155061.148273,1785155061.623289,1785155061.6240065,1785155061.6505845
17,1785155061.66271,1785155061.8044193,1785155063.6145084,1785155064.0212154,1785155064.0219636,1785155064.0486376
18,1785155064.1266983,1785155064.2689042,1785155066.1605337,1785155066.560139,1785155066.5608711,1785155066.5871994
19,1785155066.5970943,1785155066.7420468,1785155068.8027716,1785155069.223736,1785155069.2245166,1785155069.2525866
20,1785155069.3429434,1785155069.4865422,1785155071.339453,1785155071.859345,1785155071.860107,1785155071.886438
21,1785155071.893219,1785155072.037486,1785155073.923921,1785155074.3311334,1785155074.3318534,1785155074.3588114
22,1785155074.3663979,1785155074.50909,1785155076.3286843,1785155076.7328742,1785155076.7336173,1785155076.7604947
23,1785155076.771424,1785155076.914796,1785155078.85932,1785155079.2605975,1785155079.2613509,1785155079.2877748
24,1785155079.3853586,1785155079.6148105,1785155081.4112377,1785155081.8175387,1785155081.8182838,1785155081.845295
25,1785155081.9280343,1785155082.0726578,1785155084.1802135,1785155084.5895355,1785155084.5902832,1785155084.6173332
26,1785155084.6359055,1785155084.7799478,1785155086.664183,1785155087.076064,1785155087.0768292,1785155087.103267
27,1785155087.1791286,1785155087.322112,1785155089.2077043,1785155089.6811097,1785155089.6818326,1785155089.7082114
28,1785155089.7151752,1785155089.858688,1785155091.7427216,1785155092.1432867,1785155092.1440408,1785155092.1704412
29,1785155092.2559268,1785155092.396977,1785155094.229707,1785155094.6328056,1785155094.633527,1785155094.6598191
30,1785155094.6697938,1785155094.8119264,1785155096.639954,1785155097.056853,1785155097.0576208,1785155097.0844
31,1785155097.1711402,1785155097.3231046,1785155099.4447088,1785155099.9442058,1785155099.9449577,1785155099.973233
32,1785155099.9805975,1785155100.1246862,1785155102.09799,1785155102.5029156,1785155102.503662,1785155102.5304723
33,1785155102.5459354,1785155102.6860485,,,,
