Round,Evaluator,2,0,4,5,3,1
0,0,,,,,,
0,1,,,,,,
0,2,,,,,,
0,3,,,,,,
0,4,,,,,,
0,5,,,,,,
0,Aggregated,,,,,,
0,Centralized,,,,,,
1,0,0.0326743463975187,0.05399978798152183,0.0017389347095818513,0.02587366734477939,0.014035589633707561,0.034248891789301635
1,1,0.049774929452117825,0.04074403241791459,0.038116798779321046,0.024204889947367088,0.03239236003275773,0.03240030049759228
1,2,0.04114634029603356,0.03888454647348331,0.0314905618320163,0.03880421068602034,0.02629997103937724,0.0329567553518655
1,3,0.03720469341945319,0.046816792521280015,0.016096890533268675,0.026493659777319312,0.025342046365658625,0.026877265489247324
1,4,0.04667022096275307,0.03190374023630054,0.036146597477938275,0.034871040750250694,0.026761608026354095,0.03580264508953577
1,5,0.038824096237609435,0.052208273563048746,0.015633467969722706,0.014828353575259799,0.021011685942434254,0.0230822388348701
1,Aggregated,0.03966513772536818,0.051543791087615184,0.021845313459777364,0.025914647486199854,0.0229358349985886,0.02906956297176734
1,Centralized,0.03966513772536818,0.051543791087615184,0.021845313459777364,0.025914647486199854,0.0229358349985886,0.02906956297176734
2,0,0.0027908528601051,0.036707535071495406,0.0019523654653716205,0.008029971703393738,-0.006546155607384631,0.015404172061289698
2,1,-0.002103083483585586,0.03929554303522216,-0.006516875432871345,1.4497013789219656e-05,-0.01250176981150674,0.011043318469388384
2,2,-0.01304638728584129,0.04514592575931056,-0.01183048535334662,0.00263188915277873,-0.015366797560200306,0.010366873787985526
2,3,-0.0036969228916336923,0.04837925704908661,-0.0050387715231769,0.013930852683778108,-0.012104564675351401,0.019299402827824642
2,4,0.00534209133465019,0.03628132696031412,0.004093868020220411,0.00834719893525576,-0.0024525152027056723,0.016482685470410083
2,5,0.00038766527606001066,0.045572330210423014,-0.0013679557653182913,0.007468741494814473,-0.004630688198439345,0.02191930364047834
2,Aggregated,-0.0020362728138849373,0.04218925097429498,-0.0034723111199328658,0.0067470258772429825,-0.009043924631148786,0.015453587898835256
2,Centralized,-0.0020362728138849373,0.04218925097429498,-0.0034723111199328658,0.0067470258772429825,-0.009043924631148786,0.015453587898835256
3,0,0.03188277097336407,0.0019651753934344126,0.027697714682382156,0.013539988518792779,0.03358750882615974,0.02396713919073841
3,1,0.032689368081250364,0.011498103099283978,0.031556960589285116,0.01726138350967344,0.04386019519750066,0.031411700817755225
3,2,0.04631835376066463,0.005965362159297196,0.03771169383215321,0.029350999441049824,0.04715584525610157,0.04275273820980525
3,3,0.03629667481638481,-0.0007077744590802237,0.03038305562270636,0.018226360876360266,0.03890304313027404,0.039864441277577406
3,4,0.039018923380995184,-0.010050195400995889,0.031583039114307494,0.017842025604427644,0.03848540502067894,0.026293990571036367
3,5,0.04333582311105881,0.0074527361580589676,0.03481893147531224,0.021354115159950525,0.04179766165429566,0.039204576251990364
3,Aggregated,0.038474167749563255,0.002788724472620868,0.03235884471181477,0.02008184405068392,0.040954062230075666,0.03419019276517533
3,Centralized,0.038474167749563255,0.002788724472620868,0.03235884471181477,0.02008184405068392,0.040954062230075666,0.03419019276517533
4,0,0.010740096076892561,0.007024201269804517,0.010174739264791592,0.009735212530099091,0.017706455099585447,0.0171620444430124
4,1,0.020215848527681678,0.005173075222308424,0.011552775942694628,0.003239393105439264,0.015053944131876745,0.020020064105813588
4,2,0.018936965601633698,0.0016560342116750057,0.0034778718191522486,0.0009836434731555176,0.021691457490494177,0.019720998999899306
4,3,0.024684869115692967,0.009945211599360309,0.011941708198775143,0.005775231882092487,0.020920611865224044,0.02480321543362755
4,4,0.022802859604457233,0.021731889165446806,0.002134514284452453,2.8935092874851015e-05,0.01019919202966643,0.02705658149756064
4,5,0.01262766227862749,0.010833296722972197,0.01232005753303368,0.01035269798163958,0.012604496068266413,0.02156309412527367
4,Aggregated,0.01730616320494832,0.013697174182158782,0.007335706539997097,0.0038681379268950006,0.015286923123991193,0.0206764681795916
4,Centralized,0.01730616320494832,0.013697174182158782,0.007335706539997097,0.0038681379268950006,0.015286923123991193,0.0206764681795916
5,0,0.017125268292121205,-0.04175013302873195,0.00786484668246414,-0.0034870124050217868,0.011884068622524469,0.0065437852050251434
5,1,0.021466817148023738,-0.043417860342008334,0.016733186704227108,0.009519545689741706,0.008769375781091982,0.007893872374315327
5,2,0.01845851012656161,-0.04625538798706957,0.015559566150975944,0.011189596005015696,0.010778391347032427,0.009741486837290815
5,3,0.010945222693817076,-0.04487571572649319,0.014560570929120466,0.006230175741981688,0.012374573073741568,0.001479880714114441
5,4,0.014657881339268,-0.03619143401882891,0.01134091979019069,0.01323838503527841,0.006623157944320688,0.0008960979792301155
5,5,0.01480312833943645,-0.0495527742517966,0.011622799775357375,0.009131625217449469,0.009964507680913864,0.007590016114538154
5,Aggregated,0.01581886214225286,-0.041504205372242274,0.012227022047269196,0.007006928867671846,0.009584783732172236,0.005370692400812739
5,Centralized,0.01581886214225286,-0.041504205372242274,0.012227022047269196,0.007006928867671846,0.009584783732172236,0.005370692400812739
6,0,0.018454948356118207,-0.018186934682741074,0.014798644736253084,0.01278665540549674,0.0028463393493334847,0.011758953866276142
6,1,0.020749678215774947,-0.03550834818695975,0.013838455416268306,0.01563246940883809,0.016258363818448834,0.014229270111490005
6,2,0.015199591804403965,-0.031869579602675474,0.016601495308590116,0.02262070386168273,0.012566824550224901,0.014187299577460623
6,3,0.017179275145925852,-0.040015122997788435,0.02192735811743163,0.021489091900780154,0.008954095955998534,0.01866588448533112
6,4,0.015823486026773366,-0.036353868622308896,0.02051681966038038,0.017703455068026275,0.011254114515437107,0.015620494097707018
6,5,0.016197875819714585,-0.03699094893485281,0.0206432919947396,0.02202431468159667,0.015722767344583877,0.020476709964650834
6,Aggregated,0.01654541760718088,-0.031177186560113944,0.01730708919990452,0.018175725357383026,0.01094577150241399,0.015321953878239663
6,Centralized,0.01654541760718088,-0.031177186560113944,0.01730708919990452,0.018175725357383026,0.01094577150241399,0.015321953878239663
7,0,0.014378657701995458,-0.030919861143463907,0.015013283594472234,0.018161651284480967,0.003363655554998263,0.018433086862673552
7,1,0.01814429205473118,-0.05331945883422591,0.018351358837618667,0.019597004264254442,0.006265513964373732,0.015588038548478206
7,2,0.017140941659380814,-0.05157494375384301,0.01529410525989955,0.019540320950636136,0.006943055813495303,0.01606407290793354
7,3,0.014474486310203528,-0.05264235124573134,0.014468026421246918,0.023356768937610115,0.009289585901174771,0.01933290331881763
7,4,0.018560236225342062,-0.04617094379087413,0.016924477632933834,0.01926286098741701,0.006363761783430317,0.014551221706601376
7,5,0.010728679542332005,-0.05845844723882309,0.015153879963050213,0.022453933634307956,0.010595915075582989,0.014459843322924779
7,Aggregated,0.014943108121086497,-0.04666277484620102,0.015396366276925439,0.01990038329500376,0.006337440998687955,0.015994586652562304
7,Centralized,0.014943108121086497,-0.04666277484620102,0.015396366276925439,0.01990038329500376,0.006337440998687955,0.015994586652562304
8,0,0.014760705828168201,0.018792608457806996,0.0010497492276695165,-0.003121346533039467,0.0034256884538254066,-0.008206272836731266
8,1,0.01927349029187678,-0.01171809431559323,0.0042430450304834525,0.0032822263545121866,0.009985564199968803,-0.0070368417504941
8,2,0.021042356516384038,-0.005561663645781277,-0.0008234485731790926,-0.00022799264579186784,0.008702216065306986,-0.00844120434871155
8,3,0.019684196867313746,-0.00992265702713771,0.0025928566161885014,0.002014370312938147,0.008398807706002646,-0.006796763672438672
8,4,0.014614181776517469,-0.0213393050614258,0.005736996766485235,0.003894664935892817,0.010631529384256943,-0.007876829155209925
8,5,0.017059668364156517,-0.010734801639222625,0.0004775912361904256,0.002707359201594885,0.011257097602547785,-0.002762301748231961
8,Aggregated,0.01711400963415019,-0.002195314534585768,0.0011653937928600366,0.000353531607459481,0.007798391853753689,-0.007763815962526097
8,Centralized,0.01711400963415019,-0.002195314534585768,0.0011653937928600366,0.000353531607459481,0.007798391853753689,-0.007763815962526097
9,0,0.005348799992899702,0.0009593270766863757,-0.005569518959685552,0.00163800575826465,-0.01499371417545663,0.001236209495922584
9,1,0.014436808463084438,-0.04120837338280431,0.000283570834406229,0.014196095101342426,-0.006410483093005396,0.019345347829801938
9,2,0.014638900373193134,-0.03186827298564741,0.0004606419339569475,0.01798494860951954,-0.009351560528695978,0.015468874122612827
9,3,0.00935185727162467,-0.03826175702059752,0.005654207592368167,0.018154819063107515,-0.005434333023367047,0.01635349045412611
9,4,0.01728400885086577,-0.037682032466243236,0.0015471024080898818,0.020201231413823573,-0.0016859911393363883,0.015700158432170416
9,5,0.005262955896452482,-0.03505270330836158,0.005135789180748363,0.01255789484807107,0.0020111736278955977,0.01348801401819607
9,Aggregated,0.008809055580349058,-0.017698046230295788,-0.0012037204779716407,0.011558252666254192,-0.008545074552243051,0.010877593851383502
9,Centralized,0.008809055580349058,-0.017698046230295788,-0.0012037204779716407,0.011558252666254192,-0.008545074552243051,0.010877593851383502
10,0,0.008509767817920778,0.017098543679742204,0.007269553076911027,0.00485971141350575,0.007067386585749186,-0.011705963508253339
10,1,0.014789889889265447,-0.028531255704113204,0.01479646222838887,0.014807724552876902,0.013942661883377205,-0.006729694139374782
10,2,0.013126597239311765,-0.02545700807898233,0.013084318985967262,0.011941355274509452,0.010961251650638743,-0.009691078093340596
10,3,0.006493687076897148,-0.03067232073060771,0.013525556506277153,0.014271775798281853,0.009059420942725244,-0.004171568956375961
10,4,0.008733462880866922,-0.02357893081251969,0.011270143659034658,0.012518835460635357,0.01018731704367465,-0.004778441950013135
10,5,0.009566884772925475,-0.025669157551455497,0.008398933351623719,0.012683895875644552,0.009359412686546107,0.002488349644146889
10,Aggregated,0.008294207230066363,-0.008173583092738242,0.009090177150852958,0.008961061918198485,0.00816577361947398,-0.008557631313509699
10,Centralized,0.008294207230066363,-0.008173583092738242,0.009090177150852958,0.008961061918198485,0.00816577361947398,-0.008557631313509699
11,0,0.002430082997771805,0.012368813934953784,-0.006355080690412124,0.003715743727679682,-0.009633219379800741,0.004369352017636435
11,1,0.008579983669531308,-0.024657402316897795,0.0012984551340825949,0.008866689577431669,-0.003904595636221227,0.008138008353548628
11,2,0.00825023612051701,-0.018311341569269737,-0.0018136761845665174,0.011727708832723687,-0.002788647825078834,0.0069784594427148485
11,3,0.008111444510930252,-0.026537820991189412,0.0028187514513648517,0.011376871911675905,0.0015184831575120437,0.009205237469421404
11,4,0.005529230655028424,-0.023075213773399987,0.007539182115261701,0.002619828305471793,0.00522107909248199,0.004271060185956027
11,5,0.006246874451292227,-0.03158579242541072,0.006527647442871379,0.007567581861584702,0.006265457697982289,0.009224106201565769
11,Aggregated,0.0049245893088232275,-0.00912679600833465,-0.0003988147816804037,0.005657368380266862,-0.002286663375821157,0.004978929490643716
11,Centralized,0.0049245893088232275,-0.00912679600833465,-0.0003988147816804037,0.005657368380266862,-0.002286663375821157,0.004978929490643716
12,0,-0.0025771116752337214,0.011918027149466246,0.0003701981144793476,0.0034539413500761984,0.0006018984896348056,-0.0033384405493766625
12,1,0.00757896725290856,-0.03226652884370907,0.008065656282348815,0.00843999403777304,0.007469525297396567,0.008679840870362712
12,2,0.004618372507560403,-0.03310278183383659,0.006522882325031907,0.008827961140090509,0.007129891686723172,0.00796022722392449
12,3,0.0030518043605843445,-0.03598685450724734,0.009063483663953447,0.012118242386154505,0.006310328969860993,0.007579920636825468
12,4,0.006204369893714085,-0.024070172613425297,0.006234614566337638,0.00670649872855729,0.004085768214400054,0.0030260913637701866
12,5,0.006966570523189076,-0.030470258036913715,0.006489812289870556,0.012680277893183578,0.0021161487644441833,0.006442833383630242
12,Aggregated,0.001997297338353659,-0.008166325732275317,0.002878216416552642,0.005316282751173813,0.001235255054688466,0.0015579974230815316
12,Centralized,0.001997297338353659,-0.008166325732275317,0.002878216416552642,0.005316282751173813,0.001235255054688466,0.0015579974230815316
13,0,-0.0026542416552734777,0.009954208715103927,-0.0014776035663671102,0.012807804597841945,-0.007616410518305907,-0.002960352774147872
13,1,0.00763617562332788,-0.03370836420201628,0.0035921910101593844,0.01570495608571779,0.0004117069300691084,0.010592060301215097
13,2,0.005309173952983911,-0.03477615634406786,0.002529614878134404,0.015169254440620037,0.004482416820772284,0.005274052342894842
13,3,0.009055823825631122,-0.03394488976256884,0.005915907733704362,0.018348520735084466,0.0022393505379245103,0.013015862368333799
13,4,0.0067336243073392405,-0.030292081200179687,0.005730782548481924,0.011489647469497958,0.005021603036613077,0.009081271350286154
13,5,0.008432979438925459,-0.03223501843210204,0.009051097386425577,0.008955614684073044,0.009069109860876537,0.009128766555137854
13,Aggregated,0.0020081702244606325,-0.006132200772802247,0.0002971747727397994,0.009843299856897376,-0.0016512744713120919,0.0031579437283702125
13,Centralized,0.0020081702244606325,-0.006132200772802247,0.0002971747727397994,0.009843299856897376,-0.0016512744713120919,0.0031579437283702125
14,0,-0.004497633745075776,0.007659322309175081,0.0006088286167554857,0.0031871061479742313,-0.01644294445067524,-0.009174631144591385
14,1,0.0045419345128237245,-0.03226517826359127,0.00629293807968423,0.013696507186391668,0.0007825375899470117,0.0007889573412929757
14,2,0.007773604326121207,-0.03846672858841309,0.006431460977577247,0.016864155337733826,0.0007420439426995119,0.0044499031520261224
14,3,0.0031968469647694836,-0.04179565218462281,0.007540628418076683,0.019534845306101944,-0.0014680015507056517,0.0027535762753951357
14,4,0.0032070472292554638,-0.034881721675656056,0.006044629528468778,0.010558938117301443,0.005446569181411464,0.005002999742227118
14,5,0.006162036085593522,-0.03648032952784216,0.010310991262901179,0.008986749126678387,0.0008842674181230766,0.005669079261905775
14,Aggregated,-0.0005696274434468314,-0.006983205727759719,0.0016933286772104182,0.0074915562934368615,-0.006311639694706276,-0.002801184719243563
14,Centralized,-0.0005696274434468314,-0.006983205727759719,0.0016933286772104182,0.0074915562934368615,-0.006311639694706276,-0.002801184719243563
15,0,-0.001637553188742401,0.02450790707454997,-0.004222192831881892,-0.0029853733656757366,-0.0013441244524728191,0.0032364106965841566
15,1,0.005653962095727365,-0.015019533244589487,0.0006153575229745313,0.001821849199897889,0.0015674794466566857,0.013134208742456514
15,2,0.0037209457763068155,-0.015765218914470622,0.006725572422587603,0.008860348760593223,0.00573139805061876,0.009258315686727211
15,3,0.004266218430993393,-0.020002637625020716,0.005155311725906859,0.011386233501983088,0.002887101927335098,0.012303221623316476
15,4,0.00430024477005533,-0.019156058394630013,0.004997500690083928,0.0038199863087553846,0.005454218619350715,0.007402549184574194
15,5,-0.0011835545677798304,-0.020711327534070255,0.008169855896586253,0.009366925074148639,0.006303965427272551,0.007041775840901432
15,Aggregated,-0.0007344369674217358,0.0072679396096497475,-0.0003807409167851874,0.0018219251184087293,-9.258712306315118e-05,0.004773666862138592
15,Centralized,-0.0007344369674217358,0.0072679396096497475,-0.0003807409167851874,0.0018219251184087293,-9.258712306315118e-05,0.004773666862138592
16,0,0.004529760940601255,0.024081700341284165,-0.008214405192348069,-0.019424195273725835,-0.007129981749991836,-0.0024553880603647277
16,1,0.011542281115330462,-0.027934935079406507,0.0023023405315413595,-0.003818739163250551,-0.0001516382133856045,0.005897458211951475
16,2,0.013363577808446417,-0.031021854799126815,-0.0037744051208272343,-0.0063916277400905604,0.0057849722306459045,0.007749041118876565
16,3,0.009902153731303822,-0.027635187741324074,-0.002075406457581313,-0.00016543667798241864,0.003282985893406017,0.006108451502658824
16,4,0.009151040708744833,-0.028435816747785295,0.0032942768044368466,0.0007073495623110555,0.007132564941518497,0.005634998650420295
16,5,0.007868259842730485,-0.030624482985666338,0.002562718815050741,0.002533254890599656,0.007035424302431632,0.0036975394562746362
16,Aggregated,0.004770739508884903,0.0033336149160045053,-0.005830289269166126,-0.009286030442502785,-0.0019783565317250383,-0.0003682200701340507
16,Centralized,0.004770739508884903,0.0033336149160045053,-0.005830289269166126,-0.009286030442502785,-0.0019783565317250383,-0.0003682200701340507
17,0,0.014456552893841625,0.025966890852328412,-0.021040671384830154,-0.01599158554950592,0.0026495615096198757,-0.00821192942006089
17,1,0.018268571970575884,-0.02840522442653798,-0.0005135901236896668,0.0038942149006656896,0.006442623384309349,0.009366922049641537
17,2,0.01737642923164306,-0.0284358201035591,-0.006544483825305821,-0.004418832335706358,0.01471196351941962,0.0057600219715512055
17,3,0.017491785307879884,-0.032605590222598936,-0.0019893399062909317,0.0015653889460094514,0.01344964320898366,0.006557745314875538
17,4,0.009340596197126056,-0.02582216628010949,0.005391883235052782,0.002803164458709268,0.007102170846467446,0.008183530968988374
17,5,0.015617207372272872,-0.03323214266222067,-0.0019170544443937161,0.0017005782291580375,0.013060349491864298,0.0069332072554484135
17,Aggregated,0.011117642797841868,0.0077597823918737945,-0.009755481719950672,-0.008379320997421964,0.004056934956822051,-0.0015762134045196321
17,Centralized,0.011117642797841868,0.0077597823918737945,-0.009755481719950672,-0.008379320997421964,0.004056934956822051,-0.0015762134045196321
18,0,-0.003115019416954039,0.05000858819609161,-0.0010180786108469088,-0.014422898073245056,-0.005453168847192692,-0.0034643525682206237
18,1,0.0025626296320384514,-0.014435050642262522,0.00807260879147635,-0.00421008762111421,0.0014328617541287272,0.011892238596284426
18,2,0.0010162939339695776,-0.011351395029976334,0.00992544253051797,-0.005092801154237265,0.00861979846172777,0.010821033808964526
18,3,0.005765073740829903,-0.02177260096405601,0.007412145151249515,0.002728688710860453,0.007196971753361796,0.01168934091355533
18,4,0.002882822465359216,-0.02193010447726824,0.0028708988181443294,0.0034006209355335504,0.004149502088965188,0.0057085873377630825
18,5,0.005151350568516307,-0.01936550228209435,0.003850148432630274,0.003950519844938196,0.005982688712028645,0.008586564612478427
18,Aggregated,-0.002663463110955204,0.02350530445345653,-0.0001730893034420308,-0.008650039839753178,-0.002705018443301156,0.0007012739455492524
18,Centralized,-0.002663463110955204,0.02350530445345653,-0.0001730893034420308,-0.008650039839753178,-0.002705018443301156,0.0007012739455492524
19,0,-0.004643682028754634,0.051304791001899046,-0.010676329203242128,-0.011430359329584309,-0.013939845305120765,-0.011359813914388157
19,1,0.0066061476474873655,-0.012674226325867175,0.005282254044772927,0.0008058621664813193,0.0023226812374440493,9.872492499523846e-05
19,2,0.0017853644883727025,-0.006503853418442924,0.004103052237024271,0.005489335947892143,-0.001051107913209079,0.00024416238982834145
19,3,0.005371126139230943,-0.020186550709843137,0.006209513862434078,0.006720596794750604,0.0018814600594229184,0.003833938372565606
19,4,0.004269158582931351,-0.017070011835383144,0.005873563245383591,0.00544351512371462,0.003554491940603204,0.0026150844884695944
19,5,0.004033465626843615,-0.01965813013245438,0.005629827728558149,0.005669493762394351,0.0024491020828924515,0.0018983660600227384
19,Aggregated,-0.0024727914578305137,0.02677585615260553,-0.004122628438276897,-0.004036949656098426,-0.006836215182347946,-0.00677491953507257
19,Centralized,-0.0024727914578305137,0.02677585615260553,-0.004122628438276897,-0.004036949656098426,-0.006836215182347946,-0.00677491953507257
20,0,-0.009870050198172,0.05157453775973567,-0.017982415274656244,-0.015055945403113022,-0.020106971258404358,-0.0021314267548776704
20,1,0.0018615939978031508,-0.023393169003984252,-0.004647662587334334,6.52544758750888e-05,-0.0005931436390675412,0.010251072800653885
20,2,-0.003688266798986913,-0.012426764351054371,-0.005394071996802436,0.0011476429572370667,-0.006992999477395978,0.013418852316941397
20,3,0.000858341610314867,-0.02322085689841741,0.0011224549388942492,0.007516607975138619,0.0008451181344606481,0.006361446055491104
20,4,0.003133713481998706,-0.019296058026371347,0.000816420455711128,0.004703752710574527,0.0010512473843366358,0.0074813955157752195
20,5,0.0010969925188804646,-0.022691163316769982,0.0011798224667591486,0.002130620765717165,-0.002729556536856036,0.014948450243431225
20,Aggregated,-0.0075343060705188765,0.029773599257513442,-0.011554923830728554,-0.007399331290516913,-0.012075148422109999,-0.001195892808585687
20,Centralized,-0.0075343060705188765,0.029773599257513442,-0.011554923830728554,-0.007399331290516913,-0.012075148422109999,-0.001195892808585687
21,0,-0.013073357068867973,0.05764569823109163,-0.0267551013732172,-0.01650757612174096,0.0038903202227632662,-0.0006467290395749497
21,1,4.31817552311406e-05,-0.02007118993004275,-0.008101628950170758,0.003262325638279231,0.00985180607349301,0.010510995410664888
21,2,-0.0034378399126238266,-0.012399313161398726,-0.009279959572466216,0.00239866355223202,0.014013822523893195,0.008611817356996678
21,3,0.0008851198400681061,-0.019797869015900145,-0.004191538124083904,0.00752386849871947,0.008500956925599998,0.007423463811518199
21,4,0.0018069888875077169,-0.023539614910902642,0.0008821885335606775,0.00670362011721056,0.006352487136873233,0.005906231856480996
21,5,-0.002742478664879638,-0.018723139252044645,-0.005893338832534638,0.0027242814122660055,0.014735159705678267,0.009899515631514762
21,Aggregated,-0.008731615216309033,0.03521550718299072,-0.01693634472189656,-0.0068461639818461935,0.0019311385928968612,-0.0012412885630660223
21,Centralized,-0.008731615216309033,0.03521550718299072,-0.01693634472189656,-0.0068461639818461935,0.0019311385928968612,-0.0012412885630660223
22,0,0.0030507901093039433,0.06704631551732709,-0.004172982456415669,-0.007636177430679648,-0.01712703920065678,-0.02355418541249632
22,1,0.011728251317403402,-0.012454348127063777,0.0073779367550794814,0.0065988652676920185,7.351291780288705e-06,-0.00044865788359876467
22,2,0.011330253332320399,-0.00802774450942707,0.010271135423730341,0.009523316610063774,-0.004523546071710493,-0.0019829122341372706
22,3,0.00138935784074566,-0.01793904082845119,0.00800165526951177,0.011940642573235858,0.00414501942749595,0.0005812378803577657
22,4,0.004659321204543241,-0.01699233053507566,0.00879721304298474,0.007451597050273543,0.0033185238058339784,0.003494119757200742
22,5,0.005800500711086734,-0.011373185459526841,0.010985302548454109,0.009523043024141739,0.0037922370277654717,0.0014556640036023872
22,Aggregated,-0.0006895930851008284,0.04251243548046228,-0.00222556391039416,-0.0014156717105558748,-0.010256875463827055,-0.01348892140406904
22,Centralized,-0.0006895930851008284,0.04251243548046228,-0.00222556391039416,-0.0014156717105558748,-0.010256875463827055,-0.01348892140406904
23,0,-0.010477662472147032,0.07224847993327736,-0.015579932204737718,-0.016771603275393707,-0.01626047461258368,-0.015176408544072
23,1,0.0030336438999445823,-0.0021695319118637036,0.004746163254835826,0.0013853840479523224,0.001027501903374249,0.003689823492397441
23,2,-0.0006532060816189847,-0.005038649596402397,0.0022911882685308247,0.0037436266074826036,0.002125742422244381,0.002960483374376003
23,3,0.0035281693919175035,-0.01806355657934945,0.00414084264826782,0.0057128254638903146,0.002975771229177246,0.006131089090009688
23,4,0.0021781049692724333,-0.014398479174535383,0.0037462414481770024,0.0017425649396646619,0.0004627091885712472,0.0038663273151743043
23,5,0.0011779355034003422,-0.016607915563276003,-0.004541919753986568,0.0002207299674497395,0.0009802781002163584,0.0043343283012988254
23,Aggregated,-0.007262172544387859,0.04676170308855006,-0.009951043138769053,-0.0092695173392453,-0.010761525748082056,-0.00913008029857216
23,Centralized,-0.007262172544387859,0.04676170308855006,-0.009951043138769053,-0.0092695173392453,-0.010761525748082056,-0.00913008029857216
24,0,-0.008292064080243647,0.0883683232037333,-0.01918570265976577,-0.01901897757593058,-0.014903254900897426,-0.019212917488513753
24,1,-0.00154131163389582,-0.001353281454621893,0.003930961080175549,-0.004413810634755511,0.002096232975836753,0.005374433953458558
24,2,-0.0022845796658857967,-0.002206119063951161,-0.0013814521067903338,0.0017808255543379028,0.002284887350792584,-0.0007167588874727108
24,3,0.003597973134469639,-0.006036168023144386,-0.0029149346524149355,0.005302690667127869,0.0029567407906799163,-0.005155182973034092
24,4,0.0014017895428737163,-0.006830530621499519,0.00400491404184461,0.0014375183221696393,0.00387815082852727,0.00020113101577693971
24,5,0.004927562633565811,-0.005251434820993172,-0.0031260981920420384,0.003928474339391621,0.0028905436599187084,-0.00504415766288392
24,Aggregated,-0.00647647057580571,0.06363389500607923,-0.013717386121369104,-0.012396750809768443,-0.010213578626451954,-0.015686369494391193
24,Centralized,-0.00647647057580571,0.06363389500607923,-0.013717386121369104,-0.012396750809768443,-0.010213578626451954,-0.015686369494391193
25,0,-0.01192522827127432,0.10046705150453977,-0.02752492461598344,-0.02149238935278077,-0.015954817805071905,-0.018558519981097834
25,1,0.0012745915914802867,-0.006828588460945358,-0.005146117069390852,-0.0012989470220403359,0.003595692132396496,-0.001658815627371494
25,2,0.0017579798995113456,-0.0024021297956389664,-0.0027570600058788347,0.0030597220622565944,0.004330221048367412,0.0029016948757319455
25,3,-0.0034531178277324597,-0.0045388398758799044,0.003266369443311845,0.005279917185693386,-0.00014343350534653704,0.0017698661925183157
25,4,-0.0007377999391851023,-0.0025595970941189494,0.000193748354666264,0.001245389067879619,0.001769894772597593,0.00020952238648078714
25,5,-0.0040203979263281715,-0.0010161400887291963,0.00599578650598554,0.005558491395358801,-0.0019290858163273515,0.005245926392948987
25,Aggregated,-0.011921564213074652,0.07297083763247512,-0.01702153369923988,-0.011009493932734088,-0.013249672205213786,-0.01393570102375386
25,Centralized,-0.011921564213074652,0.07297083763247512,-0.01702153369923988,-0.011009493932734088,-0.013249672205213786,-0.01393570102375386
26,0,-0.012401338537199673,0.08643576558119759,-0.0194124504898983,-0.02114818061601897,-0.017223236997493174,-0.013822190751710994
26,1,0.00028006899159072247,-0.013123919585484664,0.0019868847305342203,0.00407459037995195,0.002765171492344621,0.008572767414236012
26,2,-0.006141645346616035,-0.017851058170848325,-0.0008577237854899281,0.0014730561173825017,0.001951314264208931,0.009292497949981016
26,3,-0.0017671117749972136,-0.010017576603084154,0.003141757240186267,0.0019217008458073726,0.001579699737532095,0.0066090789557297904
26,4,-0.002460145143677987,-0.014412197471980194,0.002333892941175507,-0.0004285884251969796,0.001479358728498866,0.005023096477469465
26,5,0.0007714736792807153,-0.01867267953512851,0.007092917358591677,0.0024226682925826476,0.0058636553574645,0.006448548556392645
26,Aggregated,-0.012123951750505745,0.07026784433698857,-0.0146354671520375,-0.015161137804311152,-0.016179066337257915,-0.010425382347435909
26,Centralized,-0.012123951750505745,0.07026784433698857,-0.0146354671520375,-0.015161137804311152,-0.016179066337257915,-0.010425382347435909
27,0,-0.0038731601334645724,0.13510334484933983,-0.024177011745211308,-0.04530287261432211,-0.036016676775909605,-0.022247168198009683
27,1,0.0063685707154765665,0.007415310087243627,0.0010907018929585525,-0.013500628636982285,-0.0040051603445306885,0.004890934427251089
27,2,0.0025031861043487654,0.01128721220185849,-0.0012549414833130381,-0.011517038917867994,-0.006309973203124158,0.005783990372766428
27,3,0.0030716233371403203,-0.0032970415870024953,0.0036462679481277065,-0.00577914646764168,0.0026774811223102646,0.006680793162933249
27,4,0.005257748820217312,-0.0004921793190492558,0.00542120404945528,-0.009784947511863602,0.003052907768267052,0.004737217176895323
27,5,0.006387594495003043,0.0007438452716614557,0.00029954899561461675,-0.016030663907602685,-0.006636083729874529,0.003088195242918725
27,Aggregated,-0.004638417374976715,0.09797680998244931,-0.013316901176026717,-0.027400799725928557,-0.021454005748817926,-0.010970385402931418
27,Centralized,-0.004638417374976715,0.09797680998244931,-0.013316901176026717,-0.027400799725928557,-0.021454005748817926,-0.010970385402931418
28,0,-0.008878432519318347,0.13098818137469007,-0.028811436408725882,-0.019699640048818794,-0.01379226439416217,-0.015664680150547675
28,1,-0.0022506569429656467,5.8152541241623326e-05,-0.004378740296898153,0.0006603404943680743,0.0017069967210890263,0.004095154733404674
28,2,-0.0026909838619296866,0.010435980006927068,-0.007337678861433515,0.003068611880234689,0.0022108968831455493,0.006223738968723904
28,3,-0.0021331540031500544,-0.007823585463616294,-0.002255306529682346,-0.0012848085105190777,0.0025223155378699216,0.0024606544477296954
28,4,-0.0025714052351158323,-0.004365286168657554,0.0008945607841363705,-0.0007681424294179917,0.0019408924859450338,0.0031289747796477392
28,5,0.0043972287930255085,-0.0065169580534176355,0.001080728150031726,0.003900371389936427,0.005402745227893531,0.005849931243182574
28,Aggregated,-0.010343185062469049,0.09711160658517952,-0.019902460725136434,-0.015784797626310184,-0.012743264914783633,-0.012395622775749736
28,Centralized,-0.010343185062469049,0.09711160658517952,-0.019902460725136434,-0.015784797626310184,-0.012743264914783633,-0.012395622775749736
29,0,-0.012292563625339644,0.12716493478232252,-0.027735115190376417,-0.02633591384614376,-0.021581972640846964,-0.025887023807389296
29,1,-0.0018313597422385233,-0.003307839797899459,0.003326599622438158,0.00020165927749339217,2.394737972480539e-05,0.004792324959334004
29,2,-0.0030405757792394666,-0.0033535676879995,-0.0010395332264935898,-0.0002444683455295783,0.0017233914703530845,0.005464407736743382
29,3,-1.6712116947681684e-05,-0.012825748768883486,-0.004287785212387943,0.00331808627386681,0.0037489883023515574,0.006974805420058476
29,4,0.0005622722319904978,-0.00914472219480911,-0.0011142684247739216,0.0004151222559941862,0.003450463430975386,0.0056297937054289315
29,5,0.0006575514243038588,-0.012052214900247899,-0.006470867500757935,0.003716246885623795,0.004413446599091971,0.002189636054702832
29,Aggregated,-0.013419453338336076,0.09375415682080758,-0.021516536204320636,-0.018205502979933282,-0.016776719700051294,-0.0157896075843696
29,Centralized,-0.013419453338336076,0.09375415682080758,-0.021516536204320636,-0.018205502979933282,-0.016776719700051294,-0.0157896075843696
30,0,-0.018018012816829937,0.1264212212073609,-0.02675493771055903,-0.03400700144667508,-0.024009034145662397,-0.024463982647812427
30,1,0.00562396069670334,-0.006166445618364263,0.0020024820136733583,-0.000930598949314652,0.0005245836938786682,0.0020374136601778612
30,2,-0.0012676709763601117,0.00012674434156254515,0.000546212423350917,0.0030152320263034183,-0.0005076615514812015,0.0026778226111240206
30,3,-0.002824705259900401,-0.0024918698304883433,0.005172935498393618,0.0052007171752076215,0.0032679784682841987,0.005502415086337082
30,4,0.00039871423206367,-0.0019197555231798002,0.0022477375865743053,-0.00252752845205609,0.0028275072915340577,0.005119933965991982
30,5,-0.00014065471912782327,-0.0035806273630606287,0.0050426215675555865,-0.0010785337765554016,0.004931689009814309,0.004372608478711278
30,Aggregated,-0.014347301795523156,0.09761835721386986,-0.017283688107478268,-0.01931839714163307,-0.017593473119310612,-0.015986714411142165
30,Centralized,-0.014347301795523156,0.09761835721386986,-0.017283688107478268,-0.01931839714163307,-0.017593473119310612,-0.015986714411142165
31,0,-0.007444936610940984,0.1341478348402524,-0.023106983322030573,-0.026411873674329116,-0.018621197497527463,-0.025335517032668096
31,1,0.0005450997724184355,-0.010818798241560795,0.0019169713558315122,0.0025062714180039522,0.0010523779510130727,-0.00027951763008440453
31,2,0.0001704641066029118,-0.0074706860275455264,0.00034125048454946384,0.0023414664144362513,0.0017281015648809186,0.0006669075212602348
31,3,-0.005173440158776662,-0.008972110016097419,0.003931403482452222,0.0014207435924818508,-0.005514060845664393,0.00036492715973788966
31,4,-0.0023155615628348484,-0.0072283951200301216,-0.0003953106424335902,-0.003070490545824095,0.002498930330728988,0.00023579811923276812
31,5,-0.002937494707632591,-0.0019018046791228543,0.004385287080587695,0.0006498753707276854,-0.0012329076572365346,0.001349933067899839
31,Aggregated,-0.010860569152691806,0.09990643406542964,-0.015125534517150393,-0.017477347021898564,-0.01893742379966474,-0.019019855813505068
31,Centralized,-0.010860569152691806,0.09990643406542964,-0.015125534517150393,-0.017477347021898564,-0.01893742379966474,-0.019019855813505068
32,0,-0.02794437964920595,0.1266219563375862,-0.033139221607563996,-0.028331006348212125,-0.023407356592659447,-0.029882429606183442
32,1,-0.001725486557669222,-0.002287937021981062,0.0023089164616603795,-0.001783475986775548,0.0027847992029236533,0.003585662318797804
32,2,-0.010705127632672756,0.0036984131566433986,-0.002345880925147914,-0.0007369238102886813,0.0031030948079983165,0.0036892978025490236
32,3,0.0012085376279379518,-0.0007385513751667498,0.004078168036670971,0.0023458582570922482,0.0030001059332895436,0.003867599104771258
32,4,0.0019479750834042926,-0.0015068465837569898,0.0028701561344966005,-0.0014852900605965428,0.0015054812389513777,0.004778163697129773
32,5,-0.008672924178668473,-0.0060518092630771105,0.0003102198841928438,-0.005112843356140904,0.00580115557318752,0.0013594607781731549
32,Aggregated,-0.01807325452322202,0.09923977361693669,-0.021001386886902,-0.02010668029846844,-0.019699136749418346,-0.021298398782108412
32,Centralized,-0.01807325452322202,0.09923977361693669,-0.021001386886902,-0.02010668029846844,-0.019699136749418346,-0.021298398782108412
33,0,-0.02080140061522336,0.1290632606573965,-0.034013208372524945,-0.024163440340317886,-0.0127876756954692,-0.0273709963243978
33,1,-0.0056639458236423385,0.0014259735845967467,-0.00398256449908361,-0.002568597151385743,0.006477369159848379,0.002275873588019307
33,2,-0.011328004782704817,0.006005476707324764,-0.007824358303563234,0.0009019096354350128,0.00697450199221745,0.0007275874975508933
33,3,-0.005128284243784794,-0.004083665655393968,-0.0007527236338243009,0.00022478141873114957,0.0020291440841308296,0.003301926554213823
33,4,-0.0012144812177883764,-0.0035222804528833047,-6.506758682849334e-05,-0.004552916908017142,0.0007929359888896999,0.0025540555017142695
33,5,-0.005944471541777761,-0.002178157379868075,-0.0018344949139587393,-0.0037155780334975027,0.00863805363771438,0.005034648231387729
33,Aggregated,-0.016336753465112992,0.09766959488487477,-0.02543144844970244,-0.01748889084623747,-0.014482938351176405,-0.02153854983809448
33,Centralized,-0.016336753465112992,0.09766959488487477,-0.02543144844970244,-0.01748889084623747,-0.014482938351176405,-0.02153854983809448
34,0,-0.0019903186495881624,0.12383987792472902,-0.03817657498245076,-0.018918231709989703,-0.016767559344801675,-0.04194238107075053
34,1,0.0011539443856618278,-0.002024619034224343,-0.0018234447215688422,0.0035818820176714943,0.003707968940234585,-0.0025805839688761868
34,2,-0.0007415482860229712,-0.001109546679204069,-0.006009324659099562,0.0014495961630540011,0.005760586480258457,-0.005873589225368782
34,3,-0.004076667567901434,-0.004561587282478648,0.002261037243346481,-0.0025097839440959067,0.00024074349214306217,0.004400879345508273
34,4,-0.0003126793305532024,-0.0020135627439830605,0.002063497530135873,0.0008083565716248815,0.003014716108052789,0.0026180556071523464
34,5,0.002542568640814062,-0.0012567326885959387,-0.004219837926172605,0.0032403778842261563,0.006507005256858016,-0.004519531483051864
34,Aggregated,-0.004096982607432728,0.09185090112371312,-0.02506415306419027,-0.015512753996763563,-0.015009317607809897,-0.027698063645766217
34,Centralized,-0.004096982607432728,0.09185090112371312,-0.02506415306419027,-0.015512753996763563,-0.015009317607809897,-0.027698063645766217
35,0,0.006231881163854687,0.10475580614396941,-0.01879359958320413,-0.018774738402980294,-0.030589628500990992,-0.028789644749296735
35,1,0.0007723890533013811,-0.010587669510546087,0.007289261778263603,0.0007744711254106418,0.0011423304077575432,0.0025794066326407425
35,2,0.001970819726909219,-0.0002240083867171721,0.011239166089398104,0.0039999459637881825,-0.0002874599507223186,0.004701269113877511
35,3,0.0017192900586002371,-0.00536330620123258,-0.0015997177051661666,-0.0012565619250147968,0.004670082944285733,0.006260146340998115
35,4,0.0021550495891490013,-0.009085122828090852,0.0008560592785757659,-0.003100496748157518,0.001490335285865291,0.0015057916802286779
35,5,0.0015681038220972036,-0.013390739288211492,0.00845571512263445,0.0004821593215517857,0.0009448205612465029,0.005112641452568925
35,Aggregated,0.006546514890867278,0.07890678001355081,-0.017613898677242328,-0.013281580532338685,-0.02208858880895994,-0.01920137066277612
35,Centralized,0.006546514890867278,0.07890678001355081,-0.017613898677242328,-0.013281580532338685,-0.02208858880895994,-0.01920137066277612
36,0,0.014270204615291845,0.10736806921263439,-0.032464340859888134,-0.02855353321868742,-0.024029518089753538,-0.03546871642724637
36,1,0.0017078057896935082,-0.00219302358820928,-0.0005627306126596398,-0.0016601543354643768,0.00194002920169154,-0.0014107541205754433
36,2,0.0025172386249637966,-0.003631576710743987,-0.0033348274861189743,-0.004187439976995511,0.0005291447075178498,-0.007105070676188444
36,3,-0.0034666448256722494,-0.007339403619489292,0.002028570901905878,0.00498547584379923,-0.00043487457635425314,0.003498020413242713
36,4,0.0002844218877376588,-0.004262763006963457,0.003539602139077365,0.0003118232125101261,0.002841619365622011,0.003463680144445927
36,5,0.00338020863150304,-0.0012337893917437398,-0.0007018430575546704,-0.0028753903771349403,0.004418573784781121,-0.0021339164538138095
36,Aggregated,0.006568452135750724,0.07702285719079688,-0.025665661129811692,-0.01610543744185084,-0.018715917355721555,-0.024907978902327294
36,Centralized,0.006568452135750724,0.07702285719079688,-0.025665661129811692,-0.01610543744185084,-0.018715917355721555,-0.024907978902327294
37,0,0.005440205722648201,0.11601746645523006,-0.03278246705753529,-0.023639561880406015,-0.028033650698177433,-0.033196261458936754
37,1,0.0004214165271964535,0.0050031851392060974,-2.0288629920757936e-05,-0.001042096676795301,0.0020611339461005258,-0.0018563880352349407
37,2,0.0017796454741444145,0.011244753215320908,-0.000555094457927698,0.00041525282462109294,0.004665976938109363,-0.0023380024767027593
37,3,-0.0007498991304431972,-0.0063830336166670575,0.0027931628937204714,0.0031628440892611533,0.0026129657366754416,0.003620635908669729
37,4,0.000897754330812919,-0.001999456773462298,-0.00034205555892443675,-0.006190146963241315,-0.00018430805521203094,0.0016398292775975185
37,5,-3.195009055597911e-05,-0.0003693527693817459,0.0023422882078754127,-0.005498037952258224,0.0025163188441374145,0.002158707232972087
37,Aggregated,0.00566833862010699,0.08255432057343794,-0.02278645232521035,-0.015750581694590243,-0.02184012377971822,-0.023817580873522825
37,Centralized,0.00566833862010699,0.08255432057343794,-0.02278645232521035,-0.015750581694590243,-0.02184012377971822,-0.023817580873522825
38,0,0.007372770375831991,0.1053088574608767,-0.02804506735470093,-0.01861512996406464,-0.0269524611372411,-0.02556371115752083
38,1,0.0006284108155820478,0.0007109086919897256,-0.006680240717301363,0.002713478376824632,0.0018355507335451825,0.0005071444511353644
38,2,-0.0006322307791703637,0.0013853877408273275,-0.005425259637032891,-0.00026712384797079604,-0.0016037996627008796,0.0014986036689040526
38,3,-0.0049241852776128765,-0.003646994446607944,0.0004006312953981924,-0.003465655242367537,8.597710156127055e-05,0.0006190671153438743
38,4,0.0002515722480078993,0.0019784730750745014,0.0022840945449485142,-0.0011888225666611186,0.0018694995819850699,0.003181996310552176
38,5,0.001642671521978212,-0.0018410949647388064,0.00041528087801392016,-0.0010860401900142983,0.0028456992438383307,0.0029518567884644427
38,Aggregated,0.004454329852796746,0.07150464532160773,-0.019246522119208194,-0.011423734808291428,-0.018536366076174253,-0.021981916102271886
38,Centralized,0.004454329852796746,0.07150464532160773,-0.019246522119208194,-0.011423734808291428,-0.018536366076174253,-0.021981916102271886
39,0,0.005386632334371223,0.09455866967457413,-0.026544913173325968,-0.012537303966424362,-0.02573593218466273,-0.04176479490860287
39,1,0.003577882898562559,0.0011889674360678595,0.002783994963948472,-0.0043710726694693326,0.001958651915672054,0.002941260140712871
39,2,-0.0006684664098814186,0.0036162489813458673,0.0015730161719971195,0.0017404525810854239,0.0008550777929147546,0.0017183723746624258
39,3,-0.0016051431755043052,-0.0009477130934268755,0.0012376484021965192,-0.0017003338187611449,0.007384983700079252,0.0021844366974380705
39,4,-8.722013134879747e-05,0.0015441348499854572,0.000442746092819433,-0.004699593664710188,0.0018814490388549673,-0.0009949047751763307
39,5,0.001270169267929434,-0.0014859308496090666,0.001367669429051864,-0.003317476487730504,0.003094251857768947,-0.00486142476509457
39,Aggregated,0.005706963530618813,0.07129403215003338,-0.01875066219651685,-0.007847132016166773,-0.017399685402260907,-0.03267516223197617
39,Centralized,0.005706963530618813,0.07129403215003338,-0.01875066219651685,-0.007847132016166773,-0.017399685402260907,-0.03267516223197617
40,0,0.0017701103548830159,0.1010451780060069,-0.02870009088985363,-0.004829319178839244,-0.03007648991843657,-0.03339526216752777
40,1,-0.0019046695198257856,0.0027431791041184614,0.0003655920967548909,-0.00013859061700963922,-0.0018065257561045548,0.0006165224420214499
40,2,-0.004431548679331035,0.0004496645797592711,0.0014398553533931488,0.0002686439009219283,-0.002968419994459871,-0.0016037379530630354
40,3,-0.011755553803643098,0.004370120412019946,0.004126747411986662,0.0048520066955197215,0.0005110421595034035,-0.004932504849918918
40,4,-0.0034309867033005055,0.0042872266518816544,0.0025746212841469404,0.0001347505000531102,0.002590255075061338,-0.00010555098656696571
40,5,-0.005274583152038401,0.001607178429387151,0.0036885081723245254,0.00196175347617179,0.00023026907757625059,-0.00220538871592195
40,Aggregated,-0.0024060874694174722,0.07944851338602738,-0.021530727928511444,0.002012253478079456,-0.02779628196783567,-0.031257998321392234
40,Centralized,-0.0024060874694174722,0.07944851338602738,-0.021530727928511444,0.002012253478079456,-0.02779628196783567,-0.031257998321392234
41,0,-0.0043299394323506385,0.10694691409960551,-0.03421632853781641,-0.013096702162183208,-0.02570861123725071,-0.03593376052491646
41,1,-0.0003568820867161963,-0.0021387815715460485,-0.0006701919294630506,-0.0017900149920860734,0.0009063801400380803,0.0022911789913794872
41,2,-0.00014901385421917473,-0.003434590234291574,0.002967117154981588,0.0025893804504199297,0.0006253184533318967,0.0024318707792690074
41,3,-0.0017759067116053632,-0.008681714444996103,0.0021726168920378954,0.000629020383320413,-0.0005567672247895376,0.002657949628773837
41,4,0.000901907986450305,-0.004571382073188797,-0.0025166852647938213,-0.0037040854741904575,0.0014939494328443117,0.0002726346752503217
41,5,-0.005388882001914579,-0.004590890189943766,0.002465227289617852,-0.008437797091876666,0.002767191632946039,0.004367427594961727
41,Aggregated,-0.0013045390652831285,0.07421862376948345,-0.02427303296808169,-0.006920772346735881,-0.018675030803072604,-0.023857710400534162
41,Centralized,-0.0013045390652831285,0.07421862376948345,-0.02427303296808169,-0.006920772346735881,-0.018675030803072604,-0.023857710400534162
42,0,0.0012786641063468075,0.09417154574535547,-0.018063212052683464,-0.007285379108713987,-0.015333897865336184,-0.03289910093951559
42,1,0.003350463979329298,-0.004311429264699702,0.003785374872746799,-0.001553308213870567,-0.000330995146085696,0.0031145295989664003
42,2,-0.0005653895371998711,-0.003756032511156811,0.0025234947443964805,-0.0035420362692539747,-0.0024180147035993763,0.0007387368279773115
42,3,-0.004689627713822781,-0.0020518176280293543,-0.0007996627199660804,0.0025590939846638016,0.0007217288727046597,0.0061161305924441875
42,4,0.00021016111652442105,-0.002904107709867353,0.0031886996233089103,-0.0010596727308851879,0.002706303518681739,0.0018453496681654993
42,5,0.0002772170974730981,5.0610156656411e-05,0.0024729794777030977,0.002421913898793641,0.0039524146831630145,0.003567591712604611
42,Aggregated,-0.001438745732823456,0.0651769269963153,-0.01415944968344913,-0.0005785225600482283,-0.011055409680914507,-0.024284895768382362
42,Centralized,-0.001438745732823456,0.0651769269963153,-0.01415944968344913,-0.0005785225600482283,-0.011055409680914507,-0.024284895768382362
43,0,-0.012319779919442499,0.0772763157348257,-0.019518908963008005,-0.007898413462786243,-0.01687434408995359,-0.03493234803400986
43,1,-0.0017022763416998283,-0.00314935596776943,-0.0006858789023597659,-0.00605167087493847,0.0014282149653060757,1.5286080116324226e-06
43,2,-0.003982209297088862,-0.0012877587194250124,0.00024852932322379137,3.601641515890708e-05,0.005719051199412749,-0.001692501426819194
43,3,0.0013627253861689577,-0.0021762294429738907,0.0045281336068046995,0.0033347904378702325,0.00028482003921622887,0.005484986141398885
43,4,-0.00014399719040469143,-0.000870799449709715,-0.001384796388037357,-0.007958337519865024,-0.0007597890256590579,0.0005766620970073725
43,5,-0.008762649045039303,-0.0074952068539795354,0.002158334240400935,-0.007714038465841884,0.005910945841201457,0.001016527474758113
43,Aggregated,-0.0036330800705796046,0.053692615625917164,-0.012922100047379849,-0.002156237523276964,-0.013299761974748962,-0.023578328141759315
43,Centralized,-0.0036330800705796046,0.053692615625917164,-0.012922100047379849,-0.002156237523276964,-0.013299761974748962,-0.023578328141759315
44,0,0.007178676388100594,0.09045354566312594,-0.019049970415821457,-0.010859506740413132,-0.009799686693738844,-0.03797610843257899
44,1,0.00220702928761157,0.0009895930376331756,-0.0013309880293814913,0.00019968819428872926,0.004153059392029427,-0.006105855156937086
44,2,-0.0012264134964244666,0.0003181392228470578,-0.0018897571782609832,0.001900272887355381,0.0012513951145930384,-0.007095599211214049
44,3,-0.0034391999025510083,-0.00693197612528268,0.0002964846937424178,-0.0002328867520178468,-0.002594782731574668,-0.000505732191807623
44,4,-0.0003373830483971348,-0.0030701269065855673,0.004596908429990115,-0.0007368055675129659,0.004352242945984107,0.0035719181869112914
44,5,0.002961929505515503,0.002157303227224643,-0.0001822362075010982,-4.288577475983768e-05,0.007389692903000672,-0.0034440635953104093
44,Aggregated,0.004518979753801634,0.05251669533855538,-0.0123535094255967,-0.0025923707005064524,-0.011597790125056335,-0.022556782590540673
44,Centralized,0.004518979753801634,0.05251669533855538,-0.0123535094255967,-0.0025923707005064524,-0.011597790125056335,-0.022556782590540673
45,0,-0.005512725485172098,0.07772222011494387,-0.020161262047158856,-0.01199427414895576,-0.027928858792975467,-0.022611969836623454
45,1,-0.0016862366594566408,0.002032979611273193,0.0006066665176801637,-0.0003533325196436491,-0.0025109467954955358,0.0018511737511442805
45,2,-0.0018195942603214314,0.007330431715671818,0.0011731612266010032,0.003941225961236742,-0.000214925308321177,0.0005977099777616198
45,3,-0.001760865875140692,-0.0010922706496783545,0.004531911759224626,0.0021219004791098507,0.0026148936847519406,0.0029188805540837433
45,4,0.0029758952517586206,-0.004417148310412429,-0.001540367590068493,-0.00796687143438097,0.0001790461072082102,0.002013359674887068
45,5,-0.005152731665172424,-0.0012838015844120697,0.0007587447858169043,-0.000798973655866649,-0.005821453208271733,0.005143891102202913
45,Aggregated,-0.0006123785301744381,0.04991874281893848,-0.011506876701045061,-0.005989130801336147,-0.01936956581292232,-0.013193568418046182
45,Centralized,-0.0006123785301744381,0.04991874281893848,-0.011506876701045061,-0.005989130801336147,-0.01936956581292232,-0.013193568418046182
46,0,0.003843396411775564,0.07342849745500493,-0.012943109627858466,-0.014239398417537696,-0.015910093589365404,-0.014589371786595232
46,1,0.0007484171399722964,0.004437617411168405,0.003457911800631925,-0.002775272381931911,0.0019635741533977212,-0.0016898552896265824
46,2,-0.0022481879549488388,0.002188387398329246,0.0030465613561642653,-0.000345155131518519,-0.0012486327806566166,-0.0024120120206907944
46,3,-0.003106189625252493,-0.007058938289103077,-0.0017916619776089898,-0.0003640674046596441,-0.002879737282421582,0.0020649243620552912
46,4,0.0012673048922240582,-0.0010923379024210366,0.003932330493639757,-0.0032422790720756023,0.004367590071447715,0.0036044848749143196
46,5,0.002155991104269419,-0.0021673687382521784,0.003541827480835765,0.0007000933311080093,0.004796275149228094,0.004173852648844719
46,Aggregated,0.0007715134363592372,0.04720036725609053,-0.011226622718176945,-0.006796445978702268,-0.015586497668823258,-0.01039911244518649
46,Centralized,0.0007715134363592372,0.04720036725609053,-0.011226622718176945,-0.006796445978702268,-0.015586497668823258,-0.01039911244518649
47,0,-0.0030116997165783935,0.06800537518837718,-0.016685140926665846,-0.01831975201808086,-0.016129772622948846,-0.014626344155640446
47,1,0.0015653312792244466,-0.002574860182853691,0.002553378623302856,-0.0006634052774717865,0.0014982082561637614,-0.0006180572564087495
47,2,0.00042145726192884626,-0.0014429034174100834,0.0026196858944522155,-0.00017642898142126163,0.0023126779039068473,0.003093502790151163
47,3,-0.0023075193127732054,-0.010970672190302472,0.005366509794658865,0.0061325252592217255,0.0013819758443877753,0.0026242542601876383
47,4,0.0033439037979361747,-0.0006218337352893489,0.0004529770691727201,-0.004513970150542206,0.0028595701633387094,0.0006147513095880149
47,5,-0.001836004502108762,-0.011345055590059418,0.0032600546513793737,-0.004614345370884184,-0.000291462731003662,0.003928183435981316
47,Aggregated,-0.00033359517723658013,0.040675001658437376,-0.008655429093182575,-0.00906184677595143,-0.011627265184886874,-0.008123779622611495
47,Centralized,-0.00033359517723658013,0.040675001658437376,-0.008655429093182575,-0.00906184677595143,-0.011627265184886874,-0.008123779622611495
48,0,0.00897519009481767,0.07500000592228628,-0.019732712296057095,-0.02330094164994532,-0.024754146781387525,-0.01518335396225974
48,1,0.0015006781539302608,-0.003254879318854509,0.001041034545384443,0.0030623687467290247,-0.0029867121343672993,0.002828239832722433
48,2,-0.0004160795708499973,-0.00512459507717934,0.0004425028889175712,0.0015000780678135015,-0.005266769343571272,0.0023270297825413876
48,3,-0.009436419225725249,0.0008102468884962247,0.005585176052963854,-0.0014353375726203548,0.003924270120575065,0.004252182077275901
48,4,-0.004766762229390273,-0.0015693927079379346,0.0021587294291411955,-0.001408884117009962,0.0007673633654761702,0.00268354780551676
48,5,0.0006294175581643925,-0.00028465361900545936,0.003198017901441686,0.0005309406462230326,0.0020517173215953634,0.004753249747077079
48,Aggregated,0.0023687025641442147,0.046160958003207776,-0.010132509851256034,-0.016514544976758756,-0.01229451902637826,-0.009426491880626825
48,Centralized,0.0023687025641442147,0.046160958003207776,-0.010132509851256034,-0.016514544976758756,-0.01229451902637826,-0.009426491880626825
49,0,-0.002412055142821335,0.05394658779944495,-0.030292176624319146,-0.017292293628104898,-0.011780371563291777,-0.011893619049082805
49,1,-0.0008876418731537475,-0.016990300683508004,-0.0048923952613026496,0.001155453752789986,0.008412412969968123,0.003013495807232743
49,2,-0.0009588445533497322,-0.008246276789821915,-0.0007542679433923135,0.001617400371546481,0.0009981593336265745,0.003892692654411657
49,3,-0.0013908704570315493,-0.006073843477962222,0.00232162833638577,0.0008631395818758195,-0.002451429765890716,0.0028742556333506072
49,4,0.0014510111985537254,-0.006147315799434038,-0.0008598746264006214,-0.004504461930372611,0.005063691108235456,0.003012505886326242
49,5,-0.0017538747310107345,-0.011973620523796743,-0.0026535966656263937,-0.003950244532951665,0.004983239142702282,0.002888489404527138
49,Aggregated,0.0013446046970391728,0.03711116000747965,-0.0173572290385633,-0.011374597290166186,-0.01088385892240119,-0.008488597261546032
49,Centralized,0.0013446046970391728,0.03711116000747965,-0.0173572290385633,-0.011374597290166186,-0.01088385892240119,-0.008488597261546032
50,0,0.008888550367846262,0.07817382466366497,-0.0186828596802385,-0.017644782807413915,-0.01030700030984556,-0.0252945922326693
50,1,0.0035673391114386444,0.0012346361639989738,0.0035768685453725357,-0.004294300452877406,0.004861331093311869,-0.0027327634101991455
50,2,0.0004265993957902947,-0.0012122581795315532,0.002089094339378298,-0.0006403502835001351,0.004048399156686201,-0.002976139193359177
50,3,-0.002928480257550986,-0.00451335719449216,0.003420424847696459,0.003952355309238349,0.0006454242503415068,0.007908388432607147
50,4,0.001703889944651162,-0.00276890590692856,0.003691555056338878,-0.0036564368612087574,0.0022963615545865076,0.0029943338683701397
50,5,0.004267284273810521,-4.154632186199973e-05,0.0033205660859301064,-0.0017769325358459869,0.004771828551291267,0.0019184078528321675
50,Aggregated,0.0031352131942139513,0.04488504373466728,-0.011559757834677838,-0.006554564502100887,-0.006342047613643113,-0.014362222615665209
50,Centralized,0.0031352131942139513,0.04488504373466728,-0.011559757834677838,-0.006554564502100887,-0.006342047613643113,-0.014362222615665209
