,BeforeLocalTraining,AfterLocalTraining,BeforeLocalPartialEvaluations,AfterLocalPartialEvaluations,BeforeEvaluation,AfterEvaluation
1,1784809136.1461153,1784809136.1853478,1784809137.7755337,1784809138.1567326,1784809138.1845686,1784809138.191078
2,1784809138.6546931,1784809138.6904163,1784809140.2086995,1784809140.589588,1784809140.6162846,1784809140.622603
3,1784809141.0739317,1784809141.110939,1784809142.7094603,1784809143.170915,1784809143.1974983,1784809143.2044437
4,1784809143.6739044,1784809143.710032,1784809145.2954614,1784809145.6795635,1784809145.706645,1784809145.7128828
5,1784809146.174748,1784809146.2104273,1784809147.8046358,1784809148.2387948,1784809148.265305,1784809148.2715673
6,1784809148.6995852,1784809148.735448,1784809150.324474,1784809150.6881654,1784809150.7145536,1784809150.7207544
7,1784809151.208846,1784809151.2484388,1784809152.8340368,1784809153.1991713,1784809153.225742,1784809153.2320232
8,1784809153.7084754,1784809153.7440996,1784809155.263843,1784809155.6385858,1784809155.6652615,1784809155.6716235
9,1784809156.1418164,1784809156.1775858,1784809157.7768314,1784809158.2256322,1784809158.2520342,1784809158.258277
10,1784809158.765437,1784809158.8015697,1784809160.3022418,1784809160.68786,1784809160.7150745,1784809160.7212973
11,1784809161.1662114,1784809161.2033598,1784809162.7833338,1784809163.1558611,1784809163.182378,1784809163.1885214
12,1784809163.6550863,1784809163.690767,1784809165.2901533,1784809165.6541584,1784809165.6807544,1784809165.6870308
13,1784809166.1764069,1784809166.212739,1784809167.8101337,1784809168.1783407,1784809168.2048779,1784809168.21121
14,1784809168.6869879,1784809168.7228916,1784809170.3125918,1784809170.6771262,1784809170.7038615,1784809170.7099805
15,1784809171.184939,1784809171.2205558,1784809172.735229,1784809173.1968741,1784809173.2233233,1784809173.2295766
16,1784809173.7065582,1784809173.742423,1784809175.3333955,1784809175.7138848,1784809175.7405255,1784809175.7467608
17,1784809176.2060273,1784809176.2416766,1784809177.838899,1784809178.2098866,1784809178.2365947,1784809178.2430675
18,1784809178.7053401,1784809178.7446904,1784809180.2837894,1784809180.6511238,1784809180.6775537,1784809180.6838374
19,1784809181.1472025,1784809181.1826108,1784809182.771724,1784809183.1369667,1784809183.16374,1784809183.1700552
20,1784809183.6469457,1784809183.6829517,1784809185.1958263,1784809185.5648034,1784809185.5913713,1784809185.5977018
21,1784809186.058157,1784809186.093597,1784809187.691121,1784809188.1556726,1784809188.184559,1784809188.1922202
22,1784809188.673166,1784809188.7137284,1784809190.3027039,1784809190.670056,1784809190.6968617,1784809190.703088
23,1784809191.1759906,1784809191.2120624,1784809192.7237408,1784809193.0904047,1784809193.1171522,1784809193.1234343
24,1784809193.6070783,1784809193.6443498,1784809195.2879171,1784809195.6554244,1784809195.6821527,1784809195.6887069
25,1784809196.1541505,1784809196.189974,1784809197.7095315,1784809198.0794668,1784809198.1058514,1784809198.1120505
26,1784809198.5837212,1784809198.619465,1784809200.2521043,1784809200.6266594,1784809200.6532512,1784809200.6597936
27,1784809201.1369398,1784809201.1765473,1784809202.7764935,1784809203.2322745,1784809203.2591527,1784809203.2653987
28,1784809203.7471576,1784809203.7825253,1784809205.3131304,1784809205.6925526,1784809205.7192063,1784809205.725356
29,1784809206.188923,1784809206.2245398,1784809207.8181353,1784809208.1803327,1784809208.2068107,1784809208.2130187
30,1784809208.6876428,1784809208.723458,,,,
