,BeforeLocalTraining,AfterLocalTraining,BeforeLocalPartialEvaluations,AfterLocalPartialEvaluations,BeforeEvaluation,AfterEvaluation
1,1791211780.0149097,1791211780.03805,1791211781.5426266,1791211781.763504,1791211781.791854,1791211781.7965033
2,1791211781.8581002,1791211781.880483,1791211783.173705,1791211783.5220454,1791211783.549363,1791211783.5535707
3,1791211783.6302133,1791211783.6538465,1791211784.8625703,1791211785.0901804,1791211785.1189592,1791211785.1239336
4,1791211785.1793427,1791211785.2045836,1791211786.550969,1791211786.7820733,1791211786.8084722,1791211786.8127127
5,1791211786.8670747,1791211786.8914108,1791211788.1611567,1791211788.3900657,1791211788.4180393,1791211788.4232466
6,1791211788.484723,1791211788.5057216,1791211789.6731594,1791211789.8978648,1791211789.9260764,1791211789.930765
7,1791211789.9946203,1791211790.0149972,1791211791.3284695,1791211791.5556257,1791211791.5825741,1791211791.5868855
8,1791211791.645547,1791211791.6671324,1791211793.008142,1791211793.357465,1791211793.3839731,1791211793.3880498
9,1791211793.4471998,1791211793.468329,1791211794.6368248,1791211794.8666048,1791211794.8961523,1791211794.90104
10,1791211794.9561896,1791211794.9776957,1791211796.3962045,1791211796.6182108,1791211796.644789,1791211796.6492562
11,1791211796.7141016,1791211796.7357755,1791211797.919525,1791211798.1345816,1791211798.1612275,1791211798.1670728
12,1791211798.2413876,1791211798.2668087,1791211799.5437179,1791211799.7688067,1791211799.7959974,1791211799.8004375
13,1791211799.9797618,1791211800.0002859,1791211801.2442508,1791211801.4641185,1791211801.4916914,1791211801.4965851
14,1791211801.550941,1791211801.5750191,1791211802.7393298,1791211802.971773,1791211802.9983015,1791211803.0030527
15,1791211803.0594208,1791211803.0813742,1791211804.3650784,1791211804.5817962,1791211804.6091082,1791211804.613843
16,1791211804.675742,1791211804.6969235,1791211805.8706367,1791211806.0856848,1791211806.1129572,1791211806.1172667
17,1791211806.1837816,1791211806.2110443,1791211807.483622,1791211807.7334118,1791211807.7637603,1791211807.7681365
18,1791211807.8226497,1791211807.8442588,1791211809.0467072,1791211809.395529,1791211809.42344,1791211809.4286156
19,1791211809.493038,1791211809.515269,1791211810.9021802,1791211811.1450653,1791211811.172631,1791211811.1776128
20,1791211811.2317352,1791211811.255043,1791211812.7350223,1791211812.933276,1791211812.9601235,1791211812.9637346
21,1791211813.0253284,1791211813.0495985,1791211814.265016,1791211814.4663985,1791211814.4953887,1791211814.5004344
22,1791211814.553198,1791211814.5744772,1791211815.692398,1791211815.8955503,1791211815.9219391,1791211815.926432
23,1791211815.9832203,1791211816.0049896,1791211817.1959958,1791211817.400014,1791211817.4271634,1791211817.4319248
24,1791211817.487033,1791211817.5095093,1791211818.6190221,1791211818.9326818,1791211818.9592328,1791211818.9629786
25,1791211819.0362656,1791211819.0550501,1791211820.2592735,1791211820.4608305,1791211820.488663,1791211820.4928937
26,1791211820.5557003,1791211820.5766573,1791211821.7686017,1791211821.9677026,1791211821.9948716,1791211821.9997423
27,1791211822.0712435,1791211822.1006994,1791211823.2187645,1791211823.4180365,1791211823.44461,1791211823.4481325
28,1791211823.509269,1791211823.5356464,1791211824.720713,1791211824.9218745,1791211824.9482594,1791211824.9530468
29,1791211825.1118295,1791211825.1323442,1791211826.3429754,1791211826.6764283,1791211826.7128756,1791211826.7172694
30,1791211826.8163977,1791211826.8369133,1791211828.053907,1791211828.2540822,1791211828.2812681,1791211828.2861624
31,1791211828.3426018,1791211828.367886,1791211829.5464506,1791211829.7531807,1791211829.7796772,1791211829.7841535
32,1791211829.8429189,1791211829.8697956,1791211830.9750893,1791211831.1727633,1791211831.1998796,1791211831.2040453
33,1791211831.2604456,1791211831.282004,1791211832.4573932,1791211832.6563349,1791211832.6820288,1791211832.6854997
34,1791211832.7426476,1791211832.7638474,1791211833.963334,1791211834.279528,1791211834.3123577,1791211834.3175676
35,1791211834.3790286,1791211834.3987322,1791211835.5121357,1791211835.717547,1791211835.7445683,1791211835.7485292
36,1791211835.8083525,1791211835.8293815,1791211837.0397706,1791211837.239242,1791211837.2659912,1791211837.2704644
37,1791211837.3242571,1791211837.3460295,1791211838.4631686,1791211838.6630132,1791211838.689616,1791211838.6935925
38,1791211838.748364,1791211838.7702277,1791211839.9798083,1791211840.1787786,1791211840.2055337,1791211840.2095683
39,1791211840.2666538,1791211840.2895093,1791211841.6141927,1791211841.873659,1791211841.8996265,1791211841.9037304
40,1791211841.960234,1791211841.9795086,1791211843.0972,1791211843.409698,1791211843.436856,1791211843.4406755
41,1791211843.5019968,1791211843.5205748,1791211844.7088552,1791211844.9087405,1791211844.9355354,1791211844.939719
42,1791211844.9924295,1791211845.0144572,1791211846.1262102,1791211846.3239903,1791211846.3507533,1791211846.3542795
43,1791211846.411898,1791211846.4388614,1791211847.6516926,1791211847.8509507,1791211847.8776484,1791211847.8811705
44,1791211847.937653,1791211847.9589884,1791211849.1506548,1791211849.3530996,1791211849.379457,1791211849.3835137
45,1791211849.5349102,1791211849.554102,1791211850.66328,1791211850.8641624,1791211850.8905873,1791211850.8941867
46,1791211850.9476511,1791211850.9687083,1791211852.152011,1791211852.3605483,1791211852.387656,1791211852.391884
47,1791211852.4446745,1791211852.4644012,1791211853.5761347,1791211853.7761035,1791211853.802907,1791211853.8064134
48,1791211853.863419,1791211853.8845742,1791211855.0928504,1791211855.29267,1791211855.3191168,1791211855.3225923
49,1791211855.3765259,1791211855.397725,1791211856.7185502,1791211856.9311235,1791211856.9574656,1791211856.9610105
50,1791211857.0139651,1791211857.0396798,1791211858.3008487,1791211858.6311197,1791211858.6583862,1791211858.6629124
