,BeforeLocalTraining,AfterLocalTraining,BeforeLocalPartialEvaluations,AfterLocalPartialEvaluations,BeforeEvaluation,AfterEvaluation
1,1786790153.3109152,1786790153.3513646,1786790154.6736834,1786790155.0775468,1786790155.104743,1786790155.1115596
2,1786790155.167027,1786790155.2062047,1786790156.6387687,1786790157.0326874,1786790157.059159,1786790157.0655222
3,1786790157.1307514,1786790157.1743126,1786790158.4770014,1786790158.8577409,1786790158.884039,1786790158.8904054
4,1786790158.95898,1786790158.9974415,1786790160.2490625,1786790160.6375546,1786790160.6638753,1786790160.6705341
5,1786790160.7268567,1786790160.7670581,1786790162.0941455,1786790162.4754117,1786790162.501795,1786790162.508249
6,1786790162.5695608,1786790162.6079307,1786790163.8605137,1786790164.241172,1786790164.2670896,1786790164.2733936
7,1786790164.3394315,1786790164.3772032,1786790165.7920065,1786790166.4788725,1786790166.5058396,1786790166.5128267
8,1786790166.658678,1786790166.6975076,1786790168.0547874,1786790168.4441776,1786790168.4707582,1786790168.4774916
9,1786790168.5487761,1786790168.593023,1786790169.8587258,1786790170.2597342,1786790170.2861338,1786790170.2926161
10,1786790170.3615396,1786790170.408224,1786790171.8347323,1786790172.2149239,1786790172.2412095,1786790172.2476397
11,1786790172.313124,1786790172.350774,1786790173.6670055,1786790174.0491536,1786790174.0753524,1786790174.081921
12,1786790174.1388352,1786790174.177452,1786790175.423647,1786790175.805547,1786790175.831569,1786790175.8378305
13,1786790175.8985782,1786790175.9367344,1786790177.2541816,1786790177.648624,1786790177.6751158,1786790177.6814764
14,1786790177.735633,1786790177.7740574,1786790179.0191877,1786790179.4069812,1786790179.4332602,1786790179.4398217
15,1786790179.4975262,1786790179.5363503,1786790181.005639,1786790181.6589577,1786790181.6852138,1786790181.691936
16,1786790181.771199,1786790181.8088548,1786790183.1434293,1786790183.5385213,1786790183.564808,1786790183.5712943
17,1786790183.6395574,1786790183.6809013,1786790184.9321911,1786790185.3370178,1786790185.3640072,1786790185.3704503
18,1786790185.423015,1786790185.4636195,1786790186.9139369,1786790187.3046591,1786790187.3307745,1786790187.337169
19,1786790187.3941483,1786790187.4315476,1786790188.7451305,1786790189.123066,1786790189.1493146,1786790189.1556904
20,1786790189.2257588,1786790189.2639449,1786790190.5056438,1786790190.8854756,1786790190.9115262,1786790190.9180179
21,1786790190.9877474,1786790191.025959,1786790192.3373184,1786790192.7160296,1786790192.7426314,1786790192.748906
22,1786790192.8227663,1786790192.8598146,1786790194.1060114,1786790194.4882927,1786790194.5142205,1786790194.520761
23,1786790194.5847733,1786790194.6222022,1786790196.1314247,1786790196.5877883,1786790196.6143904,1786790196.6209416
24,1786790196.7336786,1786790196.7731667,1786790198.125505,1786790198.5263193,1786790198.5529578,1786790198.5595586
25,1786790198.6199903,1786790198.658984,1786790199.9092915,1786790200.35651,1786790200.3847127,1786790200.3916514
26,1786790200.469112,1786790200.5231323,1786790201.8885036,1786790202.2696517,1786790202.2959719,1786790202.302483
27,1786790202.3620942,1786790202.4027553,,,,
