,BeforeLocalTraining,AfterLocalTraining,BeforeLocalPartialEvaluations,AfterLocalPartialEvaluations,BeforeEvaluation,AfterEvaluation
1,1786959018.3899987,1786959019.5280755,1786959050.5368016,1786959056.1880343,1786959056.19596,1786959056.3768015
2,1786959056.5605247,1786959057.4105694,1786959087.1969934,1786959094.695382,1786959094.7031314,1786959094.8805182
3,1786959095.3188555,1786959096.1414623,1786959125.7470336,1786959131.1878607,1786959131.1954236,1786959131.3715336
4,1786959131.5676744,1786959132.4796262,1786959162.2066891,1786959167.8065526,1786959167.8137598,1786959167.9946783
5,1786959168.2001996,1786959169.0426092,1786959199.2135363,1786959206.1952784,1786959206.208292,1786959206.4952137
6,1786959206.987937,1786959207.8695905,1786959237.746551,1786959243.303887,1786959243.3111374,1786959243.4905083
7,1786959243.7247767,1786959244.6627715,1786959273.793753,1786959279.2451308,1786959279.2577112,1786959279.5596352
8,1786959280.4618976,1786959282.1100943,1786959311.4034111,1786959316.9427989,1786959316.9501228,1786959317.1259859
9,1786959317.280741,1786959318.1106253,1786959347.205659,1786959352.7000492,1786959352.7074537,1786959352.884515
10,1786959353.0379024,1786959353.8510878,,,,
