,BeforeLocalTraining,AfterLocalTraining,BeforeLocalPartialEvaluations,AfterLocalPartialEvaluations,BeforeEvaluation,AfterEvaluation
1,1786791104.1060357,1786791104.147955,1786791105.4560835,1786791105.814006,1786791105.8419857,1786791105.8482819
2,1786791105.905806,1786791105.9435177,1786791107.279426,1786791107.6373885,1786791107.6640863,1786791107.6701298
3,1786791107.7242115,1786791107.7632911,1786791109.0086212,1786791109.3713589,1786791109.3979073,1786791109.403942
4,1786791109.4615352,1786791109.498784,1786791110.8229096,1786791111.3083985,1786791111.4446661,1786791111.462164
5,1786791111.6565952,1786791111.7270951,1786791113.1202507,1786791113.492724,1786791113.5197682,1786791113.5260205
6,1786791113.5973861,1786791113.6376262,1786791114.9006634,1786791115.3175614,1786791115.3442726,1786791115.3500938
7,1786791115.404618,1786791115.4429953,1786791116.8704274,1786791117.241891,1786791117.2688088,1786791117.2748816
8,1786791117.326829,1786791117.3639562,1786791118.615271,1786791118.9676762,1786791118.994479,1786791119.0006225
9,1786791119.0565097,1786791119.0953782,1786791120.4015715,1786791120.7547219,1786791120.7817497,1786791120.787862
10,1786791120.8536088,1786791120.8907347,1786791122.2043266,1786791122.554143,1786791122.5809975,1786791122.5868807
11,1786791122.6467726,1786791122.6853712,1786791123.9196975,1786791124.2719991,1786791124.2990267,1786791124.3050985
12,1786791124.365945,1786791124.4029634,1786791125.7201953,1786791126.365837,1786791126.4122233,1786791126.4249458
13,1786791126.6578305,1786791126.7187667,1786791128.1269412,1786791128.4920745,1786791128.5193322,1786791128.5260355
14,1786791128.590711,1786791128.6307852,1786791129.9083652,1786791130.2834227,1786791130.3104093,1786791130.3168237
15,1786791130.396828,1786791130.4356465,1786791131.8775024,1786791132.2484465,1786791132.27568,1786791132.282071
16,1786791132.3351364,1786791132.379788,1786791133.6205065,1786791133.976362,1786791134.002959,1786791134.0089853
17,1786791134.0717597,1786791134.1096933,1786791135.4296083,1786791135.7830253,1786791135.8102372,1786791135.8162107
18,1786791135.8760273,1786791135.915651,1786791137.2357757,1786791137.593252,1786791137.6199384,1786791137.6259987
19,1786791137.6838915,1786791137.725852,1786791138.965498,1786791139.3223047,1786791139.3492625,1786791139.3551848
20,1786791139.4116085,1786791139.4493494,1786791140.7613955,1786791141.1282253,1786791141.1614745,1786791141.1724684
21,1786791141.2983217,1786791141.3865323,1786791142.8828106,1786791143.2461,1786791143.2731996,1786791143.2794936
22,1786791143.3389375,1786791143.377511,1786791144.7276428,1786791145.0961874,1786791145.1227422,1786791145.1289597
23,1786791145.1852713,1786791145.2236142,1786791146.6473827,1786791147.0006979,1786791147.028027,1786791147.03434
24,1786791147.0982533,1786791147.1368668,,,,
