,BeforeLocalTraining,AfterLocalTraining,BeforeLocalPartialEvaluations,AfterLocalPartialEvaluations,BeforeEvaluation,AfterEvaluation
1,1786791104.1077933,1786791104.1500158,1786791105.455297,1786791105.8131084,1786791105.8403757,1786791105.846462
2,1786791105.9076707,1786791105.9457257,1786791107.2776003,1786791107.6309144,1786791107.6574404,1786791107.6632512
3,1786791107.723416,1786791107.7608635,1786791109.007031,1786791109.3613212,1786791109.3875897,1786791109.3935812
4,1786791109.4621966,1786791109.499759,1786791110.8214717,1786791111.4918163,1786791111.5225058,1786791111.5296416
5,1786791111.658141,1786791111.7275238,1786791113.1221254,1786791113.4953473,1786791113.5217607,1786791113.5281475
6,1786791113.5975857,1786791113.640239,1786791114.9007726,1786791115.2636812,1786791115.289779,1786791115.2961092
7,1786791115.404939,1786791115.4449577,1786791116.868494,1786791117.2228575,1786791117.2496326,1786791117.2558057
8,1786791117.3275223,1786791117.3752227,1786791118.6148887,1786791118.9711692,1786791118.9979053,1786791119.004028
9,1786791119.057237,1786791119.0939524,1786791120.4013443,1786791120.7539601,1786791120.7805307,1786791120.7865531
10,1786791120.852966,1786791120.8903518,1786791122.204851,1786791122.5607698,1786791122.5873747,1786791122.5932915
11,1786791122.646962,1786791122.684183,1786791123.920594,1786791124.274948,1786791124.3014657,1786791124.307398
12,1786791124.3655028,1786791124.4041166,1786791125.7215948,1786791126.2371917,1786791126.2882626,1786791126.3093092
13,1786791126.6583843,1786791126.7202241,1786791128.126718,1786791128.4940495,1786791128.5206966,1786791128.5269902
14,1786791128.5900638,1786791128.6291695,1786791129.9092572,1786791130.3049664,1786791130.3319597,1786791130.3382697
15,1786791130.3952484,1786791130.4441931,1786791131.8769474,1786791132.2335851,1786791132.2605855,1786791132.266817
16,1786791132.3351216,1786791132.3722763,1786791133.6218176,1786791133.976311,1786791134.0026848,1786791134.0087836
17,1786791134.0720086,1786791134.1104338,1786791135.430871,1786791135.7829325,1786791135.8095934,1786791135.8154974
18,1786791135.87658,1786791135.9137874,1786791137.236743,1786791137.5894272,1786791137.616133,1786791137.6221592
19,1786791137.682986,1786791137.7203147,1786791138.964753,1786791139.3262656,1786791139.3531947,1786791139.3591673
20,1786791139.4122262,1786791139.4495049,1786791140.7603352,1786791141.1303132,1786791141.162739,1786791141.1729133
21,1786791141.303398,1786791141.5349483,1786791142.8818095,1786791143.2537,1786791143.2807386,1786791143.2870638
22,1786791143.3386278,1786791143.3842368,1786791144.7262716,1786791145.0903373,1786791145.116711,1786791145.1228106
23,1786791145.18467,1786791145.2239144,1786791146.6466088,1786791146.9977338,1786791147.0245461,1786791147.0304747
24,1786791147.097739,1786791147.1375284,,,,
