,BeforeEvaluation,AfterEvaluation
0,1786793285.4150522,
1,1786793286.7769074,1786793286.7923942
2,1786793286.8493125,1786793286.865775
3,1786793286.9158902,1786793286.9322
4,1786793286.9840877,1786793287.000818
5,1786793287.0544007,1786793287.071066
6,1786793287.1201284,1786793287.1366606
7,1786793287.192073,1786793287.2086222
8,1786793287.267765,1786793287.2845547
9,1786793287.3318496,1786793287.3482049
10,1786793287.399898,1786793287.4167397
11,1786793287.4735548,1786793287.4900806
12,1786793287.542801,1786793287.559572
13,1786793287.6131423,1786793287.6317427
14,1786793287.6853635,1786793287.7070813
15,1786793287.7733173,1786793287.7934299
16,1786793287.856814,1786793287.8801188
17,1786793287.9537132,1786793287.97587
18,1786793288.0350606,1786793288.0540843
19,1786793288.104638,1786793288.1213841
20,1786793288.169912,1786793288.1864445
21,1786793288.2299614,1786793288.2467232
22,1786793288.3082395,1786793288.3354008
23,1786793288.4312704,1786793288.447945
24,1786793288.499819,1786793288.516678
25,1786793288.564795,1786793288.5820427
26,1786793288.6321669,1786793288.6500127
27,1786793288.7052853,1786793288.7222252
28,1786793288.779081,1786793288.7959712
29,1786793288.8387978,1786793288.8570824
30,1786793288.900594,1786793288.9192557
31,1786793288.967412,1786793288.9842308
32,1786793289.1437795,1786793289.1605976
33,1786793289.2149763,1786793289.2313774
34,1786793289.2757478,1786793289.2927098
35,1786793289.3397381,1786793289.3564997
