,BeforeLocalTraining,AfterLocalTraining,BeforeLocalPartialEvaluations,AfterLocalPartialEvaluations,BeforeEvaluation,AfterEvaluation
1,1786181230.080576,1786181230.264957,1786181237.3583944,1786181239.642166,1786181239.655553,1786181239.6910021
2,1786181239.7188802,1786181239.9089127,1786181246.9044871,1786181249.2482102,1786181249.2611203,1786181249.2964833
3,1786181249.3235607,1786181249.5118208,1786181256.5844274,1786181258.8570485,1786181258.869739,1786181258.9049563
4,1786181258.9330032,1786181259.1245975,1786181266.3474078,1786181268.6331153,1786181268.645814,1786181268.6804097
5,1786181268.7079048,1786181268.8931465,1786181275.8080604,1786181278.1024463,1786181278.1152494,1786181278.150857
6,1786181278.1788037,1786181278.3867826,1786181285.599176,1786181287.8843083,1786181287.8970027,1786181287.9311693
7,1786181287.9593923,1786181288.1532817,1786181295.1420188,1786181297.4311547,1786181297.4438603,1786181297.4781187
8,1786181297.5064795,1786181297.6922693,1786181304.854577,1786181307.1290174,1786181307.1417687,1786181307.1761677
9,1786181307.2039056,1786181307.3891056,1786181314.3068345,1786181316.5556738,1786181316.5684428,1786181316.6026351
10,1786181316.6304011,1786181316.8167396,1786181323.7490163,1786181326.0495124,1786181326.0624065,1786181326.0968664
11,1786181326.1246336,1786181326.3137324,1786181333.5645587,1786181335.8412914,1786181335.8541744,1786181335.8880022
12,1786181335.9149427,1786181336.096651,1786181343.3752346,1786181345.6506264,1786181345.66334,1786181345.697439
13,1786181345.7333286,1786181345.9185133,1786181353.1271234,1786181355.4463465,1786181355.4591022,1786181355.4936273
14,1786181355.5213616,1786181355.7096593,1786181362.6389797,1786181364.9075363,1786181364.9202933,1786181364.9543257
15,1786181364.9910786,1786181365.176058,1786181372.1889172,1786181374.4851635,1786181374.4981182,1786181374.5323904
16,1786181374.5609632,1786181374.757214,1786181381.7607179,1786181384.0698745,1786181384.082704,1786181384.1170437
17,1786181384.144958,1786181384.3282607,1786181391.4589314,1786181393.724621,1786181393.7373278,1786181393.771553
18,1786181393.800754,1786181393.9879313,1786181401.206211,1786181403.46958,1786181403.4822454,1786181403.5165272
19,1786181403.5453238,1786181403.7309222,1786181410.700762,1786181412.9880087,1786181413.0010254,1786181413.0357761
20,1786181413.0640862,1786181413.254287,1786181420.1923604,1786181422.4614236,1786181422.474174,1786181422.5081942
21,1786181422.552066,1786181422.7376018,1786181430.048316,1786181432.3203635,1786181432.3331034,1786181432.3672369
22,1786181432.3948677,1786181432.5827749,1786181439.7429028,1786181442.0139983,1786181442.0267525,1786181442.0608497
23,1786181442.087808,1786181442.2756357,1786181449.4548688,1786181451.7461686,1786181451.7590113,1786181451.7930725
24,1786181451.8200445,1786181452.0064616,1786181459.0117927,1786181461.298537,1786181461.3113823,1786181461.3460076
25,1786181461.3737712,1786181461.5648808,1786181468.5456724,1786181470.8051927,1786181470.8178349,1786181470.8516004
26,1786181470.8790781,1786181471.0655947,1786181478.3007538,1786181480.5584738,1786181480.5712085,1786181480.6061006
27,1786181480.6333134,1786181480.8228743,1786181488.0158095,1786181490.33846,1786181490.3511198,1786181490.3855298
28,1786181490.41254,1786181490.5990663,1786181497.6437576,1786181499.8957808,1786181499.9091702,1786181499.9440277
29,1786181499.9724312,1786181500.1602328,1786181507.3876085,1786181509.6826806,1786181509.695516,1786181509.7299569
30,1786181509.7567177,1786181509.9475172,1786181517.1864107,1786181519.507165,1786181519.51985,1786181519.5535736
31,1786181519.5818331,1786181519.7794244,1786181526.752032,1786181529.0375404,1786181529.0503445,1786181529.0847821
32,1786181529.112817,1786181529.2980406,1786181536.313314,1786181538.5902004,1786181538.603047,1786181538.6373868
33,1786181538.6648543,1786181538.8548665,1786181545.8958461,1786181548.1604476,1786181548.1732788,1786181548.2087615
34,1786181548.2456906,1786181548.4414084,1786181555.4613152,1786181557.7575486,1786181557.770299,1786181557.8043404
35,1786181557.8345685,1786181558.0276392,1786181565.0929492,1786181567.356821,1786181567.3695035,1786181567.4035819
36,1786181567.4303613,1786181567.6218038,1786181574.6330013,1786181576.922876,1786181576.935547,1786181576.9696686
37,1786181576.9967496,1786181577.1872857,1786181584.1836488,1786181586.485838,1786181586.498455,1786181586.5321426
38,1786181586.5589578,1786181586.7479918,,,,
