Round,Evaluator,2,4,1,0,3
0,0,,,,,
0,1,,,,,
0,2,,,,,
0,3,,,,,
0,4,,,,,
0,Aggregated,,,,,
0,Centralized,,,,,
1,0,,,,,
1,1,,,,,
1,2,,,,,
1,3,,,,,
1,4,,,,,
1,Aggregated,,,,,
1,Centralized,0.21565677225589752,0.19065622985363007,0.18987835943698883,0.21001483500003815,0.19379378855228424
2,0,,,,,
2,1,,,,,
2,2,,,,,
2,3,,,,,
2,4,,,,,
2,Aggregated,,,,,
2,Centralized,0.210503488779068,0.19298607110977173,0.19383445382118225,0.20631864666938782,0.1963573396205902
3,0,,,,,
3,1,,,,,
3,2,,,,,
3,3,,,,,
3,4,,,,,
3,Aggregated,,,,,
3,Centralized,0.20710179209709167,0.19487625360488892,0.19656597077846527,0.2036363035440445,0.19781967997550964
4,0,,,,,
4,1,,,,,
4,2,,,,,
4,3,,,,,
4,4,,,,,
4,Aggregated,,,,,
4,Centralized,0.20473460853099823,0.19648639857769012,0.19809259474277496,0.20210176706314087,0.198584645986557
5,0,,,,,
5,1,,,,,
5,2,,,,,
5,3,,,,,
5,4,,,,,
5,Aggregated,,,,,
5,Centralized,0.20311269164085388,0.19761145114898682,0.1989835500717163,0.20119847357273102,0.19909383356571198
6,0,,,,,
6,1,,,,,
6,2,,,,,
6,3,,,,,
6,4,,,,,
6,Aggregated,,,,,
6,Centralized,0.2020227462053299,0.1984143853187561,0.1995028257369995,0.200646311044693,0.1994137465953827
7,0,,,,,
7,1,,,,,
7,2,,,,,
7,3,,,,,
7,4,,,,,
7,Aggregated,,,,,
7,Centralized,0.20131945610046387,0.19893085956573486,0.19979460537433624,0.20034053921699524,0.19961458444595337
8,0,,,,,
8,1,,,,,
8,2,,,,,
8,3,,,,,
8,4,,,,,
8,Aggregated,,,,,
8,Centralized,0.20087899267673492,0.19927969574928284,0.19995486736297607,0.20014171302318573,0.19974474608898163
9,0,,,,,
9,1,,,,,
9,2,,,,,
9,3,,,,,
9,4,,,,,
9,Aggregated,,,,,
9,Centralized,0.2005920112133026,0.1995113641023636,0.2000356912612915,0.20002980530261993,0.19983112812042236
10,0,,,,,
10,1,,,,,
10,2,,,,,
10,3,,,,,
10,4,,,,,
10,Aggregated,,,,,
10,Centralized,0.200399249792099,0.1996665894985199,0.20006947219371796,0.19998158514499664,0.1998830884695053
11,0,,,,,
11,1,,,,,
11,2,,,,,
11,3,,,,,
11,4,,,,,
11,Aggregated,,,,,
11,Centralized,0.2002730518579483,0.19977059960365295,0.20008179545402527,0.19995805621147156,0.19991646707057953
12,0,,,,,
12,1,,,,,
12,2,,,,,
12,3,,,,,
12,4,,,,,
12,Aggregated,,,,,
12,Centralized,0.20018833875656128,0.19984059035778046,0.20008151233196259,0.19995248317718506,0.1999371200799942
13,0,,,,,
13,1,,,,,
13,2,,,,,
13,3,,,,,
13,4,,,,,
13,Aggregated,,,,,
13,Centralized,0.2001301795244217,0.1998874545097351,0.20007316768169403,0.19995558261871338,0.19995370507240295
14,0,,,,,
14,1,,,,,
14,2,,,,,
14,3,,,,,
14,4,,,,,
14,Aggregated,,,,,
14,Centralized,0.2000916600227356,0.1999196857213974,0.20006273686885834,0.19996100664138794,0.1999649554491043
15,0,,,,,
15,1,,,,,
15,2,,,,,
15,3,,,,,
15,4,,,,,
15,Aggregated,,,,,
15,Centralized,0.20006480813026428,0.1999429613351822,0.20005200803279877,0.199967160820961,0.19997306168079376
16,0,,,,,
16,1,,,,,
16,2,,,,,
16,3,,,,,
16,4,,,,,
16,Aggregated,,,,,
16,Centralized,0.20004607737064362,0.19995979964733124,0.2000422477722168,0.1999729424715042,0.19997894763946533
17,0,,,,,
17,1,,,,,
17,2,,,,,
17,3,,,,,
17,4,,,,,
17,Aggregated,,,,,
17,Centralized,0.20003290474414825,0.1999714970588684,0.20003339648246765,0.19997893273830414,0.19998326897621155
18,0,,,,,
18,1,,,,,
18,2,,,,,
18,3,,,,,
18,4,,,,,
18,Aggregated,,,,,
18,Centralized,0.20002372562885284,0.19997960329055786,0.20002590119838715,0.19998383522033691,0.19998694956302643
19,0,,,,,
19,1,,,,,
19,2,,,,,
19,3,,,,,
19,4,,,,,
19,Aggregated,,,,,
19,Centralized,0.200017049908638,0.19998545944690704,0.2000194936990738,0.19998803734779358,0.19999000430107117
20,0,,,,,
20,1,,,,,
20,2,,,,,
20,3,,,,,
20,4,,,,,
20,Aggregated,,,,,
20,Centralized,0.20001211762428284,0.19998961687088013,0.20001433789730072,0.1999913454055786,0.19999249279499054
21,0,,,,,
21,1,,,,,
21,2,,,,,
21,3,,,,,
21,4,,,,,
21,Aggregated,,,,,
21,Centralized,0.2000085711479187,0.19999273121356964,0.2000102698802948,0.19999393820762634,0.1999945193529129
22,0,,,,,
22,1,,,,,
22,2,,,,,
22,3,,,,,
22,4,,,,,
22,Aggregated,,,,,
22,Centralized,0.20000602304935455,0.19999492168426514,0.20000715553760529,0.19999581575393677,0.19999612867832184
23,0,,,,,
23,1,,,,,
23,2,,,,,
23,3,,,,,
23,4,,,,,
23,Aggregated,,,,,
23,Centralized,0.2000041902065277,0.1999964863061905,0.20000483095645905,0.19999712705612183,0.19999738037586212
24,0,,,,,
24,1,,,,,
24,2,,,,,
24,3,,,,,
24,4,,,,,
24,Aggregated,,,,,
24,Centralized,0.20000289380550385,0.19999760389328003,0.20000316202640533,0.19999808073043823,0.19999833405017853
25,0,,,,,
25,1,,,,,
25,2,,,,,
25,3,,,,,
25,4,,,,,
25,Aggregated,,,,,
25,Centralized,0.20000199973583221,0.1999983936548233,0.20000196993350983,0.1999986618757248,0.19999893009662628
26,0,,,,,
26,1,,,,,
26,2,,,,,
26,3,,,,,
26,4,,,,,
26,Aggregated,,,,,
26,Centralized,0.20000135898590088,0.19999897480010986,0.20000119507312775,0.1999991238117218,0.1999993622303009
27,0,,,,,
27,1,,,,,
27,2,,,,,
27,3,,,,,
27,4,,,,,
27,Aggregated,,,,,
27,Centralized,0.20000091195106506,0.19999931752681732,0.20000070333480835,0.19999940693378448,0.1999996155500412
28,0,,,,,
28,1,,,,,
28,2,,,,,
28,3,,,,,
28,4,,,,,
28,Aggregated,,,,,
28,Centralized,0.20000062882900238,0.1999995857477188,0.20000043511390686,0.19999960064888,0.19999976456165314
29,0,,,,,
29,1,,,,,
29,2,,,,,
29,3,,,,,
29,4,,,,,
29,Aggregated,,,,,
29,Centralized,0.20000043511390686,0.19999973475933075,0.20000024139881134,0.19999971985816956,0.1999998390674591
30,0,,,,,
30,1,,,,,
30,2,,,,,
30,3,,,,,
30,4,,,,,
30,Aggregated,,,,,
30,Centralized,0.20000030100345612,0.1999998539686203,0.20000015199184418,0.1999998241662979,0.19999991357326508
31,0,,,,,
31,1,,,,,
31,2,,,,,
31,3,,,,,
31,4,,,,,
31,Aggregated,,,,,
31,Centralized,0.20000018179416656,0.19999989867210388,0.20000006258487701,0.19999989867210388,0.19999995827674866
32,0,,,,,
32,1,,,,,
32,2,,,,,
32,3,,,,,
32,4,,,,,
32,Aggregated,,,,,
32,Centralized,0.20000013709068298,0.19999992847442627,0.20000003278255463,0.19999994337558746,0.19999997317790985
33,0,,,,,
33,1,,,,,
33,2,,,,,
33,3,,,,,
33,4,,,,,
33,Aggregated,,,,,
33,Centralized,0.2000000923871994,0.19999994337558746,0.19999998807907104,0.19999997317790985,0.19999998807907104
34,0,,,,,
34,1,,,,,
34,2,,,,,
34,3,,,,,
34,4,,,,,
34,Aggregated,,,,,
34,Centralized,0.2000000923871994,0.19999997317790985,0.19999998807907104,0.20000000298023224,0.20000003278255463
35,0,,,,,
35,1,,,,,
35,2,,,,,
35,3,,,,,
35,4,,,,,
35,Aggregated,,,,,
35,Centralized,0.20000004768371582,0.19999998807907104,0.19999998807907104,0.20000000298023224,0.20000000298023224
36,0,,,,,
36,1,,,,,
36,2,,,,,
36,3,,,,,
36,4,,,,,
36,Aggregated,,,,,
36,Centralized,0.20000004768371582,0.19999998807907104,0.19999998807907104,0.20000000298023224,0.19999998807907104
37,0,,,,,
37,1,,,,,
37,2,,,,,
37,3,,,,,
37,4,,,,,
37,Aggregated,,,,,
37,Centralized,0.20000004768371582,0.20000000298023224,0.19999998807907104,0.20000000298023224,0.19999998807907104
38,0,,,,,
38,1,,,,,
38,2,,,,,
38,3,,,,,
38,4,,,,,
38,Aggregated,,,,,
38,Centralized,0.20000003278255463,0.20000000298023224,0.20000000298023224,0.20000000298023224,0.19999998807907104
39,0,,,,,
39,1,,,,,
39,2,,,,,
39,3,,,,,
39,4,,,,,
39,Aggregated,,,,,
39,Centralized,0.20000000298023224,0.20000000298023224,0.19999998807907104,0.19999998807907104,0.19999997317790985
40,0,,,,,
40,1,,,,,
40,2,,,,,
40,3,,,,,
40,4,,,,,
40,Aggregated,,,,,
40,Centralized,0.20000000298023224,0.20000000298023224,0.19999998807907104,0.19999998807907104,0.19999998807907104
41,0,,,,,
41,1,,,,,
41,2,,,,,
41,3,,,,,
41,4,,,,,
41,Aggregated,,,,,
41,Centralized,0.20000000298023224,0.19999998807907104,0.19999998807907104,0.20000000298023224,0.19999998807907104
42,0,,,,,
42,1,,,,,
42,2,,,,,
42,3,,,,,
42,4,,,,,
42,Aggregated,,,,,
42,Centralized,0.20000001788139343,0.20000001788139343,0.20000001788139343,0.20000004768371582,0.20000000298023224
43,0,,,,,
43,1,,,,,
43,2,,,,,
43,3,,,,,
43,4,,,,,
43,Aggregated,,,,,
43,Centralized,0.20000000298023224,0.20000000298023224,0.20000000298023224,0.20000001788139343,0.19999997317790985
44,0,,,,,
44,1,,,,,
44,2,,,,,
44,3,,,,,
44,4,,,,,
44,Aggregated,,,,,
44,Centralized,0.20000000298023224,0.20000000298023224,0.20000000298023224,0.20000000298023224,0.20000000298023224
45,0,,,,,
45,1,,,,,
45,2,,,,,
45,3,,,,,
45,4,,,,,
45,Aggregated,,,,,
45,Centralized,0.19999998807907104,0.20000001788139343,0.19999998807907104,0.20000001788139343,0.19999998807907104
46,0,,,,,
46,1,,,,,
46,2,,,,,
46,3,,,,,
46,4,,,,,
46,Aggregated,,,,,
46,Centralized,0.19999998807907104,0.20000001788139343,0.19999998807907104,0.20000003278255463,0.19999998807907104
47,0,,,,,
47,1,,,,,
47,2,,,,,
47,3,,,,,
47,4,,,,,
47,Aggregated,,,,,
47,Centralized,0.20000000298023224,0.20000000298023224,0.19999997317790985,0.20000000298023224,0.20000000298023224
48,0,,,,,
48,1,,,,,
48,2,,,,,
48,3,,,,,
48,4,,,,,
48,Aggregated,,,,,
48,Centralized,0.20000000298023224,0.20000000298023224,0.20000000298023224,0.20000000298023224,0.20000000298023224
49,0,,,,,
49,1,,,,,
49,2,,,,,
49,3,,,,,
49,4,,,,,
49,Aggregated,,,,,
49,Centralized,0.20000000298023224,0.20000000298023224,0.19999997317790985,0.20000000298023224,0.20000000298023224
50,0,,,,,
50,1,,,,,
50,2,,,,,
50,3,,,,,
50,4,,,,,
50,Aggregated,,,,,
50,Centralized,0.19999998807907104,0.20000001788139343,0.19999998807907104,0.19999998807907104,0.19999998807907104
