Round,Evaluator,0,1,3,2,4
0,0,,,,,
0,1,,,,,
0,2,,,,,
0,3,,,,,
0,4,,,,,
0,Aggregated,,,,,
0,Centralized,,,,,
1,0,0.4365765836649705,0.4430949812882314,0.4547643953542994,0.44934892916330443,-0.17725746672685308
1,1,0.43294072595493754,0.44053628281007307,0.4526900894515265,0.4482377090675123,-0.16726639897396336
1,2,0.43522457664522635,0.4427051295170405,0.45456384877445793,0.4480384750345388,-0.1791289182729401
1,3,0.4363599768770481,0.44246915071608883,0.45346352137466794,0.4491737008174114,-0.17010609133644722
1,4,-1.5363447074439465,-1.1111766129778282,-1.0773697248410248,-1.6034786741980889,7.261047350715486
1,Aggregated,-1.0734319238303924,-0.7464620785493277,-0.7178528829559355,-1.1216517897909926,5.515518901154143
1,Centralized,-1.0734319238303922,-0.7464620785493279,-0.7178528829559351,-1.121651789790993,5.5155189011541434
2,0,0.15808194121819463,0.159831051616748,0.15985185418345887,0.16133972843075844,-0.40332371896608443
2,1,0.15553881248035514,0.15817566120685136,0.15771381149083047,0.158744451573653,-0.39184705297932537
2,2,0.1577538624678881,0.1601914134539759,0.15949346073684995,0.16191729705341026,-0.4022417752028527
2,3,0.15658579617026336,0.15896327727355872,0.15957436091313265,0.1591185078169214,-0.38859301183541733
2,4,-1.3234232580125236,-1.5052513652401645,-1.2400774318403502,-1.4771165631883505,5.228856631157958
2,Aggregated,-0.9758399459786185,-1.1144369225214423,-0.91155363724541,-1.0926754778890375,3.908089996875637
2,Centralized,-0.9758399459786176,-1.114436922521443,-0.9115536372454103,-1.0926754778890377,3.908089996875636
3,0,0.10397845593554166,0.09608922104794218,0.0939891103965685,0.10280412381827793,-0.5730954946799841
3,1,0.0989769137970025,0.09299976045321784,0.09170827109058166,0.0987800199191379,-0.5595543187926881
3,2,0.10349205185158808,0.09605498612064824,0.09525689192791847,0.10337056629313819,-0.577136314399153
3,3,0.09931850745973134,0.09295064681320399,0.09217525307666066,0.09934963728407135,-0.568148945630216
3,4,-1.436202821904474,-1.1813093629164855,-1.4435232078983948,-1.3323296041828145,5.761499653716421
3,Aggregated,-1.0751823704435632,-0.8817590635612204,-1.08269967658257,-0.9957831296218675,4.275060633298312
3,Centralized,-1.075182370443563,-0.8817590635612202,-1.0826996765825703,-0.9957831296218675,4.275060633298312
4,0,0.1481829087497854,0.15692284116458718,0.14608135778089062,0.14889431475571174,-0.4164764758825163
4,1,0.1456758617370903,0.15225597467074092,0.14166624131435823,0.1449808671856758,-0.40351462553618933
4,2,0.14984216733138625,0.15632097329453526,0.14473829083086384,0.15104880704967477,-0.41483554451520605
4,3,0.14571078680793706,0.1535098132716768,0.14298004087219807,0.1474070161567132,-0.4056173662961084
4,4,-1.267359751640681,-1.0858579982139043,-1.2926153860530696,-1.3972068607185832,4.898488015504077
4,Aggregated,-0.9352021713424619,-0.794577547297055,-0.9553466618314661,-1.0343913826182167,3.6520925981021066
4,Centralized,-0.9352021713424618,-0.7945775472970547,-0.9553466618314662,-1.034391382618217,3.652092598102106
5,0,0.1194925197680256,0.11147326041559456,0.1067978326299603,0.12431206295222609,-0.6112495611698759
5,1,0.11565839226158942,0.10674115269720172,0.10529136582247105,0.1218642497471118,-0.5952599105860595
5,2,0.11882019315589937,0.11111299574059821,0.10640143454817332,0.12241343413052837,-0.6050807781657658
5,3,0.11682717881507548,0.1077221216296981,0.10622725387447138,0.12147039462498746,-0.5976008712799833
5,4,-1.7054953314130623,-1.3003550979621976,-1.3117019926021345,-1.4830858102021314,5.99336296645994
5,Aggregated,-1.277431022269933,-0.969393810069637,-0.9788004203851363,-1.1061099773896073,4.444780882796048
5,Centralized,-1.2774310222699332,-0.9693938100696365,-0.9788004203851361,-1.1061099773896077,4.4447808827960475
6,0,0.15380664913416553,0.157171337608153,0.15295248445255136,0.15280618219327588,-0.47005829214553185
6,1,0.14992218836051183,0.15355909429469608,0.14745783199928064,0.14886770575807376,-0.4566563381902832
6,2,0.15088455450063773,0.15649979979634654,0.15069278786713608,0.15275729266216398,-0.46389931134434714
6,3,0.1504166650573616,0.1534475174361886,0.1493117161615034,0.14967948946460002,-0.4546272627150832
6,4,-1.228992608868903,-1.2495734031879182,-1.6108668043015808,-1.4635107434406198,5.351784979471484
6,Aggregated,-0.9049264244904748,-0.9197566223630123,-1.1974120367727392,-1.0844364774047084,3.9869398869545782
6,Centralized,-0.9049264244904751,-0.9197566223630121,-1.1974120367727394,-1.0844364774047082,3.9869398869545782
7,0,0.12218986370319418,0.11627468775404841,0.11406129452557617,0.11919201790071093,-0.6070858539211011
7,1,0.1189160570078281,0.11347862801371458,0.10965741169344131,0.11555334530539815,-0.5947456371001609
7,2,0.1193253385462354,0.11530606937138727,0.1130453758950561,0.11809097298697506,-0.6014438524172651
7,3,0.11856818538727278,0.11312160244974247,0.10999814837833129,0.11516300040773324,-0.5972818832645136
7,4,-1.5133918161789928,-1.113136261877288,-1.2245045781590895,-1.2756638312843298,5.296051855003728
7,Aggregated,-1.1299497261873401,-0.8248913593680933,-0.9107819767400456,-0.9486830959696912,3.911696845641087
7,Centralized,-1.1299497261873401,-0.8248913593680932,-0.910781976740046,-0.948683095969691,3.9116968456410883
8,0,0.14227707117395588,0.1525354924275741,0.1459083276869188,0.148487676817377,-0.4776614969140855
8,1,0.14027722987812402,0.14877831957107243,0.14261916517367584,0.14384269835778554,-0.46109302069360286
8,2,0.14035157030199016,0.14983852383849575,0.14469664354752218,0.14875089471402558,-0.4748674832093698
8,3,0.13978492350714436,0.1491125771963696,0.1434367972750983,0.14571331685034447,-0.4688870161536146
8,4,-1.4160094413793454,-1.5167783079708796,-1.2947006930216216,-1.312404792341404,5.4419763367113365
8,Aggregated,-1.0505191342415527,-1.1254231906954002,-0.9568722206312524,-0.9698247945757037,4.053767885684582
8,Centralized,-1.0505191342415532,-1.1254231906954006,-0.9568722206312522,-0.9698247945757033,4.053767885684582
9,0,0.12077003613681483,0.11312880884334464,0.11653540678000748,0.12420361789863661,-0.5158160096133156
9,1,0.11617239488678503,0.11154318778983298,0.11374405605360338,0.12129580412197906,-0.5001257275977341
9,2,0.11945204592739053,0.11241151198440498,0.11615073738414926,0.12495360291993943,-0.5136434155922568
9,3,0.11902491439384905,0.11218334401065838,0.11467268567987586,0.12284951556109877,-0.5011150929790811
9,4,-1.482932808611639,-1.8292565502033318,-0.9365025524818299,-1.7068609787898654,5.9709328656191785
9,Aggregated,-1.1068522668967737,-1.373398420866167,-0.6895576210228277,-1.2771550995930336,4.449833380952206
9,Centralized,-1.1068522668967737,-1.3733984208661663,-0.6895576210228285,-1.2771550995930336,4.449833380952206
10,0,0.13437837509600314,0.13829843779848805,0.13671484115611104,0.13016663664651668,-0.6079828841637002
10,1,0.12837048452096467,0.13281399604004726,0.13238713906051325,0.12418542451706956,-0.5869770287638642
10,2,0.13370278871678837,0.13637239997934447,0.1355664987875021,0.1289894409457904,-0.6076998797239874
10,3,0.13061020536830267,0.1335704352051247,0.13377767782606143,0.1266707219841447,-0.6056764627752937
10,4,-2.0627447704604127,-1.7933326252906334,-1.8198698569871357,-1.4194550033563431,7.218225522031934
10,Aggregated,-1.5475000723030676,-1.340521297932385,-1.3609810527853587,-1.0562477938115578,5.382110570340324
10,Centralized,-1.5475000723030674,-1.3405212979323846,-1.360981052785359,-1.0562477938115582,5.382110570340324
11,0,0.14678801434508978,0.1476126928121233,0.14344893397999606,0.14580736701232572,-0.4905029256786395
11,1,0.1421983416087681,0.14314929045392855,0.1399593757831215,0.14261172584416487,-0.4794770872887996
11,2,0.14658285666853746,0.14837427176519252,0.14214724340334728,0.14637056655758535,-0.48866212748187415
11,3,0.14491500628816886,0.1460829148434824,0.1421701822923224,0.14489325757486402,-0.48102026676002474
11,4,-1.3435640072199884,-1.655477444303316,-1.4161552490565208,-1.4466132196550177,5.475202489949573
11,Aggregated,-0.9940385989760162,-1.2324405723872678,-1.050335172098769,-1.072940125564568,4.075838203673715
11,Centralized,-0.9940385989760157,-1.2324405723872682,-1.0503351720987688,-1.0729401255645685,4.075838203673715
12,0,0.11679317798251239,0.11271946701614742,0.11378191210273857,0.11394721678413229,-0.6263884425418947
12,1,0.1136930703568467,0.11033971246788471,0.10919162220114982,0.10952655955838998,-0.6070453607221669
12,2,0.11581880396565544,0.11264705015549713,0.11323391752915946,0.11394062587150394,-0.6235170287009582
12,3,0.11346125571022497,0.11082596587674494,0.11136730571459749,0.11089049178562048,-0.6115445323604809
12,4,-1.7575076549017665,-1.2133349964459865,-1.963556916135404,-1.5287117113022242,6.868127974884051
12,Aggregated,-1.3178790195867345,-0.902248381291418,-1.4762659915953746,-1.1434743717112683,5.110680571360433
12,Centralized,-1.3178790195867345,-0.9022483812914183,-1.4762659915953753,-1.143474371711268,5.110680571360433
13,0,0.15665674624789877,0.14609621300345124,0.1496227180767623,0.15049826167441663,-0.43984006577079904
13,1,0.15299202943362983,0.14181428027446957,0.14645327949323925,0.14744562862770355,-0.4308323055597326
13,2,0.1552832467279884,0.14529257525000788,0.1513490336749172,0.1516697500066254,-0.4427920488970837
13,3,0.1537614698600246,0.14290421207119858,0.14786316029248353,0.1481337197666782,-0.43252592060842787
13,4,-0.9948179769522931,-1.0345697955702766,-1.2814301124117748,-1.393241676012251,4.6419048150773445
13,Aggregated,-0.7249311864830543,-0.7578494375883356,-0.9456240490626187,-1.0310392519484646,3.4495568043671336
13,Centralized,-0.7249311864830544,-0.7578494375883359,-0.9456240490626182,-1.0310392519484648,3.449556804367134
14,0,0.12201115867512764,0.12241477681291907,0.12337009958151929,0.12170861984889239,-0.5711898636484881
14,1,0.11901376478217346,0.1213248328530053,0.11993690467727507,0.11814581111586644,-0.5603992573035808
14,2,0.1217651675356091,0.12381290596820842,0.12338492871763738,0.12279216999983228,-0.5753778513712396
14,3,0.11988188908147132,0.12213055854271612,0.12120049874128828,0.1184584626942466,-0.563952730484502
14,4,-1.3014256677254283,-1.8835760399332684,-1.7891437556921386,-1.4245351089438747,6.4603032338996025
14,Aggregated,-0.9675351218086986,-1.4125920344231344,-1.340436423944378,-1.0618319151931634,4.810205290384178
14,Centralized,-0.9675351218086993,-1.4125920344231342,-1.3404364239443776,-1.0618319151931637,4.810205290384178
15,0,0.13969680425693615,0.13294915360978315,0.13327048678577622,0.13261118246243356,-0.5467206726497024
15,1,0.13703271329669722,0.12873922699876642,0.13228869927100342,0.12919847298602682,-0.5340013289653319
15,2,0.14004981369280411,0.13248889209516596,0.1350935011149601,0.13267110652504777,-0.5436038447489505
15,3,0.1374911248392409,0.1293748866785001,0.13389656807933883,0.1286317110685918,-0.5347721463501914
15,4,-1.5991262372907633,-1.8628528045271437,-1.9175009055039642,-1.51322592769853,6.78166607656174
15,Aggregated,-1.191136550077594,-1.3947463524812334,-1.4359182378216844,-1.1272334837582296,5.062679588934772
15,Centralized,-1.191136550077594,-1.3947463524812334,-1.4359182378216853,-1.1272334837582294,5.062679588934773
16,0,0.15855772004627372,0.1529719782658434,0.14635885947757518,0.14261026944640331,-0.5757248867841368
16,1,0.15385261519934204,0.14895970459402516,0.14391428601305123,0.13951736562598818,-0.5627745532115822
16,2,0.15809666538783637,0.15316204948896714,0.1473882335915654,0.14143810505876087,-0.58177065720124
16,3,0.15458508254300898,0.15066191310189925,0.14460290203543033,0.13898168232559385,-0.5721954261455635
16,4,-1.3490878794738432,-0.9550072169811742,-1.3134044055679546,-1.1381964748857467,4.871330514165739
16,Aggregated,-0.995647184279184,-0.6952269285947259,-0.9708556259628877,-0.8379417377728458,3.593039643732504
16,Centralized,-0.9956471842791834,-0.6952269285947259,-0.9708556259628877,-0.8379417377728463,3.5930396437325034
