Round,Evaluator,3,1,4,0,2
0,0,,,,,
0,1,,,,,
0,2,,,,,
0,3,,,,,
0,4,,,,,
0,Aggregated,,,,,
0,Centralized,,,,,
1,0,,,,,
1,1,,,,,
1,2,,,,,
1,3,,,,,
1,4,,,,,
1,Aggregated,,,,,
1,Centralized,0.21330435574054718,0.21215111017227173,0.21894440054893494,0.12450587749481201,0.23109425604343414
2,0,,,,,
2,1,,,,,
2,2,,,,,
2,3,,,,,
2,4,,,,,
2,Aggregated,,,,,
2,Centralized,0.20878373086452484,0.2080114185810089,0.21259821951389313,0.1499813348054886,0.22062526643276215
3,0,,,,,
3,1,,,,,
3,2,,,,,
3,3,,,,,
3,4,,,,,
3,Aggregated,,,,,
3,Centralized,0.205713152885437,0.2052708864212036,0.20821966230869293,0.16739733517169952,0.2133989781141281
4,0,,,,,
4,1,,,,,
4,2,,,,,
4,3,,,,,
4,4,,,,,
4,Aggregated,,,,,
4,Centralized,0.20373475551605225,0.2034369707107544,0.20534193515777588,0.17882683873176575,0.20865947008132935
5,0,,,,,
5,1,,,,,
5,2,,,,,
5,3,,,,,
5,4,,,,,
5,Aggregated,,,,,
5,Centralized,0.20242992043495178,0.2022375911474228,0.20347057282924652,0.18626034259796143,0.20560157299041748
6,0,,,,,
6,1,,,,,
6,2,,,,,
6,3,,,,,
6,4,,,,,
6,Aggregated,,,,,
6,Centralized,0.20159578323364258,0.20146696269512177,0.20225566625595093,0.19106487929821014,0.20361678302288055
7,0,,,,,
7,1,,,,,
7,2,,,,,
7,3,,,,,
7,4,,,,,
7,Aggregated,,,,,
7,Centralized,0.20104244351387024,0.20096419751644135,0.20146341621875763,0.194198340177536,0.20233158767223358
8,0,,,,,
8,1,,,,,
8,2,,,,,
8,3,,,,,
8,4,,,,,
8,Aggregated,,,,,
8,Centralized,0.20068281888961792,0.2006324678659439,0.20094187557697296,0.1962369680404663,0.20150592923164368
9,0,,,,,
9,1,,,,,
9,2,,,,,
9,3,,,,,
9,4,,,,,
9,Aggregated,,,,,
9,Centralized,0.2004348188638687,0.200420081615448,0.20061077177524567,0.19755609333515167,0.20097820460796356
10,0,,,,,
10,1,,,,,
10,2,,,,,
10,3,,,,,
10,4,,,,,
10,Aggregated,,,,,
10,Centralized,0.20028193295001984,0.2002754509449005,0.20039552450180054,0.198407381772995,0.20063970983028412
11,0,,,,,
11,1,,,,,
11,2,,,,,
11,3,,,,,
11,4,,,,,
11,Aggregated,,,,,
11,Centralized,0.20018811523914337,0.200158029794693,0.20026159286499023,0.19896076619625092,0.20043151080608368
12,0,,,,,
12,1,,,,,
12,2,,,,,
12,3,,,,,
12,4,,,,,
12,Aggregated,,,,,
12,Centralized,0.20009580254554749,0.2001039981842041,0.20018336176872253,0.19932493567466736,0.20029190182685852
13,0,,,,,
13,1,,,,,
13,2,,,,,
13,3,,,,,
13,4,,,,,
13,Aggregated,,,,,
13,Centralized,0.2000589519739151,0.20006775856018066,0.20012135803699493,0.1995566189289093,0.2001953125
14,0,,,,,
14,1,,,,,
14,2,,,,,
14,3,,,,,
14,4,,,,,
14,Aggregated,,,,,
14,Centralized,0.20003709197044373,0.20004773139953613,0.20007888972759247,0.19970233738422394,0.20013387501239777
15,0,,,,,
15,1,,,,,
15,2,,,,,
15,3,,,,,
15,4,,,,,
15,Aggregated,,,,,
15,Centralized,0.2000102698802948,0.20003807544708252,0.20005081593990326,0.1998031884431839,0.20009765028953552
16,0,,,,,
16,1,,,,,
16,2,,,,,
16,3,,,,,
16,4,,,,,
16,Aggregated,,,,,
16,Centralized,0.2000175565481186,0.20002780854701996,0.20001883804798126,0.1998630166053772,0.200072780251503
17,0,,,,,
17,1,,,,,
17,2,,,,,
17,3,,,,,
17,4,,,,,
17,Aggregated,,,,,
17,Centralized,0.20002993941307068,0.20002828538417816,0.19996316730976105,0.19991609454154968,0.20006248354911804
18,0,,,,,
18,1,,,,,
18,2,,,,,
18,3,,,,,
18,4,,,,,
18,Aggregated,,,,,
18,Centralized,0.20004062354564667,0.20002000033855438,0.19996149837970734,0.19993731379508972,0.2000405490398407
19,0,,,,,
19,1,,,,,
19,2,,,,,
19,3,,,,,
19,4,,,,,
19,Aggregated,,,,,
19,Centralized,0.20004068315029144,0.1999892294406891,0.19998624920845032,0.19995631277561188,0.20002751052379608
20,0,,,,,
20,1,,,,,
20,2,,,,,
20,3,,,,,
20,4,,,,,
20,Aggregated,,,,,
20,Centralized,0.20001913607120514,0.1999722719192505,0.20000281929969788,0.19997446238994598,0.2000313252210617
21,0,,,,,
21,1,,,,,
21,2,,,,,
21,3,,,,,
21,4,,,,,
21,Aggregated,,,,,
21,Centralized,0.2000160813331604,0.19997245073318481,0.2000119686126709,0.199974924325943,0.2000245898962021
22,0,,,,,
22,1,,,,,
22,2,,,,,
22,3,,,,,
22,4,,,,,
22,Aggregated,,,,,
22,Centralized,0.2000080794095993,0.19998286664485931,0.20001976191997528,0.19997771084308624,0.20001161098480225
23,0,,,,,
23,1,,,,,
23,2,,,,,
23,3,,,,,
23,4,,,,,
23,Aggregated,,,,,
23,Centralized,0.20001120865345,0.19997145235538483,0.20003032684326172,0.19997303187847137,0.20001395046710968
24,0,,,,,
24,1,,,,,
24,2,,,,,
24,3,,,,,
24,4,,,,,
24,Aggregated,,,,,
24,Centralized,0.20000870525836945,0.19997848570346832,0.20003414154052734,0.19996783137321472,0.20001083612442017
25,0,,,,,
25,1,,,,,
25,2,,,,,
25,3,,,,,
25,4,,,,,
25,Aggregated,,,,,
25,Centralized,0.20000983774662018,0.19997212290763855,0.2000364363193512,0.19996559619903564,0.20001594722270966
26,0,,,,,
26,1,,,,,
26,2,,,,,
26,3,,,,,
26,4,,,,,
26,Aggregated,,,,,
26,Centralized,0.20001088082790375,0.19998592138290405,0.20002518594264984,0.1999661922454834,0.2000119388103485
27,0,,,,,
27,1,,,,,
27,2,,,,,
27,3,,,,,
27,4,,,,,
27,Aggregated,,,,,
27,Centralized,0.20000997185707092,0.19999638199806213,0.2000223845243454,0.19996196031570435,0.20000934600830078
28,0,,,,,
28,1,,,,,
28,2,,,,,
28,3,,,,,
28,4,,,,,
28,Aggregated,,,,,
28,Centralized,0.19999127089977264,0.20001102983951569,0.20001491904258728,0.19996491074562073,0.2000177949666977
29,0,,,,,
29,1,,,,,
29,2,,,,,
29,3,,,,,
29,4,,,,,
29,Aggregated,,,,,
29,Centralized,0.19998864829540253,0.20000995695590973,0.20001238584518433,0.19997255504131317,0.20001637935638428
30,0,,,,,
30,1,,,,,
30,2,,,,,
30,3,,,,,
30,4,,,,,
30,Aggregated,,,,,
30,Centralized,0.1999950110912323,0.20001521706581116,0.2000124454498291,0.19997365772724152,0.20000362396240234
31,0,,,,,
31,1,,,,,
31,2,,,,,
31,3,,,,,
31,4,,,,,
31,Aggregated,,,,,
31,Centralized,0.19999755918979645,0.20001408457756042,0.20001305639743805,0.19997231662273407,0.2000029981136322
32,0,,,,,
32,1,,,,,
32,2,,,,,
32,3,,,,,
32,4,,,,,
32,Aggregated,,,,,
32,Centralized,0.20000532269477844,0.20001743733882904,0.20000241696834564,0.19997532665729523,0.19999946653842926
33,0,,,,,
33,1,,,,,
33,2,,,,,
33,3,,,,,
33,4,,,,,
33,Aggregated,,,,,
33,Centralized,0.2000056803226471,0.2000165581703186,0.20000338554382324,0.19997306168079376,0.20000122487545013
