,BeforeLocalTraining,AfterLocalTraining,BeforeLocalPartialEvaluations,AfterLocalPartialEvaluations,BeforeEvaluation,AfterEvaluation
1,1789109113.8179903,1789109113.99132,1789109121.5388157,1789109123.0877573,1789109123.1021616,1789109123.1267898
2,1789109123.596446,1789109123.754596,1789109131.1134546,1789109132.682,1789109132.6958487,1789109132.7204707
3,1789109133.1747375,1789109133.3335483,1789109140.7669537,1789109142.3112984,1789109142.3250904,1789109142.3498254
4,1789109142.8136182,1789109142.969557,1789109150.7228754,1789109152.3043284,1789109152.317987,1789109152.34265
5,1789109152.8250399,1789109152.9825659,1789109160.6317751,1789109162.1669352,1789109162.1807666,1789109162.2049742
6,1789109162.6704726,1789109162.8240528,1789109170.6217134,1789109172.1568527,1789109172.1707664,1789109172.1952987
7,1789109172.6675298,1789109172.8234031,1789109180.4931953,1789109182.2083457,1789109182.222042,1789109182.2463899
8,1789109182.7207263,1789109182.8752215,1789109190.5725253,1789109192.107527,1789109192.1213565,1789109192.1456356
9,1789109192.6970541,1789109192.8531568,1789109200.6320302,1789109202.1660202,1789109202.1797607,1789109202.204593
10,1789109202.709536,1789109202.863724,1789109210.6080065,1789109212.2661088,1789109212.27987,1789109212.3044367
11,1789109212.7929232,1789109212.9585285,1789109220.6209698,1789109222.1477873,1789109222.1614153,1789109222.1856081
12,1789109222.6825151,1789109222.8419216,1789109230.5598443,1789109232.089387,1789109232.1032524,1789109232.127346
13,1789109232.617611,1789109232.7742255,1789109240.4618578,1789109242.131929,1789109242.1456797,1789109242.1702478
14,1789109242.6894097,1789109242.8424075,1789109250.5435472,1789109252.0684586,1789109252.082125,1789109252.106136
15,1789109252.5867324,1789109252.740341,1789109260.642281,1789109262.1796553,1789109262.193302,1789109262.2182338
16,1789109262.6975799,1789109262.8559809,1789109270.2555223,1789109272.0468416,1789109272.060695,1789109272.0855193
17,1789109272.5575297,1789109272.7095425,1789109280.0772207,1789109281.6189601,1789109281.6329901,1789109281.6572592
18,1789109282.1154544,1789109282.2706459,1789109290.014893,1789109291.533434,1789109291.5471559,1789109291.5713713
19,1789109292.0870585,1789109292.2399933,1789109299.6809406,1789109301.558178,1789109301.5718834,1789109301.595982
20,1789109301.9987204,1789109302.1526074,1789109309.8134806,1789109311.3466907,1789109311.3603327,1789109311.3844523
21,1789109311.8524132,1789109312.0062494,1789109319.6131418,1789109321.1548185,1789109321.1685128,1789109321.1926086
22,1789109321.6636002,1789109321.8194656,1789109329.4641607,1789109331.3779166,1789109331.391786,1789109331.416818
23,1789109331.805015,1789109331.958693,1789109339.3782036,1789109340.9172897,1789109340.9310422,1789109340.955009
24,1789109341.4163525,1789109341.569357,1789109349.0958185,1789109350.6150398,1789109350.6291134,1789109350.6530993
25,1789109351.1452231,1789109351.2979214,1789109358.7002518,1789109360.2387004,1789109360.2526312,1789109360.2768211
26,1789109361.0575411,1789109361.2126293,1789109368.953032,1789109370.4973142,1789109370.511045,1789109370.535305
27,1789109371.0142276,1789109371.1728933,1789109378.678571,1789109380.2127821,1789109380.2265208,1789109380.250777
28,1789109380.718189,1789109380.8724623,1789109388.5572152,1789109390.0820324,1789109390.0959609,1789109390.1198883
29,1789109390.6648219,1789109390.9843626,1789109398.3285286,1789109399.8593771,1789109399.9669693,1789109399.992532
30,1789109400.368703,1789109400.521481,1789109408.4528587,1789109409.97896,1789109409.992825,1789109410.017276
31,1789109410.513484,1789109410.6671355,1789109418.3591936,1789109419.8856542,1789109419.8995664,1789109419.9235826
32,1789109420.4223766,1789109420.5765612,1789109428.2979398,1789109429.8352766,1789109429.8490834,1789109429.8736773
33,1789109430.3333023,1789109430.486083,1789109438.035106,1789109439.5772414,1789109439.5907602,1789109439.615246
34,1789109440.0699694,1789109440.2239957,1789109447.61459,1789109449.1451964,1789109449.1590261,1789109449.1830935
35,1789109449.691885,1789109449.8454738,1789109457.6912093,1789109459.2310305,1789109459.2447445,1789109459.2689395
36,1789109459.7620285,1789109459.9162378,1789109467.547837,1789109469.0760968,1789109469.0897932,1789109469.1140723
37,1789109469.5879214,1789109469.7402887,1789109477.4053564,1789109478.9385328,1789109478.9524734,1789109478.9764638
38,1789109479.4429357,1789109479.5961025,1789109487.0532842,1789109488.614151,1789109488.6278996,1789109488.6523588
39,1789109489.1035504,1789109489.2568538,1789109496.9869165,1789109498.5288985,1789109498.5426588,1789109498.5671616
40,1789109499.0294423,1789109499.1839368,1789109506.9259355,1789109508.4540994,1789109508.4679544,1789109508.492015
41,1789109508.9827745,1789109509.1369596,1789109516.6954987,1789109518.2340865,1789109518.2477937,1789109518.2720335
42,1789109518.7715662,1789109518.9246063,1789109526.4448352,1789109527.9945128,1789109528.008254,1789109528.03247
43,1789109528.5064223,1789109528.659359,1789109536.2514098,1789109537.77396,1789109537.7877471,1789109537.8121388
44,1789109538.2999916,1789109538.4550135,1789109545.998663,1789109547.5502224,1789109547.5639036,1789109547.5882158
45,1789109548.0603752,1789109548.2134683,1789109555.5503528,1789109557.2328858,1789109557.2466412,1789109557.2716925
46,1789109557.8114388,1789109557.965243,1789109565.3185012,1789109566.8477328,1789109566.8615294,1789109566.8857746
47,1789109567.3572342,1789109567.5095274,1789109575.2758365,1789109576.7973206,1789109576.811035,1789109576.835746
48,1789109577.3208885,1789109577.474186,1789109584.8899913,1789109586.8028424,1789109586.8168495,1789109586.8414638
49,1789109587.2693782,1789109587.4223495,,,,
