,BeforeLocalTraining,AfterLocalTraining,BeforeLocalPartialEvaluations,AfterLocalPartialEvaluations,BeforeEvaluation,AfterEvaluation
1,1789109113.8270762,1789109114.0617132,1789109121.5378792,1789109123.5163763,1789109123.5307212,1789109123.5620954
2,1789109123.5922527,1789109123.8021848,1789109131.1132095,1789109133.1067395,1789109133.1205022,1789109133.1514602
3,1789109133.17341,1789109133.383319,1789109140.7675643,1789109142.7431016,1789109142.7567291,1789109142.7882922
4,1789109142.813189,1789109143.0221262,1789109150.7185574,1789109152.758041,1789109152.7715514,1789109152.8022504
5,1789109152.8244069,1789109153.033187,1789109160.63242,1789109162.604068,1789109162.6179574,1789109162.6487212
6,1789109162.671094,1789109162.8808284,1789109170.6226277,1789109172.5982587,1789109172.6119652,1789109172.6447425
7,1789109172.6668963,1789109172.884155,1789109180.4942532,1789109182.6324444,1789109182.6461241,1789109182.6774428
8,1789109182.7201076,1789109182.930388,1789109190.5734823,1789109192.630427,1789109192.6439328,1789109192.6745317
9,1789109192.6962757,1789109192.9093072,1789109200.6314316,1789109202.6181796,1789109202.6319454,1789109202.6626089
10,1789109202.7095785,1789109202.9180913,1789109210.5867207,1789109212.7240226,1789109212.7380064,1789109212.769027
11,1789109212.7929373,1789109213.005116,1789109220.6197927,1789109222.5933077,1789109222.60714,1789109222.637912
12,1789109222.6827934,1789109222.9003308,1789109230.5601425,1789109232.5498714,1789109232.5635138,1789109232.5945578
13,1789109232.616487,1789109232.8267195,1789109240.4630082,1789109242.6229203,1789109242.6365597,1789109242.6677
14,1789109242.6897876,1789109242.897019,1789109250.5441122,1789109252.5195417,1789109252.533157,1789109252.5649588
15,1789109252.586322,1789109252.8010726,1789109260.642987,1789109262.6217523,1789109262.6355724,1789109262.6670084
16,1789109262.6963842,1789109262.904388,1789109270.253973,1789109272.4897828,1789109272.5035055,1789109272.5348394
17,1789109272.5570593,1789109272.7645535,1789109280.076279,1789109282.0457385,1789109282.0593467,1789109282.092775
18,1789109282.1152666,1789109282.321077,1789109290.0152943,1789109292.0207145,1789109292.034145,1789109292.06497
19,1789109292.088317,1789109292.2953374,1789109299.6811917,1789109301.900192,1789109301.9138074,1789109301.944826
20,1789109301.9994946,1789109302.209638,1789109309.8146732,1789109311.7840614,1789109311.7977388,1789109311.8297253
21,1789109311.8519802,1789109312.0603454,1789109319.6118982,1789109321.5960286,1789109321.6098287,1789109321.6409435
22,1789109321.662282,1789109321.8712635,1789109329.4637034,1789109331.7379394,1789109331.7515814,1789109331.782402
23,1789109331.8038826,1789109332.0124223,1789109339.377257,1789109341.3494847,1789109341.3633091,1789109341.3947701
24,1789109341.4164019,1789109341.6254082,1789109349.0953388,1789109351.078323,1789109351.0920706,1789109351.1240354
25,1789109351.1466932,1789109351.355726,1789109358.7008917,1789109360.7644885,1789109360.788689,1789109360.8514972
26,1789109361.0586324,1789109361.2708826,1789109368.951669,1789109370.9137769,1789109370.9274228,1789109370.9580834
27,1789109371.0141537,1789109371.2217486,1789109378.6788023,1789109380.6470885,1789109380.660898,1789109380.6925066
28,1789109380.718734,1789109380.9262314,1789109388.558995,1789109390.56059,1789109390.5742893,1789109390.620506
29,1789109390.6707594,1789109391.0352755,1789109398.32959,1789109400.3016057,1789109400.3153443,1789109400.3464243
30,1789109400.3687859,1789109400.5820847,1789109408.451279,1789109410.4295998,1789109410.443123,1789109410.4739
31,1789109410.513725,1789109410.7202234,1789109418.359648,1789109420.3551433,1789109420.368644,1789109420.4001667
32,1789109420.4237194,1789109420.776315,1789109428.2989166,1789109430.2614753,1789109430.2750878,1789109430.305894
33,1789109430.3339534,1789109430.5431604,1789109438.0338879,1789109440.0033019,1789109440.0168843,1789109440.0477757
34,1789109440.07066,1789109440.2770607,1789109447.6142395,1789109449.625833,1789109449.6394212,1789109449.6696205
35,1789109449.6913035,1789109449.8982944,1789109457.6912904,1789109459.695622,1789109459.7092001,1789109459.7408252
36,1789109459.762806,1789109459.9719489,1789109467.548597,1789109469.5205905,1789109469.5342367,1789109469.5655942
37,1789109469.5887237,1789109469.803877,1789109477.4048605,1789109479.3759828,1789109479.3897219,1789109479.4204059
38,1789109479.44384,1789109479.6511736,1789109487.05393,1789109489.0374167,1789109489.0509791,1789109489.0821705
39,1789109489.1039035,1789109489.312362,1789109496.9886453,1789109498.9635231,1789109498.977185,1789109499.007946
40,1789109499.0303414,1789109499.2365048,1789109506.9255788,1789109508.9151418,1789109508.928693,1789109508.9593475
41,1789109508.981112,1789109509.3233507,1789109516.695653,1789109518.7051182,1789109518.718618,1789109518.7493565
42,1789109518.7703824,1789109518.9796267,1789109526.4438894,1789109528.4403396,1789109528.4542065,1789109528.4852722
43,1789109528.5061831,1789109528.7128346,1789109536.2515748,1789109538.230392,1789109538.244149,1789109538.2751553
44,1789109538.2993367,1789109538.5057292,1789109545.9988055,1789109547.9937952,1789109548.0076282,1789109548.0383399
45,1789109548.059776,1789109548.2675166,1789109555.551567,1789109557.744303,1789109557.7580626,1789109557.789356
46,1789109557.8116357,1789109558.019994,1789109565.3193436,1789109567.2904077,1789109567.3040617,1789109567.3351088
47,1789109567.3575864,1789109567.5640187,1789109575.2761314,1789109577.254439,1789109577.2684262,1789109577.299429
48,1789109577.320798,1789109577.528253,1789109584.8898127,1789109587.2028341,1789109587.2165258,1789109587.2482224
49,1789109587.270513,1789109587.4779515,,,,
