,BeforeEvaluation,BeforeSV,AfterSV,BeforeGradientRewards,AfterGradientRewards,AfterEvaluation
0,1786179039.2571507,,,,,
1,1786179045.9829059,1786179040.9094436,1786179045.933207,1786179045.9335706,1786179045.982358,1786179046.0629797
2,1786179052.422444,1786179047.2828047,1786179052.3743563,1786179052.3745193,1786179052.4221203,1786179052.5016515
3,1786179059.0952485,1786179053.7230723,1786179059.0473602,1786179059.0475209,1786179059.0949414,1786179059.174576
4,1786179065.3767512,1786179060.3829267,1786179065.3283327,1786179065.3284953,1786179065.3764246,1786179065.4551759
5,1786179071.8715038,1786179066.6670134,1786179071.8241448,1786179071.8243234,1786179071.8711588,1786179071.952123
6,1786179078.5401282,1786179073.2045014,1786179078.4926536,1786179078.4928184,1786179078.5398114,1786179078.617602
7,1786179084.8304374,1786179079.849783,1786179084.7822304,1786179084.7824,1786179084.8300889,1786179084.9074965
8,1786179091.4707956,1786179086.1218922,1786179091.4227388,1786179091.4229062,1786179091.4704788,1786179091.5478926
9,1786179097.8311193,1786179092.7684708,1786179097.7832556,1786179097.7834268,1786179097.830815,1786179097.9126236
10,1786179104.2168965,1786179099.133561,1786179104.169621,1786179104.1697931,1786179104.2165794,1786179104.295162
11,1786179110.7913866,1786179105.5063648,1786179110.7433517,1786179110.7435238,1786179110.7910435,1786179110.8687973
12,1786179117.135195,1786179112.0740645,1786179117.0137615,1786179117.0139232,1786179117.1347787,1786179117.2160766
13,1786179123.4473813,1786179118.4841728,1786179123.3998735,1786179123.4000382,1786179123.4470367,1786179123.52712
14,1786179129.966071,1786179124.7388568,1786179129.918643,1786179129.918809,1786179129.9657536,1786179130.043817
15,1786179136.3897934,1786179131.266278,1786179136.341005,1786179136.341173,1786179136.3894756,1786179136.4688876
16,1786179143.0556679,1786179137.758353,1786179143.008353,1786179143.008523,1786179143.055346,1786179143.1339526
17,1786179149.401341,1786179144.340831,1786179149.3535323,1786179149.3537014,1786179149.4010074,1786179149.4789915
18,1786179156.0709946,1786179150.7111104,1786179156.0238397,1786179156.0239956,1786179156.0707085,1786179156.1514163
19,1786179162.379249,1786179157.3648722,1786179162.3289359,1786179162.3290985,1786179162.3787827,1786179162.459983
20,1786179168.8420825,1786179163.7027586,1786179168.7940462,1786179168.7942152,1786179168.8417876,1786179168.9210877
21,1786179175.3909132,1786179170.1336274,1786179175.3436177,1786179175.3437908,1786179175.3905993,1786179175.4700654
22,1786179182.0078351,1786179176.691567,1786179181.9603612,1786179181.9605281,1786179182.0075145,1786179182.0860384
23,1786179188.7419887,1786179183.3758998,1786179188.6246963,1786179188.6248655,1786179188.7415795,1786179188.8229117
24,1786179195.0778224,1786179190.0328631,1786179195.0298064,1786179195.0299642,1786179195.07752,1786179195.1569242
25,1786179201.667827,1786179196.3806927,1786179201.6204274,1786179201.6205928,1786179201.6675222,1786179201.7469146
26,1786179208.0004091,1786179202.9618223,1786179207.9522314,1786179207.9524124,1786179208.0000217,1786179208.0814793
27,1786179214.4231348,1786179209.318364,1786179214.37516,1786179214.3753328,1786179214.4228067,1786179214.5006688
28,1786179220.8194678,1786179215.7283213,1786179220.7713907,1786179220.7715564,1786179220.8191414,1786179220.8975048
29,1786179227.2391033,1786179222.1098392,1786179227.1911952,1786179227.1913614,1786179227.2387786,1786179227.3168771
30,1786179234.0574074,1786179228.6228583,1786179234.008163,1786179234.008336,1786179234.0570982,1786179234.1384509
31,1786179240.4001048,1786179235.3605998,1786179240.3528316,1786179240.3529925,1786179240.3997922,1786179240.4780142
