Round,Evaluator,3,4,1,5,2,0
0,0,,,,,,
0,1,,,,,,
0,2,,,,,,
0,3,,,,,,
0,4,,,,,,
0,5,,,,,,
0,Aggregated,,,,,,
0,Centralized,,,,,,
1,0,0.03645641163049926,-0.002027910640536827,-0.041016153937662926,-0.12755514064391665,-0.06183441127519414,2.2483180904918374
1,1,0.10898332943345823,0.12981710652816897,0.12087184659414024,0.1322229993300411,0.14362861236752472,-0.2561651562273057
1,2,0.10874270429339321,0.13498306717118716,0.12282157098696701,0.13360452554391838,0.13949690531074546,-0.2606868004668504
1,3,0.11001189029497195,0.1299382554329745,0.11976444072969086,0.13035183873255293,0.14065361915325453,-0.27907110064623597
1,4,0.10941647671357194,0.1312970919110679,0.12112047212268191,0.13293718827679413,0.14191742640170457,-0.26669723640034104
1,5,0.12074759877069824,0.13749184828059208,0.13322750343117054,0.14080927976501004,0.14949656898398864,-0.2755942868971852
1,Aggregated,0.08758993486491862,0.0896790501537806,0.07100423323996675,0.050463594399512805,0.07761345984342798,0.5358164841439187
1,Centralized,0.08758993494139637,0.089679049931414,0.07100423323265137,0.050463593803655026,0.07761345960113716,0.535816483970944
2,0,-0.3724886627870787,-0.31860269414644515,-0.34773795532490764,-0.36032457836339504,-0.32282068104273953,1.68675204049549
2,1,0.099398810439938,0.09376031658408134,0.10603568711093557,0.11372778857321773,0.10249352758519265,-0.057724594938359984
2,2,0.10002225839869927,0.09819800445889383,0.10760708051611703,0.11280589853199725,0.1053040084952456,-0.06384633700047786
2,3,0.10028154412283605,0.09741005698105899,0.11098558179711014,0.11448723716405274,0.10706369729067124,-0.061552315692688146
2,4,0.10365851468917402,0.09580847543390052,0.10915097083435416,0.11361306284543946,0.10612933204140018,-0.06412882070938958
2,5,0.10198693798606047,0.09369010891384727,0.10847243626092468,0.11485963639263248,0.10395008721969846,-0.05895367809613464
2,Aggregated,-0.05015882298862467,-0.03655551133904172,-0.03723107312618781,-0.03754208446561222,-0.03163044594191484,0.49697161960948444
2,Centralized,-0.05015882333335617,-0.0365555113781498,-0.037231073029037165,-0.037542084494453135,-0.03163044608048134,0.49697162024975644
3,0,-0.39613539962690697,-0.37870660664075617,-0.4164413499095867,-0.4013278549197799,-0.3948758054785159,2.1674754761566484
3,1,0.0612875914445537,0.06987062320394181,0.07152643565623323,0.0825277952090536,0.07179981500639987,-0.15167044821050443
3,2,0.063738881353912,0.07361895527678311,0.0724908901485054,0.08148772431760545,0.075864788425106,-0.16304457227465582
3,3,0.05933965800279179,0.07005289606651034,0.06982502641663998,0.08090242922261257,0.07374558342471246,-0.15703128381383868
3,4,0.06245526650650911,0.07037728522563624,0.07266177575276346,0.08127277892581236,0.0718859278084946,-0.15852156950694096
3,5,0.060887849881106064,0.07106173552663021,0.0692886067099174,0.08189539570242099,0.07362068811233231,-0.15736103934899548
3,Aggregated,-0.08461506121542851,-0.0726140454422545,-0.08455400968148588,-0.07260883963742401,-0.0761528316683219,0.5849515896737666
3,Centralized,-0.08461506089562944,-0.07261404527288438,-0.08455400939013635,-0.07260883879014052,-0.07615283103851607,0.5849515900616674
4,0,-0.3952106864283596,-0.4528574011638033,-0.4200781798298012,-0.43141788878343446,-0.4422803290485636,2.283600961442321
4,1,0.041431740229632995,0.044924768183942365,0.044403236862648736,0.05217478361763393,0.04985469496937071,-0.12437332008452498
4,2,0.04447809795502077,0.047126163587208864,0.04438678812117233,0.05389155874756052,0.04857689699603182,-0.12499422134493227
4,3,0.039089488038836356,0.041059359758524164,0.0407717331314349,0.04733720640414566,0.04521352594549211,-0.10691862675716476
4,4,0.038048382253250176,0.043271073081743786,0.04502704500888956,0.04830958891990289,0.048872430919806586,-0.11419289873855513
4,5,0.04242290594967294,0.04413071531419847,0.04405244018831999,0.05391540727983309,0.04925602902480044,-0.11462996980725698
4,Aggregated,-0.09823760741753935,-0.11459918375946763,-0.10438598438724678,-0.10297214413464122,-0.10832710011092216,0.6496049110384728
4,Centralized,-0.09823760748374451,-0.11459918466654342,-0.10438598416043535,-0.10297214399716513,-0.10832710073558564,0.6496049110918745
5,0,-0.3538583842307068,-0.4317198425102834,-0.3816166866943992,-0.4553691078671372,-0.3360954036393054,1.5689861639535538
5,1,0.03203323152332832,0.03269904972399392,0.03923646337371422,0.028313080688224686,0.023006035349958185,-0.07252908495415625
5,2,0.0352461799296398,0.03476128946878631,0.03910957583805519,0.03255852944773836,0.0243253713513425,-0.06558222984309506
5,3,0.02827614854377916,0.030822758512931644,0.037905731655078045,0.02760706871098411,0.024698006312365076,-0.06775365424671362
5,4,0.029585969735434512,0.03310940248464243,0.04257632151532294,0.026990794805386173,0.025019986892486218,-0.0730791204056296
5,5,0.029967703867209435,0.03000386582076323,0.04071712196156956,0.026982451532943364,0.0239713384594631,-0.074937679206702
5,Aggregated,-0.0918877050268796,-0.11589649353503541,-0.09470306319440656,-0.12602769253316765,-0.09085568856994536,0.4528734983850781
5,Centralized,-0.09188770474535345,-0.1158964934969467,-0.0947030639739903,-0.12602769215187445,-0.09085568879087877,0.45287349884925276
6,0,-0.2291078297450132,-0.24282115529007858,-0.2516608562139239,-0.3182878311978518,-0.21496793586576873,1.781573563442226
6,1,0.03392489859956551,0.0271921364431106,0.043562163220600345,0.03382803969290719,0.045057390050578926,-0.09798881651289525
6,2,0.028767222351061827,0.023843940930015073,0.03880125415479058,0.03183550862828279,0.040034658670944925,-0.10262031556563055
6,3,0.026931692794007735,0.02048091630678433,0.03806302835434383,0.029312890468720636,0.042475468500790356,-0.08669388147541772
6,4,0.0344062695569079,0.028102805285966603,0.04643340750892323,0.0352141260579162,0.04823898445821006,-0.10138089272083993
6,5,0.033779139828092136,0.027745633554408553,0.04397441399176354,0.03673780626610572,0.04592873305099819,-0.10659386219940303
6,Aggregated,-0.05168169519365691,-0.06020532029202309,-0.051665536946876735,-0.07891947796886051,-0.03846387898754093,0.5015138265986782
6,Centralized,-0.05168169507467067,-0.06020531987202597,-0.05166553684223866,-0.07891947721448407,-0.03846387971547681,0.50151382677923
7,0,-0.31265930318721125,-0.3266578780231486,-0.30506451616308083,-0.3036503497872418,-0.2837163971831821,1.5175532436880805
7,1,-0.008414709611539105,0.010118863360124316,0.01583709820472044,0.010684742033822126,0.01270736157285491,-0.059180346067720775
7,2,-0.004032654557489972,0.018202643044826758,0.022323971281349674,0.02114454701958484,0.019401081387622275,-0.07014597253458714
7,3,-0.013098649149469841,0.009737628178088258,0.01397938554102265,0.013835846219124844,0.016578257483148805,-0.054635658317611864
7,4,-0.006704998310138681,0.013050232370140025,0.01985513229652868,0.01430308176949583,0.016327520707087224,-0.0652253836561837
7,5,-0.00890936194323445,0.01372548991314199,0.020992292027620818,0.017689209672327788,0.01644379149986137,-0.07196507138625885
7,Aggregated,-0.10544936773743038,-0.09549050356192651,-0.08476227337683327,-0.08639761656152545,-0.079514432178737,0.44090413365372133
7,Centralized,-0.10544936804279946,-0.09549050393631377,-0.08476227339755912,-0.08639761647933412,-0.07951443239377652,0.4409041334489793
8,0,-0.2708427600033695,-0.3077326271167951,-0.2990023916168069,-0.2567793257583529,-0.2709733535060212,1.3010870720624463
8,1,0.03847711774982517,0.021015412680402162,0.05026439586917648,0.028116296211273286,0.037340360507322305,-0.03795236759120277
8,2,0.03628689267176174,0.021364855279255624,0.0443273745781616,0.027845210401773453,0.03690594742489777,-0.044934589139643856
8,3,0.0383387602710694,0.01598657704450802,0.052982073234281654,0.02721633416900961,0.03760109715738473,-0.030009437404456194
8,4,0.036851307661347456,0.02267103530247274,0.04790123136410203,0.026367408888797947,0.04036866881774792,-0.04505106289094534
8,5,0.03736016084802676,0.021986728424337625,0.048281044662296935,0.028284423418974206,0.03973737586709207,-0.05491649837481504
8,Aggregated,-0.060992985984832,-0.08424801095109594,-0.062302131282781,-0.06323828363936457,-0.060403149922085404,0.386518178521127
8,Centralized,-0.060992985511319986,-0.08424801080548841,-0.06230213093960724,-0.06323828425657278,-0.06040314994420118,0.386518178561527
9,0,-0.22813364433677433,-0.25563698794116546,-0.2778326911806699,-0.23047025647718605,-0.2242405236886981,1.2716036937900874
9,1,0.019011250029097884,0.016978485782475426,0.022459981809686478,0.025233727476570215,0.017388626348767942,-0.10107030039017073
9,2,0.01923181923333646,0.022288121768965444,0.023964366579525467,0.0294623979186092,0.01997721920697171,-0.10204491388027627
9,3,0.019491402101831725,0.018464828154316625,0.02832539795658799,0.030496494716470462,0.017284196335827805,-0.09893416026011739
9,4,0.018673097190147172,0.018998941738480008,0.021875461879998167,0.025782997382661755,0.01876882989186896,-0.09969326144767202
9,5,0.019956360823042227,0.02111217673588993,0.028732471435532533,0.030545102876470442,0.02343455362176359,-0.1126752258864316
9,Aggregated,-0.05973520412064729,-0.06831697086150118,-0.07165939432283688,-0.05433414965360067,-0.0584253201760312,0.3360519721949904
9,Centralized,-0.05973520422177375,-0.06831697170101658,-0.07165939520898414,-0.054334150119668946,-0.058425320584992176,0.3360519717343385
10,0,-0.19228175235573444,-0.16403369533675694,-0.1968797342088641,-0.13957912793047716,-0.13520940139069246,1.0720776968773398
10,1,0.009636102568082304,0.027628469052079618,0.030711360998365404,0.03298737237675371,0.020034106567839497,-0.06097274506897866
10,2,0.006397579900091789,0.026025064126166484,0.025249165632849603,0.02904614067218797,0.01779278252880007,-0.06092699591022391
10,3,0.006421666137704344,0.027682097186149265,0.028575656804649734,0.03264325543295639,0.012867418579177333,-0.0587585118969951
10,4,0.009488231912056893,0.02744534902139546,0.03141909375705386,0.03211598133177412,0.025724868431340617,-0.06566618919172854
10,5,0.0062684000126414915,0.028057234351432273,0.03146896384584366,0.033617670411066385,0.023800199727809595,-0.07025855464142362
10,Aggregated,-0.05620236778344178,-0.03375540482908601,-0.04280353430400255,-0.02273705427269054,-0.02953547210629014,0.2992658166462499
10,Centralized,-0.05620236819255746,-0.033755404706242303,-0.042803534505701894,-0.022737054867987747,-0.02953547191516421,0.29926581662120516
11,0,-0.10311349014073277,-0.10603161540902531,-0.16962818064227803,-0.10339230491274956,-0.10597653712246949,0.8491493612688003
11,1,0.007363272236041434,0.02683677952829547,0.027239152980856787,0.01837305184423703,0.011532488247013485,-0.09466419837407156
11,2,0.008067907087069464,0.02722797701184865,0.027919188985071418,0.020370893268475472,0.011510922172564554,-0.08868464054958951
11,3,0.004605248794143615,0.025148010944174973,0.02908061198866442,0.01652982307040836,0.005302846946877323,-0.08686263511765789
11,4,0.006567751932426799,0.027436765869712228,0.028232594414138907,0.01895196508238408,0.015182513772954459,-0.10029424312041833
11,5,0.009082127427616089,0.02851483146314115,0.030386581784403878,0.02166136016564777,0.018200167301703693,-0.10538698140230032
11,Aggregated,-0.028070757450796607,-0.015460597223062327,-0.03472247804506013,-0.019964601541898237,-0.02543984725644053,0.20638779099984433
11,Centralized,-0.02807075707893404,-0.015460597874580387,-0.034722478065419476,-0.019964601875268353,-0.025439847432351628,0.20638779167980215
12,0,-0.12462899606407694,-0.06966139613871199,-0.08896693925663307,-0.15398108770813507,-0.12366477982721961,0.6262875700654739
12,1,0.019418213474697653,0.031420029095699575,0.015377338230494036,0.02559124758622785,0.02972558212268247,-0.05980924441439775
12,2,0.014203103415742093,0.0288943867791117,0.013245843117385933,0.02267927366616395,0.028079101711793855,-0.057303579971082375
12,3,0.01672877726209467,0.026393266263622022,0.006735894073076338,0.03559049119293684,0.0299487769866176,-0.04925773723818379
12,4,0.01950000478857606,0.03336453059847826,0.021043534864601508,0.02255159752241074,0.03150090107501852,-0.06860685876980621
12,5,0.01688386243716816,0.031815462308696585,0.01794593152856977,0.025535241023309608,0.03216296660164906,-0.06945307341068897
12,Aggregated,-0.02799245640601952,-0.0015693908026737338,-0.018289998962937724,-0.031210885550797037,-0.01887912652598793,0.15855933079270723
12,Centralized,-0.027992456101917775,-0.0015693911274001079,-0.018289998451880358,-0.031210885789433224,-0.01887912605852652,0.15855933075061945
13,0,-0.11143661635429507,-0.13353836074636008,-0.18159072257087625,-0.07945291093068055,-0.17756960948421158,0.7160086641764087
13,1,0.0034952895311333126,0.013436105771522832,0.007925049035054572,0.015067564730396896,0.018622555221803522,-0.044982314363069736
13,2,0.005116392802501125,0.01481081844866257,0.008697176913698068,0.013688461353965554,0.016682774326208346,-0.042239628917686484
13,3,0.007118114572083851,0.0077625668613774835,0.013420509544216157,0.009866209453703907,0.014046798284616625,-0.03741816744684996
13,4,0.0007933156172524414,0.015358662474935178,0.006430455913456961,0.01794176378603047,0.02113815944086563,-0.04762111899510562
13,5,0.005206508820968371,0.0152071988541658,0.011059981598426102,0.01640421923999454,0.02100266495059262,-0.05351558431751914
13,Aggregated,-0.03262864346345562,-0.033581828743342985,-0.05151933821132874,-0.015439647022874299,-0.044250926830369075,0.197918512748914
13,Centralized,-0.03262864355648603,-0.033581828405387676,-0.0515193376297465,-0.015439646983224555,-0.044250926103013524,0.19791851261463647
14,0,-0.10428197448742864,-0.100515127744679,-0.20134715781021761,-0.04972904331973177,-0.13490234518110436,0.6508847322410604
14,1,0.007044130892418588,0.011827639509130917,0.01731717610018895,0.024958368032561164,0.008058883661337089,-0.05308956903297897
14,2,0.0036494753267137304,0.01386992979110291,0.017633371609213244,0.022707623173855544,0.014435032893689666,-0.06204432371878908
14,3,0.0026472373825451702,0.009646280856776726,0.018591773438794954,0.024589531379591852,0.011589393629531831,-0.052703578658943415
14,4,0.008395811854399093,0.012229464113220881,0.016625116066623365,0.02487177767821341,0.005432698203589255,-0.05157736649235393
14,5,0.005558883441682994,0.01413353136123218,0.01952983101869644,0.02606638493421111,0.015513844335503275,-0.07033783767445383
14,Aggregated,-0.02958615083590162,-0.023698781358603184,-0.05208861469982622,0.0008897631685110438,-0.03558911083342787,0.16841241617953012
14,Centralized,-0.029586151190201245,-0.023698782304434587,-0.05208861453491791,0.0008897635601993458,-0.03558911057106895,0.1684124168191651
15,0,-0.12113809038618167,-0.02885309853710974,-0.12641244443260255,-0.05314867690402446,-0.1712262351069024,0.5477059056265877
15,1,0.010087932349926882,-0.004606774242746966,0.019997419174532946,0.009385313840774494,0.010929300444987498,-0.036765762136795756
15,2,0.014464091063594003,-0.005143498637829799,0.022822088804054414,0.011788189691081122,0.008079583691680202,-0.04680971153848371
15,3,0.015257998915046481,-0.019155981119030593,0.01882311243704923,0.009491665524654058,0.010670261020954593,-0.03442553489229918
15,4,0.0052154846883171796,0.0024860193446298033,0.019963526764829695,0.008636792638292217,0.0107819691816285,-0.038116143991485295
15,5,0.011648972173596162,0.002398141775344791,0.02254981487988804,0.012765703786549783,0.010155348480590963,-0.054665667971782475
15,Aggregated,-0.030969681134242415,-0.012484242678167199,-0.026190316999943362,-0.009884736627467607,-0.047789760284866416,0.14621302704697386
15,Centralized,-0.030969680673039644,-0.012484242638678804,-0.026190316213552736,-0.009884736417108466,-0.04778976046823668,0.14621302764088254
16,0,-0.08504580585034745,-0.05469574159016022,-0.2018293626174606,-0.0347815422144407,-0.15907264966840493,0.5933112475683263
16,1,0.012652795262581762,0.013484845463041278,0.0225203815616648,0.024145104388022334,0.008173106953132425,-0.06876034936419873
16,2,0.009319744244596228,0.019621269686432116,0.02179116725832,0.02887832828767528,0.010860115819976144,-0.07392210895708273
16,3,0.00972315058004322,0.016966042008848534,0.02598554596597368,0.026450018166801037,0.003350996089786273,-0.080459119634003
16,4,0.012495050701512337,0.00875460042314795,0.02078076091001309,0.02118332468573629,0.011257515874538476,-0.064498590914159
16,5,0.011206818300641129,0.014319039538323053,0.02168189617912826,0.024117438277297547,0.013470110776308752,-0.06498327371296223
16,Aggregated,-0.019617621357647556,-0.007509396478196037,-0.04910308509443166,0.005878330875363661,-0.0443856614567192,0.14146795432738787
16,Centralized,-0.019617621162551023,-0.007509396375477942,-0.04910308509567048,0.005878330631460419,-0.044385661725043116,0.14146795414661306
17,0,-0.09913284470616902,-0.09977524722611203,-0.12792648979446827,-0.13440273055295562,-0.1996135023618488,0.6049691380205082
17,1,0.0076914445447366225,0.012216153250273908,0.006860582976297832,0.008752391019136514,0.004468519212766677,-0.014341569264389831
17,2,0.0016617099008740567,0.012087405113185682,0.009816200740082352,0.00854224994871073,-0.004748704058699855,-0.014375390815439799
17,3,0.003290362118231682,0.010325761682828652,0.0033124122962158386,0.0170426386592736,-0.004544115782884225,0.002129898726766517
17,4,0.0071495197682447855,0.01205067820990531,0.009233304645073558,0.0049487775661450056,0.008677204755093919,-0.021871347598703725
17,5,0.004157972019537454,0.012579222022291671,0.008903176322455856,0.008353367508659934,0.002719257754634461,-0.022530349923430594
17,Aggregated,-0.028397096660755957,-0.023795701983120185,-0.035662589332157,-0.036435627888603814,-0.06285088557496,0.18353005745342657
17,Centralized,-0.028397096729034062,-0.023795702262241005,-0.03566258973877537,-0.03643562761869311,-0.06285088439966542,0.1835300577156674
18,0,-0.07111713595636755,-0.1242698158841445,-0.11201750518997945,-0.055208376655429395,-0.1792544332249936,0.6203327892749753
18,1,0.0027087739173312234,0.004064039665886943,0.005578213985504001,0.012008839237921972,0.001968950722793834,-0.03779961428246083
18,2,0.004569431364373596,0.0076518336330206015,0.0032427570142510133,0.0152492814892149,0.01184382676423392,-0.04853864327008195
18,3,0.001080118644896858,0.003039289101254076,-0.0031622473113096287,0.011795758575012175,0.010329979392952956,-0.042947170665881454
18,4,0.002744130503774687,0.003663913804722448,0.010487053143376179,0.011963756433208468,-0.0013562223091960208,-0.03567375696117413
18,5,0.0049279146364720776,0.005381549427288871,0.006470145480865852,0.014924358829962464,0.009110580423255405,-0.04599489315337179
18,Aggregated,-0.020528666665809363,-0.03644493280120187,-0.03269349432107077,-0.00865376483040573,-0.05290180846672518,0.16938274087564692
18,Centralized,-0.020528666970799168,-0.036444933656875955,-0.03269349429822776,-0.008653764525078746,-0.052901808571585274,0.16938274098862657
19,0,-0.07220205245816191,-0.06717824267136503,-0.08468799773952415,-0.005508144424799746,-0.1263974116597718,0.3928570819330612
19,1,-0.0015910178513628356,0.010796419036214602,0.013589391355400599,0.0044213236962562,0.015035385513068671,-0.02488348813801384
19,2,-0.005401610562258072,0.013941895954830951,0.014094172047918161,0.0013106547756874148,0.015357179154631423,-0.02970520282550365
19,3,-0.0039027767887576665,0.009914491219920527,0.013228561000775917,-0.0004228472793662443,0.014713496497004624,-0.0242361756165017
19,4,-0.001781823054778365,0.009551621671449488,0.013042032842570198,0.0068693529415928,0.016475644836484764,-0.02786372321275146
19,5,-0.0010328615190781107,0.011355647621360022,0.011225720262335639,0.006497362912729185,0.0170261397315188,-0.030521566175622898
19,Aggregated,-0.024923728052390817,-0.013889582058816272,-0.018171680231355725,0.0007833639679632615,-0.02966340732384718,0.1067783611251984
19,Centralized,-0.024923728555806726,-0.013889582112098921,-0.01817168057117617,0.0007833638416185454,-0.029663407463332462,0.10677836064828951
20,0,-0.08959993125587952,-0.14208044601914113,-0.07867531022475625,-0.01128489180305337,-0.11196512260149183,0.42428307838234536
20,1,-0.0018689011813741243,0.0008167354752895009,0.007812769496190936,0.010471932861253926,-0.008659168737744544,-0.004865566485762331
20,2,-0.004467485970680412,0.0036105156263254723,0.007716686977757382,0.01225191722086783,-0.006402692207285411,-0.0075858013440077456
20,3,-0.001235337644044702,0.0035266408006994635,0.005509161499715421,0.01239946599652448,-0.015462137327872634,0.0014586343428720542
20,4,-0.00355019432009514,-0.001082786147909973,0.008690276559461531,0.008649625019872546,-0.0012519844759610287,-0.009733606784135752
20,5,-0.0031841444110851393,-0.00010704325124021616,0.006773374702194307,0.009515862862586136,0.0007066560181696765,-0.01092052476909128
20,Aggregated,-0.030560783010197032,-0.044451871898721844,-0.0201554708104673,0.003650485859032044,-0.03998499355869838,0.1311845316325031
20,Centralized,-0.030560782560306636,-0.04445187179600036,-0.02015547084936271,0.0036504860716113133,-0.03998499295537047,0.13118453177125697
21,0,-0.05701456927464069,-0.04427432723519811,-0.11096430133159346,-0.03353544432413468,-0.12384353905713232,0.385068455612096
21,1,0.0038148001614955844,0.006191836147346356,0.007719866843422576,0.013256925132420645,0.001412319983485856,-0.03284244748683837
21,2,0.0006982424985695959,0.008598439099341961,0.015247339882704058,0.013544667392341982,-0.0036412498248236183,-0.03674043037273661
21,3,-0.0009050707868839821,0.0005005065003261197,0.021618016052581995,0.017916042671080493,-0.006721791404800026,-0.03502548168550832
21,4,0.0048402106616413695,0.008621997855803712,-0.0013331984712823338,0.010329652489041408,0.0072548105778493036,-0.0294704057789213
21,5,0.0034935229733273412,0.008191536498450154,0.007972957571682019,0.011673093037940667,0.004988161271336461,-0.037870289244606045
21,Aggregated,-0.01658167736039294,-0.00976838900298169,-0.028462578736474873,-0.0016266612006082576,-0.03910062933021458,0.09956206130332503
21,Centralized,-0.016581676853848773,-0.009768388662284022,-0.02846257865624429,-0.0016266612133336634,-0.03910062955565936,0.09956206116658543
22,0,-0.029789850736012254,-0.08414697408790882,-0.052448358601855274,-0.00879920928929342,-0.08219073080412255,0.28561295796035596
22,1,-0.01250158770339164,0.017970460282925763,0.023385685158687903,0.012212010944509487,-0.011367348441010157,-0.020815352123044785
22,2,-0.02363325387686952,0.020643373199164074,0.02577986094264158,0.006347701351204765,-0.012841893837129595,0.0034340281041932426
22,3,-0.022850355768815115,0.019257909729322304,0.025949847603401386,0.005822781454902328,-0.020279949453497963,0.009175389629894802
22,4,-0.00817247374702819,0.014923100102473377,0.020688635699299178,0.014578914003645943,-0.002555846689262901,-0.03212365608244295
22,5,-0.011257000134451592,0.015023615877807268,0.019775239466331605,0.010858108759057045,-0.0032543683692363903,-0.018894281673589405
22,Aggregated,-0.020187906554042703,-0.014917094005048715,-0.0010151945998165173,0.003971998360298837,-0.0330945026755113,0.0831468453309597
22,Centralized,-0.020187906485826437,-0.014917094494040163,-0.001015194828816998,0.003971998045984878,-0.03309450327314915,0.08314684512445263
23,0,-0.08884761064888372,-0.052784263453930544,-0.05801098739459352,0.004872645931391758,-0.10217210210960859,0.3058390602128648
23,1,0.008019660769335283,0.0031021500176732757,0.009226066643817941,0.014320047224359818,0.017394455277237257,-0.03989734566323049
23,2,0.010721064682038086,0.0049881496327513946,0.009786032040397016,0.01245917370682676,0.01761304274647854,-0.05855554706292177
23,3,0.012195984706521435,0.0008538554282333919,0.011940110371356314,0.01773615343452228,0.023130316566913774,-0.06343325719976685
23,4,0.0067553249978897275,0.0038332322480828405,0.005806604070415699,0.010922486984284227,0.015885442747531106,-0.034295860999038516
23,5,0.00825276331477491,0.0036885391893078084,0.005736483744588964,0.010994452937120354,0.0166972106094213,-0.04060350747566378
23,Aggregated,-0.022118522339679807,-0.01461486383929545,-0.012740587086311558,0.010599553050952216,-0.020278273921360748,0.06543430178007306
23,Centralized,-0.022118522747925393,-0.014614863379744042,-0.012740586820279785,0.010599553270449643,-0.020278273770020498,0.06543430172400988
24,0,-0.07829462321288605,-0.0969427298818695,-0.04319043104207398,-0.005331825322829307,-0.169400700205168,0.3655723926685929
24,1,0.0005559891056884326,-0.004351989296193034,0.0034394177948105205,0.007406013266110608,-0.00306385984098869,-0.0038585573811515815
24,2,0.0016481296855153122,0.0017104554686425578,0.003595117035491484,0.003956484082504055,0.0011743535286713115,-0.00048016866967694145
24,3,0.0016954304570623278,-0.006343074447625795,0.0022170469421847064,0.007827780261428297,-0.0012812550513446456,0.005532038031433896
24,4,-0.0018139067625199874,-0.004468214504341297,0.0031541029591283304,0.006777928794548775,-0.0006334820657383288,-0.007361004725973615
24,5,0.0007868192791193526,-0.0032221687642059664,0.0019044655829483833,0.005319957478889616,0.0031229909769057646,-0.004533432830961203
24,Aggregated,-0.024611960110228523,-0.03322815312022362,-0.011844590064779873,0.0025565980509521763,-0.054189994923433085,0.11528693634692834
24,Centralized,-0.0246119597314169,-0.03322815345134856,-0.01184459007621941,0.0025565981601636464,-0.05418999480063552,0.11528693616044426
25,0,-0.05013012898613427,-0.06980314472749938,0.005041286250342148,-0.062076049677389396,-0.08876933774814463,0.2727452844341051
25,1,0.009601828341886377,0.012151109721922676,0.017988686983577196,0.0032861331517445914,0.01667199176826664,-0.0696594203693437
25,2,0.010235851770695708,0.00519205419837499,0.014740169259734036,0.008216876185176284,0.020144988691565162,-0.08121071380946022
25,3,0.005314288872365405,-0.0005036274533269972,0.006409694091670716,0.015820871522508852,0.028001771473081936,-0.060297628325750155
25,4,0.01001709316132117,0.014713206787934962,0.021110200843374786,-0.00444222402327717,0.010120106341265048,-0.06573872245588656
25,5,0.010282497874255881,0.009137383679878493,0.016250460391976335,0.007325719705446732,0.02014363928932623,-0.08144977372468841
25,Aggregated,-0.009821435783975496,-0.016752092397802967,0.012023824410400251,-0.015711511176369423,-0.01540436151635102,0.03831642409244475
25,Centralized,-0.009821435967414872,-0.016752092433547756,0.01202382457584803,-0.015711511029139497,-0.01540436121181332,0.03831642434122684
26,0,-0.028737341983600024,-0.03825742771097555,0.008165229742329128,0.014619694427138173,-0.12041733766616199,0.20102991740289952
26,1,0.004099607278109804,0.005028315750740429,0.00973531077856435,0.009138570900877944,-0.003325150241560474,-0.009489086381439825
26,2,0.004380427237231216,0.013500277073030937,0.019058130726100735,0.0034621595082446307,0.004720574181516283,-0.014855467530200046
26,3,0.0004652325863874792,0.004889614725421623,0.010433002739281232,0.00010546424452818804,-0.001640423473693505,-0.006631991134667624
26,4,0.002801668729720613,0.004968034532969319,0.008751056444271928,0.015183763102964293,-0.0004315400366569138,-0.008555277796494716
26,5,0.004964752536105349,0.006524658686953333,0.010317785652759471,0.009648762891663474,0.003628013510677102,-0.010197717013696357
26,Aggregated,-0.006902145492321934,-0.007464859409961135,0.010543321149392763,0.009778909424245832,-0.03805287954737466,0.05742815294656129
26,Centralized,-0.0069021452113434455,-0.0074648594140501725,0.010543321216211241,0.009778909284470604,-0.03805287939843798,0.05742815327941517
27,0,-0.0439774895701284,-0.04680787016671091,-0.03623119399648034,-0.008712450461281147,-0.09523619408142431,0.21853980857356536
27,1,0.0017593181659075574,0.0016076655672928048,0.01307632917523527,-0.009994539626723975,0.015425555320354183,-0.017025278219939478
27,2,-0.00559626653899435,0.00045925006972961354,0.015722475412132918,-0.023945563269313963,0.01685475452416844,-0.013081984864198122
27,3,-0.005202695901077242,-0.004675676113818627,0.014873450800171543,-0.030226117861772688,0.025147249079040444,0.006619900960615267
27,4,0.0018840181131864922,0.004029988931675707,0.010376441282062915,-0.0025013364832750006,0.01088346741618818,-0.027177760308875323
27,5,-0.00015236381284350665,0.0011846586796788554,0.010752357327092722,-0.01176922926167951,0.015596262675175585,-0.019939709002880803
27,Aggregated,-0.015038832561308299,-0.014593114128062945,-0.0027488150924681507,-0.013459956140007648,-0.018990811785485277,0.060178073381842494
27,Centralized,-0.015038832403402326,-0.014593113977421678,-0.002748815268771449,-0.013459956413441169,-0.018990811348459834,0.06017807337486978
28,0,-0.02971067348983497,-0.04238338226273627,-0.013471750321299844,-0.006872323215008373,-0.05936415312571461,0.16573325780566137
28,1,0.004926516994216997,-0.00781867670442464,0.0009475382991792106,0.0070668077768218,0.0028152231441106036,-0.011595848457718522
28,2,0.007469188816076873,-0.006799443466753809,0.002648409402007411,0.007633212135174913,0.006966973157099479,-0.004423160995718242
28,3,0.0012304523390030619,-0.020217034739497562,-0.007343637285065053,0.0006969372037489065,0.003634015465398146,0.015911939397990335
28,4,0.006157833034236609,-0.0012322772715584124,0.00574626033348954,0.011262574882573874,0.005454949289501244,-0.023439614460235077
28,5,0.007186407391187208,-0.005083139095539551,0.0027893156465775342,0.008019232506623663,0.006771285075373231,-0.012778125380828452
28,Aggregated,-0.005816445361709975,-0.019136787355084534,-0.0036503553833699843,0.0025262137523795595,-0.015466909354898346,0.04798114300832174
28,Centralized,-0.005816445579551699,-0.0191367877110264,-0.0036503554813584285,0.0025262137861823243,-0.015466909086273463,0.04798114299960065
29,0,-0.047035356396225816,-0.05756310114200781,-0.012528855324298115,-0.01708687135847867,-0.033634851386218606,0.18052168154112055
29,1,-0.002162782147884749,0.0033045312927078123,0.014517654858260409,0.012839467270427602,-0.006424677661948217,-0.027448191649078815
29,2,-0.010587175684752483,0.002696786351332579,0.018395553547365683,0.004294013268343243,-0.015133458096225412,-0.021969909215015078
29,3,-0.0053613506718782206,0.0009313220805822552,0.020923176057429826,0.013779407328829879,-0.018302868397946783,-0.02965191623841411
29,4,-0.002685895220717023,0.004511003103224971,0.012215772876154916,0.008991570398746889,0.000567182813060531,-0.028863737158055396
29,5,-0.004423616249257675,0.002221194072473262,0.012351615178241408,0.006749305441167887,-0.0027140743377824755,-0.022401507332088903
29,Aggregated,-0.01845383853861792,-0.016522276610607848,0.0066721585298261,0.0008944183308641042,-0.016459696784086212,0.039906013151491386
29,Centralized,-0.01845383873277755,-0.016522276944532534,0.006672158307665561,0.000894418038955536,-0.016459696566302133,0.039906013168085896
30,0,-0.044704790441099,-0.062070369593555115,0.010987744160993391,-0.010865555227084782,-0.06822265405707775,0.1655594371482419
30,1,0.006532205678908132,0.00812011162253083,-0.0023151614018576305,0.008716681428240848,0.0015578438510507231,-0.008158980764049674
30,2,0.0076324660832236,0.013150059798495912,-0.008856641941885967,0.0020068331531224917,0.0015323224010179027,0.0023783066004672356
30,3,0.010853794667918883,0.01188550602305682,-0.013253643256549543,0.00737091393608444,0.0007843925107394799,0.007771355950175962
30,4,0.0033723149444978323,0.005826152803319424,0.0002680804231467741,0.007263767519093172,0.004182073026502332,-0.01296171609069708
30,5,0.005096056627726989,0.006268523723054186,-0.003969343464852494,0.0058747668422206335,0.003955233906835177,-0.005550537685348788
30,Aggregated,-0.009717651139529418,-0.013661881509844691,-0.00032003705645434935,0.0007819148741298425,-0.020151371472078745,0.05062146910507122
30,Centralized,-0.009717651071808782,-0.013661881356350977,-0.0003200368906146106,0.0007819147365078142,-0.02015137139335181,0.050621468911443694
31,0,-0.03441891620503262,-0.07632451152206002,0.002844249854152879,-0.026041940256500265,-0.03595316120491925,0.16296061067495043
31,1,0.0027731959341442194,-0.002660736887930446,0.01102997208120605,0.00906368180447432,-0.0071255424890062265,-0.01012740004127729
31,2,-0.00016880560213668807,0.004395287530893702,0.01188686189178182,0.008185297690976805,-0.011964369281254855,-0.009403208835893049
31,3,0.002464060507934545,-0.002903564386747339,0.009425237387318734,0.012153003615756943,-0.01760510499969503,0.002811838223862723
31,4,0.0015279914573097322,-0.0003428455899804193,0.010012767090642399,0.007051534423376103,-0.0007479688400019476,-0.013438739900591128
31,5,0.0018964711884128917,-0.0007757367106840143,0.00791567677452439,0.008159383264803257,-0.002688953125615609,-0.010683714982782436
31,Aggregated,-0.009835357586874916,-0.024685258821693416,0.007751672957506319,-0.00224316228629433,-0.016944661359023668,0.046480887957221995
31,Centralized,-0.009835357365353114,-0.024685258868183683,0.007751672770342639,-0.002243162504454939,-0.01694466177273379,0.04648088805305193
32,0,-0.024058752008463462,-0.08589390900231207,0.005699151238366757,2.245242754828351e-05,-0.05286612279252134,0.17848487426864398
32,1,-0.0001277059731977643,-0.004994867542427893,0.006830820406083713,0.006098449081799049,0.0009511154639552301,-0.008944555099278799
32,2,0.005720074678548158,0.0008431774050358694,0.0040755714554018925,0.002729210622018221,0.005675774582033286,-0.011610362785194756
32,3,0.0028384917810725914,-0.0006537547096156356,-0.0002028088036311338,0.004360539400480006,0.00242242639980478,-0.005547052666543004
32,4,-0.0006480168365101122,-0.005359813184155094,0.008660559725182784,0.0061875992146234494,0.0033051947103413326,-0.012365383178783832
32,5,0.001429473568260733,-0.0038232745213973547,0.004556488576971593,0.005297970714127628,0.004557204686262487,-0.00891862411312526
32,Aggregated,-0.006428958481702636,-0.029334057766849553,0.005076334859008812,0.0033660352495296798,-0.014580319451615035,0.05054753911843166
32,Centralized,-0.006428958763249044,-0.029334057578515215,0.005076334961066711,0.0033660349327329585,-0.01458031917786163,0.05054753904789073
33,0,-0.028850341937021316,-0.05780061660446719,0.004231591027779566,0.009341855307095366,-0.0636085424450786,0.13988681941295497
33,1,-0.005072122679856468,-0.0005613558251174551,0.012791868854522341,0.006560862836074228,0.002742693840912742,-0.022734588456479417
33,2,-0.01252481560666088,0.0008477529571995777,0.013315634579155486,3.844181350042152e-06,0.007448542771377234,-0.01118519579832137
33,3,-0.014265834786108987,-0.0012134670275962005,0.013071594357368866,0.001472713193041018,0.005003787843868262,-0.0076361593595094006
33,4,-0.0011050047469464918,0.0005735849361341693,0.011847109927993397,0.008580995471539062,0.0036642852608251312,-0.030299296151390716
33,5,-0.004963737974845912,-0.0007154324744388525,0.009798596240604395,0.005740984289903728,0.005429549032584053,-0.01841217188783799
33,Aggregated,-0.014376866207787367,-0.01860384687747365,0.009631479352405234,0.006027081936619804,-0.017006598801609048,0.03238395282182333
33,Centralized,-0.014376866223564535,-0.01860384713111886,0.00963147959919531,0.006027082023912136,-0.017006598472646472,0.03238395279910024
34,0,-0.07335604992209904,-0.042466517705312214,0.01708743132714718,0.0005090511481702463,-0.02603543156422334,0.12250960119759956
34,1,0.0018629263514405236,0.003517637284301304,0.007945067466147555,0.009253291766190297,0.0037392486691016215,-0.019359860503076195
34,2,0.002936840047009366,0.003863099112631486,0.007515109777133647,0.0031147969205589285,0.0019255967293397307,-0.019994161225595115
34,3,0.005085590374245978,0.0010409906604094171,-9.888043009568834e-05,0.009184344569289116,-0.003377380924958405,-0.008045894786638499
34,4,-0.001044637852679464,0.005235049588156102,0.010565426334417921,0.006536738018419839,0.008313964548812273,-0.022119961640247186
34,5,0.0007746386935862784,0.0028503983146519435,0.005886899190987418,0.0064839861433957455,0.005514861349307696,-0.01701525157671995
34,Aggregated,-0.022116934506740737,-0.011314328817151933,0.009787605266225732,0.0048690418575268075,-0.006120356221713877,0.02734270554683541
34,Centralized,-0.022116934189461125,-0.011314328559304691,0.009787605280104967,0.004869041728877287,-0.006120355946327135,0.027342705651306264
35,0,-0.08098397530915655,-0.034122152677352954,0.020059792247631013,0.016470626983008815,-0.04131063830637067,0.13003275251496996
35,1,-0.0015052411536370213,-0.0001270020762608114,0.01043374418497597,0.007802877629932986,0.002528708434660153,-0.029012346373358443
35,2,0.006666264010589715,0.0045335270021907795,0.01062458951669804,-0.005099544393150841,0.009565796480848572,-0.02351878492684119
35,3,0.001090233538488131,-0.002831326981649391,0.004563284227890719,-0.004108804736271083,0.006031861697410557,-0.005957680995832338
35,4,-0.002812180335719558,0.004380268586639771,0.014664789075560757,0.011359294653126002,0.0035568426108798135,-0.04474108830153067
35,5,-0.0008812980315787277,0.00031930261634968395,0.008939981978458725,0.005322411793071881,0.005542091355428778,-0.02463441758554337
35,Aggregated,-0.025513629292440113,-0.010042545894316496,0.013107231234470417,0.007339380620891525,-0.009486135286131332,0.024119001500836852
35,Centralized,-0.025513628681313336,-0.010042545456465254,0.013107231528046544,0.0073393807930634426,-0.009486134926744542,0.024119001778179848
36,0,-0.050867390995342494,-0.05453116581899479,0.016007979702293285,0.0006314065639184525,-0.02848544516682031,0.1300722116147955
36,1,-0.003516620435698458,-0.009273300826450778,0.008624580714169697,0.008806705205622547,0.005869001016655315,-0.0035728917289720996
36,2,0.002554350301297843,-0.002996821216133462,-0.0036279549388983927,0.009307022018878572,0.006474842576478441,-0.012405059327410177
36,3,0.0022759045993696724,-0.0024246070969787853,-0.007153693454503515,0.011250583107141344,0.004829590581362505,-0.007966700239827058
36,4,-0.006405487365632402,-0.011389322757109945,0.012746631052443351,0.00711528913419834,0.00818290417525919,-0.0023852889440073924
36,5,-0.0029521942697306527,-0.006957099033743475,0.003054361709712134,0.008140741273810688,0.007467419847421961,-0.0031916377129927054
36,Aggregated,-0.01733928788557753,-0.021912176877453244,0.0069694285600248795,0.00627584868609643,-0.004628351127761822,0.03751909944323375
36,Centralized,-0.017339287983307538,-0.02191217714481821,0.006969428544751846,0.006275848614227768,-0.004628351644058846,0.03751909886345639
