Round,Evaluator,3,4,1,5,2,0
0,0,,,,,,
0,1,,,,,,
0,2,,,,,,
0,3,,,,,,
0,4,,,,,,
0,5,,,,,,
0,Aggregated,,,,,,
0,Centralized,,,,,,
1,0,0.02105714912172178,0.028912924721086957,0.005389176770616159,0.03223467767989782,0.030708218401216777,0.1416683573693784
1,1,0.04692073075121265,0.059864083565705606,0.035933022347229754,0.05893164057321146,0.06743639320304366,-0.04689820841081379
1,2,0.04037341471865709,0.06744975712749761,0.033265969731846944,0.05447287244331554,0.05763509909829217,-0.041408003990784426
1,3,0.042243339707839854,0.05700983134939646,0.03474950520718145,0.05252587463110117,0.05456637807130331,-0.045620755331401155
1,4,0.044986688376736174,0.0602806854805479,0.0379813323045466,0.0631795420656365,0.06246094898775793,-0.04793345604819093
1,5,0.04147853129544711,0.06375015645013665,0.04064460630319055,0.0508459216266826,0.06348007157249162,-0.04743663427028846
1,Aggregated,0.04050512832718541,0.05510386894578959,0.032257761965454705,0.05309786558369553,0.057474777616525356,0.061359310870590544
1,Centralized,0.04050512832718541,0.05510386894578959,0.032257761965454705,0.05309786558369553,0.057474777616525356,0.061359310870590544
2,0,-0.05015784837811082,-0.024864410481931238,-0.0191531742749644,-0.028375460551462624,-0.015418236856048508,0.09685955010676932
2,1,0.004294070243343481,0.02438387175353213,0.045518192362479254,0.026024499685195247,0.03422271058608664,-0.013720005450289018
2,2,0.0073281171757168685,0.027404148917868947,0.0539968684556001,0.028862404988648855,0.04189882241129737,-0.026130870630349693
2,3,0.002672423732616421,0.020463148800311616,0.050026569132059655,0.02183058572480126,0.039186506211768696,-0.02155802621436922
2,4,0.0003300845504180403,0.020730631683490854,0.04772361744179323,0.01941450085703536,0.028979458178783713,-0.01928717081605196
2,5,0.013964629552915905,0.027907390406570833,0.05821967025287699,0.02967572767271406,0.04596696739445548,-0.00476780140922742
2,Aggregated,-0.03169948008525876,-0.013017116823654439,0.007418568575979156,-0.014318586429352194,-6.0329713329458325e-05,0.04986235833687943
2,Centralized,-0.03169948008525876,-0.013017116823654439,0.007418568575979156,-0.014318586429352194,-6.0329713329458325e-05,0.04986235833687943
3,0,-0.0043456109253461805,0.039597958068544846,0.02264206997014697,0.04583128449122631,0.027622764869270715,0.12793124774883038
3,1,-0.004102727079991399,0.05904746016781197,0.0369818824459269,0.07496517319337155,0.05145718370648611,-0.06549102091447852
3,2,-0.003684238873777966,0.0681315317298403,0.03720206635633627,0.0734118956931043,0.05645536467905458,-0.09303903005227519
3,3,-0.00018804987919562296,0.05992375435223079,0.035033181827175554,0.07169044669993259,0.05394648853696958,-0.08623164928938153
3,4,-0.0061044314582575,0.06562855011376308,0.03258239302876724,0.06565927252363983,0.059655423183703864,-0.08304472474090814
3,5,-0.012149272934055216,0.06323875352052534,0.03270252222016291,0.06675064903829678,0.04756335205907109,-0.07737846801723455
3,Aggregated,-0.012339082576962765,0.04805533087922672,0.02382676138936043,0.055316712240012264,0.03752415960966384,0.046159075910631425
3,Centralized,-0.012339082576962765,0.04805533087922672,0.02382676138936043,0.055316712240012264,0.03752415960966384,0.046159075910631425
4,0,-0.009805281603149456,-0.01547580412228269,-0.02560919662362267,-0.01353411884620986,-0.02207078257730811,0.09952984844139887
4,1,0.03634248574248262,0.024888666792626968,0.021649743535754055,0.03742681835051373,0.01569791348077151,-0.08607446736501616
4,2,0.03336660461282582,0.0219501025280795,0.01973587377482436,0.039973791483557064,0.009504075291108182,-0.05963854102033142
4,3,0.03387795450930647,0.027265716024995917,0.018841591775608457,0.03764480917226856,0.00910918059839365,-0.05259884967569503
4,4,0.030207232578392258,0.029920012482491137,0.02941825942947483,0.03227358032176152,0.013421893535893186,-0.06639268618912138
4,5,0.03031279395305816,0.01781790325321437,0.02174706016452993,0.0366513315033192,0.015537335328585462,-0.0752892179087522
4,Aggregated,0.00529753600803162,-0.006659886329606652,-0.01130285308250701,0.004562956932866181,-0.013316586999185802,0.051264465652312026
4,Centralized,0.00529753600803162,-0.006659886329606652,-0.01130285308250701,0.004562956932866181,-0.013316586999185802,0.051264465652312026
5,0,-0.006413012294846819,-0.013360321983074606,0.0012556667401151253,-0.02447139017490809,-0.0176490760157498,0.05121474289673401
5,1,0.01416869532337632,0.008530255428367132,0.012980654423631206,0.005777375214636641,-0.0020056449981202353,-0.052283674950963394
5,2,0.01944095656615465,0.00725398696719448,0.014511409602653338,0.005215337999887124,-0.0003633222793348212,-0.048585131555972244
5,3,0.01417194065278133,0.015741203796245815,0.0195379028059335,0.010125342236630773,0.010117884301911373,-0.07908907215824625
5,4,0.015217575787309728,0.013641803889655852,0.021442495076530236,0.005823265653988718,0.0030715781586039023,-0.04493207713905817
5,5,0.01570185189286724,0.006284722784872714,0.01937269772285555,0.006350133354502481,0.010403495045022451,-0.054227770105076616
5,Aggregated,-0.00325948636147038,-0.00976229325110295,-0.00010403799835070893,-0.01685451139121071,-0.013248531615885604,0.023571660007359028
5,Centralized,-0.00325948636147038,-0.00976229325110295,-0.00010403799835070893,-0.01685451139121071,-0.013248531615885604,0.023571660007359028
6,0,-0.01608874337931599,-0.012487340228259876,-0.0020767242640441163,-0.011030116028880883,0.0034101070661300237,0.13554381290617767
6,1,0.012825089610265692,0.004413067237163612,0.025476499373405723,0.014258687042168447,0.03266740997181593,-0.040134804051848896
6,2,0.006183771192707405,0.00337436570662552,0.017712484061075357,0.011559351262885053,0.025020663040488722,-0.04033695500681486
6,3,0.0051899954244454104,0.0026874748213640974,0.01871008108251056,0.010756622162412466,0.025969214484175555,-0.03090614416704035
6,4,0.011973379540787343,-0.0028251321681121346,0.032043826039962225,0.01303845081501127,0.03774539449889061,-0.04948107864813412
6,5,0.009874878181030037,-0.004729928223374892,0.03008091519435812,0.01369891740405034,0.0339589483064545,-0.04967387303417891
6,Aggregated,-0.00892036904250402,-0.011693383319851479,0.005209226765986346,-0.0028837328962584927,0.011416945804566665,0.10483351655039182
6,Centralized,-0.00892036904250402,-0.011693383319851479,0.005209226765986346,-0.0028837328962584927,0.011416945804566665,0.10483351655039182
7,0,-0.038166983363953924,-0.019583773066421735,-0.01562937077279971,-0.025967593794193618,-0.01686460745912809,0.12776053481549193
7,1,-0.014559453794289216,0.003651691278550008,0.005619653890185915,0.0030913619285971865,0.009469125040902079,-0.05934325253452196
7,2,-0.018183654937274835,0.00952351936947677,0.009993180932046753,0.009643624518999859,0.01588419667887424,-0.06601432451300093
7,3,-0.012669377605776092,0.008144529431042543,0.0035070216284497353,0.00980171386781234,0.013491245726402036,-0.04807761393545236
7,4,-0.017095358027792745,0.008909732397811126,0.007712544430579253,0.007313255797231862,0.012096095688212172,-0.07357133857548939
7,5,-0.024289736577294944,0.008829455376565548,0.013061284050032337,0.010749777467369888,0.016768860583060926,-0.08373574358245803
7,Aggregated,-0.03929827254180332,-0.017405610549255025,-0.01614187737946278,-0.019065833511390403,-0.012684795529749857,0.08984487924679066
7,Centralized,-0.03929827254180332,-0.017405610549255025,-0.01614187737946278,-0.019065833511390403,-0.012684795529749857,0.08984487924679066
8,0,-0.01615156062767036,-0.025332198629890657,-0.00807176435620948,-0.025733805108185785,-0.015778587986625993,0.09179861836821043
8,1,0.03149726035636841,0.004166078471708379,0.04362118628139471,0.013898596836852076,0.019921788218302088,-0.016442855183683026
8,2,0.03350621132366512,0.0059725474807452335,0.04668417349304203,0.019453478131245372,0.02451933174521405,-0.007203199797621076
8,3,0.025569395527167103,-0.00020581473351469852,0.03969690255046812,0.009519100924431756,0.0168384645628792,-0.005858254970187341
8,4,0.031408167652110595,0.0074450081111158495,0.04189697291724149,0.019003108508363217,0.031441829104276744,-0.005956319546760849
8,5,0.03136022067567924,0.013294877659702293,0.041101631209417795,0.020764948819920463,0.035333474852460335,-0.029039547194591515
8,Aggregated,-0.008076702561094305,-0.026815401056085895,0.0019251966329570627,-0.019828187670250883,-0.010556660147841797,0.0945559852909365
8,Centralized,-0.008076702561094305,-0.026815401056085895,0.0019251966329570627,-0.019828187670250883,-0.010556660147841797,0.0945559852909365
9,0,-0.013571469642154808,-0.012075837142984746,-0.008044028026451343,-0.009911659128218477,-0.014426592743205839,0.09740907061643916
9,1,0.013482051625530522,0.010686764545179497,0.014814330780051888,0.019344858881452463,0.007544510771866555,-0.06567889397914846
9,2,0.009727407679905044,0.01264559856060019,0.013541527787868674,0.016943454855757052,0.010557599231064353,-0.07114399915661976
9,3,0.008849512952133352,0.010324967620060372,0.02380557260143542,0.021739914217624112,0.008422407444314104,-0.0640355829799757
9,4,0.013568483943749439,0.012416228398336006,0.010368799487205491,0.017170456492572636,0.0046897053086104494,-0.06139306448427073
9,5,0.01172772973575728,0.012755276816450466,0.01420723988027661,0.01614948455244554,0.012552333168947369,-0.06415349821543162
9,Aggregated,-0.007747760723688192,-0.008059966325503586,-0.0022517685428366237,-0.0016687845388465696,-0.01040523324994189,0.06707249857764389
9,Centralized,-0.007747760723688192,-0.008059966325503586,-0.0022517685428366237,-0.0016687845388465696,-0.01040523324994189,0.06707249857764389
10,0,-0.022319663392771583,-0.008444352052517848,-0.00948966946143463,-0.009232266895560334,-0.016971086317885298,0.1278263684556334
10,1,0.0015477153691935198,0.013623945721556317,0.012671628142080506,0.01550718669215503,-0.0006884543170804197,-0.023975258656839415
10,2,0.003343034405225243,0.017013425242164662,0.013662978814510349,0.015660447869318424,-0.006813322127735701,-0.030732893054817117
10,3,-0.0025241129888982448,0.012376838786890923,0.012477619757299626,0.012677231799838217,0.0008902124832654623,-0.033855935013086785
10,4,0.0024586600641288187,0.012831341907250373,0.013620227877900022,0.017078408777271296,-0.0004340151050700495,-0.036351654565170526
10,5,0.0005493749404521431,0.016504151413238202,0.014323270951854448,0.018157869535353952,0.001851999788407042,-0.04294421802687126
10,Aggregated,-0.019449061934543276,-0.005862106927081997,-0.0071137569577992095,-0.00449176497314196,-0.018272355619359467,0.11709942742171509
10,Centralized,-0.019449061934543276,-0.005862106927081997,-0.0071137569577992095,-0.00449176497314196,-0.018272355619359467,0.11709942742171509
11,0,-0.02484862007853112,-0.013563616532375524,-0.013900395204830837,-0.018088479652446917,-0.021769901718438747,0.16515992150871334
11,1,-0.0010789248951276103,0.011987095214935793,0.010397560363367354,0.0072920654110637155,-0.007805637402959101,-0.03741485286708775
11,2,-0.001494789453431467,0.012420797370583688,0.01300992975851003,0.003435308610119085,-0.001393195994010151,-0.029019514100743403
11,3,-0.0004256785271784617,0.012306580613928085,0.01358122597980782,0.004483170643383517,0.0009356048362514339,-0.030800978788218
11,4,-0.0066825382226496245,0.013355402969564908,0.012003964775912118,0.006778675927640499,-0.004493879192374241,-0.03232196615402664
11,5,0.00613781967697491,0.016892610801723457,0.017291669185641567,0.011073409157577895,0.003484468877090254,-0.051158656627237585
11,Aggregated,-0.022648244608851335,-0.00984194865199753,-0.01031546747802913,-0.016086457364317443,-0.022843789898101166,0.13811788001651445
11,Centralized,-0.022648244608851335,-0.00984194865199753,-0.01031546747802913,-0.016086457364317443,-0.022843789898101166,0.13811788001651445
12,0,-0.02874639856260847,-0.016167564183525517,-0.021968178783616808,-0.02964362487831811,-0.025702931558009123,0.1437845847162874
12,1,0.008098667851930605,0.012754554174749513,-0.00441111920274547,0.017157798055917297,0.015138771528727791,-0.0074961119116852114
12,2,0.0064150919270084305,0.014049532561654771,-0.0026318855660908075,0.012654751401445744,0.01299285652033264,-0.007202158785111749
12,3,0.004403425389875263,0.008007746549557342,-0.0076491575350710345,0.020528073115394126,0.015708607916154405,-0.012940829321201669
12,4,0.005565282407128192,0.014641353596847076,0.0043974869305866,0.006130451826036544,0.013000614330492042,-0.012010093290690676
12,5,0.0076367459944695635,0.016605431032667924,0.005094644966968072,0.016659941272056795,0.018327369832234045,-0.03064568472326541
12,Aggregated,-0.023455463717394008,-0.0089119184907887,-0.02032557586074317,-0.02114436956064898,-0.01842594173836443,0.12634630690757515
12,Centralized,-0.023455463717394008,-0.0089119184907887,-0.02032557586074317,-0.02114436956064898,-0.01842594173836443,0.12634630690757515
13,0,-0.029284523814859922,-0.027387425510844304,-0.03781126042053044,-0.02089891626478015,-0.03385542518497869,0.15297327513965694
13,1,0.006029669266966213,0.003018092028597443,0.006627203661520207,0.001670514941921349,0.004231023953142297,-0.010928150262101786
13,2,0.003416827767831528,-4.2539344364409906e-05,0.004332202602622149,-0.0006836426029184199,0.003978463908267414,-0.012804421552275845
13,3,0.007783347069452326,-0.0016054376492191365,0.010036041437202357,-0.0008537356497148578,0.002132073765337848,-0.010890750811602774
13,4,-3.1869760205251636e-05,0.005767815422942016,0.0036510075056380427,0.00519912641988703,0.00978509547574542,-0.01435024710785302
13,5,0.006496474284561682,0.004487972020764729,0.006432444502521653,0.004526595088588863,0.007480017821257465,-0.025581943811848012
13,Aggregated,-0.02063383311494341,-0.02488082731452077,-0.02660576827934134,-0.017787661583414268,-0.028937080578896,0.12663547864435118
13,Centralized,-0.02063383311494341,-0.02488082731452077,-0.02660576827934134,-0.017787661583414268,-0.028937080578896,0.12663547864435118
14,0,-0.021512479484410967,-0.019338906170909945,-0.03311073608141504,-0.005796654330476589,-0.027009206347827063,0.13096575508049454
14,1,-0.002503857920168578,0.005824656808592144,0.006857095577594658,0.010061610842433585,0.005340362898551442,-0.01961714703565777
14,2,-0.0011971818863193984,0.0050180047475923105,0.00819522857293948,0.00904184506719303,0.006252623284705498,-0.021063340514305598
14,3,-0.0029129986818844404,0.0018425147859003211,0.009541068979258624,0.012960231183828306,0.009411175106200598,-0.015680362487791977
14,4,0.002135970986233068,0.003310713310707932,0.0036695591437697346,0.009119563963812265,-0.00015485336392887948,-0.02120547952296293
14,5,-0.0017814527229528716,0.005077433626809336,0.008826392867122163,0.013405862197877911,0.008564769828764944,-0.035746998520421985
14,Aggregated,-0.020070512772781168,-0.014889054590568055,-0.027569435344821716,-0.0011391980133919986,-0.020852707605665002,0.09987867173845912
14,Centralized,-0.020070512772781168,-0.014889054590568055,-0.027569435344821716,-0.0011391980133919986,-0.020852707605665002,0.09987867173845912
15,0,-0.02388937358572924,-0.010065414650314158,-0.021755969382323187,-0.013182241503153285,-0.03430305798955614,0.10874802727068715
15,1,0.0086329672367625,-0.014782612228778566,0.006046550435687608,0.0038547148975117654,0.0022905901603436185,-0.008078501850652224
15,2,0.00855657766646542,-0.010359309049357132,0.009550664204248743,0.0037047183528185887,0.003604908457569275,-0.0149832512790895
15,3,0.010134479483483798,-0.016151378525369353,0.006341834938653449,-9.747744578518236e-05,0.004399623174737626,-0.009162474975431302
15,4,0.00426018589597146,-0.004412265628812902,0.008068068277585449,0.001442172780637715,0.003316704285271822,-0.014756008509111103
15,5,0.010184110800790541,-0.004751044078193296,0.009880311642154352,0.005952482721279965,0.0026503679710790946,-0.026779884974644123
15,Aggregated,-0.014673061887655941,-0.011202227894077632,-0.015692485288013654,-0.007487644453890037,-0.027317717639522787,0.07873820651391449
15,Centralized,-0.014673061887655941,-0.011202227894077632,-0.015692485288013654,-0.007487644453890037,-0.027317717639522787,0.07873820651391449
16,0,-0.01735083551908864,-0.007999144651704544,-0.0325716999843637,-0.005931914527598953,-0.027870056284666864,0.112017610387719
16,1,0.002354298612214391,0.010437686370351059,0.010217357548155342,0.012577262206429622,-0.0003955917076491628,-0.03836384538025897
16,2,0.002850446905983797,0.008687645173709744,0.012192588265460973,0.012666565966866432,0.0003762007967468358,-0.040969400187713535
16,3,0.001838299694040414,0.010214590214799719,0.011382810074073204,0.01350540003659714,-0.005129717151873557,-0.045298290492553725
16,4,0.005227992140728843,0.008605471452396263,0.009902674412043488,0.012496617481696233,0.005095640698127202,-0.03329164888946778
16,5,0.004304047235671033,0.009089232554842702,0.01056865168409111,0.015067729758734992,0.0038967669347348224,-0.034658631293291685
16,Aggregated,-0.010554802310149472,-0.0025353918037212086,-0.024121595078778438,0.0034125019476618254,-0.024298339957365963,0.06412046356214414
16,Centralized,-0.010554802310149472,-0.0025353918037212086,-0.024121595078778438,0.0034125019476618254,-0.024298339957365963,0.06412046356214414
17,0,-0.02460723429625544,-0.01926251678827563,-0.027041264843274862,-0.030937726557998868,-0.04511863804421584,0.13563341892181713
17,1,0.0017957797741035585,0.00713657768160232,0.001962262191223853,0.006425602387846551,-0.0006175994120727853,0.005530508988343523
17,2,0.0020743343112944626,0.0044599150595233256,0.0012704812064102807,0.008062589906293476,-0.003282996329694713,0.0017258265048506456
17,3,0.002238107652535395,0.0015146775576095396,-0.001395646029193672,0.011075678011098497,-0.003153767201992912,0.01566520420018149
17,4,0.004135901338322931,0.0055324216604263005,0.00028739798821845184,-1.0611061224086172e-05,0.005447244365570822,0.0007401618612699538
17,5,0.0011919706923755667,0.007349938342031179,0.0029661186856854544,0.004941408827698449,0.0010749540171865876,-0.0044879472865012714
17,Aggregated,-0.015196925354359191,-0.012043239842712723,-0.020479754708787285,-0.01888584560467537,-0.033108304116912304,0.10844373563663165
17,Centralized,-0.015196925354359191,-0.012043239842712723,-0.020479754708787285,-0.01888584560467537,-0.033108304116912304,0.10844373563663165
18,0,-0.01631837340526155,-0.026169407616964048,-0.026332477292075666,-0.010444899523557006,-0.028744470661543342,0.12621564933440224
18,1,-0.001670280456065114,-0.00022290451377445785,-0.002493393400745882,0.0038970322322430225,0.0002447864382846428,-0.0133096208401969
18,2,0.0008789289413922448,0.002249546475666279,1.168357458266785e-05,0.004021454282190438,0.002962340170417112,-0.016166765257749738
18,3,-0.0015899874410207743,0.0005340328230755734,-0.009981419493339853,0.002701522048456842,0.00615728661389928,-0.021820217721537867
18,4,-6.251789376891711e-05,-0.0014952292583572133,0.0026376061587966887,0.001861419967696721,-0.006389734750361312,-0.014516797391043237
18,5,0.000617295925141063,0.0024591892785363317,-0.001598800670495022,0.006617310166486458,0.005739210016403189,-0.02484727595747267
18,Aggregated,-0.011852076699315164,-0.021812999344370528,-0.02106360865520457,-0.0073353684074965375,-0.02815153836371214,0.08746312650120208
18,Centralized,-0.011852076699315164,-0.021812999344370528,-0.02106360865520457,-0.0073353684074965375,-0.02815153836371214,0.08746312650120208
19,0,-0.022175368003440523,-0.01540784563985111,-0.015317237660498901,-0.005176768034091038,-0.022448038375026968,0.09760965898363286
19,1,-0.004171022190470884,7.68577877199827e-05,0.00755895848078202,0.0007086848018901248,0.003941325421104767,-0.0034982822996598075
19,2,-0.005422361805644502,0.0017747453909380403,0.006713256388596193,-0.0009275660186394604,0.005734452725353646,-0.007851943630488514
19,3,-0.0013437063419654486,0.006803019855348492,0.004857146983158708,-0.003764405789730594,0.005504393191368098,-0.009361208360123309
19,4,-0.001141731795827746,0.0025119937364859292,0.006830719642144445,0.0031527348400621504,0.009111234928276998,-0.0029878422079330103
19,5,-0.004342876322004278,0.0036570479148648836,0.003424347130204068,0.000564455752202897,0.004347631430318275,-0.00939703263847355
19,Aggregated,-0.014984016037063112,-0.009281015709841049,-0.008017596458569257,-0.00032437987389486014,-0.015444497639188806,0.05619268742222236
19,Centralized,-0.014984016037063112,-0.009281015709841049,-0.008017596458569257,-0.00032437987389486014,-0.015444497639188806,0.05619268742222236
20,0,-0.02997774157416272,-0.038369229840067104,-0.017775674385043867,-0.007069215517441572,-0.032217562537148484,0.11694153778701638
20,1,-0.003171232026533061,-0.0008468305594488357,0.0027726449584075767,0.003729653482338608,-0.00884507113169392,0.00620284056722635
20,2,-0.0028504920936240357,0.0013676174951179954,0.0016269787471045447,0.00396710460846726,-0.007390277188641033,0.0032618667113073116
20,3,0.0009452808848195981,0.004908678947405402,0.00017259258630663207,0.006713322858074192,-0.011634060863586142,0.00696906854378398
20,4,-0.003059282350355625,-0.0016058217128337013,0.0019938897272847233,0.0016191526313073714,-0.004666522865148507,0.0014033990368312204
20,5,-0.000145434112816147,0.003133363134568205,0.0028187295065252417,0.005060893118554694,-0.0015454686168276943,-0.0012508296276813418
20,Aggregated,-0.01711375889123912,-0.024276057317968978,-0.010152084861012047,0.0005084645309319386,-0.023410571271808487,0.07397611527863299
20,Centralized,-0.01711375889123912,-0.024276057317968978,-0.010152084861012047,0.0005084645309319386,-0.023410571271808487,0.07397611527863299
21,0,-0.015848627915974252,-0.01261430723430808,-0.018502283380773355,-0.007221349523340122,-0.030490304860639444,0.09350136204635394
21,1,0.0018635557176897306,-0.0012687553456181278,0.006247413315127875,0.006873602930139272,-0.0004845025719466212,-0.012940828165069466
21,2,-0.0021365852950383174,0.0007730992926695417,0.006863241806844327,0.0071235930906342,-0.0037194779569378845,-0.008995400490270108
21,3,-0.0012096651761493308,0.00031765602261592344,0.014538977838105498,0.009189093700216745,-0.01039700055755944,-0.014248945103152241
21,4,0.0022363253407103895,0.003079860383667238,-0.001680032582012293,0.003761668849279667,0.0037741905722802165,-0.01136500711463835
21,5,-0.0016294026176164138,0.0005961907192830145,0.004871254134408981,0.006309467815321838,0.00040230997658787236,-0.012613227973746088
21,Aggregated,-0.00899015731808228,-0.007050024871605361,-0.012046925982115365,-0.0010724568840275873,-0.021754541098506767,0.05290665468261541
21,Centralized,-0.00899015731808228,-0.007050024871605361,-0.012046925982115365,-0.0010724568840275873,-0.021754541098506767,0.05290665468261541
22,0,-0.009839481500576099,-0.0204026145714524,-0.008553993869463452,-0.003931159976734242,-0.02588983385943933,0.08225474642567548
22,1,-0.007275337779250316,0.006641651382952424,0.010664419287196057,0.00559400450827136,-0.00825695630677658,-0.004162077001123195
22,2,-0.011592369583842091,0.010983886773021713,0.012409578650908566,0.0030764421952902904,-0.008573901993775675,0.008011862303906391
22,3,-0.010580031406394165,0.010793827711683914,0.01246373398421416,-0.0029710659056323974,-0.013267310046777397,0.013302607320930197
22,4,-0.006854780210949438,0.0067647758695473376,0.01037066456489583,0.005712178934069205,-0.004031184193012693,-0.003700951108886387
22,5,-0.006755319429758833,0.005359131653094118,0.007693524011912133,0.0030650356877734183,-0.004081364207128584,0.003081335042052761
22,Aggregated,-0.007684891005838166,-0.009469473083613166,-0.0002877006888580456,0.0017768207023436033,-0.017632209707584143,0.04341758464074535
22,Centralized,-0.007684891005838166,-0.009469473083613166,-0.0002877006888580456,0.0017768207023436033,-0.017632209707584143,0.04341758464074535
23,0,-0.02317664104708252,-0.018990854857559466,-0.016296269939254836,0.001959385907387239,-0.018784692025717288,0.06824709533212903
23,1,0.0015074264848039846,-0.0006845779980994856,0.004212768553837871,0.005975431195151417,0.007820243909024973,-0.021996479627336245
23,2,0.00436376117122232,0.001819150876717458,0.003546740405079026,0.003418090154877233,0.006840706323208066,-0.026075533986929314
23,3,0.00790377901259026,-0.0007885369377099124,0.00580689662290249,0.009463294034937241,0.013094242095911953,-0.03246709506824355
23,4,0.003006977381712502,0.002375776323205031,0.000273005235862304,0.002867349855181631,0.006500774331960986,-0.014137834183582705
23,5,0.004119505399486298,0.0002948956254272439,0.0003783072381424335,0.003710021683766777,0.006435229669490382,-0.014653588348304408
23,Aggregated,-0.010695452799033263,-0.008608467338647193,-0.0068687693681321145,0.005952507157864892,-0.009070901348357526,0.027421577176658385
23,Centralized,-0.010695452799033263,-0.008608467338647193,-0.0068687693681321145,0.005952507157864892,-0.009070901348357526,0.027421577176658385
24,0,-0.020113831574136987,-0.02915250430824994,-0.016933253052649793,-0.009171026650289321,-0.03576876357548752,0.11094733603854537
24,1,-0.002108124342555366,-0.0022215198009976583,0.003743801717832571,0.006642599505942854,-0.001163008496067377,0.004924730323345049
24,2,0.0008190274359620886,0.0016595705097516911,0.00019651354393518023,0.003455097388569399,-0.00010555294948463486,0.0024386550683402645
24,3,-9.538968153120313e-06,-0.00056971328053985,-0.0013162607451253582,0.0013720835320909196,-0.002242946537902742,0.0020567233115836928
24,4,-0.0007976076490620394,0.00026711588379672396,0.0029635914954178155,0.0027466851924274212,-0.0012926468619818498,-0.00037225023713132187
24,5,0.0002615004586840201,-0.0014486178504791725,-0.001001621105083428,0.00013647365251282333,0.0015067347191835769,-1.959860300863222e-05
24,Aggregated,-0.012444974767902786,-0.01683135997995691,-0.005483809617796535,0.0016671857694056532,-0.02616686606181268,0.061630522932593634
24,Centralized,-0.012444974767902786,-0.01683135997995691,-0.005483809617796535,0.0016671857694056532,-0.02616686606181268,0.061630522932593634
25,0,-0.01579278633467296,-0.0205128065514239,0.001152405627946676,-0.017695367453616676,-0.015744786673212958,0.0614506538741808
25,1,0.002051481223808526,0.001737828310695642,0.00603146898470178,-0.0023142977310848744,0.0038358940946044227,-0.023179096730032732
25,2,0.0028952766054230663,0.000686493564718745,0.003414412640755365,0.002076856611399911,0.007639843257383589,-0.025486031992207378
25,3,0.0023292947234199953,0.0015856120877364315,0.0005313657549894716,0.006122240664614301,0.014989351367003145,-0.018846744357194047
25,4,0.005209277463319781,0.0035874617570342987,0.0048574441215965426,-0.003409506322286742,0.0013105104709586954,-0.01946119406198047
25,5,0.00499829766443088,0.00312248492470903,0.00540978395067757,0.001164180146484473,0.00983358003466632,-0.028417077125112745
25,Aggregated,-0.005940013256544853,-0.009719485199625915,0.004836064651759112,-0.010035004023160035,-0.008597823555428829,0.024685108960822107
25,Centralized,-0.005940013256544853,-0.009719485199625915,0.004836064651759112,-0.010035004023160035,-0.008597823555428829,0.024685108960822107
26,0,-0.00920778759673938,-0.012875982529597837,0.005796770119316069,0.010112943291358477,-0.030175091159780513,0.06292528393191625
26,1,0.0006796926206455612,0.0032080726998788968,0.006052092975103615,0.005732188268551892,0.0004917217552351724,-0.004653402065626156
26,2,0.001363460894645413,0.0039127405430650995,0.007010784380586703,0.003041026731537928,0.0008463244797597284,-0.003185614779275202
26,3,0.0019529875304882232,0.004356647513064711,0.0062164191224742755,-0.0022345905190744937,-0.0021443656834508867,-0.006421945797239179
26,4,0.0014968933874314379,0.0006532431716925542,0.005268667461741488,0.0032239692204462447,0.00014827849019566724,0.0012693168728644935
26,5,0.0014040377062186293,0.0011441885509919961,0.004274466880131659,0.0007662684272053892,0.00014162782933738554,-0.0059010984703490536
26,Aggregated,-0.002930597631878435,-0.004290458825308089,0.007200833698524388,0.0067865303489422265,-0.018995924034424863,0.024581719103122124
26,Centralized,-0.002930597631878435,-0.004290458825308089,0.007200833698524388,0.0067865303489422265,-0.018995924034424863,0.024581719103122124
27,0,-0.018662715885842267,-0.019753155075511467,-0.010062807291176545,-0.01147404895247857,-0.022309068205005004,0.06643685557463365
27,1,0.00034718696897992156,-0.0006254600011215972,0.005608828009520208,-0.0066968640089198105,0.006623810137676918,-0.006572186620761432
27,2,-0.003615182133008664,-0.00097681872118395,0.006472029918387911,-0.013922458313030838,0.006929245310653838,0.0005074508392398511
27,3,-0.0018277236646558818,-0.00176742411348369,0.005398864984320986,-0.015499478949954432,0.010782981124787214,0.003432346601587112
27,4,0.0012050390202729033,0.0014757741220328099,0.0012065989506231164,-0.006598256914291022,0.001978356405612709,-0.007506954463202582
27,5,0.0028293562726683093,-0.000745656328651643,0.003672673078511463,-0.0020610880724767594,0.006784879855977588,-0.003418682623650813
27,Aggregated,-0.007059545426111777,-0.008264468806147313,-0.0018576009031143715,-0.006439353745794682,-0.00969974974742181,0.029076956031083966
27,Centralized,-0.007059545426111777,-0.008264468806147313,-0.0018576009031143715,-0.006439353745794682,-0.00969974974742181,0.029076956031083966
28,0,-0.0066792202005032456,-0.01601938341589557,-0.00012831522023647703,0.0025657423208916776,-0.015320719320215202,0.04933085701881025
28,1,0.0007023071174283986,-0.0034052507927215653,0.0018773390418294973,0.006851017422425475,0.0011682733428269477,-0.012930156771067588
28,2,0.001956469356970697,-0.005408570595825502,-0.003566565083121768,0.00243563360438741,0.002806032548327322,0.004259183322801055
28,3,0.0025242960499112007,-0.006737601590805828,-0.00542390512814263,-0.001728145171839865,0.0009636866676641061,0.005539302551139654
28,4,0.0011589324715289896,-0.0007348658862967422,0.0006203747325445468,0.0024150468301248717,0.0009373809379342716,-0.0003270088629413664
28,5,0.0029073058132466894,-0.0029507039241636218,-0.0007322358723362325,0.002320713764528982,0.00044367561738653896,-0.006753215981744683
28,Aggregated,-0.002462709734440875,-0.009163655029589627,-0.0014338159580331966,0.00245395111763239,-0.007912078336045989,0.01985988072853484
28,Centralized,-0.002462709734440875,-0.009163655029589627,-0.0014338159580331966,0.00245395111763239,-0.007912078336045989,0.01985988072853484
29,0,-0.018572209209331527,-0.01869757743940688,0.001839066925385851,-0.006253827410996562,-0.010663330062394656,0.04968651421505736
29,1,-6.520845144264801e-05,0.0014090757810590084,0.008626574345097561,0.005510385879270583,0.0003881443580565062,-0.012339191624686614
29,2,-0.004822964985944584,0.0008047794018870865,0.007826175677410447,0.0028871090457153574,-0.008759630704810619,-0.00596789760800351
29,3,-0.000898203479727134,0.004051495003886395,0.011180518556610439,0.009105330289702885,-0.011007200508124914,-0.01359435351312866
29,4,-0.0027680948157240764,0.0006892523500796759,0.006753600800385452,0.0016329836927231815,-0.0017650679109834843,-0.012435174225688616
29,5,-0.0005107103601700968,-0.001044285288020974,0.002138262126567593,0.003599777765470155,-0.0016083564242287962,-0.006913584196793411
29,Aggregated,-0.008505667493995202,-0.008567452802232757,0.0053882853274998645,0.0017881461371695192,-0.006355147436682485,0.013026284616893515
29,Centralized,-0.008505667493995202,-0.008567452802232757,0.0053882853274998645,0.0017881461371695192,-0.006355147436682485,0.013026284616893515
30,0,-0.0128994155243215,-0.01970948903059756,0.006646694774401913,-0.0018360604673987395,-0.023065842058148246,0.04961690047848525
30,1,0.00365786953501799,0.004162287047297302,-0.00018437483478758916,0.0036593013856004563,0.0011827423772680257,-0.004303660845940877
30,2,0.0028715170400397715,0.006634529902632334,-0.008842998180951548,0.0017539831258508536,-0.00017159379646617957,0.00590721304026929
30,3,0.007179124678928321,0.008233997002950048,-0.0048357333663654675,0.0052864337766832204,-0.0009726942218633776,-0.00036948301226056115
30,4,0.0028125257257808887,0.005740764949520129,0.0003521337534030009,0.006149268583719568,0.002974976924254999,0.0026269896676492494
30,5,0.003113139157581887,0.001603058635504816,-0.002398540971965909,0.003930235644963787,7.317921218531475e-05,-0.0022424414945670878
30,Aggregated,-0.0026810861707379377,-0.005582690942866234,0.0019320804619275193,0.0036406503957816046,-0.00984955369333198,0.021364804424648498
30,Centralized,-0.0026810861707379377,-0.005582690942866234,0.0019320804619275193,0.0036406503957816046,-0.00984955369333198,0.021364804424648498
31,0,-0.010232416507690516,-0.025959082851177283,0.007506516916448298,-0.009167743390153422,-0.01470249885424063,0.047505711707315455
31,1,0.0020919516026136203,-0.00023758409395399453,0.005492832879262116,0.004235734057217485,-0.0023762068366887045,-0.009206727608450545
31,2,-0.0022296295399384563,0.0015925174329801505,0.0022251437336414303,0.005249843128226675,-0.00793381557930425,0.0030992688121683925
31,3,0.0012861075779777354,-0.0007335167890333505,0.0027187475780229143,0.006145515772860809,-0.007306140787665995,-0.0017296816728090121
31,4,-0.0013771265559137417,-0.0015002399137412894,0.002692524225727043,0.002103888554707974,-0.00366940794428864,-0.002292016155273497
31,5,0.0016785502431681026,-0.0021338805348509347,0.004701056431941547,0.004046001320511213,-0.0020733714727210694,0.0006782398053562196
31,Aggregated,-0.004177812380012075,-0.013327373070754746,0.005452398236231125,-0.0003318930510737117,-0.00813006556377065,0.01978636602035881
31,Centralized,-0.004177812380012075,-0.013327373070754746,0.005452398236231125,-0.0003318930510737117,-0.00813006556377065,0.01978636602035881
32,0,-0.005677568736059426,-0.028902595175148656,0.008590139188469861,0.002768656590464558,-0.016649555225582376,0.05547011380279314
32,1,0.0012123711234236668,-0.00395517060900243,0.004334842886613874,0.0034021356372996503,0.001957588086637128,-0.004856476514969986
32,2,-0.000689715362630448,0.0030024581933239597,1.1176183473832203e-05,0.0007017347219305895,0.0020017571205061735,-0.005027410856604095
32,3,0.0015568498434374784,-0.0023826270068032875,-0.0021899160396654633,0.004152084330509404,-0.002234760385353162,-0.0015162719056435793
32,4,-0.0017946294931130322,-0.003802707571116436,0.0029839702415693824,0.004054774173276818,-0.0011011026131914588,-0.006165102616772999
32,5,-0.00044141962968820557,-0.0025078788481012657,0.0010177161023367262,0.0009893821979935435,0.00016637387310711182,-0.003529616374381584
32,Aggregated,-0.0028682390801274,-0.015353803074830948,0.004261221021396284,0.003887574414496543,-0.00817581767615765,0.02032871541812623
32,Centralized,-0.0028682390801274,-0.015353803074830948,0.004261221021396284,0.003887574414496543,-0.00817581767615765,0.02032871541812623
33,0,-0.00920534503421922,-0.02385584562507887,0.008722335571487386,0.003867775780536804,-0.02145924727151004,0.04142264936754089
33,1,0.00027280413603634666,-0.0008263099603885811,0.007441391997057233,0.004042724428992282,0.0008120655503324618,-0.014301248057957745
33,2,-0.006650459568101874,0.001828896487263955,0.004262866925634619,0.0017519146783778357,0.004180520864295822,0.0006084863968262614
33,3,-0.0021294742859107206,-0.0011950684887163097,0.004863412008844794,0.0018823328769765634,0.00045717933740208977,-0.00686902426080883
33,4,-0.001688228268055116,0.0030498290694252693,0.004507182385963423,0.001996326272713717,0.0001446150507753763,-0.01462613255725642
33,5,-0.0020767620905560225,-0.0022165920884108714,0.0030688354918500527,0.002642067995706607,0.00127444905860295,-0.0049298702942046045
33,Aggregated,-0.004496233600203175,-0.00935515735222639,0.006646714699926731,0.004574333763483911,-0.009171986123388305,0.010651527590315077
33,Centralized,-0.004496233600203175,-0.00935515735222639,0.006646714699926731,0.004574333763483911,-0.009171986123388305,0.010651527590315077
34,0,-0.025195423917438984,-0.016460921740231522,0.011501900397075448,0.0007814238370002397,-0.008631862700938846,0.03619729258914911
34,1,0.0012184684660517143,0.00030340407196390674,0.004159457444404134,0.0017339251943772134,0.0026990603005244067,-0.013731451418660582
34,2,0.0005144336263662008,5.25473827739172e-05,-0.0014830822948698867,0.0027121622045471272,-0.002576126131933223,-0.0012098152817381703
34,3,0.0025698842686649303,0.00011602412675981351,-0.0012766331609529076,0.007822879523415581,-0.0020450258006582266,-0.003916371424683414
34,4,0.0011791225953951287,0.0040569059698994415,0.0036992562619598923,0.0029045431201733737,0.0041145326226580715,-0.007484251088783549
34,5,-0.00011457869685840468,0.0005748746813796983,0.0027770004769777823,0.006329300419493927,0.001680735345108062,-0.002393578588147541
34,Aggregated,-0.010328941678973321,-0.005844856283511487,0.00543894028261756,0.004682110845520283,-0.0024536721396129575,0.010638716793275127
34,Centralized,-0.010328941678973321,-0.005844856283511487,0.00543894028261756,0.004682110845520283,-0.0024536721396129575,0.010638716793275127
35,0,-0.025254572584393644,-0.010988435549877282,0.0127797975941089,0.006373362096566083,-0.012844423316134586,0.02836838759248436
35,1,0.0019023423547842632,0.0010930749222809316,0.008320763895177264,0.0033263835165309457,0.0029345891875705026,-0.016152279840671267
35,2,0.0023347149117536386,0.0016856656780546576,0.0027022436814976747,-0.0024310125996720566,0.0032046057870196874,-0.0034968119546642386
35,3,-0.0003773752202022159,0.002153545206934164,0.003224097240300002,-0.0010076501497462296,0.0007883670905484604,-0.0013107777350809832
35,4,-0.0016417406606933009,0.0005281032527565991,0.0025617747428102818,0.0007524164532703323,-0.0018596623409844822,-0.014725674112929656
35,5,-0.0010716851900554121,-0.0021784395162155025,0.0054126505784275174,0.004088456365167715,-0.0007470284010959635,-0.01039286121071868
35,Aggregated,-0.012040941843525162,-0.0038717598049092766,0.008268929580094998,0.004412854942978622,-0.005511961634240797,0.00720011899092842
35,Centralized,-0.012040941843525162,-0.0038717598049092766,0.008268929580094998,0.004412854942978622,-0.005511961634240797,0.00720011899092842
36,0,-0.01837227130862549,-0.02066948957079787,0.011658092809578689,0.003634464727782739,-0.007876556054822677,0.03816933557129952
36,1,-0.0029114853440798437,-0.0038362592227345494,0.007135410583835073,0.0034111017373796627,0.0022920205454033983,-0.003774367327340426
36,2,0.0008835347198961914,-0.00241566837495926,-0.006585377571041329,0.002491045989732444,0.0030054082910781995,-0.003372280492398748
36,3,0.0015654978085498372,-0.0018559074197444347,-0.0044104145212607564,0.006150122727786848,0.0003317164278062982,-0.0015047920483001538
36,4,-0.0018229985460591507,-0.0038335466852986834,0.005840587266168032,0.0018738277102634017,0.004256294045531046,0.002177993916556873
36,5,4.6368928781762946e-05,-0.0031869701528070052,-0.0009858882651925139,0.0038124197068579815,0.0016883381372439223,0.0031729273762761134
36,Aggregated,-0.007778943557432763,-0.01055892509281871,0.0047184689490600154,0.004328296134930234,-0.001787072581197298,0.013769062521174666
36,Centralized,-0.007778943557432763,-0.01055892509281871,0.0047184689490600154,0.004328296134930234,-0.001787072581197298,0.013769062521174666
