Round,Evaluator,3,4,1,5,2,0
0,0,,,,,,
0,1,,,,,,
0,2,,,,,,
0,3,,,,,,
0,4,,,,,,
0,5,,,,,,
0,Aggregated,,,,,,
0,Centralized,,,,,,
1,0,-0.02417223792937353,-0.04490311321426538,-0.031843687994724,-0.033464727268764996,-0.030657718191089717,0.4535659121551896
1,1,0.059063345583354604,0.06480388811770307,0.059654438200331235,0.07547307764706561,0.0899609051171162,-0.15529041846265043
1,2,0.05624454744669703,0.06976081601791877,0.06374340670377505,0.07654727466873038,0.07897117630328415,-0.16745123296834669
1,3,0.05776649663099412,0.06577508906243631,0.06324632025629438,0.07171464729261365,0.08044669859435855,-0.17005443515269872
1,4,0.056302652251959275,0.06523048365204427,0.058959140922775766,0.07455948213231213,0.08090370302784078,-0.16866671073645148
1,5,0.062128958967261845,0.06365104035521876,0.06756552751643317,0.07042959813593293,0.08371672390937154,-0.18033915559718897
1,Aggregated,0.02667966684366513,0.025426869427094264,0.026735147706977932,0.033189033573316436,0.03994686158642146,0.07362086933940097
1,Centralized,0.02667966684366513,0.025426869427094264,0.026735147706977932,0.033189033573316436,0.03994686158642146,0.07362086933940097
2,0,-0.08112019189123373,-0.08538399673098514,-0.07474149036822435,-0.07498939189791047,-0.07218545065941899,0.27012046310315824
2,1,0.03841610111208137,0.04201997512493765,0.04180649277573975,0.04821527609979698,0.04090612885658533,-0.12576819215343257
2,2,0.04271171980899612,0.04258834437558252,0.05115083880179107,0.05101418431937699,0.04991427940697288,-0.12385564807970509
2,3,0.039596657218221525,0.04095990596597491,0.05724969322834456,0.04568281129712881,0.050695475460419887,-0.1169742957696637
2,4,0.042863223395618,0.036725455742878194,0.05170596521898345,0.04509664134009768,0.04246659722104976,-0.11727729903374831
2,5,0.04944284986073835,0.04605427142392813,0.05940747101804746,0.05603962550374505,0.0516177612326079,-0.12328566194662027
2,Aggregated,-0.00032584191716480276,-0.0022844872058419624,0.011118025553795017,0.008008930163680837,0.006780623350243145,0.02327287717870824
2,Centralized,-0.00032584191716480276,-0.0022844872058419624,0.011118025553795017,0.008008930163680837,0.006780623350243145,0.02327287717870824
3,0,-0.05463243485381764,-0.04339501318657196,-0.04820774207439881,-0.04561231894316827,-0.04701589015578948,0.3095545062729331
3,1,0.052207251194886464,0.0597311333919588,0.0609088187072996,0.07034779071950889,0.056223089202169896,-0.13883682831797595
3,2,0.05013038839538756,0.07063509303544076,0.05787834398323689,0.06982427189442866,0.05993300839192001,-0.14840923236698841
3,3,0.0512409320251633,0.05743434542081966,0.05318266151274362,0.06460320566959393,0.05384006943568701,-0.15714137164724218
3,4,0.0439247434727811,0.06682392050761582,0.052577093643740455,0.06365123572511455,0.06625399777034692,-0.15652803259336506
3,5,0.04374075779529068,0.06516238960343756,0.05578849907100392,0.06467186277573263,0.05232189734228805,-0.14308470877191645
3,Aggregated,0.008546419520914431,0.026033818091170908,0.017471230652987977,0.026936214478403914,0.021189621443504406,0.00769236441498875
3,Centralized,0.008546419520914431,0.026033818091170908,0.017471230652987977,0.026936214478403914,0.021189621443504406,0.00769236441498875
4,0,-0.041617611483472434,-0.056593649456442546,-0.057139691128450326,-0.046490545426731145,-0.0492165604451956,0.2344251893555306
4,1,0.020216998321919206,0.015725443049910408,0.01238664217237061,0.027559563073555705,0.010862886978121414,-0.07785397728110292
4,2,0.017326785080261267,0.009820284618315826,0.010139264887884194,0.02724333987236818,0.012189227212976526,-0.05861386099130023
4,3,0.020169841392758788,0.015350887817534799,0.00866927103213845,0.027400443452113867,0.00939656816376869,-0.04517822669236818
4,4,0.016922344336853693,0.017640206327626414,0.02123080178594229,0.021823027515150292,0.010690801611018201,-0.0548564217886983
4,5,0.016963738354246978,0.008101629097440678,0.015771665443517418,0.027339476494260544,0.01263146010708243,-0.07980299772648262
4,Aggregated,0.0018322993221211391,-0.007184399127045208,-0.005850528115783566,0.006042038628830879,-0.00802476340517319,0.026072394389771932
4,Centralized,0.0018322993221211391,-0.007184399127045208,-0.005850528115783566,0.006042038628830879,-0.00802476340517319,0.026072394389771932
5,0,-0.01728479792320444,-0.02768985774144905,-0.01201713463702381,-0.03408060807725278,-0.028450088152860875,0.126257154269382
5,1,0.015942267436485923,0.00874400963963144,0.017006246040395644,0.006856433026972931,0.004094211160381177,-0.07389628853305887
5,2,0.018817660901783637,0.005393508345699942,0.01409823550050586,0.0037837393242226565,0.0009555462722345509,-0.06435315028798229
5,3,0.016869591205123047,0.01510071033039619,0.022908249955118757,0.01156804843573789,0.013751218859862186,-0.09885069246165011
5,4,0.017445495831914192,0.013531397162616273,0.024918258726018078,0.006580564302600315,0.009453517233733057,-0.07439362146017187
5,5,0.018421809172294128,0.005984174701466742,0.025336350053557312,0.007885483486409234,0.01594876008682168,-0.07994677852463004
5,Aggregated,0.009224922943850963,-0.0001603412629026635,0.012858862444710444,-0.003677278244353678,-0.0014394596652095209,-0.019447022230739946
5,Centralized,0.009224922943850963,-0.0001603412629026635,0.012858862444710444,-0.003677278244353678,-0.0014394596652095209,-0.019447022230739946
6,0,-0.055619276522861284,-0.04624705429167507,-0.050950714339451766,-0.04203283585011569,-0.045198801264409304,0.29281409572662537
6,1,0.01319818293181991,0.01643650300993608,0.022246343877367385,0.0180990058997221,0.02813829303555612,-0.03345423579920162
6,2,0.009890647951484385,0.01474491109898758,0.01756499893509415,0.016683754692005746,0.02163240224666705,-0.040895340248912684
6,3,0.006824736671701089,0.013429440377811266,0.01952067778577773,0.015003189800083878,0.02543570126881771,-0.02653232399258628
6,4,0.010730183015666264,0.007480332096730697,0.02741480426532656,0.015666970576926585,0.03200071471598766,-0.044424265277376696
6,5,0.011281786020601984,0.007795744426353552,0.027121527246544142,0.01824455928551718,0.030267271010742655,-0.045089255776749965
6,Aggregated,-0.009561322518553331,-0.007546399076970525,0.0012635743073959233,-0.0009193863885894176,0.006831569888529158,0.05589175656159798
6,Centralized,-0.009561322518553331,-0.007546399076970525,0.0012635743073959233,-0.0009193863885894176,0.006831569888529158,0.05589175656159798
7,0,-0.06094378980966194,-0.04951190638221066,-0.047405416325101826,-0.056443975936618936,-0.04883528824143587,0.28642758630602005
7,1,-0.014860040814556328,-0.0012419248520316303,0.0005786377282214557,-0.007829986303342026,-0.0012039041737717587,-0.0038975774064117117
7,2,-0.016993038612094117,0.0026187129992500343,0.0029095784039048665,-0.0032081139661093074,0.00408124295768343,-0.007721616941533277
7,3,-0.015094571593926126,0.0002574118001426188,-0.001083561989769327,-0.000748219106127973,0.0033664600119460105,0.0041955556727249965
7,4,-0.019627255822392047,0.004911269198951158,0.0062970271456423595,0.0006752006465848512,0.006896121609456585,-0.023575547223258574
7,5,-0.02882555444709353,0.002550994639389938,0.006921507373882836,0.0005984649635094553,0.007946828001496464,-0.03026411869132244
7,Aggregated,-0.03116278267762279,-0.011016975012231152,-0.009690049130058432,-0.015495531970613142,-0.00837243425404553,0.06052956182411537
7,Centralized,-0.03116278267762279,-0.011016975012231152,-0.009690049130058432,-0.015495531970613142,-0.00837243425404553,0.06052956182411537
8,0,-0.04367972456906623,-0.046933338297654115,-0.043759788801553894,-0.04459734001745782,-0.04050710149491629,0.1940234905005315
8,1,0.022824599271035105,0.001263352102627977,0.03454857986472646,0.0055327845101176545,0.014553365980909507,-0.03191079791628886
8,2,0.024984170808794334,0.002593633444811824,0.038633415266529976,0.01085531151936636,0.01718037485515264,-0.019038477436761243
8,3,0.015168432607351767,-0.0014285420691025595,0.02890476538449719,0.0017860674682511476,0.012518585195170738,-0.02168424203859595
8,4,0.023317805263699247,0.003408879352248231,0.03466904939212706,0.01014711277807623,0.02615773550089329,-0.020705342136687475
8,5,0.025445281373508995,0.009668361124243062,0.036774315617890234,0.014109599338040598,0.03185458558294811,-0.04096210471236197
8,Aggregated,0.008353551847843525,-0.008432501923026754,0.017466486114910442,-0.00202603634351376,0.007195078793341758,0.030253545392882195
8,Centralized,0.008353551847843525,-0.008432501923026754,0.017466486114910442,-0.00202603634351376,0.007195078793341758,0.030253545392882195
9,0,-0.03316282712735771,-0.033027495652452325,-0.031016700457062098,-0.032953725378974084,-0.03158266162930346,0.18984482049154192
9,1,0.015320294312918065,0.01306839907695617,0.016786911089446663,0.022187136791034505,0.011311324510477375,-0.07424364134769236
9,2,0.011090332513696986,0.014460182677494611,0.014870021765557729,0.01866642264522125,0.013330283722854,-0.07878838679272723
9,3,0.00866393846380509,0.011833479605139596,0.026308895306094992,0.02402775854145253,0.01176449281236542,-0.06944578409180359
9,4,0.01511228978607593,0.01491733810313898,0.014361220519656895,0.02020820484372559,0.009854738648098667,-0.0719925521088743
9,5,0.013397012553368781,0.015488411704715998,0.01723045592198336,0.018490642454708585,0.016552329064141606,-0.07555026644190109
9,Aggregated,0.0009636065907806735,0.0019171865430898279,0.004336404835622366,0.00626912481478937,0.00161198395322595,-0.007323778655228006
9,Centralized,0.0009636065907806735,0.0019171865430898279,0.004336404835622366,0.00626912481478937,0.00161198395322595,-0.007323778655228006
10,0,-0.039638026694304586,-0.03177818904288568,-0.03098392740394312,-0.029481337301240758,-0.03170697734650107,0.2714467058703968
10,1,-9.101713670993105e-05,0.01379021984716252,0.013515101322339124,0.015976060290608943,0.004061963551328652,-0.02887272256057817
10,2,0.002217566102972256,0.018182396744879696,0.01420339233560148,0.016694718389113766,-0.003700156908107688,-0.036363553038087526
10,3,-0.004941694721475479,0.011696961188224038,0.013592125193462241,0.012061525703349564,0.006732105359207716,-0.040477922616339715
10,4,0.0005662542857521019,0.014411706220440867,0.0151615167107569,0.018581498617967648,0.0010206066634054433,-0.04485418750983948
10,5,-0.0002450687127630777,0.018375138860530583,0.01614243751014025,0.020592502913862148,0.0032854266898356293,-0.05177829782507924
10,Aggregated,-0.009861616277918537,0.003627532468340768,0.003327774641447737,0.005305386779071293,-0.006819859332353535,0.03695208463402466
10,Centralized,-0.009861616277918537,0.003627532468340768,0.003327774641447737,0.005305386779071293,-0.006819859332353535,0.03695208463402466
11,0,-0.03654715909250518,-0.031944016197801045,-0.03262997611956268,-0.033678062811726306,-0.03316991527599597,0.37669760122903095
11,1,0.0006276059628354477,0.014439437289002766,0.012387867589689093,0.00926731071211715,-0.004610548025661161,-0.04706048813073143
11,2,6.608106928489936e-05,0.014357314339980082,0.015098509842127097,0.004347437327606029,0.0006327730347760611,-0.03587819293645327
11,3,0.0015325571289142026,0.013902050346003083,0.01563132890022173,0.006118623111730346,0.006406989840647433,-0.038886034227775874
11,4,-0.0066113046452243845,0.015500306073275506,0.015053441719809088,0.009102346677749182,-0.00225307320207267,-0.0415139695763888
11,5,0.0076551910347776855,0.020004722561509564,0.020695634144393762,0.013699257628176061,0.0055912206176913035,-0.062182816587737715
11,Aggregated,-0.008482279740178261,0.0037867009438522824,0.003725299965231039,-0.0016708578197636137,-0.007304676050968398,0.06173156910834586
11,Centralized,-0.008482279740178261,0.0037867009438522824,0.003725299965231039,-0.0016708578197636137,-0.007304676050968398,0.06173156910834586
12,0,-0.06944899669165293,-0.0605955450803402,-0.06397529833359038,-0.07261851378767645,-0.06807729853445686,0.3533816427698021
12,1,0.009100273164056623,0.014753777102359238,-0.0020966666157264096,0.018854267423048073,0.017671478968623453,-0.013563211345628672
12,2,0.00752374934923579,0.016051764969878788,-0.0006826034402815188,0.014120500450911773,0.014740986620372324,-0.010586463025950869
12,3,0.004302424341380676,0.009104213740344728,-0.004927602252035649,0.02037671960356626,0.01719973755661957,-0.019943110208007632
12,4,0.005524470471802335,0.016314052922811538,0.006488084320544862,0.007399379286990839,0.016018453844913624,-0.01591813220392011
12,5,0.0090190011915739,0.019794152609208426,0.007406604934509883,0.019980140635092975,0.022115975578292184,-0.03883971601793081
12,Aggregated,-0.01230243137506669,-0.004656766725771939,-0.016059582691586742,-0.007259230414366895,-0.003986983522722447,0.07556214777051311
12,Centralized,-0.01230243137506669,-0.004656766725771939,-0.016059582691586742,-0.007259230414366895,-0.003986983522722447,0.07556214777051311
13,0,-0.07034978982908213,-0.0696720806605121,-0.0788354251441669,-0.06240415299270107,-0.07437574382043732,0.3676589239744156
13,1,0.007624811057296145,0.004209838444535205,0.008614896998308957,0.0024151479548225707,0.005892766056820867,-0.016442375564820744
13,2,0.004298460084811458,-0.00014878986176041406,0.005498255403046299,-0.0008773092668839373,0.004623395173157273,-0.016121244409689865
13,3,0.009047655059801051,-0.0016217932739951621,0.011373374277822637,-0.0006204075900862804,0.002986185153148203,-0.014057759463931603
13,4,0.0009145367902929562,0.007652058224115392,0.0054410603898759485,0.00672779357488679,0.012918759104410668,-0.021101354844003734
13,5,0.008274249921693547,0.005881133342964764,0.008393234326301964,0.005909662522645193,0.009521974989165283,-0.03287316277404648
13,Aggregated,-0.014282373037026399,-0.01532600933806726,-0.015008857846311214,-0.014012144515311473,-0.01320455567296442,0.07954986416364623
13,Centralized,-0.014282373037026399,-0.01532600933806726,-0.015008857846311214,-0.014012144515311473,-0.01320455567296442,0.07954986416364623
14,0,-0.060235572259213055,-0.05863228070264396,-0.07629952035621612,-0.04233932136212814,-0.0688923181555784,0.354427635865337
14,1,-0.0029305176401216134,0.007352501219099002,0.008676191175177187,0.012278674965664885,0.007953598635696276,-0.025716699629010714
14,2,-0.0016126940005854098,0.005606967468881727,0.009520294187380422,0.010470178040886534,0.0075431489150378965,-0.023826148549301252
14,3,-0.003595657386947722,0.0017678053933086468,0.01035708100045974,0.01464106084616965,0.01259022312947181,-0.018487457963490602
14,4,0.0016634405906121481,0.004329641289276475,0.004409706087499953,0.010299350595316703,0.0020934405819626636,-0.0284472731203278
14,5,-0.0023556023781358755,0.005893335422158439,0.010513721292817241,0.01544935296347256,0.010183426107996775,-0.04235531639003372
14,Aggregated,-0.016601922814930944,-0.011536639700853975,-0.013082144928338695,-0.002104939591819326,-0.011945438663377215,0.07169010235514836
14,Centralized,-0.016601922814930944,-0.011536639700853975,-0.013082144928338695,-0.002104939591819326,-0.011945438663377215,0.07169010235514836
15,0,-0.07020005853553912,-0.025506768788495667,-0.06904950932079432,-0.042873544611914546,-0.08281691980395044,0.30972466975267304
15,1,0.009965777337195492,-0.014391482864337697,0.007327467556930145,0.0043180121569943684,0.0023070641133472827,-0.012092577475727362
15,2,0.009095267529289554,-0.00987837212179328,0.010469217883649531,0.003591217970328151,0.0031782949360306075,-0.016386127942577936
15,3,0.011085284543810883,-0.014847316513572364,0.007190302348028333,-0.000772962120259402,0.004270963152303221,-0.011318486920926216
15,4,0.00556694784366046,-0.004260934309888804,0.009781744603189549,0.0019241868128895044,0.003560579579173532,-0.019240490232423448
15,5,0.011964414007718055,-0.004908889919556116,0.011783588730672638,0.0070025502021251115,0.0030904107111213402,-0.03106793715824475
15,Aggregated,-0.011642574229514601,-0.014168243808546713,-0.011143984537346078,-0.00896994015280598,-0.018718361347785435,0.06811338970557053
15,Centralized,-0.011642574229514601,-0.014168243808546713,-0.011143984537346078,-0.00896994015280598,-0.018718361347785435,0.06811338970557053
16,0,-0.052583844381459785,-0.047555068523372226,-0.08579480382255893,-0.039602150692636985,-0.0741169079866265,0.32530296078284426
16,1,0.0019668835723337403,0.012233701881574187,0.011298337870323935,0.014275865948042012,0.0002717959576833277,-0.041723518971415
16,2,0.0029401903121843314,0.008828017137305588,0.013253213056906379,0.01393071291710371,0.00012971793130235886,-0.04378894105232638
16,3,0.0009075228495261101,0.011557260092694498,0.011243958300568223,0.014774241940813195,-0.005658405042138544,-0.047052087297450244
16,4,0.005437180538532639,0.010351713031024602,0.010961966460823274,0.014610745287968544,0.006755496021047263,-0.03727904313693228
16,5,0.004892215723554104,0.010705450183585513,0.012859778557832062,0.018028207463055827,0.0049715565841023475,-0.04110189951746267
16,Aggregated,-0.011628645214086977,-0.005391858105524718,-0.013675554690791068,-0.0001456458690219579,-0.01802984154626801,0.05620774116821882
16,Centralized,-0.011628645214086977,-0.005391858105524718,-0.013675554690791068,-0.0001456458690219579,-0.01802984154626801,0.05620774116821882
17,0,-0.06235166816371393,-0.060807404375348054,-0.0700067535806558,-0.0777482845368583,-0.09091081741806001,0.3360221656328761
17,1,0.001843753834843894,0.008497682915019846,0.00297356392588906,0.007081611146297975,-0.0006324477807314264,0.004375251489019837
17,2,0.0026808692393383085,0.0050660243062080786,0.0014867588601907237,0.009366438719338658,-0.0034613800615142143,0.002180546556204366
17,3,0.002371985785277132,0.0017467233882980603,-0.0013822520599740891,0.011937203689100047,-0.002986788107739167,0.016798577603105325
17,4,0.004253022387422409,0.006261526791102032,0.0006230688034000836,-0.000164728921010134,0.00573816538755571,-5.907267780704458e-05
17,5,0.0012517286541009183,0.00857414433819066,0.003622874319706853,0.005964295289731951,0.0015135342969680202,-0.006368647677412158
17,Aggregated,-0.014687449852309995,-0.011754186390801105,-0.017004428725534003,-0.015801079455615482,-0.023305855897981224,0.08951280320038683
17,Centralized,-0.014687449852309995,-0.011754186390801105,-0.017004428725534003,-0.015801079455615482,-0.023305855897981224,0.08951280320038683
18,0,-0.04728364672996083,-0.0681917430389294,-0.06174011591029575,-0.04419637810485421,-0.07973839686663789,0.33817278749077534
18,1,-0.0010704386978230864,0.0007337365905068968,-0.0023194448036761893,0.005537453308146192,0.0022950358765028854,-0.01986573867882604
18,2,0.00107807840377539,0.002400140250659944,0.0001516969379857717,0.004728342818539718,0.0035436552512213833,-0.01935842731398928
18,3,-0.0020272553558506805,0.000842261163526719,-0.011514438999088543,0.003435833754363888,0.008936768524016704,-0.026418466866499058
18,4,0.0004010304354664636,-0.0007779948193749035,0.003340669672178868,0.0029248413188714454,-0.004865856803595222,-0.02045918647641103
18,5,0.0007704021389128994,0.003172764352284322,-0.0016760245695653516,0.008221872042076106,0.00745104207139426,-0.03017260498234474
18,Aggregated,-0.012635038129175458,-0.016606624633343368,-0.0176438033594661,-0.008088407371397639,-0.018152253633705425,0.07217249411725672
18,Centralized,-0.012635038129175458,-0.016606624633343368,-0.0176438033594661,-0.008088407371397639,-0.018152253633705425,0.07217249411725672
19,0,-0.04688864830312685,-0.04550991218410948,-0.048141019253747745,-0.005763708900251007,-0.06952012268900618,0.2304829346489559
19,1,-0.004576186753668643,0.0010369102624660429,0.008793540259843245,0.001032333978706057,0.004935637658077753,-0.006002410226002262
19,2,-0.006142389636995997,0.001700135716348707,0.00783958651478707,-0.000742162477979084,0.006750550984831073,-0.0089370872640292
19,3,-0.001478109142048843,0.008130185043556226,0.005546899711556229,-0.004203847646422432,0.006589299124197317,-0.011584809352688949
19,4,-0.0012159755725410855,0.0036417471837909498,0.008132058743699981,0.00395336893008681,0.010680466578592599,-0.005506043056244315
19,5,-0.005000686081402215,0.0045283937338372465,0.004409452977704181,0.0008525930976351366,0.005260415741755627,-0.012431325903704658
19,Aggregated,-0.015169824875389159,-0.009508184768028349,-0.007861519894895277,-0.001788412981499808,-0.013245395371160165,0.05558120252869979
19,Centralized,-0.015169824875389159,-0.009508184768028349,-0.007861519894895277,-0.001788412981499808,-0.013245395371160165,0.05558120252869979
20,0,-0.058043007382019576,-0.0830384896987222,-0.04419849130949138,-0.017597998833963614,-0.06358462843209203,0.25869902482067564
20,1,-0.0036317496924203625,-0.0005220712579934043,0.0036384329742817764,0.004353172509431543,-0.008912692312671848,0.004863664446474813
20,2,-0.0035304462007913,0.0013393034810957624,0.0018782162378011412,0.004639989894087773,-0.00862366855835909,0.004084018067538693
20,3,0.0009451977482239564,0.005323787773780673,0.00045984775695349087,0.007363696008569717,-0.012269220650610828,0.007440422576694589
20,4,-0.0035381317034021537,-0.0014767509648102935,0.002561092309453484,0.0023757187951908916,-0.004663905378991378,-0.0001680599408991216
20,5,5.984448044785521e-05,0.0040404679986564265,0.0036042035248630934,0.006460908814702185,-0.001335943931353802,-0.0029629175530423804
20,Aggregated,-0.017021811795655147,-0.020704238528926527,-0.010188834131488644,-0.0014894047449744649,-0.021909357803676713,0.07088174729886866
20,Centralized,-0.017021811795655147,-0.020704238528926527,-0.010188834131488644,-0.0014894047449744649,-0.021909357803676713,0.07088174729886866
21,0,-0.034015582107461806,-0.0302594915437211,-0.06507137480122432,-0.028842599448938345,-0.06808166237731852,0.23537475146306888
21,1,0.002449905669794113,-0.0006975846864077687,0.007795149907192104,0.007850913271136677,-0.0002505709034231745,-0.017273024740025324
21,2,-0.0023506177301118297,0.0007452060445993817,0.007743855688174591,0.008387636138971897,-0.004115290516287945,-0.010316179711597494
21,3,-0.0014684482227240688,0.0005809341292254744,0.016825880385769938,0.010095517776553653,-0.01132379076882198,-0.01708692063041929
21,4,0.0024850474327235833,0.004017163343883115,-0.0014725227748909585,0.004515308791935927,0.004441977899702359,-0.01402378306210752
21,5,-0.0018341635366278524,0.0011119996913766716,0.006147319573855699,0.007415486000805186,0.00037603685469520345,-0.015639812188131992
21,Aggregated,-0.00926817888260414,-0.0072828598153828585,-0.012295288768448742,-0.0023568499759410743,-0.01916430551525502,0.052409273550493594
21,Centralized,-0.00926817888260414,-0.0072828598153828585,-0.012295288768448742,-0.0023568499759410743,-0.01916430551525502,0.052409273550493594
22,0,-0.00426742582158209,-0.059271201761597475,-0.03547272289899071,-0.0034761996870071987,-0.04445878017846316,0.15709018250383242
22,1,-0.0071006151478353345,0.007730906776992108,0.01226298405643073,0.00627383120818578,-0.007499561729916042,-0.006280229701397785
22,2,-0.01098378033536736,0.011880416603943893,0.013840226364555416,0.0036151192310117123,-0.008400464901127416,0.007229533405132396
22,3,-0.009369781344367566,0.010991886931549866,0.013228281950305594,-0.003490779962827479,-0.012296994193054982,0.013004705913958152
22,4,-0.007451916638917861,0.007754357023474894,0.011793342336256542,0.006278573797810654,-0.0038813483818565544,-0.004364817050780276
22,5,-0.0075200303616642945,0.006581017051574022,0.009205156427724707,0.0035040977000095103,-0.004521599797258625,0.0025983014834170563
22,Aggregated,-0.007854195885493591,-0.009214695387238717,-0.0009315159664139591,0.0008917351372111671,-0.017486329576720746,0.045291389677294944
22,Centralized,-0.007854195885493591,-0.009214695387238717,-0.0009315159664139591,0.0008917351372111671,-0.017486329576720746,0.045291389677294944
23,0,-0.05288200917127968,-0.035179909069544865,-0.03668488005472653,0.0024862125573180942,-0.0592812065803778,0.17831125909687864
23,1,0.0017957260010046145,-0.0006463155106320198,0.004725451914766514,0.006556280507742324,0.009016625563432192,-0.02667524107179244
23,2,0.004535057211430883,0.0017712450192027128,0.0038802162745424276,0.0035710316165710595,0.007449655629180418,-0.028316664430307358
23,3,0.008491739938578744,-0.0014109119063688493,0.006027388080814504,0.010232933227822467,0.01440414789454532,-0.03518032576638372
23,4,0.0037111519098852056,0.002932200489763694,0.00018796008902385926,0.0030341790535367945,0.0077015678823503415,-0.017852737160038077
23,5,0.005311997777296882,0.0006797189145856253,0.0007235410429447994,0.004236608998567534,0.007742670145584441,-0.018722430495642053
23,Aggregated,-0.011017263306095098,-0.009268673948756282,-0.007994177913095786,0.004096050380031112,-0.009161280627401217,0.03090982843380908
23,Centralized,-0.011017263306095098,-0.009268673948756282,-0.007994177913095786,0.004096050380031112,-0.009161280627401217,0.03090982843380908
24,0,-0.04709351029223414,-0.059903401409439734,-0.025890333484040066,-0.006074168154482648,-0.08574325431901779,0.22153917653755767
24,1,-0.0018089582857334086,-0.0014942053141139904,0.004876173427402828,0.007272084144496672,0.00011539303841135255,0.003483417440817535
24,2,0.000746587161023469,0.0016761275211314745,0.0002524810862057136,0.00437874133692814,-0.0005329388365737598,0.002953963712829028
24,3,0.00018462519555068058,-3.2483051504918664e-05,-0.0014502354031551065,0.0010285176347883192,-0.0020936916952622774,0.0022301413069671324
24,4,-0.000860415855297216,0.0008673102567215781,0.0037713471252366656,0.003518758879818051,-0.0009689993302547588,-0.0011734987003474287
24,5,0.0006750599220398797,-0.0011834412714718467,-0.0009108709317434053,0.0002684626801540561,0.002347830178543528,-0.001150450725851937
24,Aggregated,-0.01284053131323343,-0.016160933340994523,-0.006553516870016699,4.159962612577765e-05,-0.022548604637127725,0.06079129571802382
24,Centralized,-0.01284053131323343,-0.016160933340994523,-0.006553516870016699,4.159962612577765e-05,-0.022548604637127725,0.06079129571802382
25,0,-0.03251492276303972,-0.04143940675977586,0.005362567437196743,-0.04716366172667582,-0.058833306402448146,0.17379663153995276
25,1,0.0025782590881032095,0.0028364889477610128,0.00817835454334241,-0.003369938685848358,0.004873798796262036,-0.030398715234431287
25,2,0.0029386911830750853,0.0008848568579683722,0.00408075568848325,0.0019592189065114453,0.008345179847750043,-0.02779378923884038
25,3,0.0028554153981000694,0.0017524903786664183,0.0006211909101069005,0.006413038202164651,0.017403320796195748,-0.021822743740609097
25,4,0.0060562633153018785,0.00409846482554797,0.005525464500669007,-0.004232540201703065,0.0012486879632831798,-0.02288929274537369
25,5,0.005752037032142068,0.003127679523514514,0.005835255158359464,0.0008221938172747927,0.010961004427316371,-0.03160005996496272
25,Aggregated,-0.0059993493356613825,-0.009330304622382046,0.004520131188153238,-0.012903014684994066,-0.00972231187979339,0.028666338672866058
25,Centralized,-0.0059993493356613825,-0.009330304622382046,0.004520131188153238,-0.012903014684994066,-0.00972231187979339,0.028666338672866058
26,0,-0.016427261742362365,-0.026245917598392815,0.007874105355796059,0.017911862272681822,-0.06938061709156042,0.10494242700392892
26,1,0.0014689331179423492,0.004752988946086017,0.007996219812717243,0.006830809120169704,0.002347632016434705,-0.007944189512332472
26,2,0.001377920733576704,0.004437672875129962,0.008333237909000046,0.0035275516059172316,0.0009041868313759989,-0.0038772273305244724
26,3,0.0023629876829571973,0.005202641952152835,0.007703208918564518,-0.0028888594759084395,-0.001378221672671888,-0.00823699848110379
26,4,0.0018168376142163598,0.0008929527089782545,0.006532958228165139,0.00387334430915391,0.0016820916166246228,0.00040197652617638785
26,5,0.0018894754878610606,0.0017434063334250188,0.0054030525460236935,0.0007844840869188444,0.0008413129572088452,-0.00800365968188478
26,Aggregated,-0.0035600462075592964,-0.005012192906256755,0.006867987220252049,0.006269997293408046,-0.017906311881544554,0.026073924842318855
26,Centralized,-0.0035600462075592964,-0.005012192906256755,0.006867987220252049,0.006269997293408046,-0.017906311881544554,0.026073924842318855
27,0,-0.025451537732971142,-0.029112881298716427,-0.021359822414343452,0.00403715886955406,-0.057756277424031825,0.11999053070947006
27,1,0.0004604652463921055,-0.0005422276243966184,0.0069273359184458694,-0.006996541725040486,0.007771985711403446,-0.010513544568644154
27,2,-0.0042275877408973405,-0.0015332217311805618,0.0075216833997738064,-0.014726996907008048,0.007691647440935814,0.00043829271107905736
27,3,-0.0023949375581795085,-0.002400286474748011,0.005691558997139649,-0.015654764725971493,0.01162370572474598,0.00296671801658334
27,4,0.0015065083051814146,0.0018813380806634013,0.001506794900917327,-0.0072701244091634785,0.0021413330850317104,-0.009973027237053395
27,5,0.0033852338416320107,-0.0006800566914975356,0.004329390578266653,-0.002589316144931125,0.008110078906788486,-0.005308596780225641
27,Aggregated,-0.007547238296694626,-0.008714253538590781,-0.0024229580620316192,-0.006318965248527534,-0.010345328880071659,0.03087470838253678
27,Centralized,-0.007547238296694626,-0.008714253538590781,-0.0024229580620316192,-0.006318965248527534,-0.010345328880071659,0.03087470838253678
28,0,-0.01565296419822276,-0.023253934148460415,-0.0020959291231392755,0.0008727495444338355,-0.033861516445393806,0.08250911102453341
28,1,0.001453960535551635,-0.0028137986626303358,0.003280006942174558,0.008616804726643675,0.0026249921823825405,-0.017365123582541355
28,2,0.0022101827867447143,-0.006191588903329863,-0.004051743917503309,0.0028564341397435767,0.003070234798667378,0.004329186075384351
28,3,0.0031549783639802055,-0.007140470031867682,-0.00585990551535513,-0.0017338268446388454,0.001235018090256392,0.005642281123449301
28,4,0.0012927589088562268,-0.0006129698013587944,0.0009577586148295754,0.003120024225998408,0.0013589940337586555,-0.0009108065977815019
28,5,0.0036675249557499147,-0.003018632217528282,-0.0007476518259887914,0.0028680590124898556,0.0008457721940437738,-0.008404599104892042
28,Aggregated,-0.002823490269499871,-0.009446641735472223,-0.0017549487803192776,0.0022196879252724512,-0.008020142167613601,0.021600364994662582
28,Centralized,-0.002823490269499871,-0.009446641735472223,-0.0017549487803192776,0.0022196879252724512,-0.008020142167613601,0.021600364994662582
29,0,-0.02623174339935749,-0.03669850510204485,-0.0032066628736963803,-0.0070404487273383306,-0.010752114584988735,0.08282714396343628
29,1,-0.0004749852962398993,0.001973833626566694,0.010092925895513747,0.005516577635799016,0.0007306714052710864,-0.01573999304463836
29,2,-0.0056739191953519485,0.0006646698901182486,0.009119750212751307,0.0036815649507754874,-0.009929230488161692,-0.007514680409467511
29,3,-0.0016811729073450768,0.0043474799027389995,0.012506399051355086,0.009769616397640391,-0.011329292178691858,-0.016110064492747857
29,4,-0.0035039077879349396,0.000879606487678869,0.008022458867171959,0.0019508417570792524,-0.0022323269707123137,-0.014938034387179609
29,5,-0.0005539216283097336,-0.0008072897930401946,0.002688856285883682,0.004203828461615489,-0.001967629645752268,-0.008455840492284084
29,Aggregated,-0.009254349648096013,-0.009146119239955546,0.004827411289011505,0.0012613362043802135,-0.006983697170715674,0.015490236184085257
29,Centralized,-0.009254349648096013,-0.009146119239955546,0.004827411289011505,0.0012613362043802135,-0.006983697170715674,0.015490236184085257
30,0,-0.022686565436186277,-0.03782663544084602,0.01647384674804057,0.001123274014229275,-0.038386419021259686,0.08029054672455146
30,1,0.004593540086268278,0.005581164448951401,0.0002920041892271408,0.004274064987564489,0.0018245421176456857,-0.006685221787034074
30,2,0.0032278222034026046,0.007728229621918339,-0.009782412169515777,0.0021712413101505883,-0.0002574094040106112,0.006696000445171256
30,3,0.00810251728009993,0.00963286414229015,-0.004751775985818385,0.005532947152547909,-0.0011508194428888267,-0.0002623238315596928
30,4,0.0034929498039998983,0.00729904744222426,0.00028315873120803167,0.0071905435204819255,0.0036692208144729023,0.0027856512385597177
30,5,0.0038190536355190677,0.0022414954927963133,-0.0030749483438124005,0.004557905547119401,0.0003525798130580867,-0.0030000339598011496
30,Aggregated,-0.00324585069508634,-0.005942198860781363,0.0017570526333215853,0.003276302376807692,-0.010124686579204059,0.02309567723633329
30,Centralized,-0.00324585069508634,-0.005942198860781363,0.0017570526333215853,0.003276302376807692,-0.010124686579204059,0.02309567723633329
31,0,-0.0167486187679257,-0.04808548018305956,0.008935841753165367,-0.014775016374016904,-0.01611420979619235,0.08121358914152935
31,1,0.002542810220152366,0.0005425659824872919,0.006813660134505585,0.004864605276110143,-0.00238150784667662,-0.012382133766578754
31,2,-0.0028860466812239316,0.0016127124628238683,0.0027052766629697485,0.006288351411269137,-0.009139075178113121,0.003900632202084436
31,3,0.0011373862548978541,-0.0005053118016819939,0.002817751669899075,0.00657834942951049,-0.007450654845110234,-0.002672223702625231
31,4,-0.0016064928310280612,-0.0013226879305423276,0.0031371235207548463,0.002583181364674823,-0.00430614251436331,-0.0035191667969819485
31,5,0.0018893473039685745,-0.002099463031327133,0.005196102495763847,0.004467375868596589,-0.0025875121528724605,0.00046588319795276925
31,Aggregated,-0.0047098939214721,-0.013432369048145366,0.005165689708235737,-0.0008424928701751439,-0.008536416299175073,0.021296916706441925
31,Centralized,-0.0047098939214721,-0.013432369048145366,0.005165689708235737,-0.0008424928701751439,-0.008536416299175073,0.021296916706441925
32,0,-0.011481578256691341,-0.05248596582844299,0.011611701595409328,0.006426126701385979,-0.03152055888869865,0.091030005334814
32,1,0.0018790209993715164,-0.004394522002407425,0.0055222516604018215,0.004226170197103898,0.0027777542713942043,-0.0075012664752453955
32,2,-0.0010159220783053683,0.003712431621822385,0.00013422554848813162,0.0008717523593505713,0.002490254854155616,-0.006192742305511347
32,3,0.0020229872068824664,-0.0022199822087904685,-0.002506561469185387,0.004329023456581246,-0.002114519306610214,-0.0018341546924771919
32,4,-0.0019504028786473452,-0.004245661969298115,0.003616472966988099,0.004879653311466479,-0.0009306335560312462,-0.008873424249574805
32,5,-0.0004800191479776913,-0.002534851607899867,0.0012350359889766404,0.0011800064391887632,0.0005678012520382691,-0.004919221222328863
32,Aggregated,-0.0033104224921900595,-0.01577454677216383,0.004117955854359869,0.0036509840521795098,-0.00832477422217658,0.022120268047145564
32,Centralized,-0.0033104224921900595,-0.01577454677216383,0.004117955854359869,0.0036509840521795098,-0.00832477422217658,0.022120268047145564
33,0,-0.009343114989880504,-0.035688791332629186,0.00929269497164837,0.00976223915257818,-0.03910496479533099,0.06637641931291713
33,1,0.0009902937600102006,-0.0004277578078969804,0.00945340179565152,0.004513922522757421,0.0016049859396999214,-0.018589544412975605
33,2,-0.007730616343360119,0.002198556287095016,0.0051309873495263515,0.0021738806006234863,0.005103424879769521,0.0005970269901651634
33,3,-0.0021084897143912153,-0.0011485299348697063,0.005570885348317038,0.001793508064073753,0.0009482012930355906,-0.007435956578931524
33,4,-0.0017100475041784912,0.004320943365279784,0.005394834136093148,0.0025887073095242964,0.000509204892597409,-0.018557223585804052
33,5,-0.0022160619648660175,-0.002303888200946311,0.003556157559081272,0.0032143733513531935,0.0017906546364771293,-0.006496635675846486
33,Aggregated,-0.0048122526033291075,-0.009774398821423159,0.006467758181113746,0.004449804733488091,-0.009489365301432325,0.012516836370367788
33,Centralized,-0.0048122526033291075,-0.009774398821423159,0.006467758181113746,0.004449804733488091,-0.009489365301432325,0.012516836370367788
34,0,-0.042889187967896085,-0.025456719811670324,0.015021680452316713,0.004801487037215597,-0.011466088427437945,0.05886903227804656
34,1,0.0015904017237285536,0.0006415902566536329,0.005259184109478779,0.0016722514639966972,0.003638468552739568,-0.017973491290602373
34,2,0.00055792794807345,-1.8735826367823524e-05,-0.0018950829447494822,0.0034584657184169466,-0.003200799451706204,-0.001396937132416983
34,3,0.002781267117279618,0.00022597383657409857,-0.0016284848193192894,0.008470955596593591,-0.0025323649590453285,-0.005047937378220457
34,4,0.0015796496539342898,0.005216146268179766,0.0044778585698205566,0.0034771625788971305,0.0051961301315143265,-0.009989416757542094
34,5,-0.00013398513632042658,0.0006585266046770788,0.0031483469411347545,0.0069626190508609055,0.0020590646391205245,-0.0028282684145203964
34,Aggregated,-0.011101174237659365,-0.006372327823552345,0.005393856294504489,0.004462576796257194,-0.0027517343817647193,0.012030174953108881
34,Centralized,-0.011101174237659365,-0.006372327823552345,0.005393856294504489,0.004462576796257194,-0.0027517343817647193,0.012030174953108881
35,0,-0.046302851656984396,-0.016673278924456563,0.016464412799214324,0.013666117332004464,-0.02453970423133469,0.058693570915232814
35,1,0.0031993263728840302,0.0024944929291513267,0.010717840862312603,0.003837753509626137,0.004467962502138373,-0.021864797373468244
35,2,0.002739881855656125,0.002077340653453104,0.003341284599774883,-0.0025153573129222304,0.0038600846535184704,-0.004521854469484987
35,3,-0.00018126411772205567,0.0030345196199819896,0.003836806866301903,-0.0011599802295935266,0.0015136697813535201,-0.001980892063104724
35,4,-0.0010357000833168932,0.0009579331868093436,0.003018008175172992,0.000782309204497141,-0.0019021216842219947,-0.01929377138817259
35,5,-0.000742166921558938,-0.0018815322129785558,0.006521504233670785,0.0049636131663709756,-0.0005247910520732701,-0.013197425826480338
35,Aggregated,-0.012339102200762585,-0.0039440017066224575,0.008224779277244493,0.004381395902320153,-0.00598701835196718,0.008750963497632287
35,Centralized,-0.012339102200762585,-0.0039440017066224575,0.008224779277244493,0.004381395902320153,-0.00598701835196718,0.008750963497632287
36,0,-0.029554168751313715,-0.03243865736064089,0.01722900892976302,0.005525713557093958,-0.01363736867480744,0.05604591690872007
36,1,-0.003272629368902688,-0.004017220521938349,0.0088214156190038,0.003987148576122637,0.0030231570624175024,-0.006222883779189062
36,2,0.0008847702910988982,-0.0031602679204668182,-0.007440168674987952,0.0028884373967915347,0.003626989281681133,-0.004272407267881702
36,3,0.0019366774870959744,-0.0018269414211304195,-0.004906830593794315,0.0067502367887322876,0.0006359263679439879,-0.00259625253003632
36,4,-0.0015958116332095837,-0.004274942230133717,0.007108439674322382,0.0022825487236939872,0.005399320685851913,0.0010149549679573562
36,5,0.0003385544853018359,-0.003448913143268126,-0.0015966481191288925,0.004531437255803953,0.002156216883728928,0.002917671882263705
36,Aggregated,-0.00873684473798363,-0.011676994497619006,0.004952386301887205,0.004215061907481846,-0.0019441063546080562,0.01552117358821179
36,Centralized,-0.00873684473798363,-0.011676994497619006,0.004952386301887205,0.004215061907481846,-0.0019441063546080562,0.01552117358821179
