,BeforeLocalTraining,AfterLocalTraining,BeforeLocalPartialEvaluations,AfterLocalPartialEvaluations,BeforeEvaluation,AfterEvaluation
1,1786795895.2438362,1786795895.279648,1786795897.1352243,1786795897.621446,1786795897.6654682,1786795897.6747105
2,1786795898.1028194,1786795898.154283,1786795899.4018345,1786795899.6980104,1786795899.7255573,1786795899.7308297
3,1786795899.793771,1786795899.8242903,1786795901.0995162,1786795901.394794,1786795901.421814,1786795901.4267118
4,1786795901.4825377,1786795901.5142944,1786795902.7824316,1786795903.0746205,1786795903.101588,1786795903.1069195
5,1786795903.1714249,1786795903.2086184,1786795904.4821832,1786795904.7695537,1786795904.79749,1786795904.8025002
6,1786795904.8681953,1786795904.8994267,1786795906.1691837,1786795906.4581645,1786795906.48537,1786795906.4901648
7,1786795906.5543685,1786795906.5853534,1786795907.7832623,1786795908.0730138,1786795908.099898,1786795908.1048028
8,1786795908.168877,1786795908.200239,1786795909.4012926,1786795909.689342,1786795909.716315,1786795909.7214634
9,1786795909.786078,1786795909.8166158,1786795911.370991,1786795911.8201272,1786795911.8624794,1786795911.870102
10,1786795912.914782,1786795912.9479065,1786795914.194457,1786795914.5009484,1786795914.5281255,1786795914.5332465
11,1786795914.5938492,1786795914.624956,1786795915.8960679,1786795916.191523,1786795916.2188447,1786795916.2240324
12,1786795916.2830176,1786795916.3137004,1786795917.5823586,1786795917.8727267,1786795917.899513,1786795917.9047074
13,1786795917.9675057,1786795917.9989007,1786795919.1886125,1786795919.4786823,1786795919.5063698,1786795919.5113754
14,1786795919.5760248,1786795919.60747,1786795920.8681095,1786795921.1625319,1786795921.1897388,1786795921.1947412
15,1786795921.2606096,1786795921.2915952,1786795922.544515,1786795922.8429668,1786795922.8707225,1786795922.8758512
16,1786795922.929375,1786795922.9619367,1786795924.154986,1786795924.445819,1786795924.4734402,1786795924.4790235
17,1786795924.6310012,1786795924.6631317,1786795925.9846888,1786795926.6048865,1786795926.649784,1786795926.6575203
18,1786795927.1305401,1786795927.6503773,1786795928.9301372,1786795929.2318513,1786795929.2590182,1786795929.264684
19,1786795929.344159,1786795929.382765,1786795930.6466134,1786795930.9458683,1786795930.9727914,1786795930.978053
20,1786795931.03097,1786795931.0621524,1786795932.2459283,1786795932.5437746,1786795932.57193,1786795932.5769217
21,1786795932.6316829,1786795932.6622305,1786795933.9239438,1786795934.212416,1786795934.23944,1786795934.2444208
22,1786795934.3135796,1786795934.345685,1786795935.6115348,1786795935.903944,1786795935.9312892,1786795935.9368565
23,1786795935.9943094,1786795936.0258636,1786795937.203664,1786795937.49504,1786795937.5226712,1786795937.527973
24,1786795937.5853689,1786795937.6171756,1786795938.8813412,1786795939.1723568,1786795939.2020524,1786795939.2093759
25,1786795939.2628345,1786795939.3039289,1786795940.485771,1786795940.8545494,1786795940.8861895,1786795940.8958628
26,1786795941.2112691,1786795941.4551058,1786795943.3514647,1786795943.7063632,1786795943.7336416,1786795943.7384925
27,1786795943.8290792,1786795943.8663554,1786795945.162283,1786795945.566975,1786795945.5938976,1786795945.598754
28,1786795945.654688,1786795945.68605,1786795946.944716,1786795947.2413511,1786795947.2688186,1786795947.2736993
29,1786795947.343998,1786795947.3754578,1786795948.5574188,1786795948.846462,1786795948.8741767,1786795948.8790534
30,1786795948.9409723,1786795948.9823565,1786795950.2453978,1786795950.5400202,1786795950.5673194,1786795950.5724316
31,1786795950.6319485,1786795950.6628852,,,,
