,BeforeLocalTraining,AfterLocalTraining,BeforeLocalPartialEvaluations,AfterLocalPartialEvaluations,BeforeEvaluation,AfterEvaluation
1,1786189681.9967318,1786189682.0761886,1786189689.5669563,1786189690.4409964,1786189690.4545457,1786189690.4683568
2,1786189694.4967163,1786189694.571319,1786189702.1363366,1786189702.9842527,1786189702.997407,1786189703.0110226
3,1786189707.0300777,1786189707.1027725,1786189714.496352,1786189715.341994,1786189715.3550024,1786189715.3689685
4,1786189719.459429,1786189719.5312567,1786189726.831353,1786189727.6862018,1786189727.6994429,1786189727.712981
5,1786189731.747723,1786189731.927104,1786189739.4479432,1786189740.2889767,1786189740.3020003,1786189740.3154593
6,1786189744.3884513,1786189744.4631464,1786189751.7648246,1786189752.6053448,1786189752.6183367,1786189752.6318011
7,1786189756.711419,1786189756.7838268,1786189764.3422756,1786189765.1944158,1786189765.2073166,1786189765.2207353
8,1786189769.2604613,1786189769.3438222,1786189776.9795141,1786189777.8166456,1786189777.8299153,1786189777.8433807
9,1786189781.92091,1786189781.992187,1786189789.406021,1786189790.244495,1786189790.2575183,1786189790.2708979
10,1786189794.3826694,1786189794.4555855,1786189801.7962878,1786189802.6385698,1786189802.6516042,1786189802.66492
11,1786189806.7505984,1786189806.822482,1786189814.473996,1786189815.3183863,1786189815.3314126,1786189815.3445992
12,1786189819.3904696,1786189819.4628422,1786189826.957637,1786189827.7956264,1786189827.808631,1786189827.822223
13,1786189831.9357426,1786189832.0243738,1786189839.556275,1786189840.408708,1786189840.4217474,1786189840.4350154
14,1786189844.5286713,1786189844.6021,1786189851.9404614,1786189852.7832394,1786189852.7962368,1786189852.8097548
15,1786189856.8821557,1786189856.9539149,1786189864.5401347,1786189865.3942246,1786189865.4074364,1786189865.420842
16,1786189869.4683924,1786189869.5420635,1786189876.9219327,1786189877.7738848,1786189877.7871327,1786189877.800675
17,1786189883.2079408,1786189883.2815726,1786189890.8833482,1786189891.7257798,1786189891.7388985,1786189891.7523472
18,1786189897.1999543,1786189897.2745318,1786189904.5430996,1786189905.378797,1786189905.3918517,1786189905.4053774
19,1786189910.8960412,1786189910.972192,1786189918.2962933,1786189919.1520417,1786189919.1651204,1786189919.1788642
20,1786189924.6475356,1786189924.7208507,1786189932.0746942,1786189932.93428,1786189932.947494,1786189932.9615843
21,1786189938.4494853,1786189938.5424984,1786189946.0887887,1786189946.9389126,1786189946.9519923,1786189946.965505
22,1786189952.43431,1786189952.5065439,1786189959.8217306,1786189960.6732695,1786189960.6863675,1786189960.7007568
23,1786189966.158079,1786189966.2301903,1786189973.5286644,1786189974.3889217,1786189974.4022253,1786189974.4161916
24,1786189979.901817,1786189979.9732382,1786189987.5358298,1786189988.4143782,1786189988.427567,1786189988.441223
25,1786189993.9019947,1786189993.9762888,1786190001.5993607,1786190002.450638,1786190002.4636796,1786190002.4771023
26,1786190007.9147987,1786190007.9880078,1786190015.3743145,1786190016.228524,1786190016.2418149,1786190016.2554107
27,1786190021.686218,1786190021.761309,1786190029.1741986,1786190030.0306919,1786190030.0439618,1786190030.0581226
28,1786190035.4767802,1786190035.5509112,1786190043.0909584,1786190043.9485528,1786190043.96182,1786190043.9754026
29,1786190049.4435048,1786190049.5181706,1786190057.101166,1786190057.9587462,1786190057.9719872,1786190057.9858522
30,1786190063.4154618,1786190063.4877858,1786190071.0291011,1786190071.8823419,1786190071.8956432,1786190071.9091926
31,1786190077.3650036,1786190077.4388165,1786190084.9780815,1786190085.822318,1786190085.8355145,1786190085.8490252
32,1786190091.3054137,1786190091.3773475,,,,
