,BeforeEvaluation,BeforeSV,AfterSV,BeforeGradientRewards,AfterGradientRewards,AfterEvaluation
0,1786167083.223913,,,,,
1,1786167090.8196404,1786167085.0937252,1786167090.6708877,1786167090.6712713,1786167090.818887,1786167090.9118636
2,1786167098.9450336,1786167093.1661487,1786167098.8093915,1786167098.8095675,1786167098.9445267,1786167099.11109
3,1786167107.3676212,1786167101.4209454,1786167107.2308705,1786167107.2310426,1786167107.3671093,1786167107.4589612
4,1786167115.4447846,1786167109.7051938,1786167115.3103666,1786167115.3105478,1786167115.4442906,1786167115.535424
5,1786167123.4868772,1786167117.7906227,1786167123.3516006,1786167123.351771,1786167123.4863753,1786167123.577936
6,1786167131.659289,1786167125.815388,1786167131.5228677,1786167131.5230334,1786167131.6587944,1786167131.7506368
7,1786167139.6918056,1786167134.0000188,1786167139.5559103,1786167139.5560794,1786167139.6913004,1786167139.7830226
8,1786167148.0160422,1786167142.019389,1786167147.8791938,1786167147.8793645,1786167148.0155375,1786167148.1805646
9,1786167156.424275,1786167150.4219048,1786167156.2878518,1786167156.2880166,1786167156.4237847,1786167156.5157917
10,1786167164.5790017,1786167158.7632964,1786167164.4430425,1786167164.4432132,1786167164.5784981,1786167164.6704354
11,1786167172.7256439,1786167167.0132236,1786167172.590477,1786167172.59065,1786167172.7251377,1786167172.816926
12,1786167181.2111166,1786167175.0863404,1786167181.006208,1786167181.0063784,1786167181.2105725,1786167181.303017
