,BeforeLocalTraining,AfterLocalTraining,BeforeLocalPartialEvaluations,AfterLocalPartialEvaluations,BeforeEvaluation,AfterEvaluation
1,1786817766.7587945,1786817767.774267,1786817794.1388266,1786817800.399078,1786817800.4068913,1786817800.5999486
2,1786817800.6458626,1786817801.6663756,1786817826.972343,1786817833.035667,1786817833.0432363,1786817833.2340682
3,1786817833.4840178,1786817834.4968855,1786817859.9214501,1786817865.7821496,1786817865.7899532,1786817865.9798062
4,1786817866.1251283,1786817867.130075,1786817892.4692974,1786817898.33493,1786817898.3423657,1786817898.5326066
5,1786817898.675044,1786817899.6852486,1786817925.204125,1786817931.0666232,1786817931.073898,1786817931.262862
6,1786817931.4494812,1786817932.4562907,1786817957.0495644,1786817962.891139,1786817962.898396,1786817963.0894153
7,1786817963.273504,1786817964.2865388,1786817989.6703715,1786817995.923498,1786817995.93076,1786817996.1233137
8,1786817996.166187,1786817997.1805274,1786818022.529693,1786818028.7766757,1786818028.7840264,1786818028.9758997
9,1786818029.1209657,1786818030.126161,1786818055.598555,1786818061.4857504,1786818061.4929807,1786818061.6837804
10,1786818061.8136063,1786818062.8225534,1786818088.0976648,1786818094.0301752,1786818094.0375183,1786818094.2301865
11,1786818094.2828264,1786818095.294368,1786818120.036196,1786818125.9336991,1786818125.9410906,1786818126.1320968
12,1786818126.272091,1786818127.2852702,1786818151.8566835,1786818157.7170033,1786818157.7242253,1786818157.913578
13,1786818158.0647233,1786818159.1814718,1786818184.0618024,1786818190.2191074,1786818190.2265027,1786818190.4177763
14,1786818190.5374506,1786818191.5484009,1786818216.9513578,1786818223.2468073,1786818223.2540803,1786818223.4469976
15,1786818223.4888444,1786818224.4910715,1786818249.9520175,1786818255.8513334,1786818255.8587687,1786818256.0500872
16,1786818256.1948323,1786818257.20758,1786818282.666728,1786818288.5156,1786818288.5229647,1786818288.7128909
17,1786818288.84144,1786818289.849248,1786818314.617484,1786818320.54875,1786818320.5560718,1786818320.7473023
18,1786818320.8041942,1786818321.8205688,1786818347.3091204,1786818353.200308,1786818353.207558,1786818353.3993788
19,1786818353.5265343,1786818354.543505,,,,
