,BeforeLocalTraining,AfterLocalTraining,BeforeLocalPartialEvaluations,AfterLocalPartialEvaluations,BeforeEvaluation,AfterEvaluation
1,1786178352.4656649,1786178352.5003653,1786178358.140244,1786178358.5177948,1786178358.5312536,1786178358.5377278
2,1786178359.8490748,1786178359.8806207,1786178365.3223126,1786178365.7081575,1786178365.720956,1786178365.727256
3,1786178367.0550392,1786178367.0866497,1786178372.7702198,1786178373.1510224,1786178373.1640887,1786178373.170333
4,1786178374.543682,1786178374.575752,1786178380.0491672,1786178380.4313543,1786178380.4442346,1786178380.4504323
5,1786178381.761076,1786178381.7926173,1786178387.4693105,1786178387.8501384,1786178387.8630867,1786178387.8693013
6,1786178389.1769762,1786178389.2084966,1786178394.6780858,1786178395.0597003,1786178395.072694,1786178395.0789714
7,1786178396.3863764,1786178396.4177806,1786178402.0012128,1786178402.387044,1786178402.399984,1786178402.4063199
8,1786178403.7147248,1786178403.7485535,1786178409.241948,1786178409.6275084,1786178409.6404643,1786178409.6468086
9,1786178410.9530969,1786178410.984521,1786178416.5031357,1786178416.890489,1786178416.9034832,1786178416.9100447
10,1786178418.2195003,1786178418.2513268,1786178423.8023596,1786178424.1810062,1786178424.1939113,1786178424.2001112
11,1786178425.5116968,1786178425.5488148,1786178431.090243,1786178431.47678,1786178431.4897058,1786178431.4960349
12,1786178432.8122804,1786178432.8435645,1786178438.326968,1786178438.7163012,1786178438.729008,1786178438.7352433
13,1786178440.0284536,1786178440.0596597,1786178445.6410787,1786178446.030684,1786178446.0435703,1786178446.049833
14,1786178447.3545036,1786178447.386676,1786178452.822725,1786178453.2154305,1786178453.228481,1786178453.2347624
15,1786178454.5379236,1786178454.5694597,1786178460.1798906,1786178460.5658894,1786178460.5789068,1786178460.585141
16,1786178461.8915625,1786178461.9229345,1786178467.440105,1786178467.8204947,1786178467.8335938,1786178467.8398225
17,1786178469.1825607,1786178469.2140794,1786178474.7295625,1786178475.1120338,1786178475.125379,1786178475.1318479
18,1786178476.452267,1786178476.4852529,1786178482.1459067,1786178482.5339227,1786178482.5470288,1786178482.553458
19,1786178483.8837633,1786178483.9151535,1786178489.4120786,1786178489.8028984,1786178489.8159227,1786178489.8222637
20,1786178491.136971,1786178491.171371,1786178496.6775618,1786178497.0661542,1786178497.0791938,1786178497.1797523
21,1786178498.392714,1786178498.424652,1786178503.8952703,1786178504.2781136,1786178504.2914937,1786178504.2977715
22,1786178505.6067603,1786178505.6402543,1786178511.105097,1786178511.4852629,1786178511.4983444,1786178511.5047486
23,1786178512.822603,1786178512.8564353,1786178518.4071538,1786178518.790713,1786178518.8035913,1786178518.8098445
24,1786178520.1294336,1786178520.1625469,1786178525.5885708,1786178525.983982,1786178525.9968076,1786178526.0030172
25,1786178527.295516,1786178527.3292181,1786178532.8096218,1786178533.189753,1786178533.202749,1786178533.208969
26,1786178534.5475845,1786178534.58008,1786178540.0820065,1786178540.4663994,1786178540.4793391,1786178540.4856389
27,1786178541.7810163,1786178541.8135126,1786178547.2596066,1786178547.641034,1786178547.6539297,1786178547.6601424
28,1786178548.9631133,1786178548.9946396,1786178554.4170296,1786178554.7992065,1786178554.8122525,1786178554.8185873
29,1786178556.119738,1786178556.1537287,1786178561.7236967,1786178562.1135066,1786178562.1264315,1786178562.1326797
30,1786178563.545832,1786178563.577245,1786178569.011957,1786178569.3982017,1786178569.4109967,1786178569.4172254
31,1786178570.7100303,1786178570.7528336,1786178576.3234231,1786178576.711064,1786178576.7239478,1786178576.7302036
32,1786178578.0513222,1786178578.0831203,1786178583.5033495,1786178583.8932958,1786178583.908627,1786178583.9177728
33,1786178585.1990771,1786178585.23129,1786178590.6927543,1786178591.0988264,1786178591.1118326,1786178591.118064
34,1786178592.4298086,1786178592.4616387,1786178597.9239967,1786178598.3146641,1786178598.327671,1786178598.3339882
35,1786178599.6263463,1786178599.6606028,1786178605.0721982,1786178605.456221,1786178605.4692352,1786178605.4757535
36,1786178606.776369,1786178606.8104398,1786178612.2759788,1786178612.6606033,1786178612.6735477,1786178612.6798344
37,1786178613.9652467,1786178613.9983568,1786178619.532238,1786178619.911341,1786178619.9243782,1786178619.93061
38,1786178621.2382495,1786178621.2823875,1786178626.7982707,1786178627.1793125,1786178627.192301,1786178627.19856
39,1786178628.510573,1786178628.5443573,1786178634.0485313,1786178634.430592,1786178634.443589,1786178634.4498506
40,1786178635.7647307,1786178635.79755,1786178641.2788208,1786178641.6628664,1786178641.6760652,1786178641.6822999
41,1786178642.9949746,1786178643.029107,1786178648.519291,1786178648.9053895,1786178648.9185593,1786178648.924828
42,1786178650.218734,1786178650.2502189,1786178655.8922126,1786178656.2728457,1786178656.2857301,1786178656.2919102
43,1786178657.5992122,1786178657.6308365,1786178663.055445,1786178663.4354727,1786178663.448175,1786178663.4543548
44,1786178664.7829478,1786178664.8141282,1786178670.3631446,1786178670.7434123,1786178670.7563636,1786178670.7625148
45,1786178672.077657,1786178672.1136034,1786178677.6464753,1786178678.031878,1786178678.0447223,1786178678.0510342
46,1786178679.3509564,1786178679.3824918,1786178684.8745527,1786178685.2547662,1786178685.2677283,1786178685.2746763
47,1786178686.5961292,1786178686.6301088,1786178692.1687977,1786178692.581197,1786178692.594164,1786178692.600388
48,1786178693.970827,1786178694.0022194,,,,
