,BeforeLocalTraining,AfterLocalTraining,BeforeLocalPartialEvaluations,AfterLocalPartialEvaluations,BeforeEvaluation,AfterEvaluation
1,1791294796.913228,1791294797.0454013,1791294801.966267,1791294803.2636237,1791294803.2778196,1791294803.2980483
2,1791294803.5192287,1791294803.6476345,1791294808.9988184,1791294810.3109267,1791294810.3246436,1791294810.3451028
3,1791294810.5647483,1791294810.6976914,1791294815.8191416,1791294817.1477435,1791294817.1612592,1791294817.1817086
4,1791294817.3828876,1791294817.512231,1791294822.8870244,1791294824.1813092,1791294824.1948798,1791294824.2150137
5,1791294824.4370522,1791294824.5744748,1791294829.44185,1791294830.7084744,1791294830.722068,1791294830.742434
6,1791294830.9783833,1791294831.106567,1791294836.2369425,1791294837.507119,1791294837.521343,1791294837.5430984
7,1791294837.7956035,1791294837.9280336,1791294843.1365461,1791294844.4082909,1791294844.4219267,1791294844.4417832
8,1791294844.7027225,1791294844.8350239,1791294849.7301579,1791294851.3532355,1791294851.3667681,1791294851.3869107
9,1791294851.700775,1791294851.828244,1791294856.7510772,1791294858.011795,1791294858.0252972,1791294858.045225
10,1791294858.2995582,1791294858.4319303,1791294863.657332,1791294864.9352798,1791294864.949124,1791294864.9695604
11,1791294865.2998085,1791294865.4739916,1791294870.712475,1791294871.9955842,1791294872.0092115,1791294872.029226
12,1791294872.2650576,1791294872.3938892,1791294877.4907904,1791294878.779843,1791294878.7934282,1791294878.8135047
13,1791294879.0295093,1791294879.1558864,1791294884.6278577,1791294885.9005945,1791294885.9142385,1791294885.9344337
14,1791294886.1862907,1791294886.316298,1791294891.467533,1791294892.7535417,1791294892.7674277,1791294892.787511
15,1791294893.0247912,1791294893.1582096,1791294898.3332782,1791294899.6273637,1791294899.6409168,1791294899.661572
16,1791294899.8780332,1791294900.0071304,1791294904.9538052,1791294906.2307217,1791294906.2439864,1791294906.2646706
17,1791294906.4815998,1791294906.6195972,1791294911.8919752,1791294913.1969767,1791294913.2104187,1791294913.231579
18,1791294913.454298,1791294913.586564,1791294918.8138852,1791294920.078949,1791294920.0932336,1791294920.1133199
19,1791294920.3392494,1791294920.4718657,1791294925.7668989,1791294927.0620756,1791294927.0757542,1791294927.0963392
20,1791294927.2916965,1791294927.4222286,1791294932.6412501,1791294933.946946,1791294933.9608176,1791294933.9811807
21,1791294934.2274597,1791294934.3711445,1791294939.3796787,1791294941.1180656,1791294941.1315427,1791294941.151366
22,1791294941.3206644,1791294941.4621222,1791294946.5852501,1791294947.8561099,1791294947.8694055,1791294947.8904214
23,1791294948.1431687,1791294948.2702148,1791294953.4866207,1791294954.7821991,1791294954.7957373,1791294954.8158462
24,1791294955.0273383,1791294955.1671417,1791294960.522128,1791294961.799341,1791294961.812939,1791294961.8335025
25,1791294962.0549471,1791294962.1823452,1791294967.376488,1791294968.6474361,1791294968.6609886,1791294968.6808999
26,1791294968.9281192,1791294969.0550063,1791294974.5914354,1791294975.9429734,1791294975.956598,1791294975.9774828
27,1791294976.2102175,1791294976.3410993,1791294981.5869973,1791294982.9433851,1791294982.9569976,1791294982.978271
28,1791294983.273377,1791294983.4066396,1791294989.2360563,1791294990.6176357,1791294990.6312213,1791294990.6532419
29,1791294990.8660414,1791294990.9971495,1791294996.580838,1791294998.0572116,1791294998.071076,1791294998.0938933
30,1791294998.2971814,1791294998.4390254,1791295004.151619,1791295005.4722683,1791295005.4858298,1791295005.505736
31,1791295005.7548625,1791295005.8867617,1791295011.3176944,1791295012.749341,1791295012.763031,1791295012.784501
32,1791295012.9516208,1791295013.0833838,1791295018.6989534,1791295020.0222812,1791295020.0360084,1791295020.0568945
33,1791295020.2678604,1791295020.3979547,1791295025.5524743,1791295026.887819,1791295026.9015422,1791295026.9215264
34,1791295027.1485517,1791295027.2818923,1791295032.6893654,1791295034.0482435,1791295034.0617895,1791295034.083447
35,1791295034.2959518,1791295034.425078,1791295039.899405,1791295041.2534595,1791295041.266795,1791295041.2873626
36,1791295041.4930782,1791295041.6242306,1791295047.1047087,1791295048.4596624,1791295048.4733007,1791295048.493516
