,BeforeLocalTraining,AfterLocalTraining,BeforeLocalPartialEvaluations,AfterLocalPartialEvaluations,BeforeEvaluation,AfterEvaluation
1,1786790832.8364928,1786790832.8719032,1786790833.9316518,1786790834.2181573,1786790834.24587,1786790834.2508464
2,1786790834.3160794,1786790834.347596,1786790835.4462414,1786790835.7265503,1786790835.7532477,1786790835.7581525
3,1786790835.8187265,1786790835.853393,1786790836.939423,1786790837.2249446,1786790837.251192,1786790837.2559237
4,1786790837.3190894,1786790837.3500884,1786790838.3678172,1786790838.6460478,1786790838.6724896,1786790838.6773586
5,1786790838.7465425,1786790838.7785575,1786790839.8611078,1786790840.140276,1786790840.1674256,1786790840.1723175
6,1786790840.2292168,1786790840.2600543,1786790841.4696527,1786790841.842523,1786790841.869111,1786790841.8741279
7,1786790841.9681225,1786790842.0022209,1786790843.1303496,1786790843.4192333,1786790843.445855,1786790843.4510732
8,1786790843.514198,1786790843.545242,1786790844.6474683,1786790844.9376547,1786790844.964746,1786790844.9700382
9,1786790845.0246823,1786790845.0647347,1786790846.1646209,1786790846.45044,1786790846.4783368,1786790846.4832175
10,1786790846.544214,1786790846.577035,1786790847.6672533,1786790847.9474363,1786790847.9743228,1786790847.979269
11,1786790848.0410454,1786790848.072719,1786790849.1015222,1786790849.3914034,1786790849.4190323,1786790849.4238431
12,1786790849.4748585,1786790849.5065718,1786790850.6012146,1786790850.8811884,1786790850.9077222,1786790850.9126017
13,1786790850.9723158,1786790851.0038338,1786790852.0925925,1786790852.370867,1786790852.4011168,1786790852.4068608
14,1786790852.4632556,1786790852.4941602,1786790853.51659,1786790853.7963736,1786790853.8229003,1786790853.8278499
15,1786790853.8878067,1786790853.9191706,1786790855.0080826,1786790855.2864025,1786790855.312756,1786790855.3176222
16,1786790855.3821478,1786790855.4152648,1786790856.7362657,1786790857.0251334,1786790857.0524333,1786790857.0577123
17,1786790857.1260846,1786790857.1652462,1786790858.191763,1786790858.4724731,1786790858.499109,1786790858.5043015
18,1786790858.5807743,1786790858.6138146,1786790859.7174513,1786790860.003263,1786790860.029664,1786790860.0347927
19,1786790860.0937366,1786790860.1257262,1786790861.2643447,1786790861.5487273,1786790861.575428,1786790861.5801356
20,1786790861.6363804,1786790861.6681216,1786790862.765676,1786790863.0442073,1786790863.0709307,1786790863.0757494
21,1786790863.1391935,1786790863.1706693,1786790864.2590332,1786790864.5420163,1786790864.5682952,1786790864.5730507
22,1786790864.6329331,1786790864.6632032,1786790865.6855812,1786790865.964319,1786790865.9915535,1786790865.996456
23,1786790866.0582287,1786790866.0921001,,,,
