,BeforeEvaluation,BeforeSV,AfterSV,BeforeGradientRewards,AfterGradientRewards,AfterEvaluation
0,1786790831.085001,,,,,
1,1786790833.9103885,1786790832.9310708,1786790833.8878968,1786790833.888305,1786790833.9099493,1786790833.926159
2,1786790835.426419,1786790834.3747077,1786790835.404488,1786790835.4047034,1786790835.4260855,1786790835.4421983
3,1786790836.8563054,1786790835.8758316,1786790836.834354,1786790836.8345537,1786790836.85598,1786790836.9362302
4,1786790838.3485384,1786790837.3752282,1786790838.327112,1786790838.3273227,1786790838.3481648,1786790838.364931
5,1786790839.8421159,1786790838.8010502,1786790839.820947,1786790839.8211718,1786790839.8417106,1786790839.8579578
6,1786790841.43981,1786790840.285482,1786790841.4029584,1786790841.4035704,1786790841.4391272,1786790841.4658298
7,1786790843.1110048,1786790842.037222,1786790843.0893207,1786790843.089562,1786790843.1106365,1786790843.1269841
8,1786790844.6271522,1786790843.5753565,1786790844.6055536,1786790844.6057878,1786790844.6267736,1786790844.6431265
9,1786790846.144317,1786790845.0809789,1786790846.1208804,1786790846.121172,1786790846.1438832,1786790846.160961
10,1786790847.6473513,1786790846.600317,1786790847.6259813,1786790847.626223,1786790847.646989,1786790847.6633387
11,1786790849.0819554,1786790848.1043234,1786790849.0602863,1786790849.0605102,1786790849.0815988,1786790849.097885
12,1786790850.5816438,1786790849.5355027,1786790850.5597177,1786790850.5599456,1786790850.5812814,1786790850.5975375
13,1786790852.0736492,1786790851.026565,1786790852.0521336,1786790852.052349,1786790852.0733151,1786790852.0895987
14,1786790853.4975228,1786790852.518845,1786790853.475931,1786790853.476149,1786790853.4971414,1786790853.513474
15,1786790854.989308,1786790853.9422135,1786790854.9677029,1786790854.9679303,1786790854.9889593,1786790855.0052128
16,1786790856.7163177,1786790855.43734,1786790856.692522,1786790856.6927724,1786790856.7159028,1786790856.733026
17,1786790858.171941,1786790857.1871037,1786790858.1498225,1786790858.1500638,1786790858.1715207,1786790858.1880836
18,1786790859.6969626,1786790858.6354609,1786790859.6747103,1786790859.6749594,1786790859.6965396,1786790859.713266
