,BeforeLocalTraining,AfterLocalTraining,BeforeLocalPartialEvaluations,AfterLocalPartialEvaluations,BeforeEvaluation,AfterEvaluation
1,1786169247.8736546,1786169247.9309201,1786169254.1453068,1786169254.6701376,1786169254.6835732,1786169254.692189
2,1786169258.2822313,1786169258.3409235,1786169264.3754327,1786169264.8940332,1786169264.9068093,1786169264.9152722
3,1786169268.473077,1786169268.525877,1786169274.5167518,1786169275.0562913,1786169275.06897,1786169275.0773962
4,1786169279.1484113,1786169279.200671,1786169285.3045585,1786169285.824028,1786169285.8367572,1786169285.8451424
5,1786169290.4013872,1786169290.4531846,1786169296.7137837,1786169297.2411587,1786169297.253877,1786169297.2622485
6,1786169301.789546,1786169301.8501487,1786169308.109499,1786169308.6466064,1786169308.6593938,1786169308.6678102
7,1786169313.1746428,1786169313.2266066,1786169319.496363,1786169320.0349832,1786169320.0478632,1786169320.056389
8,1786169324.6044214,1786169324.6587539,1786169330.8226106,1786169331.3509388,1786169331.3636782,1786169331.372393
9,1786169335.9346712,1786169335.9940715,1786169342.0458112,1786169342.5749488,1786169342.5876698,1786169342.5960717
10,1786169347.1096067,1786169347.1689308,1786169353.2171266,1786169353.7392442,1786169353.752036,1786169353.7608876
11,1786169358.3073027,1786169358.359377,1786169364.3748777,1786169364.8976057,1786169364.9104736,1786169364.91883
12,1786169369.4606562,1786169369.5138216,1786169375.7499194,1786169376.2698941,1786169376.2825794,1786169376.2908766
13,1786169380.8343341,1786169380.987578,1786169387.2480016,1786169387.7700946,1786169387.7827935,1786169387.7911446
14,1786169392.338037,1786169392.389861,1786169398.5430815,1786169399.0634577,1786169399.0762477,1786169399.0848625
15,1786169403.617649,1786169403.6698596,1786169409.7575066,1786169410.302991,1786169410.3160205,1786169410.3245049
16,1786169414.8694286,1786169414.9216409,1786169421.1810136,1786169421.7070985,1786169421.7201843,1786169421.7285998
17,1786169426.277088,1786169426.3288758,1786169432.3694444,1786169432.9017642,1786169432.9144423,1786169432.9230547
18,1786169437.4474232,1786169437.500814,1786169443.8266253,1786169444.3605876,1786169444.3732939,1786169444.3818045
19,1786169448.8999968,1786169448.9524474,1786169454.9038286,1786169455.4438877,1786169455.4566424,1786169455.4652483
20,1786169460.0098464,1786169460.0614548,1786169466.276964,1786169466.8022091,1786169466.8149405,1786169466.8236127
21,1786169471.391396,1786169471.443322,1786169477.4175425,1786169477.9436946,1786169477.9565153,1786169477.965217
22,1786169482.4951181,1786169482.5500627,1786169488.627064,1786169489.148822,1786169489.1616025,1786169489.1702042
23,1786169493.7108762,1786169493.7627947,1786169499.9377637,1786169500.472938,1786169500.4857666,1786169500.4953294
24,1786169505.0439775,1786169505.0971282,1786169511.0022452,1786169511.5327327,1786169511.5455172,1786169511.553962
25,1786169516.072093,1786169516.124496,1786169522.3054357,1786169522.8259518,1786169522.8388944,1786169522.8473983
26,1786169527.4144723,1786169527.4662797,1786169533.621629,1786169534.1443882,1786169534.1571295,1786169534.1657073
27,1786169538.6888788,1786169538.7414272,1786169544.8391936,1786169545.376618,1786169545.389586,1786169545.398371
28,1786169549.9256606,1786169549.9773958,1786169555.8787484,1786169556.4049342,1786169556.4176347,1786169556.4259849
29,1786169560.9848948,1786169561.038297,1786169567.2718403,1786169567.8145995,1786169567.8272204,1786169567.836044
30,1786169572.3331687,1786169572.3852215,1786169578.6486185,1786169579.1802108,1786169579.193072,1786169579.2017136
31,1786169583.7292182,1786169583.7846215,1786169589.7610636,1786169590.2892036,1786169590.3017964,1786169590.314021
32,1786169594.8495903,1786169594.9028726,1786169600.8961682,1786169601.4217458,1786169601.4345455,1786169601.4437122
33,1786169605.9649558,1786169606.0352983,1786169612.161439,1786169612.6927228,1786169612.7055683,1786169612.7144084
34,1786169617.2341871,1786169617.2860742,1786169623.5292327,1786169624.0587592,1786169624.0715582,1786169624.0802903
35,1786169628.6797366,1786169628.7316031,1786169634.9327195,1786169635.4588614,1786169635.471736,1786169635.4801059
36,1786169640.0461767,1786169640.1127255,1786169646.0378828,1786169646.5704675,1786169646.5832045,1786169646.5922112
37,1786169651.1179354,1786169651.176259,1786169657.351753,1786169657.8789144,1786169657.891693,1786169657.9002268
38,1786169662.4456124,1786169662.4982886,1786169668.6764672,1786169669.2010539,1786169669.2139254,1786169669.2224069
39,1786169673.7450237,1786169673.7972538,,,,
