Round,Evaluator,3,2,4,1,0,5
0,0,,,,,,
0,1,,,,,,
0,2,,,,,,
0,3,,,,,,
0,4,,,,,,
0,5,,,,,,
0,Aggregated,,,,,,
0,Centralized,,,,,,
1,0,1113.345125055465,1096.5212873740463,1088.4133452458143,1097.6754966375966,1100.6720121116286,1109.7454634434685
1,1,1101.9833638017049,1087.0524075580831,1079.7826897162888,1088.2317015601311,1090.9664140453997,1098.6862108462926
1,2,1169.649378812481,1143.3934242945738,1131.2299850833688,1144.4770209190738,1148.7825891272712,1164.5620891926135
1,3,1176.4516238875024,1149.0518978229115,1136.4307187795396,1150.1311812365425,1154.6011016028317,1171.195547410565
1,4,1181.4860250433217,1153.242076758333,1140.2527515186669,1154.3146711210345,1158.8975703570898,1176.0867779013315
1,5,1189.5992161323725,1160.0081121639778,1146.4181227041486,1161.059658349108,1165.830455359282,1183.9903845545111
1,Aggregated,1155.5980506896267,1131.6938285094254,1120.5573507563752,1132.7970158707008,1136.777908659019,1150.8852734870197
1,Centralized,1155.598050980037,1131.6938285313656,1120.5573506433243,1132.797016136941,1136.777908623442,1150.8852734835434
2,0,1.0006874022455121,8.417174199187851,10.183508438349678,10.684367025375877,7.313418228112704,-5.786091329560501
2,1,-0.8070977420797438,9.435298648893923,10.075503034082475,10.22718227293179,7.210907628556395,-8.372093652839961
2,2,9.87061421408235,4.4105688478795555,11.360832948017633,14.7818574298198,6.799820169892451,7.105430517274749
2,3,10.793867090685696,3.9211863324506036,11.456492675187166,15.583452606741977,6.516449570719482,8.618139784132048
2,4,11.746738290886258,3.7971668657065796,11.875119602106201,16.41304892036201,6.838719455536741,9.698351995278548
2,5,12.983001621755019,3.179469709527886,11.8638867822966,16.445608641355555,6.725488249041516,11.564984337942526
2,Aggregated,7.626301568538472,5.514456159013525,11.140090026576805,14.036502971201564,6.8998096229041606,3.845522179527764
2,Centralized,7.626301305493009,5.5144561382692325,11.14008965756648,14.036503281132163,6.89980954170209,3.845522460764073
3,0,146.504760423814,47.397636090589145,104.4374958816214,42.82815338893648,-17.088914958756696,60.031486420288196
3,1,168.47372916636095,48.09140646292613,112.7341557025931,52.76534589784899,-27.415149947315765,66.7595607963837
3,2,161.04979306341224,48.468170924017805,118.24620490437836,64.15397705636009,-15.227967070343174,74.0398387474694
3,3,165.23573815897154,48.19021501103501,115.03314645649148,63.59359008595816,-12.814749196541243,72.34360384501629
3,4,168.43583069195978,50.405362199614544,121.14999178562306,68.94638536439844,-13.776960289917467,71.74763821080961
3,5,152.78794024519888,46.658468608086835,114.91999785103478,60.57608980324477,-13.219559611112386,72.51707095698448
3,Aggregated,160.44156974544845,48.20643883039393,114.45628279344812,58.86562742695799,-16.57794338428654,69.6020935644947
3,Centralized,160.44157007990756,48.206438779024644,114.456282508969,58.86562750305754,-16.57794337826424,69.60209328264786
4,0,71.63695346390246,122.0136996393668,149.1122951635657,93.83168356660045,68.40367228514313,116.7147460297832
4,1,69.28381556239391,123.75611473260668,151.85463181515038,105.05311926941157,75.34683046072247,102.57225708485126
4,2,122.81275072368933,164.016202555764,156.0102177679414,137.01417355618275,104.95063642153693,167.24109370920948
4,3,142.53047450265956,144.8601265962738,129.40565649353906,148.00001087327243,101.89973171040658,158.31428816456787
4,4,103.77592962832989,147.19686665099528,131.9478746838485,131.49125981687754,102.17658529551792,151.6616371563604
4,5,90.24187480758401,155.32974261519504,164.2619794957739,122.0391056222428,90.51366205176626,173.10086737199796
4,Aggregated,100.10964224075512,142.95386732744768,147.1054657212194,122.98053564375995,90.62736444333743,145.05996497050154
4,Centralized,100.10964202576761,142.953867015201,147.10546565826627,122.98053582807687,90.62736443939903,145.05996460452113
5,0,56.484012992882505,47.89166714917806,50.49567165788626,67.13613808381324,19.35013554799593,56.27733437465044
5,1,41.724959367626475,50.79826169317422,46.44339275666944,51.13018126497795,15.29114051400938,52.546291952561326
5,2,59.694776211626696,67.70369697299591,26.49365062529033,43.6170570763001,-0.07621620500580283,69.65357248191327
5,3,76.02505599963753,52.35776472592443,17.847137421378203,72.70334721213217,-12.79385967720648,58.3072941011127
5,4,37.44839903609314,47.61279460347407,6.603791506091936,44.00925070908884,3.930670770872291,56.79246604012077
5,5,60.74460547394758,56.166566153504874,64.57580833822884,60.6730514030767,7.42252751477666,74.36484068686286
5,Aggregated,55.320212643470114,53.77804071584456,35.351152638697414,56.47914279223409,5.496239735420695,61.352984404462745
5,Centralized,55.32021262760533,53.77804046959461,35.351152437606956,56.47914266293116,5.496239813433799,61.35298437443251
6,0,29.346645768117178,14.102243932986038,29.29738980780534,32.02034563807187,15.776750490858273,-19.63413502769327
6,1,9.354999551378988,26.125900366165652,22.131265499279888,26.905682018414918,18.245959767208454,-15.23346237078184
6,2,-2.6741281733522415,50.977501185681575,16.36188780461795,26.402749367293584,1.6791296603806853,-19.0912260571735
6,3,-0.4526268509416847,51.22918243453217,22.207114139476666,50.98728522209859,1.9367336735605856,-31.14611452473658
6,4,-5.8171099019543435,30.360399891375522,3.8126782008506024,27.695984691582115,4.1961809630696605,-18.120996217660963
6,5,9.851839159921354,26.003241397153477,37.110278278200354,35.781636222346194,14.946851134450675,-10.797602844083132
6,Aggregated,6.532205575211249,33.170384127822246,21.778984285346954,33.27336324235622,9.438407880820884,-18.987005845802397
6,Centralized,6.5322058077093565,33.17038413471881,21.778984524233994,33.273363348048925,9.4384081230851,-18.98700525610646
7,0,37.36701899049786,5.4516900551255985,28.71924585337495,16.22129282479944,-13.648191885418177,2.150826101707576
7,1,32.53091169989663,11.873215103057237,21.884022375264884,20.663089699821523,-19.246439386499286,13.163281906725697
7,2,32.01508740322895,32.23957615411315,28.38199583272271,16.49972639421727,-49.089169751085855,26.042067767056285
7,3,35.93243243873138,39.15610003566195,31.249204614178375,36.83885940221593,-54.91171732038413,24.253798799872857
7,4,32.51964414390992,2.38178554525021,14.65837287641709,17.575956326243567,-42.96233527533973,29.00146433018892
7,5,19.856898978955915,16.155698460161553,27.43542626383195,20.113995025929015,-23.90360126419935,24.942762830094843
7,Aggregated,31.68188571071116,17.875682344158506,25.365601910007808,21.30234086291407,-34.016230646321354,19.986494854926242
7,Centralized,31.68188630019049,17.875682503980816,25.365602425420416,21.302341225649677,-34.01623063590904,19.98649445587843
8,0,22.924630422776417,5.205976075908288,11.321880294559516,11.663000762977845,16.130968578435347,-35.02968864092695
8,1,22.765636730837624,2.208866612374713,1.8621449613185859,13.492104809243225,17.814716511593033,-25.107654384429537
8,2,15.924564466969967,14.716687144658945,7.085657252210337,4.048094309779371,7.143369798752201,1.0834619705517936
8,3,30.43822439680043,5.486087003809901,14.70638818919711,20.87732460385997,-0.10339839666194924,-4.5394810609515845
8,4,15.959537933537812,-10.230177370179641,1.2541287890308057,15.135902930510085,11.27953236975714,-3.5367519040881317
8,5,4.347557649891882,0.5470141032504064,7.548218431873698,4.609972319591251,13.020159451493363,-5.296878566136233
8,Aggregated,18.687694541974142,2.9736386382926336,7.274983697286302,11.620020197487957,10.873986011042671,-11.990536204167817
8,Centralized,18.68769350362949,2.973638461507252,7.274983371954952,11.620019483406628,10.87398544638771,-11.990536948655153
9,0,-27.45050710862018,12.781084261922963,15.734544151599136,38.37229825546007,5.686319162682894,14.78339837650292
9,1,-23.811793228639736,5.542475064555345,11.612428428609137,39.961428060860555,19.29774452428808,-3.059282746346455
9,2,-20.31967657865009,-8.53882192551226,18.24558118601069,29.77527349255875,30.417391838316842,-8.03867094682748
9,3,-1.0248323185685726,-15.206824165935659,17.722083469206325,50.501382993877776,22.774426483648064,-14.414608326471336
9,4,-27.417295746721074,-28.478793269273737,10.96950937837499,30.07346515011184,34.47749546215133,-5.146178601702353
9,5,-42.77527304218105,1.2238350402031055,7.064739292340846,35.77954927810749,22.560067539051616,18.213638224225768
9,Aggregated,-23.828020794138276,-5.516877444816956,13.548245000381623,37.37285249599474,22.59961601340962,0.3697320943690885
9,Centralized,-23.82802173532265,-5.516877172939786,13.548244862475112,37.37285227396352,22.599616159573124,0.36973248266332476
10,0,-1.4326531542571648,-80.1494292536651,20.007471867448913,-6.6318324766699766,-6.020801185739472,44.047169938056804
10,1,-20.203918681855402,-73.00689946303123,6.826546058421824,4.6612633793152405,-2.340193635255194,45.07628507310468
10,2,-23.6138573270512,-47.76678701365803,13.404780041784235,-9.54087209494325,3.831362068117518,47.68667249544964
10,3,-16.323230565160607,-38.16439276989525,13.671771945240284,18.34840371462991,2.8586266665155504,36.10957344736914
10,4,-18.588507951248424,-76.93976378669089,5.539710467303581,1.6887128010969414,2.616255782317136,52.4181117710866
10,5,-11.28616859766997,-80.74900481101051,9.855595166213021,-5.127715624725005,3.733918381398372,57.09957328967393
10,Aggregated,-15.277507402407608,-66.12865544724534,11.526450384556705,0.5476628157481369,0.801921727822686,47.10634196173005
10,Centralized,-15.277507258640641,-66.12865493282214,11.52645021383877,0.5476626371362986,0.8019218160279902,47.10634237517908
11,0,49.432843843184756,25.609132936165317,24.88409580902823,27.08212857823298,10.336117215980194,-45.267555544206516
11,1,42.945032426019644,18.408300755914226,8.34402250634815,29.84930721438468,-4.046800265787475,-49.714379763775426
11,2,27.83435937010789,24.936027152621183,4.251471144064408,13.512499794362988,-12.281479506647369,-62.85124257340869
11,3,28.891526360838643,13.005169928745048,7.381313087779502,30.063451531575122,-3.6822175782697077,-82.06602679043664
11,4,29.99648031280892,2.179568690276161,-1.3188522528461584,22.997779548923305,-4.661009656363529,-51.61717998600666
11,5,28.92028576615865,18.246170013560143,18.11023156625631,25.8136394231037,9.787357597400257,-48.94428440498346
11,Aggregated,34.62151072846087,17.035927360277203,10.22939682506306,24.858266942794014,-0.788368340775369,-56.740858556676784
11,Centralized,34.62151059101193,17.035927417315254,10.229396610078734,24.85826697902675,-0.7883687198261732,-56.74085866435078
12,0,9.78118056195993,-18.678120626342434,23.550526135116094,-0.18084725300733073,19.27828358161321,13.087659518403832
12,1,21.956273444905126,-18.453828494502723,9.932827800101304,9.140602085047394,16.535084520100536,11.497912067951289
12,2,33.17892772634961,-27.17530235021095,14.872719156370373,-5.252767516820655,26.96668312247752,25.693107803915176
12,3,32.202236683873075,-30.146160923105278,27.265018086853182,14.56201315220062,36.48322456113806,20.257864954794126
12,4,28.524147925679966,-35.6396730670061,9.119688352148918,2.3715301306187295,28.439188288548117,28.09238631987127
12,5,3.8849093925919322,-26.129424155552798,24.842928643638825,-6.944947293163438,31.027203038812686,30.568716048236467
12,Aggregated,21.614702716030227,-26.069619681139578,18.23568776463445,2.2569725842985577,26.472878683686556,21.57866809930243
12,Centralized,21.614702464115627,-26.069619860039186,18.235687994706858,2.2569726474538885,26.472878982154434,21.578668219612997
13,0,-12.979463401964882,18.550676800299613,7.721892641808376,11.024629190063989,12.445457020868544,-8.213112148398542
13,1,-6.903244057337897,11.963079195300825,-15.903898685952228,18.113860741910948,12.602317124493187,-4.706468874910032
13,2,-0.8153175067184855,12.315844773796936,-21.363808205958343,6.303124243878137,5.637129773608376,5.02024017473759
13,3,10.884002295834641,2.8305425178658745,-13.898721089534051,23.01277797934529,9.697952265285885,-13.499394418371981
13,4,-5.648203810777974,-1.0719560360883684,-22.006039618518727,16.102193341326604,7.341529945554038,7.443959530650959
13,5,-17.043401219587373,9.766548350897798,-0.13569746759090878,9.679288102640893,19.766409560297078,-2.5323991654040587
13,Aggregated,-5.419362933492638,9.03210219349865,-10.98554468786436,14.025752035682805,11.239277452866093,-2.699873452858613
13,Centralized,-5.419362648807815,9.0321019540031,-10.985544778651722,14.025752251669712,11.239277226632717,-2.699873914630234
14,0,53.286586614846804,-37.07566926972774,10.956056695063356,43.50887057790473,35.469555363172304,-124.72049538476202
14,1,49.31173886899402,-48.875225096866174,3.0382512152684296,52.76832837069394,30.55227769022909,-112.44458387211593
14,2,48.50222176033058,-46.22976774290886,2.273021616271786,37.04437769457793,19.399878358601885,-82.56011960067363
14,3,39.60098656960511,-61.358246584078884,19.62460663245267,60.6408976948043,23.76477091597066,-92.74342448996096
14,4,45.25046312868129,-55.292915664073746,1.5064505607406533,44.76146584862749,30.040931602813306,-91.77428213767429
14,5,35.77721875189141,-45.55507022454841,10.04074900894245,37.719222691310996,34.18608841317357,-97.05501538154702
14,Aggregated,45.272601088976394,-49.081456069952544,7.876913122605039,46.0429365694543,28.88700972860494,-100.1302539171288
14,Centralized,45.27260102787928,-49.08145586802137,7.876913261088992,46.042937243594025,28.887010022803945,-100.13025371355243
15,0,41.26562808111036,8.779949081962595,9.73224926762543,12.07240605421939,20.639748739960023,-30.208477411465182
15,1,19.50167290214284,-1.7534271428904162,5.2557081413587765,11.309741169689998,26.614722745594513,-10.203312161936688
15,2,10.307002901612229,-10.248323829850506,12.398512852531445,-23.15393995165012,27.84469452463079,25.810361228989546
15,3,20.77076124161916,-17.754311075145033,25.66690300454586,-13.951103921635548,28.91448817613286,9.356032210135142
15,4,13.557039897398196,-15.333941565565517,13.295426096714076,-10.939174632904887,26.776851896432436,13.984874007905821
15,5,24.45338847528685,0.8252711290752808,11.928607297216981,-15.508531649721919,23.16354297297391,-1.6884076869011222
15,Aggregated,21.58099615009389,-5.950933000917991,13.044830286940623,-6.76902437207932,25.668131115623208,1.285145335063266
15,Centralized,21.58099600364541,-5.950933585976165,13.044829887204681,-6.769024802265191,25.66813102777374,1.285144971324146
16,0,17.767789963611516,8.542143935368733,26.93493305241325,-22.481206203586076,26.8162172149155,-25.931919568028256
16,1,-1.145439898444311,14.485198887887833,3.332783268376008,-3.413630891552533,18.585800567941224,-11.734390338407497
16,2,-27.499718531890892,21.405868933998917,-14.084926465952632,-5.188795039011719,20.120194023386265,20.992154837393507
16,3,-36.49839697972517,12.430578247274452,-1.282425134743039,31.74506061923178,29.812366553654545,-10.238391350081027
16,4,-21.525256341228207,11.715352494040113,-5.689001144367828,-0.578292152298803,22.239376064237327,8.050680478264997
16,5,-13.375298604410599,3.82957912264621,11.306426407925553,-11.83718512688758,30.639599620408536,-5.9956885763627685
16,Aggregated,-13.790717912522748,12.07837303073893,3.346953774598587,-1.956726430896275,24.69157071055979,-4.040850184841029
16,Centralized,-13.79071744901075,12.07837343760799,3.346953911185363,-1.9567263690835444,24.69157124597144,-4.040849702764164
17,0,22.981142619799975,9.944719909617847,1.6828292852445006,18.45339511898962,14.591614569052167,-46.88138068995773
17,1,10.837861935475669,-18.673816561992183,11.572776701693185,26.789751878187776,-1.5356418207213618,-34.32783085567543
17,2,20.255454952352725,-40.411033301351345,19.996352237931053,-0.05437554418505973,-15.762655963742251,3.3208228205336563
17,3,11.115328522657268,-46.12725897779858,31.08327038989921,29.268069951245643,-23.83487981663459,-11.641449481812682
17,4,18.70671434062368,-40.405801526517685,12.817374303182556,20.100017795880607,-7.044284986904945,-10.781932227522061
17,5,7.934157852054755,-9.32015801386112,10.539860380143411,13.383380368369366,2.6021873748866096,-20.311328057315926
17,Aggregated,15.303085972666354,-24.252242971342614,14.628467905546444,17.95218842738005,-5.198615537532527,-20.00689071636206
17,Centralized,15.303085623513084,-24.252243000669022,14.628467361340073,17.952187881796384,-5.198615963996313,-20.006891117461024
18,0,-10.604787394264964,16.458454297692953,28.387753025261656,17.957981251261955,-3.6666696628910675,-31.56844389037524
18,1,-17.621226257241556,15.283148153652148,24.133877200121596,21.493130031338257,-16.677600629235908,-26.755940803431482
18,2,-14.629936396459161,19.9072830089559,21.767500558552346,-4.340349621803049,-8.933170267854077,0.020032730882755662
18,3,-39.848506507725865,7.363368224214714,29.425664206006616,18.33072634397134,-10.618154476634016,-13.692250057857155
18,4,-2.382837211414287,8.90312392226714,19.911808461118277,5.777532787472645,-9.511586054121604,-16.760969062734723
18,5,-26.459033848062052,13.516323749336749,17.648026187070467,7.851521630159516,2.3524976850354804,-15.116419703039668
18,Aggregated,-18.561884165238542,13.570804866834834,23.518431582444066,11.122538478731695,-7.839989265192657,-17.25862307860688
18,Centralized,-18.561883802690097,13.57080491384301,23.51843146943048,11.122537977648001,-7.839989019533032,-17.258622542792203
19,0,25.508529373244468,-13.282065146925351,10.07105942868876,1.4388803543706192,11.788967007615593,-18.17810372666437
19,1,14.663529394317054,-9.93544492168584,10.01165598685889,14.974192276892808,15.32707032503877,-18.04467552544755
19,2,6.249183351305481,-10.243206864224632,3.2568579547222876,9.237101355233241,7.466299262183919,-2.7407211660741355
19,3,4.978410884559271,-4.727742458668869,14.982141623517196,27.30403816869756,10.717264541857418,-18.791687938818782
19,4,7.798838826311304,-17.471235192117597,3.3309038771222768,17.65225558790328,5.493184953343523,-11.377567670978275
19,5,8.597539326592882,-7.571189194198247,5.973947973392866,2.2273774670918223,7.085930813741364,-1.7276081500774423
19,Aggregated,11.26144045818671,-10.547778636150326,7.911358521726508,12.143393804297071,9.626654089848307,-11.768972803074924
19,Centralized,11.261440674298036,-10.547778359606044,7.911358361557671,12.143394021234235,9.626654050687733,-11.768972923446062
20,0,39.649987778999645,17.048620676801708,25.347695403494697,-112.51359102847455,37.80009970619741,-0.9914087254186055
20,1,38.75663142238411,18.218379900068076,19.861250921313868,-101.64002436793056,26.959473841026487,2.3911216896737546
20,2,30.355890930275542,14.709428002301127,14.620852830833954,-92.70655445136397,22.003245985907405,29.124302937285165
20,3,22.100948929066526,7.418916357604411,16.45611773362848,-69.58409424463973,23.767139397336344,7.178386454976901
20,4,28.402354133503337,8.764019482591399,15.459888857799726,-89.58716034330064,25.061387029264715,19.860045088231935
20,5,23.78217012730965,12.770104582026365,12.773901650851531,-94.61199032277345,33.5070214267309,12.085715888547822
20,Aggregated,30.484504004840577,13.143812556080135,17.394023802564654,-93.41338863605382,28.159912810424057,11.677396001638868
20,Centralized,30.484503991989687,13.143812231537996,17.39402380920692,-93.41338893391088,28.159913018892308,11.677395945647861
21,0,17.909011675354204,6.460794741881354,-14.511895376838682,4.0818342661139955,17.90538607848922,-8.526881422998676
21,1,1.6216640239349775,-6.138066944599303,-1.5430651228472716,15.34391900699838,7.006066217928379,-10.879421946850186
21,2,-11.868277395178415,-0.7032371307726868,-8.879612637167138,5.900245068537945,-0.7966305093918935,1.367456867543001
21,3,-10.950632351227434,-11.574402592862334,6.098484744927209,25.16469582366829,5.226578310946252,-17.673275989825722
21,4,-7.313075855908438,-5.289657885983918,-11.164835340647892,12.039296054939518,2.3454817480709576,1.1704678368369867
21,5,-2.2906081129543128,5.688594081909013,-11.780776462695128,3.648685232828901,13.184084884479457,1.7575844377000118
21,Aggregated,-2.2026769094960703,-1.930095272194669,-6.976391677773083,11.018481035733084,7.445755684480158,-5.419587824564106
21,Centralized,-2.202677014933265,-1.9300954062444975,-6.976391315588967,11.018481094166692,7.445755523887917,-5.419588195656092
22,0,11.42226619693767,-16.192710570884117,5.779512964714468,9.091724145734666,27.06913001122852,-31.731053422234286
22,1,15.071993217512997,-8.847689720720432,10.78016642295061,14.768667091904895,7.196913168911755,-26.356861585495412
22,2,17.49139883207022,5.585943176181909,15.745834235238304,-1.415193732966959,-9.312703627939184,-11.250361274954516
22,3,27.20796522068639,1.815245720307242,29.98196776371449,2.2739090216465847,-9.56484714347508,-34.07412996236516
22,4,12.32387753838789,-9.058154562607259,13.251366136900014,9.714130738832587,3.729126856487212,-22.017731563480968
22,5,0.23655175224829905,-4.902080113697234,6.854344775477215,12.197290314886434,19.21721201179684,-27.718095610506822
22,Aggregated,13.943560996741883,-5.242285212640143,13.731818212705406,7.765071012964505,6.347863319028244,-25.482729175011748
22,Centralized,13.943560889144852,-5.242285308614104,13.73181814523211,7.7650709200469334,6.347863647485846,-25.482729368232775
23,0,31.934125437863226,1.0873010453272702,-14.934817689112476,-11.834627526171785,9.894114612395182,-20.438060628607108
23,1,26.290040713485652,-6.974577006294638,-8.273085538378563,-10.101067780431165,6.103501894125073,-22.572998306966635
23,2,34.25678307640585,-20.57283692820459,-17.664340197200147,-23.404361316890558,3.2724529760318775,5.645533197572811
23,3,26.62071946680686,-9.466184876911653,-5.808321105325134,-9.832331717588758,14.417431515026221,-21.41929326838905
23,4,26.616472231200568,-16.33359956562776,-10.821568203829289,-9.930439583691538,3.871576207822382,-3.2924679739252327
23,5,17.915845392072605,-1.565565984223844,-22.46018862277139,-17.008853778771464,11.849789059612622,2.332688837816067
23,Aggregated,27.26535309571169,-9.0125353827145,-13.34105101967365,-13.702362275088088,8.216488620548622,-9.88071888337617
23,Centralized,27.265353196083137,-9.012535819638217,-13.34105119931294,-13.702362286169707,8.216488243640773,-9.880718976054272
24,0,25.526458755776382,6.252568659593458,-13.32491685483257,2.1792153891700576,16.665736628744227,-7.3278034182777825
24,1,16.91590057854083,-1.0178273444215507,-2.432355647974423,11.271102999691399,4.477182673368841,-12.14273718064732
24,2,14.216540375266192,-0.013245116986433913,0.7638912188479474,-9.65045628088429,3.4306654513032364,7.903592548875873
24,3,10.641927764991824,9.601508546690836,6.3137052118779495,-8.431688603642534,-4.345063594883515,-8.701573512676836
24,4,10.710205872876868,-5.754847087750713,-6.085034035663527,1.8722578179797462,7.697323884150337,3.0149196641178757
24,5,10.253211822358754,3.056030901903401,-16.918287928435543,-1.0078766371530836,15.710968069187773,10.731893892542177
24,Aggregated,14.681612905978035,1.9927572426131632,-5.278847013178703,-0.6405008252079123,7.268351108248561,-1.0355206165594621
24,Centralized,14.68161278273645,1.99275718117215,-5.278846680981749,-0.6405004305679629,7.268351374843023,-1.035520193460865
25,0,30.91019166338538,-238.7960095822518,43.59219921017908,66.4842172779151,7.068219328202517,44.8237310795272
25,1,35.3015104197966,-216.95436617501073,35.43727006921173,61.035216365936606,1.7297203545731021,54.86205528596505
25,2,27.929707632322692,-192.83872033364958,34.57857383144255,45.73572099063069,7.826247540270876,68.9314101688779
25,3,36.370525927076685,-168.82316765956747,32.44816086787933,34.53971193305239,11.558940904454511,53.70648704618818
25,4,21.798958371363163,-214.22031454493913,38.661060267260076,60.587714033124605,5.408724161278816,59.99993818536309
25,5,7.094631114885473,-207.57572136074967,30.72777319139181,58.21829236680627,13.460538225158972,63.953553521519105
25,Aggregated,26.525497809388916,-206.496143209604,35.895245707498965,54.4261078534683,7.843658155326166,57.76508042041121
25,Centralized,26.52549745692862,-206.49614351903134,35.89524510133575,54.42610731737264,7.843657751581054,57.765079747215836
26,0,6.694923722938019,8.053816449722445,19.22577341493782,11.434974582960285,23.078495227015104,-5.967361320921438
26,1,4.888546060510767,1.5269976753388845,13.233155913549137,8.84916123850905,13.786557431591998,-13.216301559612324
26,2,-12.221891008588777,7.190779670062583,12.161307599512599,-16.704570353197838,15.52293728004003,-5.586669032671054
26,3,-28.496843931231624,3.159586094240328,19.92215232642631,-5.725715794068462,17.718856659702173,-21.346942747138723
26,4,11.194852216810787,9.125896160068514,0.6131893847244404,0.5450505926243409,8.58592889240542,-1.1499808475067665
26,5,2.755549995577447,11.05089376019676,0.1755148750670704,12.148008909969212,20.263849034048423,-2.884468078953993
26,Aggregated,-2.515313137515344,6.695857222962224,10.839864899084246,1.7241088663684272,16.468697489065054,-8.329681518541554
26,Centralized,-2.5153131585068573,6.695857361226941,10.83986564748118,1.724109473316226,16.468697845619054,-8.329681172926154
27,0,37.485010790507644,-2.707271452351264,8.803729508423501,-104.44152851412888,44.14376919256779,12.82649297366141
27,1,24.670332331417594,9.062105301842053,13.60672390645192,-96.39296420868737,30.044281315109714,17.9104486596925
27,2,25.3512011175294,-2.0258097187155766,16.7533891086434,-85.32019455173854,18.006039975970634,38.414065731736216
27,3,21.743375368909575,-20.32939301465821,34.21596996379802,-58.046749491051294,11.319463674330722,25.619719683102737
27,4,12.412963968024277,21.289270290431283,5.827606738474689,-90.95913116310933,21.411022337687257,22.57483605182756
27,5,12.735357561912421,7.601950097982901,0.054127310950539395,-88.26504464075992,35.102668363654026,28.98021161542472
27,Aggregated,22.34984877585823,2.204476434149448,13.182799844984157,-87.22931881325704,26.635378241391773,24.430171610919437
27,Centralized,22.34984817801575,2.204476313584958,13.182799765145491,-87.2293185869682,26.635378467349568,24.430171260796275
28,0,25.397495429460818,-15.844744524852862,-1.3250280303249111,-0.46291016325597084,12.706823857438964,-6.952767743731281
28,1,24.763622527042187,-8.400097911527375,-5.736691843863097,6.442972388453879,8.603833501538693,-12.92320208124579
28,2,21.014200005685648,-15.273205764976176,-3.3475035122801855,-3.6672641230820666,7.9888094038392925,-12.50501580111668
28,3,16.871616194395763,-19.638827054781927,-4.335952648180251,8.54555290407419,15.50120637996177,-19.035309790882955
28,4,12.346030668792215,-13.860815433936517,-8.367135901995821,7.9491201655611246,3.7739872183949474,0.6645400696055724
28,5,11.569368849651816,-16.961458430529586,-11.887525310692755,9.060135340832097,11.6337142234752,4.530724826117861
28,Aggregated,18.632742362889,-14.994393068858502,-5.848864116700486,4.64842629047621,10.013672999580509,-7.675274448180354
28,Centralized,18.63274212638742,-14.994392914920338,-5.848863935323663,4.648426358439595,10.013672925180787,-7.675274610467386
29,0,24.74715453526705,-3.5805714777571995,-3.7909523859621044,-11.291627655317015,7.119304258777692,-11.509181499851138
29,1,18.54446116974874,-4.688040506510082,-12.030196325649328,5.286893482795055,-12.45363529602061,-3.1368286125874882
29,2,11.813254891690192,14.879014355116006,-16.593180559953606,-18.153519560561396,-23.477913680035346,22.955126155945592
29,3,6.098474188075685,5.506188924802279,-17.798974770171412,-6.3098381004413895,-12.514283440486857,4.51213934367182
29,4,9.515377664818029,-0.5002529500742077,-31.33188863482129,6.005452151694259,-13.10982970825427,24.69887891234243
29,5,7.4673763145728795,-1.9245442949267304,-24.014691415460806,1.5955123917111356,1.0961643126958076,12.715974857856558
29,Aggregated,12.999944343166314,1.6358787978054332,-17.649370558657207,-3.797142345478716,-8.933854472456671,8.469606614664885
29,Centralized,12.999944299805833,1.6358785028957343,-17.649370569342306,-3.7971419076837765,-8.93385476764552,8.46960720124442
30,0,20.808866693310275,-6.490267134817741,9.689943231138095,-3.631681006546058,6.885062561120099,-21.140953483989133
30,1,21.401780143552532,-13.761376710846351,3.5867529105997953,9.735633924283064,5.067274587380477,-11.20535534622486
30,2,6.018923649365209,-10.18639648535451,-1.0788784696845861,4.555009032609859,7.65213223328569,19.464124994155
30,3,1.8869088786278174,-8.744510386222315,7.918578870345003,18.480619772455803,12.523594096998078,4.649885877669536
30,4,19.187457714203525,-16.137296846396687,0.9881408774203635,1.7256733300550524,-0.49272561393303627,4.149750981416823
30,5,17.370658372124566,-3.413654563673975,-4.638067877365316,-3.263994719966962,-0.05012378134105941,1.6284962025226486
30,Aggregated,14.440117739424048,-9.80058157647998,2.7130441297218986,4.590583637958822,5.24433734010094,-0.33350681576229135
30,Centralized,14.440117593932134,-9.8005814187324,2.713043593892133,4.59058391131748,5.244337086601399,-0.3335066843383913
31,0,22.721906948342344,-11.13541688894878,-13.824426629002357,5.405117546360243,17.870849154589603,-9.329383208661774
31,1,20.594721226933682,-16.554872892878198,-15.590012081945464,16.961759084468305,1.646956904466909,-3.1242745239027014
31,2,20.709753128158727,-2.1740365120885814,-16.393239218508413,-4.80630038531243,-14.596086967232395,9.50191634595716
31,3,19.274091666575387,-7.304954178279331,-6.575109942165176,4.50654534404408,-1.7719816233262766,-12.260039385413945
31,4,11.353318018340337,-16.035001833140363,-22.79156065568405,11.647588117179783,-3.6319596336858115,10.90973590669645
31,5,8.509818336873304,-0.7326310938857865,-33.03800207658647,10.043560817266103,11.792300410920989,10.90828819730174
31,Aggregated,17.167874592177874,-8.98004409794555,-18.071567206793656,7.287925676763947,1.834797535387059,1.1691535327371059
31,Centralized,17.1678744260655,-8.980043779777533,-18.071567071571796,7.287925827488166,1.8347978456220737,1.169153391670472
32,0,26.61730561139818,-74.37197109091572,-2.8941159190231542,26.790004119947373,29.942302281737557,-25.447947285344657
32,1,20.246438091378177,-70.53982906537716,4.398495792374415,30.965307651326263,12.93447474987868,-10.232241997171437
32,2,17.11489970799679,-47.35956000944009,14.45743653709735,7.964313244212834,-1.5826447335358478,21.96690371868719
32,3,23.22715633129313,-48.47153674255622,14.795924250349314,18.22989252471538,-4.092574599174944,2.3399606541126428
32,4,16.42105435071134,-67.30371219458645,2.5572515068875097,26.79002479895832,14.834203934127489,4.942414392015477
32,5,1.951439349393666,-60.133319768067196,-10.684982740281031,30.07311109912208,26.813885449665353,3.5589459378661092
32,Aggregated,17.558824418042736,-61.33600994004274,3.7754752558059463,23.453748943169952,13.118650709378027,-0.38754074289424556
32,Centralized,17.5588240007454,-61.336009720794166,3.7754749305254856,23.45374890392986,13.118650546277841,-0.38754032364254776
33,0,0.19837463687080747,13.104545903030965,7.392481777936449,-0.13410738037064346,10.155397415940161,-11.879139250559076
33,1,-5.836370550582402,2.685064876468016,2.5810218170844395,14.947641376794804,-1.59252982630245,-6.650389753946225
33,2,-20.080594224000798,1.2238279240569094,4.241341389751368,-12.282560284032623,-14.913937728026793,20.060332887384636
33,3,-27.67661086964879,6.643538269267869,2.88531355504191,8.446024333845937,-16.13410531385741,7.378819615017757
33,4,-23.64560932814024,-0.4681774918749543,-3.923582931059995,15.114895078115152,-4.018663262881159,10.733948968974351
33,5,-22.92372176484697,4.884177320530928,-6.248770247663832,14.349195496202537,3.746117474942116,13.491630420658637
33,Aggregated,-16.71025920579669,4.64917147239696,1.1302864786650282,6.743221549810768,-3.819161818894149,5.593882169033948
33,Centralized,-16.71025888968852,4.649171428742023,1.1302864280689815,6.743221038978334,-3.819161590067423,5.593881842777556
34,0,-0.22042898898344054,-0.6239380911979316,6.612500798824038,31.515371812730095,-43.138657295531175,-1.7060060032466575
34,1,14.711923537903042,-2.5488263885412348,-2.520648322729284,29.363188562312956,-46.511544141065265,0.6767150249604122
34,2,5.632369727794436,-0.2529668556279281,7.767209665386928,-1.777699198808394,-24.957659555461902,10.012980626679632
34,3,-0.16207921253123156,2.3454352227528754,14.175504157054116,10.579911845510518,-24.624925582961104,-0.2218009860806003
34,4,21.91694903080394,-3.3885847652947207,-8.928682058269636,15.631501841169218,-47.20716747532477,22.566134124097687
34,5,7.316320800639311,1.8421743385132017,-8.39586659554135,19.984812832024303,-43.652835412342796,23.331448039818678
34,Aggregated,8.238313196342695,-0.4417720104422857,1.416198313836313,17.496478306030983,-38.34898058948748,9.177600624586454
34,Centralized,8.23831308490528,-0.4417717613200018,1.416197593575488,17.496478105930482,-38.34898038252484,9.177600133624976
35,0,-16.608035310219183,1.799928943844495,15.750907745521136,6.480982303954478,13.423015342245389,-13.395083654975794
35,1,-19.988705259142343,16.3051111249116,11.130320649775246,15.990889307175859,5.964851283267464,-6.099481725409403
35,2,-19.21181480582612,6.014125398839084,7.44770530552295,0.44127123992594885,17.901964886451733,25.840774584062174
35,3,-18.043116918857606,-15.623504068392826,19.275721305414006,15.599491186589901,17.069590369921595,16.135320585890653
35,4,-33.31403992083193,18.33852271894104,7.145095617531347,13.323050049514098,6.89910029668915,0.755133741488674
35,5,-32.195317180290736,9.098827599906656,0.4726612781324964,19.661002083814186,11.136518328454102,3.6522077010842824
35,Aggregated,-23.26434918793544,6.032991042735399,10.169076320222405,11.914730582123974,12.060188605092918,4.531451452845537
35,Centralized,-23.264349231647824,6.032991319105586,10.169076644462338,11.914730937657215,12.060189314544838,4.531451998101309
