,BeforeLocalTraining,AfterLocalTraining,BeforeLocalPartialEvaluations,AfterLocalPartialEvaluations,BeforeEvaluation,AfterEvaluation
1,1782846201.0937438,1782846201.1181154,1782846202.2854688,1782846202.5246453,1782846202.5511084,1782846202.555883
2,1782846202.5943413,1782846202.6186974,1782846203.6290355,1782846203.8556497,1782846203.8806887,1782846203.8850825
3,1782846203.9268346,1782846203.9485223,1782846204.9347763,1782846205.163895,1782846205.1926847,1782846205.197125
4,1782846205.2351704,1782846205.2563927,1782846206.3651857,1782846206.5993862,1782846206.625598,1782846206.6297853
5,1782846206.6824737,1782846206.7049484,1782846207.7051287,1782846207.9294515,1782846207.9559536,1782846207.9601672
6,1782846208.0050514,1782846208.0271676,1782846209.1290653,1782846209.3681328,1782846209.3949957,1782846209.4004939
7,1782846209.4408588,1782846209.4649446,1782846210.4904337,1782846210.7289257,1782846210.7573657,1782846210.7640834
8,1782846210.813729,1782846210.8371127,1782846211.8494723,1782846212.100237,1782846212.1269712,1782846212.1318061
9,1782846212.1725113,1782846212.1952069,1782846213.386683,1782846213.6283073,1782846213.6557148,1782846213.660649
10,1782846213.7058525,1782846213.7284977,1782846214.773573,1782846215.0229049,1782846215.0496604,1782846215.0540578
11,1782846215.1054986,1782846215.1287637,1782846216.240539,1782846216.4713643,1782846216.497336,1782846216.501812
12,1782846216.5552201,1782846216.57822,1782846217.5940356,1782846217.8161466,1782846217.841241,1782846217.84543
13,1782846217.8912148,1782846217.9122186,1782846219.0428362,1782846219.2861583,1782846219.323048,1782846219.3305516
14,1782846219.3840654,1782846219.407273,1782846220.4315536,1782846220.6787405,1782846220.7048807,1782846220.7091656
15,1782846220.7489207,1782846220.7706013,1782846221.796793,1782846222.038028,1782846222.0638568,1782846222.0683491
16,1782846222.1196783,1782846222.140859,1782846223.2657232,1782846223.497978,1782846223.5237696,1782846223.5280893
17,1782846223.5703492,1782846223.5934296,1782846224.5991855,1782846224.829599,1782846224.8566082,1782846224.8609946
18,1782846224.907982,1782846224.9299676,1782846226.0567007,1782846226.2920527,1782846226.3179207,1782846226.322466
19,1782846226.3616695,1782846226.3853512,1782846227.3857462,1782846227.6119187,1782846227.6375172,1782846227.6418395
20,1782846227.6886256,1782846227.710717,1782846228.843819,1782846229.0816455,1782846229.1072984,1782846229.1126218
21,1782846229.152874,1782846229.1741967,1782846230.174819,1782846230.4095738,1782846230.4357288,1782846230.439739
22,1782846230.4896264,1782846230.5111253,1782846231.5387185,1782846231.7801113,1782846231.8061154,1782846231.8105342
23,1782846231.857097,1782846231.8842566,1782846233.04202,1782846233.3211427,1782846233.3472166,1782846233.3518918
24,1782846233.4000564,1782846233.4216442,1782846234.4404988,1782846234.6782167,1782846234.7035878,1782846234.7077289
25,1782846234.7472188,1782846234.7692275,1782846235.9025908,1782846236.1983078,1782846236.2276237,1782846236.233425
26,1782846236.2761562,1782846236.3034577,1782846237.3159046,1782846237.5658445,1782846237.5917425,1782846237.5961626
27,1782846237.6498406,1782846237.6753552,1782846238.6786704,1782846238.907797,1782846238.9343066,1782846238.9383276
28,1782846238.989791,1782846239.024076,1782846240.1767623,1782846240.4392211,1782846240.4684637,1782846240.4741724
29,1782846240.5444734,1782846240.578901,1782846241.6673608,1782846241.931019,1782846241.959768,1782846241.9648943
30,1782846242.005553,1782846242.0276544,1782846243.1731286,1782846243.409985,1782846243.435418,1782846243.440452
31,1782846243.4798126,1782846243.504172,1782846244.5209196,1782846244.7511113,1782846244.777674,1782846244.7822962
32,1782846244.8282816,1782846244.8578672,1782846246.076051,1782846246.3295515,1782846246.3556774,1782846246.3602464
33,1782846246.4080281,1782846246.4299657,1782846247.4341378,1782846247.665579,1782846247.69208,1782846247.6966712
34,1782846247.742294,1782846247.76382,1782846248.774132,1782846249.0097601,1782846249.035645,1782846249.0402174
35,1782846249.0862496,1782846249.1109319,1782846250.2531617,1782846250.4831865,1782846250.5093536,1782846250.5138679
36,1782846250.5543582,1782846250.57723,1782846251.5716918,1782846251.8019083,1782846251.8322494,1782846251.8378577
37,1782846251.8786254,1782846251.9007263,1782846253.0398552,1782846253.273776,1782846253.30095,1782846253.305134
38,1782846253.3575332,1782846253.3796792,,,,
